6 0.052884615384615384 0.20793269230769232 0.0625 0.1466346153846154
23 0.7908653846153846 0.2512019230769231 0.04807692307692308 0.021634615384615384
23 0.8389423076923077 0.2512019230769231 0.04807692307692308 0.021634615384615384
3 0.22956730769230768 0.265625 0.04567307692307692 0.021634615384615384
23 0.11778846153846154 0.2668269230769231 0.028846153846153848 0.03365384615384615
23 0.7896634615384616 0.27403846153846156 0.05048076923076923 0.019230769230769232
23 0.8389423076923077 0.2764423076923077 0.04807692307692308 0.019230769230769232
8 0.5264423076923077 0.3137019230769231 0.038461538461538464 0.06009615384615385
18 0.25721153846153844 0.31490384615384615 0.052884615384615384 0.02403846153846154
3 0.4855769230769231 0.3233173076923077 0.028846153846153848 0.036057692307692304
3 0.7920673076923077 0.3233173076923077 0.04567307692307692 0.021634615384615384
3 0.6514423076923077 0.3545673076923077 0.04807692307692308 0.021634615384615384
3 0.2668269230769231 0.3545673076923077 0.02403846153846154 0.036057692307692304
3 0.4338942307692308 0.3581730769230769 0.026442307692307692 0.038461538461538464
23 0.1141826923076923 0.37259615384615385 0.021634615384615384 0.03365384615384615
23 0.08413461538461539 0.37259615384615385 0.02403846153846154 0.038461538461538464
3 0.49038461538461536 0.3762019230769231 0.019230769230769232 0.036057692307692304
3 0.515625 0.3762019230769231 0.026442307692307692 0.036057692307692304
3 0.31850961538461536 0.4230769230769231 0.04567307692307692 0.019230769230769232
3 0.45913461538461536 0.43028846153846156 0.02403846153846154 0.038461538461538464
3 0.6526442307692307 0.453125 0.040865384615384616 0.021634615384615384
3 0.90625 0.45552884615384615 0.04807692307692308 0.021634615384615384
3 0.6105769230769231 0.46153846153846156 0.02403846153846154 0.038461538461538464
3 0.5456730769230769 0.4651442307692308 0.04807692307692308 0.021634615384615384
3 0.453125 0.4699519230769231 0.04567307692307692 0.021634615384615384
3 0.4963942307692308 0.4723557692307692 0.026442307692307692 0.036057692307692304
22 0.07932692307692307 0.47716346153846156 0.10096153846153846 0.055288461538461536
3 0.5889423076923077 0.47836538461538464 0.02403846153846154 0.038461538461538464
3 0.35336538461538464 0.4795673076923077 0.04807692307692308 0.016826923076923076
18 0.21394230769230768 0.48197115384615385 0.028846153846153848 0.040865384615384616
18 0.27403846153846156 0.4831730769230769 0.028846153846153848 0.038461538461538464
3 0.6754807692307693 0.484375 0.04807692307692308 0.021634615384615384
3 0.6322115384615384 0.4963942307692308 0.04326923076923077 0.021634615384615384
3 0.5661057692307693 0.4963942307692308 0.021634615384615384 0.036057692307692304
3 0.4338942307692308 0.4987980769230769 0.04567307692307692 0.021634615384615384
3 0.33413461538461536 0.4987980769230769 0.04807692307692308 0.021634615384615384
3 0.38341346153846156 0.4987980769230769 0.040865384615384616 0.021634615384615384
3 0.5276442307692307 0.5 0.040865384615384616 0.019230769230769232
3 0.47836538461538464 0.5012019230769231 0.04326923076923077 0.021634615384615384
3 0.6201923076923077 0.515625 0.04807692307692308 0.021634615384615384
3 0.49759615384615385 0.53125 0.02403846153846154 0.03365384615384615
3 0.45913461538461536 0.5336538461538461 0.02403846153846154 0.038461538461538464
3 0.5697115384615384 0.5360576923076923 0.02403846153846154 0.03365384615384615
3 0.5336538461538461 0.5360576923076923 0.02403846153846154 0.038461538461538464
3 0.35697115384615385 0.5396634615384616 0.04567307692307692 0.016826923076923076
8 0.27403846153846156 0.5456730769230769 0.07692307692307693 0.038461538461538464
3 0.3581730769230769 0.5625 0.04326923076923077 0.019230769230769232
3 0.5120192307692307 0.5637019230769231 0.02403846153846154 0.036057692307692304
3 0.07091346153846154 0.5673076923076923 0.021634615384615384 0.03365384615384615
3 0.16947115384615385 0.5697115384615384 0.026442307692307692 0.038461538461538464
3 0.6598557692307693 0.5793269230769231 0.026442307692307692 0.03365384615384615
3 0.7379807692307693 0.5913461538461539 0.02403846153846154 0.03365384615384615
3 0.45913461538461536 0.5961538461538461 0.02403846153846154 0.03365384615384615
3 0.38100961538461536 0.6021634615384616 0.04567307692307692 0.021634615384615384
3 0.4963942307692308 0.625 0.026442307692307692 0.038461538461538464
3 0.5540865384615384 0.6310096153846154 0.021634615384615384 0.036057692307692304
3 0.421875 0.6346153846153846 0.026442307692307692 0.038461538461538464
3 0.5841346153846154 0.6382211538461539 0.02403846153846154 0.036057692307692304
3 0.2536057692307692 0.7439903846153846 0.04567307692307692 0.021634615384615384
6 0.9471153846153846 0.75 0.0625 0.10576923076923077
19 0.07692307692307693 0.7572115384615384 0.125 0.2548076923076923
6 0.5108173076923077 0.08774038461538461 0.7427884615384616 0.14182692307692307
6 0.5060096153846154 0.9074519230769231 0.7427884615384616 0.1466346153846154