24 0.8137019230769231 0.8942307692307693 0.021634615384615384 0.04807692307692308
24 0.8377403846153846 0.20432692307692307 0.021634615384615384 0.04807692307692308
26 0.8389423076923077 0.13942307692307693 0.019230769230769232 0.04807692307692308
24 0.7848557692307693 0.8918269230769231 0.021634615384615384 0.04326923076923077
17 0.8137019230769231 0.27403846153846156 0.03125 0.07211538461538461
4 0.8149038461538461 0.14182692307692307 0.02403846153846154 0.04326923076923077
6 0.7704326923076923 0.9615384615384616 0.1466346153846154 0.0673076923076923
14 0.7680288461538461 0.7644230769230769 0.12740384615384615 0.12980769230769232
5 0.7680288461538461 0.4254807692307692 0.06009615384615385 0.09134615384615384
4 0.7704326923076923 0.3605769230769231 0.036057692307692304 0.028846153846153848
24 0.7512019230769231 0.5649038461538461 0.021634615384615384 0.04326923076923077
24 0.7524038461538461 0.49399038461538464 0.038461538461538464 0.026442307692307692
4 0.7632211538461539 0.06850961538461539 0.10817307692307693 0.08413461538461539
17 0.7151442307692307 0.8942307692307693 0.055288461538461536 0.028846153846153848
17 0.7271634615384616 0.6418269230769231 0.026442307692307692 0.0673076923076923
14 0.7331730769230769 0.1778846153846154 0.13942307692307693 0.12980769230769232
24 0.7007211538461539 0.5649038461538461 0.021634615384615384 0.04326923076923077
24 0.6887019230769231 0.7211538461538461 0.021634615384615384 0.04326923076923077
4 0.6959134615384616 0.4387019230769231 0.06490384615384616 0.12740384615384615
14 0.6850961538461539 0.6394230769230769 0.052884615384615384 0.09134615384615384
4 0.703125 0.28125 0.10336538461538461 0.07692307692307693
25 0.6105769230769231 0.9026442307692307 0.14903846153846154 0.10817307692307693
18 0.5901442307692307 0.765625 0.13221153846153846 0.16105769230769232
8 0.6177884615384616 0.19110576923076922 0.0625 0.05048076923076923
4 0.6045673076923077 0.03365384615384615 0.036057692307692304 0.028846153846153848
14 0.5961538461538461 0.08774038461538461 0.08173076923076923 0.07451923076923077
4 0.5829326923076923 0.27403846153846156 0.10336538461538461 0.08173076923076923
23 0.49158653846153844 0.8257211538461539 0.040865384615384616 0.06490384615384616
14 0.5024038461538461 0.4987980769230769 0.2980769230769231 0.3629807692307692
8 0.5096153846153846 0.19591346153846154 0.04807692307692308 0.07932692307692307
4 0.5144230769230769 0.08774038461538461 0.0673076923076923 0.12740384615384615
26 0.9651442307692307 0.07572115384615384 0.06490384615384616 0.06971153846153846
4 0.4567307692307692 0.7271634615384616 0.11057692307692307 0.09375
4 0.47716346153846156 0.2800480769230769 0.040865384615384616 0.026442307692307692
4 0.9615384615384616 0.20072115384615385 0.0673076923076923 0.12259615384615384
4 0.4567307692307692 0.30528846153846156 0.038461538461538464 0.019230769230769232
14 0.4182692307692308 0.9206730769230769 0.08173076923076923 0.0625
14 0.4206730769230769 0.8233173076923077 0.07692307692307693 0.06490384615384616
14 0.43149038461538464 0.2403846153846154 0.04567307692307692 0.052884615384615384
24 0.3545673076923077 0.7860576923076923 0.021634615384615384 0.04326923076923077
14 0.3737980769230769 0.06129807692307692 0.0889423076923077 0.09375
4 0.35216346153846156 0.41947115384615385 0.021634615384615384 0.040865384615384616
24 0.3293269230769231 0.7860576923076923 0.019230769230769232 0.04807692307692308
4 0.33533653846153844 0.45913461538461536 0.036057692307692304 0.02403846153846154
24 0.32091346153846156 0.6514423076923077 0.036057692307692304 0.03365384615384615
24 0.30528846153846156 0.7824519230769231 0.019230769230769232 0.04567307692307692
4 0.32572115384615385 0.28725961538461536 0.06971153846153846 0.12259615384615384
24 0.3112980769230769 0.5336538461538461 0.036057692307692304 0.02403846153846154
24 0.3076923076923077 0.5925480769230769 0.038461538461538464 0.026442307692307692
24 0.3088942307692308 0.5612980769230769 0.036057692307692304 0.026442307692307692
8 0.3016826923076923 0.41466346153846156 0.06490384615384616 0.05048076923076923
24 0.2824519230769231 0.7824519230769231 0.021634615384615384 0.04567307692307692
18 0.2956730769230769 0.12980769230769232 0.02403846153846154 0.04326923076923077
24 0.2620192307692308 0.7800480769230769 0.019230769230769232 0.04567307692307692
18 0.24278846153846154 0.7307692307692307 0.02403846153846154 0.04807692307692308
14 0.24759615384615385 0.6105769230769231 0.0673076923076923 0.07692307692307693
6 0.27403846153846156 0.036057692307692304 0.09615384615384616 0.0625
24 0.2704326923076923 0.12620192307692307 0.021634615384615384 0.04567307692307692
6 0.22596153846153846 0.8942307692307693 0.25961538461538464 0.13942307692307693
18 0.24759615384615385 0.12980769230769232 0.02403846153846154 0.052884615384615384
4 0.19951923076923078 0.6117788461538461 0.028846153846153848 0.05048076923076923
18 0.16706730769230768 0.7536057692307693 0.13221153846153846 0.1658653846153846
4 0.15985576923076922 0.16105769230769232 0.06971153846153846 0.12980769230769232
18 0.08653846153846154 0.7127403846153846 0.04326923076923077 0.03125
18 0.0733173076923077 0.8100961538461539 0.040865384615384616 0.03365384615384615
24 0.84375 0.8052884615384616 0.038461538461538464 0.02403846153846154