6 0.03365384615384615 0.24759615384615385 0.0673076923076923 0.15384615384615385
24 0.7680288461538461 0.22716346153846154 0.05048076923076923 0.026442307692307692
24 0.8161057692307693 0.22235576923076922 0.05048076923076923 0.026442307692307692
4 0.2091346153846154 0.28966346153846156 0.04807692307692308 0.026442307692307692
24 0.09735576923076923 0.3016826923076923 0.03125 0.036057692307692304
24 0.7692307692307693 0.25 0.052884615384615384 0.02403846153846154
24 0.8185096153846154 0.24759615384615385 0.05048076923076923 0.02403846153846154
8 0.5096153846153846 0.3125 0.04326923076923077 0.0625
18 0.24158653846153846 0.33653846153846156 0.055288461538461536 0.028846153846153848
4 0.4699519230769231 0.3269230769230769 0.03125 0.038461538461538464
4 0.7764423076923077 0.29927884615384615 0.04807692307692308 0.026442307692307692
4 0.6382211538461539 0.3425480769230769 0.05048076923076923 0.026442307692307692
4 0.25600961538461536 0.375 0.026442307692307692 0.038461538461538464
4 0.4206730769230769 0.3641826923076923 0.028846153846153848 0.040865384615384616
24 0.10576923076923077 0.4050480769230769 0.02403846153846154 0.036057692307692304
24 0.0733173076923077 0.4098557692307692 0.026442307692307692 0.040865384615384616
4 0.4795673076923077 0.37740384615384615 0.021634615384615384 0.038461538461538464
4 0.5048076923076923 0.375 0.028846153846153848 0.038461538461538464
4 0.3125 0.43990384615384615 0.04807692307692308 0.02403846153846154
4 0.453125 0.4338942307692308 0.026442307692307692 0.040865384615384616
4 0.6490384615384616 0.43990384615384615 0.04326923076923077 0.02403846153846154
4 0.9002403846153846 0.421875 0.05048076923076923 0.026442307692307692
4 0.6069711538461539 0.45072115384615385 0.026442307692307692 0.040865384615384616
4 0.5420673076923077 0.46274038461538464 0.05048076923076923 0.026442307692307692
4 0.4519230769230769 0.47475961538461536 0.04807692307692308 0.026442307692307692
4 0.49278846153846156 0.4735576923076923 0.028846153846153848 0.038461538461538464
23 0.07932692307692307 0.5132211538461539 0.10576923076923077 0.06490384615384616
4 0.5877403846153846 0.4699519230769231 0.026442307692307692 0.040865384615384616
4 0.35216346153846156 0.49399038461538464 0.05048076923076923 0.021634615384615384
18 0.21514423076923078 0.5072115384615384 0.03125 0.04326923076923077
18 0.27283653846153844 0.5036057692307693 0.03125 0.040865384615384616
4 0.6742788461538461 0.4675480769230769 0.05048076923076923 0.026442307692307692
4 0.6310096153846154 0.484375 0.04567307692307692 0.026442307692307692
4 0.5649038461538461 0.49038461538461536 0.02403846153846154 0.038461538461538464
4 0.4326923076923077 0.5036057692307693 0.04807692307692308 0.026442307692307692
4 0.3329326923076923 0.5132211538461539 0.05048076923076923 0.026442307692307692
4 0.38221153846153844 0.5096153846153846 0.04326923076923077 0.02403846153846154
4 0.5264423076923077 0.4987980769230769 0.04326923076923077 0.021634615384615384
4 0.4795673076923077 0.5036057692307693 0.04567307692307692 0.026442307692307692
4 0.6213942307692307 0.5036057692307693 0.05048076923076923 0.026442307692307692
4 0.5012019230769231 0.5300480769230769 0.026442307692307692 0.036057692307692304
4 0.46274038461538464 0.5372596153846154 0.026442307692307692 0.040865384615384616
4 0.5733173076923077 0.5300480769230769 0.026442307692307692 0.036057692307692304
4 0.5348557692307693 0.5324519230769231 0.026442307692307692 0.040865384615384616
4 0.3605769230769231 0.5516826923076923 0.04807692307692308 0.021634615384615384
8 0.2800480769230769 0.5637019230769231 0.07932692307692307 0.04567307692307692
4 0.3641826923076923 0.5745192307692307 0.04567307692307692 0.02403846153846154
4 0.5180288461538461 0.5625 0.026442307692307692 0.038461538461538464
4 0.07932692307692307 0.6045673076923077 0.02403846153846154 0.036057692307692304
4 0.17548076923076922 0.5997596153846154 0.028846153846153848 0.040865384615384616
4 0.6658653846153846 0.5661057692307693 0.028846153846153848 0.036057692307692304
4 0.7439903846153846 0.5709134615384616 0.026442307692307692 0.036057692307692304
4 0.4675480769230769 0.5997596153846154 0.026442307692307692 0.036057692307692304
4 0.3894230769230769 0.6117788461538461 0.04807692307692308 0.026442307692307692
4 0.5072115384615384 0.6237980769230769 0.028846153846153848 0.040865384615384616
4 0.5649038461538461 0.6274038461538461 0.02403846153846154 0.038461538461538464
4 0.43509615384615385 0.640625 0.028846153846153848 0.040865384615384616
4 0.5973557692307693 0.6298076923076923 0.026442307692307692 0.038461538461538464
4 0.2764423076923077 0.765625 0.04807692307692308 0.026442307692307692
6 0.9639423076923077 0.7103365384615384 0.0673076923076923 0.11298076923076923
19 0.09975961538461539 0.7932692307692307 0.1466346153846154 0.2644230769230769
6 0.47596153846153844 0.09615384615384616 0.7548076923076923 0.19230769230769232
6 0.5432692307692307 0.8978365384615384 0.7548076923076923 0.19951923076923078