6 0.8605769230769231 0.8978365384615384 0.15384615384615385 0.08413461538461539
24 0.7019230769230769 0.17668269230769232 0.028846153846153848 0.05048076923076923
24 0.6923076923076923 0.12620192307692307 0.028846153846153848 0.05048076923076923
4 0.7764423076923077 0.7331730769230769 0.028846153846153848 0.04807692307692308
24 0.7932692307692307 0.84375 0.038461538461538464 0.03365384615384615
24 0.6790865384615384 0.18028846153846154 0.026442307692307692 0.052884615384615384
24 0.6694711538461539 0.1310096153846154 0.026442307692307692 0.05048076923076923
8 0.6814903846153846 0.44711538461538464 0.06490384615384616 0.04807692307692308
18 0.7223557692307693 0.7103365384615384 0.03125 0.055288461538461536
4 0.6766826923076923 0.4879807692307692 0.040865384615384616 0.03365384615384615
4 0.6298076923076923 0.18509615384615385 0.028846153846153848 0.04807692307692308
4 0.6225961538461539 0.328125 0.028846153846153848 0.05048076923076923
4 0.6802884615384616 0.7091346153846154 0.038461538461538464 0.028846153846153848
4 0.6514423076923077 0.5444711538461539 0.04326923076923077 0.03125
24 0.6887019230769231 0.8617788461538461 0.036057692307692304 0.026442307692307692
24 0.6935096153846154 0.8918269230769231 0.040865384615384616 0.028846153846153848
4 0.625 0.49038461538461536 0.038461538461538464 0.02403846153846154
4 0.6213942307692307 0.4651442307692308 0.040865384615384616 0.03125
4 0.6045673076923077 0.6682692307692307 0.026442307692307692 0.04807692307692308
4 0.5757211538461539 0.53125 0.040865384615384616 0.028846153846153848
4 0.5240384615384616 0.34134615384615385 0.028846153846153848 0.04326923076923077
4 0.4807692307692308 0.09254807692307693 0.028846153846153848 0.05048076923076923
4 0.5228365384615384 0.38461538461538464 0.040865384615384616 0.028846153846153848
4 0.5288461538461539 0.45072115384615385 0.028846153846153848 0.05048076923076923
4 0.5384615384615384 0.5432692307692307 0.028846153846153848 0.04807692307692308
4 0.5276442307692307 0.5012019230769231 0.040865384615384616 0.03125
23 0.5901442307692307 0.9146634615384616 0.06971153846153846 0.10817307692307693
4 0.5084134615384616 0.40865384615384615 0.040865384615384616 0.028846153846153848
4 0.5432692307692307 0.6430288461538461 0.02403846153846154 0.05048076923076923
18 0.5637019230769231 0.7800480769230769 0.04567307692307692 0.036057692307692304
18 0.5528846153846154 0.7211538461538461 0.04326923076923077 0.03365384615384615
4 0.49038461538461536 0.32572115384615385 0.028846153846153848 0.05048076923076923
4 0.4855769230769231 0.36899038461538464 0.028846153846153848 0.04567307692307692
4 0.4951923076923077 0.4338942307692308 0.038461538461538464 0.026442307692307692
4 0.5144230769230769 0.5673076923076923 0.028846153846153848 0.04807692307692308
4 0.5288461538461539 0.6646634615384616 0.028846153846153848 0.05048076923076923
4 0.5216346153846154 0.6153846153846154 0.028846153846153848 0.04326923076923077
4 0.4963942307692308 0.4735576923076923 0.026442307692307692 0.04326923076923077
4 0.5024038461538461 0.5228365384615384 0.028846153846153848 0.04567307692307692
4 0.46875 0.38341346153846156 0.028846153846153848 0.05048076923076923
4 0.4723557692307692 0.5072115384615384 0.036057692307692304 0.028846153846153848
4 0.47475961538461536 0.5456730769230769 0.040865384615384616 0.028846153846153848
4 0.45552884615384615 0.4375 0.036057692307692304 0.028846153846153848
4 0.46033653846153844 0.4735576923076923 0.040865384615384616 0.028846153846153848
4 0.4831730769230769 0.6490384615384616 0.02403846153846154 0.04807692307692308
8 0.49158653846153844 0.7307692307692307 0.05048076923076923 0.08173076923076923
4 0.46274038461538464 0.6526442307692307 0.026442307692307692 0.04567307692307692
4 0.4375 0.49759615384615385 0.038461538461538464 0.028846153846153848
4 0.5036057692307693 0.9338942307692307 0.036057692307692304 0.026442307692307692
4 0.4831730769230769 0.8401442307692307 0.04326923076923077 0.03125
4 0.39663461538461536 0.35697115384615385 0.038461538461538464 0.03125
4 0.3737980769230769 0.28125 0.036057692307692304 0.028846153846153848
4 0.41225961538461536 0.5552884615384616 0.036057692307692304 0.028846153846153848
4 0.4206730769230769 0.6346153846153846 0.028846153846153848 0.04807692307692308
4 0.3798076923076923 0.5252403846153846 0.04326923076923077 0.03125
4 0.3629807692307692 0.4675480769230769 0.038461538461538464 0.026442307692307692
4 0.3798076923076923 0.5997596153846154 0.04326923076923077 0.03125
4 0.35096153846153844 0.43990384615384615 0.038461538461538464 0.028846153846153848
4 0.2980769230769231 0.78125 0.028846153846153848 0.04807692307692308
6 0.18509615384615385 0.09735576923076923 0.11538461538461539 0.07932692307692307
19 0.3125 0.9375 0.27403846153846156 0.1201923076923077
6 0.8870192307692307 0.42427884615384615 0.22115384615384615 0.7572115384615384
6 0.1141826923076923 0.5576923076923077 0.2283653846153846 0.7596153846153846