24 0.09615384615384616 0.20072115384615385 0.028846153846153848 0.05048076923076923
24 0.25 0.8737980769230769 0.028846153846153848 0.05048076923076923
26 0.26802884615384615 0.9362980769230769 0.026442307692307692 0.05048076923076923
24 0.12259615384615384 0.19591346153846154 0.028846153846153848 0.04567307692307692
17 0.25600961538461536 0.7992788461538461 0.040865384615384616 0.07451923076923077
4 0.28966346153846156 0.9290865384615384 0.03125 0.04567307692307692
6 0.1201923076923077 0.12620192307692307 0.15384615384615385 0.0889423076923077
14 0.17548076923076922 0.31490384615384615 0.14423076923076922 0.14423076923076922
5 0.2620192307692308 0.6430288461538461 0.07211538461538461 0.0985576923076923
4 0.2764423076923077 0.7067307692307693 0.038461538461538464 0.03365384615384615
24 0.24278846153846154 0.5036057692307693 0.028846153846153848 0.04567307692307692
24 0.2608173076923077 0.5733173076923077 0.040865384615384616 0.03125
4 0.3581730769230769 0.9663461538461539 0.1201923076923077 0.0625
17 0.19230769230769232 0.17668269230769232 0.057692307692307696 0.036057692307692304
17 0.24519230769230768 0.421875 0.038461538461538464 0.06971153846153846
14 0.3605769230769231 0.8737980769230769 0.15384615384615385 0.1466346153846154
24 0.29086538461538464 0.49158653846153844 0.028846153846153848 0.04567307692307692
24 0.2620192307692308 0.33533653846153844 0.028846153846153848 0.04567307692307692
4 0.3269230769230769 0.6105769230769231 0.08173076923076923 0.1346153846153846
14 0.2848557692307692 0.41586538461538464 0.06490384615384616 0.09615384615384616
4 0.3605769230769231 0.7668269230769231 0.11057692307692307 0.09134615384615384
25 0.2920673076923077 0.13942307692307693 0.16105769230769232 0.12980769230769232
18 0.34615384615384615 0.26802884615384615 0.15384615384615385 0.17548076923076922
8 0.4675480769230769 0.8305288461538461 0.06971153846153846 0.06009615384615385
4 0.5216346153846154 0.9783653846153846 0.038461538461538464 0.03365384615384615
14 0.5144230769230769 0.9242788461538461 0.09134615384615384 0.08413461538461539
4 0.4795673076923077 0.7403846153846154 0.11298076923076923 0.09615384615384616
23 0.42427884615384615 0.18389423076923078 0.05048076923076923 0.06971153846153846
14 0.4987980769230769 0.5024038461538461 0.3485576923076923 0.39903846153846156
8 0.5697115384615384 0.796875 0.057692307692307696 0.08413461538461539
4 0.5925480769230769 0.9014423076923077 0.08413461538461539 0.1346153846153846
4 0.484375 0.2704326923076923 0.12259615384615384 0.10817307692307693
4 0.5817307692307693 0.7079326923076923 0.04326923076923077 0.03125
4 0.13341346153846154 0.9110576923076923 0.08413461538461539 0.12980769230769232
4 0.5925480769230769 0.6778846153846154 0.040865384615384616 0.02403846153846154
14 0.4723557692307692 0.07451923076923077 0.0889423076923077 0.07211538461538461
14 0.4951923076923077 0.16947115384615385 0.08653846153846154 0.07451923076923077
14 0.6346153846153846 0.7355769230769231 0.052884615384615384 0.057692307692307696
24 0.5673076923076923 0.18629807692307693 0.028846153846153848 0.04567307692307692
14 0.7355769230769231 0.8930288461538461 0.10096153846153846 0.10336538461538461
4 0.6646634615384616 0.5384615384615384 0.026442307692307692 0.04326923076923077
24 0.5901442307692307 0.1814903846153846 0.026442307692307692 0.05048076923076923
4 0.671875 0.49759615384615385 0.040865384615384616 0.028846153846153848
24 0.6346153846153846 0.3076923076923077 0.038461538461538464 0.038461538461538464
24 0.6141826923076923 0.1778846153846154 0.026442307692307692 0.04807692307692308
4 0.7235576923076923 0.6610576923076923 0.08653846153846154 0.12980769230769232
24 0.6742788461538461 0.4206730769230769 0.040865384615384616 0.028846153846153848
24 0.6646634615384616 0.36177884615384615 0.040865384615384616 0.03125
24 0.6706730769230769 0.39302884615384615 0.038461538461538464 0.03125
8 0.7139423076923077 0.5324519230769231 0.07211538461538461 0.06009615384615385
24 0.6394230769230769 0.17307692307692307 0.028846153846153848 0.04807692307692308
18 0.7944711538461539 0.8064903846153846 0.03125 0.04567307692307692
24 0.6598557692307693 0.16826923076923078 0.026442307692307692 0.04807692307692308
18 0.6911057692307693 0.2127403846153846 0.03125 0.05048076923076923
14 0.7163461538461539 0.3293269230769231 0.07692307692307693 0.08653846153846154
6 0.8401442307692307 0.8918269230769231 0.10336538461538461 0.07692307692307693
24 0.8197115384615384 0.8028846153846154 0.028846153846153848 0.04807692307692308
6 0.6646634615384616 0.06971153846153846 0.2764423076923077 0.13942307692307693
18 0.8401442307692307 0.7944711538461539 0.03125 0.055288461538461536
4 0.7632211538461539 0.31490384615384615 0.036057692307692304 0.052884615384615384
18 0.7584134615384616 0.171875 0.15625 0.18028846153846154
4 0.9158653846153846 0.7391826923076923 0.08653846153846154 0.13701923076923078
18 0.8449519230769231 0.18870192307692307 0.04567307692307692 0.036057692307692304
18 0.8317307692307693 0.09134615384615384 0.04326923076923077 0.038461538461538464
24 0.09134615384615384 0.2956730769230769 0.04326923076923077 0.028846153846153848