23 0.8774038461538461 0.16826923076923078 0.04807692307692308 0.019230769230769232
23 0.1875 0.1778846153846154 0.04807692307692308 0.019230769230769232
26 0.12259615384615384 0.1814903846153846 0.04807692307692308 0.016826923076923076
23 0.8774038461538461 0.19471153846153846 0.04326923076923077 0.019230769230769232
17 0.25841346153846156 0.20072115384615385 0.06971153846153846 0.026442307692307692
3 0.125 0.20552884615384615 0.04326923076923077 0.021634615384615384
6 0.9459134615384616 0.20673076923076922 0.06009615384615385 0.14423076923076922
14 0.7487980769230769 0.22115384615384615 0.12259615384615384 0.1201923076923077
5 0.4098557692307692 0.23918269230769232 0.0889423076923077 0.055288461538461536
3 0.3449519230769231 0.23798076923076922 0.026442307692307692 0.03365384615384615
23 0.5504807692307693 0.24759615384615385 0.04326923076923077 0.019230769230769232
23 0.4807692307692308 0.2512019230769231 0.02403846153846154 0.036057692307692304
3 0.054086538461538464 0.2608173076923077 0.07932692307692307 0.10336538461538461
17 0.8810096153846154 0.2668269230769231 0.026442307692307692 0.052884615384615384
17 0.6298076923076923 0.2668269230769231 0.0673076923076923 0.02403846153846154
14 0.16466346153846154 0.2848557692307692 0.12259615384615384 0.13221153846153846
23 0.5528846153846154 0.2956730769230769 0.04326923076923077 0.019230769230769232
23 0.7115384615384616 0.3004807692307692 0.04326923076923077 0.019230769230769232
3 0.43028846153846156 0.3076923076923077 0.125 0.057692307692307696
14 0.6286057692307693 0.3076923076923077 0.0889423076923077 0.04807692307692308
3 0.2692307692307692 0.3088942307692308 0.07211538461538461 0.0985576923076923
25 0.8966346153846154 0.3701923076923077 0.10096153846153846 0.14423076923076922
18 0.7620192307692307 0.39663461538461536 0.15384615384615385 0.125
8 0.18509615384615385 0.40024038461538464 0.04807692307692308 0.06009615384615385
3 0.030048076923076924 0.4206730769230769 0.026442307692307692 0.03365384615384615
14 0.0829326923076923 0.4266826923076923 0.06971153846153846 0.07932692307692307
3 0.27163461538461536 0.43149038461538464 0.07692307692307693 0.0985576923076923
22 0.8245192307692307 0.49278846153846156 0.0625 0.038461538461538464
14 0.4987980769230769 0.4987980769230769 0.3485576923076923 0.28125
8 0.1971153846153846 0.5072115384615384 0.07692307692307693 0.04326923076923077
3 0.0889423076923077 0.5084134615384616 0.125 0.06009615384615385
26 0.052884615384615384 0.051682692307692304 0.0625 0.07451923076923077
3 0.7295673076923077 0.5336538461538461 0.0889423076923077 0.10576923076923077
3 0.28125 0.5360576923076923 0.02403846153846154 0.038461538461538464
3 0.17548076923076922 0.056490384615384616 0.1201923076923077 0.06009615384615385
3 0.3088942307692308 0.5552884615384616 0.016826923076923076 0.038461538461538464
14 0.9230769230769231 0.5612980769230769 0.057692307692307696 0.07932692307692307
14 0.8257211538461539 0.5637019230769231 0.06009615384615385 0.07451923076923077
14 0.2439903846153846 0.5841346153846154 0.05048076923076923 0.04326923076923077
23 0.7932692307692307 0.6322115384615384 0.04326923076923077 0.019230769230769232
14 0.06850961538461539 0.6502403846153846 0.0889423076923077 0.08413461538461539
3 0.42908653846153844 0.6514423076923077 0.040865384615384616 0.019230769230769232
23 0.7932692307692307 0.6550480769230769 0.04807692307692308 0.016826923076923076
3 0.4675480769230769 0.6694711538461539 0.021634615384615384 0.036057692307692304
23 0.6598557692307693 0.6706730769230769 0.03125 0.03365384615384615
23 0.7920673076923077 0.6790865384615384 0.04567307692307692 0.016826923076923076
3 0.2956730769230769 0.6850961538461539 0.1201923076923077 0.0625
23 0.5444711538461539 0.6862980769230769 0.021634615384615384 0.036057692307692304
23 0.6033653846153846 0.6887019230769231 0.02403846153846154 0.036057692307692304
23 0.5721153846153846 0.6899038461538461 0.02403846153846154 0.03365384615384615
8 0.4254807692307692 0.7019230769230769 0.04807692307692308 0.0625
23 0.7920673076923077 0.7043269230769231 0.04567307692307692 0.019230769230769232
18 0.13942307692307693 0.7247596153846154 0.04326923076923077 0.021634615384615384
23 0.7920673076923077 0.7247596153846154 0.04567307692307692 0.016826923076923076
18 0.7427884615384616 0.7463942307692307 0.04807692307692308 0.021634615384615384
14 0.6237980769230769 0.7475961538461539 0.07451923076923077 0.0625
6 0.04807692307692308 0.7512019230769231 0.057692307692307696 0.09375
23 0.13822115384615385 0.75 0.04567307692307692 0.019230769230769232
6 0.9074519230769231 0.7536057692307693 0.12740384615384615 0.25240384615384615
18 0.14182692307692307 0.7728365384615384 0.052884615384615384 0.021634615384615384
3 0.6274038461538461 0.796875 0.04807692307692308 0.026442307692307692
18 0.7692307692307693 0.8197115384615384 0.15865384615384615 0.125
3 0.17908653846153846 0.8581730769230769 0.12740384615384615 0.0625
18 0.7355769230769231 0.9026442307692307 0.028846153846153848 0.040865384615384616
18 0.8329326923076923 0.9110576923076923 0.03125 0.038461538461538464
23 0.7872596153846154 0.14182692307692307 0.021634615384615384 0.038461538461538464