6 0.71875 0.39783653846153844 0.038461538461538464 0.026442307692307692
19 0.8052884615384616 0.43149038461538464 0.052884615384615384 0.13221153846153846
6 0.8425480769230769 0.4423076923076923 0.06009615384615385 0.10096153846153846
19 0.7836538461538461 0.42788461538461536 0.038461538461538464 0.04807692307692308
18 0.7560096153846154 0.45913461538461536 0.026442307692307692 0.02403846153846154
19 0.2668269230769231 0.3737980769230769 0.1201923076923077 0.36778846153846156
19 0.4362980769230769 0.4266826923076923 0.04567307692307692 0.06490384615384616
19 0.6971153846153846 0.5048076923076923 0.04807692307692308 0.028846153846153848
19 0.7163461538461539 0.6778846153846154 0.09134615384615384 0.10096153846153846
19 0.5480769230769231 0.6646634615384616 0.1201923076923077 0.055288461538461536
19 0.4170673076923077 0.6322115384615384 0.12259615384615384 0.052884615384615384
19 0.28846153846153844 0.6021634615384616 0.1201923076923077 0.055288461538461536
19 0.6790865384615384 0.29447115384615385 0.1466346153846154 0.055288461538461536
19 0.5396634615384616 0.2620192307692308 0.12259615384615384 0.052884615384615384
19 0.40865384615384615 0.23076923076923078 0.1201923076923077 0.052884615384615384
19 0.7391826923076923 0.3485576923076923 0.05048076923076923 0.04807692307692308
6 0.7235576923076923 0.375 0.038461538461538464 0.028846153846153848