4 0.3870192307692308 0.2692307692307692 0.014423076923076924 0.019230769230769232
17 0.36778846153846156 0.3605769230769231 0.019230769230769232 0.02403846153846154
6 0.3858173076923077 0.31490384615384615 0.040865384615384616 0.03365384615384615
24 0.4050480769230769 0.27283653846153844 0.016826923076923076 0.021634615384615384
4 0.3473557692307692 0.5432692307692307 0.016826923076923076 0.019230769230769232
23 0.38822115384615385 0.36538461538461536 0.03125 0.019230769230769232
6 0.43028846153846156 0.21514423076923078 0.1201923076923077 0.11778846153846154
24 0.38221153846153844 0.44471153846153844 0.028846153846153848 0.014423076923076924
23 0.33533653846153844 0.6682692307692307 0.03125 0.019230769230769232
17 0.34134615384615385 0.6418269230769231 0.019230769230769232 0.02403846153846154
4 0.3858173076923077 0.4579326923076923 0.021634615384615384 0.01201923076923077
23 0.42788461538461536 0.2776442307692308 0.028846153846153848 0.016826923076923076
17 0.4110576923076923 0.36899038461538464 0.019230769230769232 0.021634615384615384
14 0.43509615384615385 0.3269230769230769 0.057692307692307696 0.04326923076923077
17 0.42788461538461536 0.375 0.019230769230769232 0.02403846153846154
24 0.45072115384615385 0.2848557692307692 0.016826923076923076 0.021634615384615384
23 0.453125 0.38100961538461536 0.03125 0.016826923076923076
4 0.47596153846153844 0.29086538461538464 0.014423076923076924 0.019230769230769232
4 0.43990384615384615 0.4495192307692308 0.014423076923076924 0.019230769230769232
6 0.375 0.7668269230769231 0.3701923076923077 0.1201923076923077
18 0.4795673076923077 0.328125 0.016826923076923076 0.021634615384615384
4 0.47596153846153844 0.34615384615384615 0.014423076923076924 0.019230769230769232
4 0.4879807692307692 0.2932692307692308 0.014423076923076924 0.019230769230769232
4 0.47115384615384615 0.36538461538461536 0.014423076923076924 0.019230769230769232
4 0.4855769230769231 0.31009615384615385 0.014423076923076924 0.019230769230769232
14 0.4423076923076923 0.5144230769230769 0.16346153846153846 0.1346153846153846
0 0.41346153846153844 0.6478365384615384 0.09134615384615384 0.055288461538461536
6 0.42788461538461536 0.5949519230769231 0.0673076923076923 0.04567307692307692
13 0.5204326923076923 0.2548076923076923 0.055288461538461536 0.03365384615384615
5 0.5060096153846154 0.33653846153846156 0.055288461538461536 0.07211538461538461
14 0.5180288461538461 0.28365384615384615 0.03125 0.02403846153846154
14 0.4987980769230769 0.390625 0.040865384615384616 0.026442307692307692
4 0.5276442307692307 0.39783653846153844 0.016826923076923076 0.021634615384615384
14 0.5420673076923077 0.3425480769230769 0.036057692307692304 0.040865384615384616
4 0.5528846153846154 0.40384615384615385 0.014423076923076924 0.019230769230769232
14 0.5817307692307693 0.2956730769230769 0.0673076923076923 0.0625
4 0.5745192307692307 0.328125 0.02403846153846154 0.01201923076923077
4 0.5697115384615384 0.3701923076923077 0.014423076923076924 0.019230769230769232
23 0.5805288461538461 0.35336538461538464 0.03125 0.019230769230769232
18 0.5721153846153846 0.4074519230769231 0.028846153846153848 0.026442307692307692
18 0.5637019230769231 0.48197115384615385 0.03125 0.016826923076923076
5 0.5661057692307693 0.4699519230769231 0.03125 0.016826923076923076
4 0.5721153846153846 0.4411057692307692 0.02403846153846154 0.01201923076923077
7 0.5709134615384616 0.453125 0.04567307692307692 0.021634615384615384
9 0.6358173076923077 0.3641826923076923 0.07451923076923077 0.055288461538461536
9 0.6262019230769231 0.4050480769230769 0.07451923076923077 0.055288461538461536
4 0.6262019230769231 0.484375 0.016826923076923076 0.021634615384615384
6 0.6730769230769231 0.29927884615384615 0.1201923076923077 0.11778846153846154
6 0.5961538461538461 0.7451923076923077 0.052884615384615384 0.12980769230769232
6 0.6298076923076923 0.6141826923076923 0.04807692307692308 0.12740384615384615
14 0.6814903846153846 0.39663461538461536 0.040865384615384616 0.04807692307692308
6 0.6634615384615384 0.4831730769230769 0.052884615384615384 0.12980769230769232
6 0.2608173076923077 0.4963942307692308 0.055288461538461536 0.12740384615384615
6 0.23076923076923078 0.6237980769230769 0.052884615384615384 0.12740384615384615
6 0.29447115384615385 0.3557692307692308 0.06009615384615385 0.15865384615384615
6 0.3473557692307692 0.2980769230769231 0.05048076923076923 0.052884615384615384
7 0.35697115384615385 0.26802884615384615 0.04567307692307692 0.021634615384615384
4 0.3713942307692308 0.24278846153846154 0.016826923076923076 0.02403846153846154
4 0.35096153846153844 0.3557692307692308 0.014423076923076924 0.019230769230769232