6 0.28966346153846156 0.38221153846153844 0.036057692307692304 0.02403846153846154
19 0.20192307692307693 0.4098557692307692 0.04326923076923077 0.13221153846153846
6 0.1622596153846154 0.4170673076923077 0.055288461538461536 0.0985576923076923
19 0.22235576923076922 0.40865384615384615 0.036057692307692304 0.04807692307692308
18 0.24759615384615385 0.44350961538461536 0.02403846153846154 0.021634615384615384
19 0.7427884615384616 0.3918269230769231 0.09615384615384616 0.3701923076923077
19 0.5685096153846154 0.43149038461538464 0.040865384615384616 0.06490384615384616
19 0.30288461538461536 0.49158653846153844 0.04807692307692308 0.026442307692307692
19 0.27163461538461536 0.6622596153846154 0.08653846153846154 0.0985576923076923
19 0.43990384615384615 0.6598557692307693 0.1201923076923077 0.04567307692307692
19 0.5733173076923077 0.6382211538461539 0.12259615384615384 0.04567307692307692
19 0.7067307692307693 0.6165865384615384 0.1201923076923077 0.04567307692307692
19 0.33653846153846156 0.2824519230769231 0.14903846153846154 0.04567307692307692
19 0.47716346153846156 0.2608173076923077 0.12259615384615384 0.04567307692307692
19 0.6105769230769231 0.23798076923076922 0.1201923076923077 0.04326923076923077
19 0.27524038461538464 0.3329326923076923 0.05048076923076923 0.04567307692307692
6 0.28725961538461536 0.359375 0.036057692307692304 0.026442307692307692