6 0.328125 0.6694711538461539 0.021634615384615384 0.036057692307692304
19 0.33052884615384615 0.7632211538461539 0.13221153846153846 0.036057692307692304
6 0.3269230769230769 0.8028846153846154 0.09615384615384616 0.04807692307692308
19 0.33533653846153844 0.7427884615384616 0.04567307692307692 0.03365384615384615
18 0.3762019230769231 0.7259615384615384 0.021634615384615384 0.02403846153846154
19 0.46274038461538464 0.23677884615384615 0.37259615384615385 0.06971153846153846
19 0.4519230769230769 0.41586538461538464 0.0625 0.038461538461538464
19 0.4375 0.6875 0.02403846153846154 0.04807692307692308
19 0.5925480769230769 0.7644230769230769 0.09375 0.08173076923076923
19 0.6370192307692307 0.6009615384615384 0.038461538461538464 0.1201923076923077
19 0.6526442307692307 0.4675480769230769 0.036057692307692304 0.12259615384615384
19 0.6682692307692307 0.33413461538461536 0.038461538461538464 0.1201923076923077
19 0.24639423076923078 0.5961538461538461 0.036057692307692304 0.14903846153846154
19 0.26322115384615385 0.45552884615384615 0.036057692307692304 0.12259615384615384
19 0.2776442307692308 0.32211538461538464 0.036057692307692304 0.1201923076923077
19 0.2764423076923077 0.6706730769230769 0.04326923076923077 0.04807692307692308
19 0.3076923076923077 0.6670673076923077 0.02403846153846154 0.036057692307692304