6 0.6875 0.3485576923076923 0.03365384615384615 0.019230769230769232
19 0.7800480769230769 0.3581730769230769 0.021634615384615384 0.12980769230769232
6 0.8197115384615384 0.359375 0.038461538461538464 0.09375
19 0.7572115384615384 0.3629807692307692 0.028846153846153848 0.04326923076923077
18 0.7391826923076923 0.39903846153846156 0.021634615384615384 0.019230769230769232
19 0.24158653846153846 0.43509615384615385 0.03125 0.3701923076923077
19 0.421875 0.44350961538461536 0.03125 0.06009615384615385
19 0.6935096153846154 0.4567307692307692 0.04567307692307692 0.019230769230769232
19 0.7524038461538461 0.6201923076923077 0.07211538461538461 0.08653846153846154
19 0.5877403846153846 0.6454326923076923 0.11778846153846154 0.026442307692307692
19 0.4519230769230769 0.6490384615384616 0.1201923076923077 0.02403846153846154
19 0.3161057692307692 0.6502403846153846 0.11778846153846154 0.026442307692307692
19 0.6237980769230769 0.25841346153846156 0.1466346153846154 0.021634615384615384
19 0.4807692307692308 0.25961538461538464 0.1201923076923077 0.02403846153846154
19 0.3449519230769231 0.25961538461538464 0.11778846153846154 0.02403846153846154
19 0.6947115384615384 0.2956730769230769 0.04326923076923077 0.038461538461538464
19 0.6875 0.32572115384615385 0.03365384615384615 0.021634615384615384