4 0.32572115384615385 0.3137019230769231 0.01201923076923077 0.016826923076923076
17 0.3329326923076923 0.4050480769230769 0.016826923076923076 0.021634615384615384
6 0.33653846153846156 0.3557692307692308 0.038461538461538464 0.028846153846153848
24 0.34375 0.3125 0.014423076923076924 0.019230769230769232
4 0.36538461538461536 0.5853365384615384 0.014423076923076924 0.016826923076923076
23 0.35336538461538464 0.40384615384615385 0.028846153846153848 0.014423076923076924
6 0.34975961538461536 0.24759615384615385 0.10817307692307693 0.10576923076923077
24 0.37259615384615385 0.4807692307692308 0.028846153846153848 0.009615384615384616
23 0.3918269230769231 0.7091346153846154 0.028846153846153848 0.014423076923076924
17 0.390625 0.6838942307692307 0.016826923076923076 0.021634615384615384
4 0.3786057692307692 0.49278846153846156 0.021634615384615384 0.009615384615384616
23 0.36658653846153844 0.31009615384615385 0.026442307692307692 0.014423076923076924
17 0.3762019230769231 0.4014423076923077 0.016826923076923076 0.019230769230769232
14 0.3870192307692308 0.3545673076923077 0.052884615384615384 0.036057692307692304
17 0.3954326923076923 0.40024038461538464 0.016826923076923076 0.021634615384615384
24 0.3894230769230769 0.3076923076923077 0.014423076923076924 0.019230769230769232
23 0.4206730769230769 0.40024038461538464 0.028846153846153848 0.01201923076923077
4 0.4170673076923077 0.3088942307692308 0.01201923076923077 0.016826923076923076
4 0.42908653846153844 0.4699519230769231 0.01201923076923077 0.016826923076923076
6 0.4579326923076923 0.7920673076923077 0.37259615384615385 0.06490384615384616
18 0.43028846153846156 0.34375 0.014423076923076924 0.019230769230769232
4 0.43149038461538464 0.36177884615384615 0.01201923076923077 0.016826923076923076
4 0.42908653846153844 0.30649038461538464 0.01201923076923077 0.016826923076923076
4 0.4338942307692308 0.38100961538461536 0.01201923076923077 0.016826923076923076
4 0.43149038461538464 0.3233173076923077 0.01201923076923077 0.016826923076923076
14 0.45072115384615385 0.53125 0.15144230769230768 0.11538461538461539
0 0.46153846153846156 0.6682692307692307 0.08653846153846154 0.04326923076923077
6 0.4579326923076923 0.6141826923076923 0.06490384615384616 0.036057692307692304
13 0.4483173076923077 0.2608173076923077 0.055288461538461536 0.026442307692307692
5 0.4579326923076923 0.34134615384615385 0.04567307692307692 0.0673076923076923
14 0.45552884615384615 0.28725961538461536 0.03125 0.021634615384615384
14 0.4675480769230769 0.3954326923076923 0.040865384615384616 0.021634615384615384
4 0.4951923076923077 0.3942307692307692 0.014423076923076924 0.019230769230769232
14 0.49399038461538464 0.3389423076923077 0.03125 0.038461538461538464
4 0.5228365384615384 0.39302884615384615 0.01201923076923077 0.016826923076923076
14 0.5180288461538461 0.2800480769230769 0.06009615384615385 0.055288461538461536
4 0.5216346153846154 0.3125 0.02403846153846154 0.009615384615384616
4 0.5276442307692307 0.3545673076923077 0.01201923076923077 0.016826923076923076
23 0.5336538461538461 0.33653846153846156 0.028846153846153848 0.014423076923076924
18 0.5420673076923077 0.3918269230769231 0.026442307692307692 0.02403846153846154
18 0.5552884615384616 0.4651442307692308 0.028846153846153848 0.01201923076923077
5 0.5552884615384616 0.453125 0.028846153846153848 0.01201923076923077
4 0.5528846153846154 0.4230769230769231 0.02403846153846154 0.009615384615384616
7 0.5528846153846154 0.43509615384615385 0.04326923076923077 0.014423076923076924
9 0.5901442307692307 0.33052884615384615 0.06971153846153846 0.04567307692307692
9 0.5925480769230769 0.3713942307692308 0.06971153846153846 0.04567307692307692
4 0.6153846153846154 0.4495192307692308 0.014423076923076924 0.019230769230769232
6 0.6045673076923077 0.25721153846153844 0.10817307692307693 0.10576923076923077
6 0.6634615384615384 0.7067307692307693 0.03365384615384615 0.12980769230769232
6 0.6574519230769231 0.5709134615384616 0.03125 0.12740384615384615
14 0.6442307692307693 0.3473557692307692 0.03365384615384615 0.04567307692307692
6 0.6514423076923077 0.43509615384615385 0.03365384615384615 0.12980769230769232
6 0.2692307692307692 0.5649038461538461 0.038461538461538464 0.125
6 0.2800480769230769 0.6983173076923077 0.036057692307692304 0.12740384615384615
6 0.2620192307692308 0.4230769230769231 0.038461538461538464 0.15865384615384615
6 0.2956730769230769 0.35096153846153844 0.04326923076923077 0.04807692307692308
7 0.2956730769230769 0.31971153846153844 0.04326923076923077 0.014423076923076924
4 0.3004807692307692 0.2920673076923077 0.014423076923076924 0.021634615384615384
4 0.3137019230769231 0.4074519230769231 0.01201923076923077 0.016826923076923076