6 0.6802884615384616 0.34134615384615385 0.03365384615384615 0.019230769230769232
19 0.7752403846153846 0.3485576923076923 0.026442307692307692 0.12980769230769232
6 0.8137019230769231 0.3485576923076923 0.040865384615384616 0.09615384615384616
19 0.7536057692307693 0.35336538461538464 0.03125 0.04326923076923077
18 0.734375 0.3918269230769231 0.021634615384615384 0.019230769230769232
19 0.2403846153846154 0.44471153846153844 0.04326923076923077 0.3701923076923077
19 0.4182692307692308 0.44591346153846156 0.03365384615384615 0.06009615384615385
19 0.6911057692307693 0.45072115384615385 0.04567307692307692 0.021634615384615384
19 0.7560096153846154 0.6117788461538461 0.07451923076923077 0.0889423076923077
19 0.5925480769230769 0.6430288461538461 0.11778846153846154 0.03125
19 0.4567307692307692 0.6490384615384616 0.1201923076923077 0.028846153846153848
19 0.32091346153846156 0.6550480769230769 0.11778846153846154 0.03125
19 0.6141826923076923 0.2536057692307692 0.1466346153846154 0.026442307692307692
19 0.47115384615384615 0.2620192307692308 0.1201923076923077 0.028846153846153848
19 0.33774038461538464 0.2668269230769231 0.11778846153846154 0.028846153846153848
19 0.6862980769230769 0.28725961538461536 0.04567307692307692 0.040865384615384616
19 0.6802884615384616 0.31850961538461536 0.03365384615384615 0.021634615384615384