6 0.3641826923076923 0.3016826923076923 0.021634615384615384 0.036057692307692304
19 0.38341346153846156 0.21153846153846154 0.13221153846153846 0.03365384615384615
6 0.3894230769230769 0.171875 0.09615384615384616 0.04567307692307692
19 0.3858173076923077 0.23317307692307693 0.04567307692307692 0.03365384615384615
18 0.421875 0.2548076923076923 0.021634615384615384 0.02403846153846154
19 0.41225961538461536 0.7524038461538461 0.37259615384615385 0.0625
19 0.4375 0.5757211538461539 0.0625 0.036057692307692304
19 0.4735576923076923 0.30528846153846156 0.02403846153846154 0.04807692307692308
19 0.6418269230769231 0.25841346153846156 0.09134615384615384 0.07932692307692307
19 0.6526442307692307 0.42788461538461536 0.036057692307692304 0.1201923076923077
19 0.6442307692307693 0.5612980769230769 0.03365384615384615 0.12259615384615384
19 0.6334134615384616 0.6971153846153846 0.036057692307692304 0.1201923076923077
19 0.2692307692307692 0.3581730769230769 0.03365384615384615 0.14903846153846154
19 0.25961538461538464 0.5012019230769231 0.03365384615384615 0.12259615384615384
19 0.24759615384615385 0.6346153846153846 0.03365384615384615 0.1201923076923077
19 0.3125 0.28966346153846156 0.04326923076923077 0.04567307692307692
19 0.34134615384615385 0.29927884615384615 0.02403846153846154 0.036057692307692304