6 0.6911057692307693 0.6478365384615384 0.026442307692307692 0.036057692307692304
19 0.7007211538461539 0.7415865384615384 0.13221153846153846 0.05048076923076923
6 0.7091346153846154 0.7788461538461539 0.10096153846153846 0.057692307692307696
19 0.6923076923076923 0.7211538461538461 0.04807692307692308 0.038461538461538464
18 0.6514423076923077 0.7103365384615384 0.02403846153846154 0.026442307692307692
19 0.5060096153846154 0.234375 0.36778846153846156 0.11298076923076923
19 0.5372596153846154 0.4110576923076923 0.06490384615384616 0.04326923076923077
19 0.5865384615384616 0.6778846153846154 0.028846153846153848 0.04807692307692308
19 0.4423076923076923 0.7728365384615384 0.10096153846153846 0.0889423076923077
19 0.37740384615384615 0.6177884615384616 0.052884615384615384 0.1201923076923077
19 0.3449519230769231 0.48677884615384615 0.05048076923076923 0.12259615384615384
19 0.31490384615384615 0.3557692307692308 0.052884615384615384 0.1201923076923077
19 0.7644230769230769 0.5661057692307693 0.052884615384615384 0.1466346153846154
19 0.7295673076923077 0.4266826923076923 0.05048076923076923 0.12259615384615384
19 0.7007211538461539 0.2956730769230769 0.05048076923076923 0.1201923076923077
19 0.7451923076923077 0.6430288461538461 0.04807692307692308 0.05048076923076923
6 0.7139423076923077 0.6418269230769231 0.028846153846153848 0.038461538461538464