24 0.6947115384615384 0.20192307692307693 0.019230769230769232 0.009615384615384616
24 0.6959134615384616 0.2091346153846154 0.021634615384615384 0.009615384615384616
4 0.6706730769230769 0.10216346153846154 0.014423076923076924 0.016826923076923076
4 0.6598557692307693 0.10336538461538461 0.01201923076923077 0.014423076923076924
24 0.6514423076923077 0.1045673076923077 0.014423076923076924 0.016826923076923076
24 0.6802884615384616 0.30288461538461536 0.019230769230769232 0.009615384615384616
15 0.6923076923076923 0.37740384615384615 0.08173076923076923 0.0673076923076923
6 0.6358173076923077 0.06971153846153846 0.09375 0.057692307692307696
4 0.6754807692307693 0.3389423076923077 0.04326923076923077 0.028846153846153848
6 0.703125 0.5108173076923077 0.07932692307692307 0.18509615384615385
6 0.7271634615384616 0.6730769230769231 0.07451923076923077 0.14903846153846154
14 0.6550480769230769 0.2608173076923077 0.12259615384615384 0.09375
14 0.6370192307692307 0.15504807692307693 0.10576923076923077 0.07932692307692307
24 0.6442307692307693 0.19591346153846154 0.02403846153846154 0.01201923076923077
4 0.6201923076923077 0.11057692307692307 0.009615384615384616 0.009615384615384616
4 0.6105769230769231 0.11177884615384616 0.014423076923076924 0.016826923076923076
24 0.6286057692307693 0.21875 0.021634615384615384 0.009615384615384616
4 0.6346153846153846 0.35096153846153844 0.019230769230769232 0.019230769230769232
4 0.6430288461538461 0.4074519230769231 0.03125 0.016826923076923076
14 0.6310096153846154 0.3798076923076923 0.05048076923076923 0.038461538461538464
4 0.5865384615384616 0.11177884615384616 0.028846153846153848 0.016826923076923076
17 0.5757211538461539 0.09134615384615384 0.01201923076923077 0.019230769230769232
11 0.5829326923076923 0.125 0.026442307692307692 0.014423076923076924
24 0.5985576923076923 0.22235576923076922 0.02403846153846154 0.01201923076923077
24 0.6129807692307693 0.3161057692307692 0.02403846153846154 0.01201923076923077
24 0.6141826923076923 0.32211538461538464 0.021634615384615384 0.009615384615384616
4 0.6153846153846154 0.3473557692307692 0.019230769230769232 0.021634615384615384
24 0.6201923076923077 0.4074519230769231 0.014423076923076924 0.016826923076923076
4 0.578125 0.15745192307692307 0.01201923076923077 0.01201923076923077
24 0.6129807692307693 0.41346153846153844 0.014423076923076924 0.014423076923076924
4 0.6009615384615384 0.41225961538461536 0.014423076923076924 0.016826923076923076
17 0.5480769230769231 0.09615384615384616 0.014423076923076924 0.019230769230769232
24 0.5925480769230769 0.37740384615384615 0.021634615384615384 0.009615384615384616
24 0.59375 0.40384615384615385 0.019230769230769232 0.009615384615384616
24 0.5925480769230769 0.38461538461538464 0.021634615384615384 0.009615384615384616
24 0.59375 0.3918269230769231 0.019230769230769232 0.009615384615384616
18 0.5949519230769231 0.39903846153846156 0.021634615384615384 0.009615384615384616
4 0.5913461538461539 0.41586538461538464 0.014423076923076924 0.014423076923076924
16 0.6430288461538461 0.7560096153846154 0.03125 0.040865384615384616
4 0.515625 0.3233173076923077 0.01201923076923077 0.007211538461538462
4 0.5192307692307693 0.3389423076923077 0.019230769230769232 0.02403846153846154
18 0.4855769230769231 0.34975961538461536 0.014423076923076924 0.016826923076923076
14 0.4699519230769231 0.3112980769230769 0.07451923076923077 0.055288461538461536
4 0.46634615384615385 0.2776442307692308 0.004807692307692308 0.007211538461538462
18 0.47475961538461536 0.34975961538461536 0.01201923076923077 0.016826923076923076
4 0.45552884615384615 0.2800480769230769 0.007211538461538462 0.007211538461538462
18 0.4651442307692308 0.35216346153846156 0.01201923076923077 0.016826923076923076
6 0.4362980769230769 0.17668269230769232 0.20432692307692307 0.21394230769230768
6 0.5252403846153846 0.7716346153846154 0.0889423076923077 0.052884615384615384
4 0.44471153846153844 0.2800480769230769 0.004807692307692308 0.007211538461538462
18 0.45552884615384615 0.3545673076923077 0.01201923076923077 0.016826923076923076
4 0.43509615384615385 0.2824519230769231 0.014423076923076924 0.016826923076923076
24 0.44711538461538464 0.35697115384615385 0.014423076923076924 0.016826923076923076
14 0.49158653846153844 0.6983173076923077 0.15144230769230768 0.0889423076923077
14 0.4651442307692308 0.5384615384615384 0.23317307692307693 0.1778846153846154
4 0.42908653846153844 0.3401442307692308 0.01201923076923077 0.007211538461538462
4 0.42908653846153844 0.35697115384615385 0.016826923076923076 0.021634615384615384
24 0.4206730769230769 0.3125 0.019230769230769232 0.009615384615384616
24 0.4182692307692308 0.3076923076923077 0.019230769230769232 0.009615384615384616
24 0.4182692307692308 0.3004807692307692 0.019230769230769232 0.009615384615384616
4 0.41586538461538464 0.2860576923076923 0.019230769230769232 0.019230769230769232
4 0.4050480769230769 0.32572115384615385 0.01201923076923077 0.007211538461538462
4 0.40384615384615385 0.33774038461538464 0.014423076923076924 0.016826923076923076
11 0.390625 0.29086538461538464 0.026442307692307692 0.014423076923076924
4 0.45913461538461536 0.7836538461538461 0.03365384615384615 0.03365384615384615
26 0.33052884615384615 0.2800480769230769 0.03125 0.021634615384615384
6 0.296875 0.14182692307692307 0.055288461538461536 0.02403846153846154
16 0.2956730769230769 0.15985576923076922 0.0625 0.03125
24 0.32091346153846156 0.3173076923076923 0.01201923076923077 0.014423076923076924
24 0.3245192307692308 0.3449519230769231 0.014423076923076924 0.016826923076923076
24 0.3269230769230769 0.35697115384615385 0.014423076923076924 0.016826923076923076
24 0.32211538461538464 0.328125 0.014423076923076924 0.016826923076923076
4 0.30528846153846156 0.31490384615384615 0.019230769230769232 0.009615384615384616
4 0.3112980769230769 0.3629807692307692 0.021634615384615384 0.009615384615384616
24 0.30528846153846156 0.32211538461538464 0.019230769230769232 0.009615384615384616
24 0.31009615384615385 0.3581730769230769 0.019230769230769232 0.009615384615384616
4 0.30408653846153844 0.3317307692307692 0.021634615384615384 0.009615384615384616
4 0.3076923076923077 0.3449519230769231 0.02403846153846154 0.01201923076923077
18 0.30528846153846156 0.3389423076923077 0.019230769230769232 0.009615384615384616
24 0.3161057692307692 0.46033653846153844 0.03125 0.016826923076923076
4 0.28966346153846156 0.29927884615384615 0.03125 0.016826923076923076
4 0.3004807692307692 0.3786057692307692 0.03365384615384615 0.016826923076923076
15 0.30528846153846156 0.4206730769230769 0.0673076923076923 0.052884615384615384
15 0.27403846153846156 0.27524038461538464 0.04807692307692308 0.036057692307692304
4 0.27884615384615385 0.3137019230769231 0.02403846153846154 0.01201923076923077
24 0.2692307692307692 0.2548076923076923 0.028846153846153848 0.014423076923076924
4 0.25961538461538464 0.30288461538461536 0.028846153846153848 0.014423076923076924
4 0.2668269230769231 0.38100961538461536 0.02403846153846154 0.01201923076923077
4 0.27884615384615385 0.4651442307692308 0.04326923076923077 0.026442307692307692
24 0.24158653846153846 0.27283653846153844 0.01201923076923077 0.016826923076923076
14 0.2512019230769231 0.3473557692307692 0.08413461538461539 0.06490384615384616
4 0.23677884615384615 0.28365384615384615 0.021634615384615384 0.009615384615384616
4 0.23197115384615385 0.29447115384615385 0.016826923076923076 0.016826923076923076
24 0.23076923076923078 0.27524038461538464 0.014423076923076924 0.016826923076923076
24 0.2776442307692308 0.5961538461538461 0.021634615384615384 0.009615384615384616
6 0.2091346153846154 0.17548076923076922 0.11057692307692307 0.1201923076923077
4 0.23798076923076922 0.3858173076923077 0.02403846153846154 0.01201923076923077
4 0.21995192307692307 0.3112980769230769 0.03125 0.016826923076923076
4 0.23317307692307693 0.46033653846153844 0.03365384615384615 0.016826923076923076
24 0.23557692307692307 0.47596153846153844 0.014423076923076924 0.019230769230769232
4 0.22956730769230768 0.4483173076923077 0.03125 0.016826923076923076
4 0.20793269230769232 0.32211538461538464 0.021634615384615384 0.009615384615384616
15 0.20192307692307693 0.28966346153846156 0.04807692307692308 0.036057692307692304
6 0.2764423076923077 0.7632211538461539 0.07692307692307693 0.11778846153846154
24 0.1971153846153846 0.2668269230769231 0.028846153846153848 0.014423076923076924
6 0.25600961538461536 0.6286057692307693 0.07451923076923077 0.1466346153846154
15 0.21875 0.4266826923076923 0.04807692307692308 0.036057692307692304
4 0.20552884615384615 0.39302884615384615 0.03125 0.016826923076923076
4 0.18870192307692307 0.3137019230769231 0.03125 0.016826923076923076
24 0.19110576923076922 0.34134615384615385 0.021634615384615384 0.009615384615384616
24 0.1875 0.33653846153846156 0.019230769230769232 0.009615384615384616
24 0.19471153846153846 0.37740384615384615 0.019230769230769232 0.009615384615384616
4 0.1971153846153846 0.38461538461538464 0.019230769230769232 0.009615384615384616
24 0.1875 0.3293269230769231 0.019230769230769232 0.009615384615384616
24 0.1935096153846154 0.3737980769230769 0.021634615384615384 0.01201923076923077
24 0.19110576923076922 0.3485576923076923 0.021634615384615384 0.009615384615384616
24 0.1935096153846154 0.36538461538461536 0.021634615384615384 0.009615384615384616
17 0.13581730769230768 0.15985576923076922 0.026442307692307692 0.01201923076923077
17 0.1141826923076923 0.3004807692307692 0.01201923076923077 0.019230769230769232
17 0.12259615384615384 0.34615384615384615 0.014423076923076924 0.019230769230769232
17 0.10096153846153846 0.2091346153846154 0.014423076923076924 0.02403846153846154
17 0.10697115384615384 0.2548076923076923 0.01201923076923077 0.019230769230769232
25 0.1310096153846154 0.5192307692307693 0.13221153846153846 0.0625
25 0.12259615384615384 0.46875 0.12980769230769232 0.0625
25 0.1141826923076923 0.41466346153846156 0.13221153846153846 0.06009615384615385
25 0.13942307692307693 0.5721153846153846 0.12980769230769232 0.0625
0 0.140625 0.6442307692307693 0.0985576923076923 0.04807692307692308
0 0.1502403846153846 0.703125 0.0985576923076923 0.05048076923076923
0 0.15865384615384615 0.7620192307692307 0.10096153846153846 0.04807692307692308
0 0.16706730769230768 0.8161057692307693 0.0985576923076923 0.05048076923076923
24 0.0625 0.2824519230769231 0.014423076923076924 0.016826923076923076
24 0.06971153846153846 0.32572115384615385 0.014423076923076924 0.016826923076923076
24 0.07692307692307693 0.3737980769230769 0.014423076923076924 0.016826923076923076
24 0.054086538461538464 0.234375 0.01201923076923077 0.016826923076923076
17 0.056490384615384616 0.3088942307692308 0.036057692307692304 0.021634615384615384
17 0.04807692307692308 0.2620192307692308 0.03365384615384615 0.02403846153846154
24 0.05889423076923077 0.328125 0.01201923076923077 0.016826923076923076
17 0.06490384615384616 0.3545673076923077 0.03365384615384615 0.021634615384615384
24 0.051682692307692304 0.2824519230769231 0.01201923076923077 0.016826923076923076
24 0.06490384615384616 0.3737980769230769 0.014423076923076924 0.016826923076923076
17 0.040865384615384616 0.21514423076923078 0.03365384615384615 0.021634615384615384
24 0.04447115384615385 0.23677884615384615 0.01201923076923077 0.016826923076923076
24 0.055288461538461536 0.3762019230769231 0.014423076923076924 0.016826923076923076
24 0.040865384615384616 0.2848557692307692 0.014423076923076924 0.016826923076923076
24 0.04807692307692308 0.33052884615384615 0.014423076923076924 0.016826923076923076
24 0.03365384615384615 0.23677884615384615 0.014423076923076924 0.016826923076923076
0 0.8100961538461539 0.07211538461538461 0.0625 0.07211538461538461
0 0.9086538461538461 0.7139423076923077 0.0625 0.07211538461538461
6 0.8257211538461539 0.3173076923076923 0.1658653846153846 0.1346153846153846
6 0.8016826923076923 0.16826923076923078 0.16105769230769232 0.1346153846153846
6 0.8485576923076923 0.46875 0.16346153846153846 0.12980769230769232
6 0.8713942307692307 0.6201923076923077 0.16105769230769232 0.12980769230769232
6 0.8233173076923077 0.39783653846153844 0.15144230769230768 0.040865384615384616
17 0.7596153846153846 0.07932692307692307 0.014423076923076924 0.019230769230769232
16 0.8293269230769231 0.7247596153846154 0.03365384615384615 0.04567307692307692
24 0.7067307692307693 0.14543269230769232 0.014423076923076924 0.016826923076923076
11 0.6911057692307693 0.11298076923076923 0.026442307692307692 0.014423076923076924
4 0.6899038461538461 0.09975961538461539 0.028846153846153848 0.016826923076923076
24 0.6959134615384616 0.14543269230769232 0.01201923076923077 0.016826923076923076