24 0.75 0.2439903846153846 0.019230769230769232 0.007211538461538462
24 0.7463942307692307 0.2512019230769231 0.021634615384615384 0.007211538461538462
4 0.7439903846153846 0.14182692307692307 0.01201923076923077 0.014423076923076924
4 0.7331730769230769 0.14302884615384615 0.009615384615384616 0.01201923076923077
24 0.7247596153846154 0.14182692307692307 0.01201923076923077 0.014423076923076924
24 0.7163461538461539 0.3425480769230769 0.019230769230769232 0.007211538461538462
15 0.7115384615384616 0.41586538461538464 0.07692307692307693 0.057692307692307696
6 0.7175480769230769 0.10336538461538461 0.0889423076923077 0.04807692307692308
4 0.703125 0.375 0.040865384615384616 0.02403846153846154
6 0.6983173076923077 0.5492788461538461 0.06009615384615385 0.18028846153846154
6 0.6899038461538461 0.7139423076923077 0.057692307692307696 0.14423076923076922
14 0.6995192307692307 0.2956730769230769 0.11538461538461539 0.08173076923076923
14 0.7007211538461539 0.1875 0.0985576923076923 0.0673076923076923
24 0.7007211538461539 0.2283653846153846 0.021634615384615384 0.009615384615384616
4 0.6935096153846154 0.13942307692307693 0.007211538461538462 0.009615384615384616
4 0.6838942307692307 0.13942307692307693 0.01201923076923077 0.014423076923076924
24 0.6790865384615384 0.24879807692307693 0.021634615384615384 0.007211538461538462
4 0.6622596153846154 0.38100961538461536 0.016826923076923076 0.016826923076923076
4 0.6586538461538461 0.4362980769230769 0.028846153846153848 0.01201923076923077
14 0.6502403846153846 0.40625 0.04567307692307692 0.03365384615384615
4 0.6598557692307693 0.13581730769230768 0.026442307692307692 0.01201923076923077
17 0.6538461538461539 0.11177884615384616 0.009615384615384616 0.016826923076923076
11 0.6514423076923077 0.1466346153846154 0.02403846153846154 0.009615384615384616
24 0.6478365384615384 0.24519230769230768 0.021634615384615384 0.009615384615384616
24 0.6454326923076923 0.3389423076923077 0.021634615384615384 0.009615384615384616
24 0.6454326923076923 0.3473557692307692 0.021634615384615384 0.007211538461538462
4 0.6430288461538461 0.37259615384615385 0.016826923076923076 0.019230769230769232
24 0.6358173076923077 0.4326923076923077 0.01201923076923077 0.014423076923076924
4 0.6418269230769231 0.18028846153846154 0.009615384615384616 0.009615384615384616
24 0.6262019230769231 0.4362980769230769 0.01201923076923077 0.01201923076923077
4 0.6165865384615384 0.4326923076923077 0.01201923076923077 0.014423076923076924
17 0.6237980769230769 0.11177884615384616 0.01201923076923077 0.016826923076923076
24 0.6141826923076923 0.3954326923076923 0.021634615384615384 0.007211538461538462
24 0.6105769230769231 0.42427884615384615 0.019230769230769232 0.007211538461538462
24 0.6117788461538461 0.4026442307692308 0.021634615384615384 0.007211538461538462
24 0.6129807692307693 0.4098557692307692 0.019230769230769232 0.007211538461538462
18 0.6117788461538461 0.4170673076923077 0.021634615384615384 0.007211538461538462
4 0.6069711538461539 0.4338942307692308 0.01201923076923077 0.01201923076923077
16 0.5913461538461539 0.7776442307692307 0.028846153846153848 0.036057692307692304
4 0.5492788461538461 0.3293269230769231 0.01201923076923077 0.004807692307692308
4 0.5492788461538461 0.3449519230769231 0.016826923076923076 0.021634615384615384
18 0.515625 0.3485576923076923 0.01201923076923077 0.014423076923076924
14 0.5084134615384616 0.3076923076923077 0.06971153846153846 0.04807692307692308
4 0.5096153846153846 0.27524038461538464 0.004807692307692308 0.007211538461538462
18 0.5048076923076923 0.3485576923076923 0.009615384615384616 0.014423076923076924
4 0.4987980769230769 0.27524038461538464 0.007211538461538462 0.007211538461538462
18 0.4951923076923077 0.3485576923076923 0.009615384615384616 0.014423076923076924
6 0.4987980769230769 0.16947115384615385 0.18509615384615385 0.19471153846153846
6 0.4735576923076923 0.7692307692307693 0.08653846153846154 0.04326923076923077
4 0.4879807692307692 0.27524038461538464 0.004807692307692308 0.007211538461538462
18 0.4855769230769231 0.3485576923076923 0.009615384615384616 0.014423076923076924
4 0.4795673076923077 0.27403846153846156 0.01201923076923077 0.014423076923076924
24 0.47475961538461536 0.3485576923076923 0.01201923076923077 0.014423076923076924
14 0.4543269230769231 0.6923076923076923 0.14423076923076922 0.07211538461538461
14 0.4579326923076923 0.53125 0.21875 0.15384615384615385
4 0.46033653846153844 0.3293269230769231 0.01201923076923077 0.004807692307692308
4 0.4567307692307692 0.34615384615384615 0.014423076923076924 0.019230769230769232
24 0.4567307692307692 0.3016826923076923 0.019230769230769232 0.007211538461538462
24 0.4567307692307692 0.29447115384615385 0.019230769230769232 0.007211538461538462
24 0.4567307692307692 0.28725961538461536 0.019230769230769232 0.007211538461538462
4 0.4579326923076923 0.27524038461538464 0.016826923076923076 0.016826923076923076
4 0.4411057692307692 0.31009615384615385 0.01201923076923077 0.004807692307692308
4 0.4362980769230769 0.32211538461538464 0.01201923076923077 0.014423076923076924
11 0.4326923076923077 0.27403846153846156 0.02403846153846154 0.009615384615384616
4 0.40625 0.7692307692307693 0.028846153846153848 0.028846153846153848
26 0.375 0.2512019230769231 0.028846153846153848 0.016826923076923076
6 0.36778846153846156 0.10817307692307693 0.052884615384615384 0.019230769230769232
16 0.36658653846153844 0.12740384615384615 0.06009615384615385 0.02403846153846154
24 0.3581730769230769 0.2848557692307692 0.009615384615384616 0.01201923076923077
24 0.35697115384615385 0.31490384615384615 0.01201923076923077 0.014423076923076924
24 0.35697115384615385 0.3269230769230769 0.01201923076923077 0.014423076923076924
24 0.35697115384615385 0.2980769230769231 0.01201923076923077 0.014423076923076924
4 0.34375 0.2800480769230769 0.019230769230769232 0.007211538461538462
4 0.3425480769230769 0.33052884615384615 0.021634615384615384 0.007211538461538462
24 0.34134615384615385 0.28725961538461536 0.019230769230769232 0.007211538461538462
24 0.34134615384615385 0.3233173076923077 0.019230769230769232 0.007211538461538462
4 0.3401442307692308 0.296875 0.021634615384615384 0.007211538461538462
4 0.3401442307692308 0.31009615384615385 0.021634615384615384 0.009615384615384616
18 0.3389423076923077 0.30408653846153844 0.019230769230769232 0.007211538461538462
24 0.3269230769230769 0.42427884615384615 0.028846153846153848 0.01201923076923077
4 0.3317307692307692 0.26322115384615385 0.028846153846153848 0.01201923076923077
4 0.328125 0.3425480769230769 0.03125 0.01201923076923077
15 0.3233173076923077 0.3858173076923077 0.06490384615384616 0.04567307692307692
15 0.32211538461538464 0.23677884615384615 0.04326923076923077 0.03125
4 0.31850961538461536 0.27403846153846156 0.021634615384615384 0.009615384615384616
24 0.31971153846153844 0.21634615384615385 0.028846153846153848 0.009615384615384616
4 0.30288461538461536 0.2620192307692308 0.028846153846153848 0.009615384615384616
4 0.29447115384615385 0.3389423076923077 0.021634615384615384 0.009615384615384616
4 0.28966346153846156 0.42427884615384615 0.040865384615384616 0.021634615384615384
24 0.28846153846153844 0.2283653846153846 0.009615384615384616 0.014423076923076924
14 0.2848557692307692 0.30408653846153844 0.07932692307692307 0.055288461538461536
4 0.2848557692307692 0.23918269230769232 0.021634615384615384 0.007211538461538462
4 0.2764423076923077 0.24759615384615385 0.014423076923076924 0.014423076923076924
24 0.2776442307692308 0.2283653846153846 0.01201923076923077 0.014423076923076924
24 0.26322115384615385 0.5516826923076923 0.021634615384615384 0.007211538461538462
6 0.2764423076923077 0.12379807692307693 0.10096153846153846 0.10817307692307693
4 0.265625 0.33653846153846156 0.021634615384615384 0.009615384615384616
4 0.2620192307692308 0.2608173076923077 0.028846153846153848 0.01201923076923077
4 0.24639423076923078 0.4098557692307692 0.03125 0.01201923076923077
24 0.2439903846153846 0.4266826923076923 0.01201923076923077 0.016826923076923076
4 0.24519230769230768 0.39783653846153844 0.028846153846153848 0.01201923076923077
4 0.24879807692307693 0.2704326923076923 0.021634615384615384 0.007211538461538462
15 0.25 0.23677884615384615 0.04326923076923077 0.03125
6 0.23197115384615385 0.7151442307692307 0.06490384615384616 0.11298076923076923
24 0.24759615384615385 0.21394230769230768 0.028846153846153848 0.009615384615384616
6 0.23557692307692307 0.578125 0.057692307692307696 0.14182692307692307
15 0.23798076923076922 0.3737980769230769 0.04326923076923077 0.03125
4 0.23317307692307693 0.33774038461538464 0.028846153846153848 0.01201923076923077
4 0.23076923076923078 0.25841346153846156 0.028846153846153848 0.01201923076923077
24 0.22716346153846154 0.2848557692307692 0.021634615384615384 0.007211538461538462
24 0.22596153846153846 0.2800480769230769 0.019230769230769232 0.007211538461538462
24 0.22355769230769232 0.3233173076923077 0.019230769230769232 0.007211538461538462
4 0.22355769230769232 0.33052884615384615 0.019230769230769232 0.007211538461538462
24 0.22596153846153846 0.27283653846153844 0.019230769230769232 0.007211538461538462
24 0.22355769230769232 0.3173076923076923 0.019230769230769232 0.009615384615384616
24 0.2247596153846154 0.2920673076923077 0.021634615384615384 0.007211538461538462
24 0.2247596153846154 0.3088942307692308 0.021634615384615384 0.007211538461538462
17 0.20793269230769232 0.09735576923076923 0.026442307692307692 0.007211538461538462
17 0.16105769230769232 0.22956730769230768 0.009615384615384616 0.016826923076923076
17 0.15745192307692307 0.2776442307692308 0.01201923076923077 0.016826923076923076
17 0.1622596153846154 0.13822115384615385 0.01201923076923077 0.021634615384615384
17 0.16105769230769232 0.18389423076923078 0.009615384615384616 0.016826923076923076
25 0.1346153846153846 0.4495192307692308 0.12980769230769232 0.04807692307692308
25 0.13581730769230768 0.39663461538461536 0.12740384615384615 0.04807692307692308
25 0.13701923076923078 0.3425480769230769 0.12980769230769232 0.04567307692307692
25 0.1310096153846154 0.5024038461538461 0.12740384615384615 0.04807692307692308
0 0.12139423076923077 0.5733173076923077 0.09375 0.036057692307692304
0 0.11658653846153846 0.6322115384615384 0.09375 0.038461538461538464
0 0.11538461538461539 0.6935096153846154 0.09615384615384616 0.036057692307692304
0 0.1141826923076923 0.7475961538461539 0.09375 0.038461538461538464
24 0.11177884615384616 0.20192307692307693 0.01201923076923077 0.014423076923076924
24 0.109375 0.24759615384615385 0.01201923076923077 0.014423076923076924
24 0.109375 0.2956730769230769 0.01201923076923077 0.014423076923076924
24 0.11298076923076923 0.15625 0.009615384615384616 0.014423076923076924
17 0.10096153846153846 0.22716346153846154 0.03365384615384615 0.016826923076923076
17 0.10216346153846154 0.18028846153846154 0.03125 0.019230769230769232
24 0.10096153846153846 0.24759615384615385 0.009615384615384616 0.014423076923076924
17 0.09975961538461539 0.27524038461538464 0.03125 0.016826923076923076
24 0.10096153846153846 0.20192307692307693 0.009615384615384616 0.014423076923076924
24 0.09735576923076923 0.2932692307692308 0.01201923076923077 0.014423076923076924
17 0.10216346153846154 0.13341346153846154 0.03125 0.016826923076923076
24 0.10336538461538461 0.15384615384615385 0.009615384615384616 0.014423076923076924
24 0.08774038461538461 0.2932692307692308 0.01201923076923077 0.014423076923076924
24 0.09014423076923077 0.20192307692307693 0.01201923076923077 0.014423076923076924
24 0.09014423076923077 0.24759615384615385 0.01201923076923077 0.014423076923076924
24 0.09254807692307693 0.15384615384615385 0.01201923076923077 0.014423076923076924
0 0.8858173076923077 0.13942307692307693 0.055288461538461536 0.0673076923076923
0 0.859375 0.7884615384615384 0.055288461538461536 0.0673076923076923
6 0.8533653846153846 0.38341346153846156 0.15384615384615385 0.11778846153846154
6 0.8581730769230769 0.22956730769230768 0.14903846153846154 0.11778846153846154
6 0.8485576923076923 0.5372596153846154 0.15384615384615385 0.11298076923076923
6 0.8425480769230769 0.6887019230769231 0.15144230769230768 0.11298076923076923
6 0.8353365384615384 0.46033653846153844 0.15144230769230768 0.021634615384615384
17 0.8353365384615384 0.13822115384615385 0.01201923076923077 0.016826923076923076
16 0.78125 0.7848557692307693 0.028846153846153848 0.040865384615384616
24 0.7704326923076923 0.19230769230769232 0.01201923076923077 0.014423076923076924
11 0.7620192307692307 0.15625 0.02403846153846154 0.009615384615384616
4 0.7632211538461539 0.14302884615384615 0.026442307692307692 0.01201923076923077
24 0.7596153846153846 0.18990384615384615 0.009615384615384616 0.014423076923076924