3 0.25841346153846156 0.4230769230769231 0.01201923076923077 0.03365384615384615
3 0.25721153846153844 0.4543269230769231 0.009615384615384616 0.028846153846153848
6 0.9338942307692307 0.4543269230769231 0.13221153846153846 0.1346153846153846
3 0.27524038461538464 0.4651442307692308 0.01201923076923077 0.03125
7 0.3076923076923077 0.4675480769230769 0.019230769230769232 0.040865384615384616
18 0.8064903846153846 0.4735576923076923 0.007211538461538462 0.019230769230769232
23 0.7944711538461539 0.4795673076923077 0.01201923076923077 0.01201923076923077
3 0.25721153846153844 0.49759615384615385 0.009615384615384616 0.03365384615384615
18 0.3581730769230769 0.4987980769230769 0.019230769230769232 0.021634615384615384
6 0.13701923076923078 0.4987980769230769 0.22596153846153846 0.30528846153846156
7 0.27524038461538464 0.5012019230769231 0.016826923076923076 0.036057692307692304
14 0.6382211538461539 0.5048076923076923 0.30528846153846156 0.4182692307692308
18 0.359375 0.5204326923076923 0.021634615384615384 0.016826923076923076
18 0.9158653846153846 0.5264423076923077 0.009615384615384616 0.009615384615384616
23 0.7944711538461539 0.5420673076923077 0.01201923076923077 0.01201923076923077
23 0.8978365384615384 0.5444711538461539 0.01201923076923077 0.01201923076923077
18 0.8064903846153846 0.5480769230769231 0.007211538461538462 0.019230769230769232
3 0.28365384615384615 0.5480769230769231 0.009615384615384616 0.028846153846153848
3 0.27163461538461536 0.5492788461538461 0.009615384615384616 0.03125
3 0.25721153846153844 0.5492788461538461 0.009615384615384616 0.03125
6 0.3293269230769231 0.5757211538461539 0.0625 0.05048076923076923
16 0.32091346153846156 0.6370192307692307 0.07451923076923077 0.0625
6 0.40625 0.6574519230769231 0.0673076923076923 0.38221153846153844
23 0.2692307692307692 0.671875 0.028846153846153848 0.021634615384615384
3 0.3112980769230769 0.6790865384615384 0.021634615384615384 0.01201923076923077
23 0.35697115384615385 0.6826923076923077 0.021634615384615384 0.014423076923076924
18 0.20072115384615385 0.6887019230769231 0.08413461538461539 0.055288461538461536
3 0.2692307692307692 0.7019230769230769 0.038461538461538464 0.028846153846153848
23 0.3545673076923077 0.7055288461538461 0.021634615384615384 0.021634615384615384
23 0.8028846153846154 0.7103365384615384 0.009615384615384616 0.03125
23 0.8149038461538461 0.7103365384615384 0.009615384615384616 0.03125
23 0.8269230769230769 0.7127403846153846 0.009615384615384616 0.03125
23 0.6442307692307693 0.7247596153846154 0.019230769230769232 0.016826923076923076
23 0.6742788461538461 0.7235576923076923 0.021634615384615384 0.014423076923076924
23 0.6213942307692307 0.7247596153846154 0.021634615384615384 0.016826923076923076
23 0.359375 0.7271634615384616 0.021634615384615384 0.016826923076923076
23 0.7307692307692307 0.7307692307692307 0.019230769230769232 0.019230769230769232
14 0.31850961538461536 0.734375 0.04567307692307692 0.06009615384615385
3 0.1466346153846154 0.7367788461538461 0.038461538461538464 0.026442307692307692
6 0.9098557692307693 0.7379807692307693 0.14182692307692307 0.2980769230769231
3 0.6237980769230769 0.7415865384615384 0.021634615384615384 0.016826923076923076
18 0.5360576923076923 0.7475961538461539 0.019230769230769232 0.014423076923076924
23 0.35697115384615385 0.7487980769230769 0.021634615384615384 0.016826923076923076
14 0.8149038461538461 0.75 0.03365384615384615 0.04326923076923077
6 0.39903846153846156 0.07572115384615384 0.32211538461538464 0.15144230769230768
18 0.6454326923076923 0.7512019230769231 0.01201923076923077 0.03125
14 0.5805288461538461 0.7632211538461539 0.06009615384615385 0.07451923076923077
6 0.04326923076923077 0.7680288461538461 0.08653846153846154 0.18509615384615385
23 0.5360576923076923 0.7668269230769231 0.019230769230769232 0.014423076923076924
23 0.35336538461538464 0.7740384615384616 0.019230769230769232 0.014423076923076924
23 0.625 0.7776442307692307 0.019230769230769232 0.016826923076923076
7 0.19951923076923078 0.7800480769230769 0.08173076923076923 0.08413461538461539
15 0.265625 0.7836538461538461 0.05048076923076923 0.09615384615384616
3 0.3161057692307692 0.7872596153846154 0.040865384615384616 0.03125
3 0.8040865384615384 0.7920673076923077 0.01201923076923077 0.03125
23 0.8161057692307693 0.7920673076923077 0.01201923076923077 0.03125
23 0.8269230769230769 0.7932692307692307 0.009615384615384616 0.03365384615384615
6 0.7271634615384616 0.7980769230769231 0.12259615384615384 0.10576923076923077
18 0.34615384615384615 0.8016826923076923 0.009615384615384616 0.03125
23 0.3581730769230769 0.8028846153846154 0.009615384615384616 0.03365384615384615
3 0.6189903846153846 0.8016826923076923 0.016826923076923076 0.016826923076923076
7 0.11899038461538461 0.8173076923076923 0.055288461538461536 0.10096153846153846
18 0.3161057692307692 0.8209134615384616 0.040865384615384616 0.03125
23 0.2800480769230769 0.8461538461538461 0.021634615384615384 0.019230769230769232
6 0.6814903846153846 0.08533653846153846 0.27163461538461536 0.15625
17 0.2956730769230769 0.8689903846153846 0.028846153846153848 0.021634615384615384
6 0.4651442307692308 0.9254807692307693 0.2620192307692308 0.13942307692307693
6 0.7115384615384616 0.9266826923076923 0.22115384615384615 0.13221153846153846
6 0.9122596153846154 0.16346153846153846 0.09375 0.10096153846153846
23 0.33774038461538464 0.1658653846153846 0.016826923076923076 0.014423076923076924
23 0.45072115384615385 0.1658653846153846 0.016826923076923076 0.014423076923076924
7 0.3870192307692308 0.18269230769230768 0.038461538461538464 0.057692307692307696
3 0.41346153846153844 0.18389423076923078 0.009615384615384616 0.03125
23 0.4723557692307692 0.18509615384615385 0.016826923076923076 0.014423076923076924
0 0.24639423076923078 0.19591346153846154 0.13221153846153846 0.12259615384615384
7 0.1310096153846154 0.20192307692307693 0.021634615384615384 0.0625
3 0.31971153846153844 0.20673076923076922 0.019230769230769232 0.057692307692307696
23 0.35697115384615385 0.21875 0.021634615384615384 0.014423076923076924
15 0.1622596153846154 0.21875 0.026442307692307692 0.0625
30 0.7091346153846154 0.22115384615384615 0.019230769230769232 0.057692307692307696
3 0.6911057692307693 0.22235576923076922 0.01201923076923077 0.04567307692307692
6 0.056490384615384616 0.22235576923076922 0.07932692307692307 0.18028846153846154
3 0.7271634615384616 0.22355769230769232 0.01201923076923077 0.04807692307692308
30 0.7487980769230769 0.22355769230769232 0.021634615384615384 0.057692307692307696
30 0.7776442307692307 0.22355769230769232 0.021634615384615384 0.052884615384615384
6 0.5564903846153846 0.2247596153846154 0.15144230769230768 0.0985576923076923
3 0.796875 0.22716346153846154 0.01201923076923077 0.04567307692307692
14 0.4483173076923077 0.23798076923076922 0.06009615384615385 0.07692307692307693
3 0.6971153846153846 0.25721153846153844 0.019230769230769232 0.014423076923076924
3 0.7283653846153846 0.25600961538461536 0.019230769230769232 0.01201923076923077
3 0.7668269230769231 0.25721153846153844 0.019230769230769232 0.014423076923076924
3 0.6983173076923077 0.2776442307692308 0.021634615384615384 0.01201923076923077
3 0.7307692307692307 0.2776442307692308 0.019230769230769232 0.01201923076923077
3 0.7644230769230769 0.2764423076923077 0.019230769230769232 0.014423076923076924
6 0.9338942307692307 0.2824519230769231 0.13221153846153846 0.15144230769230768
18 0.49759615384615385 0.28365384615384615 0.019230769230769232 0.014423076923076924
18 0.8641826923076923 0.2860576923076923 0.007211538461538462 0.019230769230769232
23 0.8557692307692307 0.29086538461538464 0.009615384615384616 0.009615384615384616
3 0.4254807692307692 0.2956730769230769 0.009615384615384616 0.028846153846153848
3 0.6971153846153846 0.296875 0.019230769230769232 0.01201923076923077
3 0.7307692307692307 0.2980769230769231 0.019230769230769232 0.014423076923076924
3 0.7644230769230769 0.3004807692307692 0.019230769230769232 0.014423076923076924
23 0.46634615384615385 0.30528846153846156 0.009615384615384616 0.02403846153846154
6 0.33052884615384615 0.3161057692307692 0.03125 0.09375
23 0.4723557692307692 0.33533653846153844 0.016826923076923076 0.016826923076923076
6 0.3870192307692308 0.3401442307692308 0.0673076923076923 0.23317307692307693