6 0.9314903846153846 0.5673076923076923 0.13701923076923078 0.32211538461538464
15 0.30649038461538464 0.8461538461538461 0.026442307692307692 0.02403846153846154
6 0.9278846153846154 0.2692307692307692 0.13942307692307693 0.27403846153846156
24 0.29086538461538464 0.34615384615384615 0.02403846153846154 0.014423076923076924
6 0.2848557692307692 0.5108173076923077 0.10336538461538461 0.036057692307692304
6 0.2848557692307692 0.47115384615384615 0.10336538461538461 0.03365384615384615
15 0.28365384615384615 0.796875 0.028846153846153848 0.021634615384615384
18 0.27884615384615385 0.36538461538461536 0.038461538461538464 0.02403846153846154
4 0.2776442307692308 0.3269230769230769 0.026442307692307692 0.014423076923076924
18 0.27403846153846156 0.38341346153846156 0.028846153846153848 0.016826923076923076
30 0.2692307692307692 0.8221153846153846 0.052884615384615384 0.019230769230769232
7 0.2668269230769231 0.6887019230769231 0.0673076923076923 0.026442307692307692
7 0.2668269230769231 0.6574519230769231 0.0673076923076923 0.026442307692307692
7 0.2668269230769231 0.6237980769230769 0.0673076923076923 0.026442307692307692
7 0.265625 0.7199519230769231 0.06971153846153846 0.026442307692307692
16 0.2608173076923077 0.7584134615384616 0.10817307692307693 0.040865384615384616
4 0.25240384615384615 0.30649038461538464 0.02403846153846154 0.01201923076923077
4 0.25240384615384615 0.7872596153846154 0.014423076923076924 0.016826923076923076
4 0.2512019230769231 0.1502403846153846 0.026442307692307692 0.016826923076923076
18 0.24639423076923078 0.36778846153846156 0.026442307692307692 0.014423076923076924
24 0.24639423076923078 0.04807692307692308 0.01201923076923077 0.019230769230769232
5 0.234375 0.390625 0.06971153846153846 0.040865384615384616
30 0.23076923076923078 0.8137019230769231 0.02403846153846154 0.03125
18 0.23076923076923078 0.2956730769230769 0.02403846153846154 0.014423076923076924
0 0.9230769230769231 0.8365384615384616 0.0673076923076923 0.057692307692307696
24 0.22235576923076922 0.0985576923076923 0.016826923076923076 0.019230769230769232
26 0.22235576923076922 0.06850961538461539 0.026442307692307692 0.016826923076923076
18 0.21634615384615385 0.28846153846153844 0.02403846153846154 0.014423076923076924
14 0.21634615384615385 0.5697115384615384 0.16346153846153846 0.08173076923076923
6 0.2127403846153846 0.8870192307692307 0.2091346153846154 0.07692307692307693
7 0.20432692307692307 0.5 0.04326923076923077 0.038461538461538464
18 0.20432692307692307 0.27884615384615385 0.02403846153846154 0.014423076923076924
30 0.203125 0.8125 0.026442307692307692 0.03365384615384615
6 0.20072115384615385 0.3485576923076923 0.10817307692307693 0.0673076923076923
0 0.9206730769230769 0.06370192307692307 0.0625 0.055288461538461536
24 0.1935096153846154 0.09615384615384616 0.016826923076923076 0.019230769230769232
26 0.19471153846153846 0.06850961538461539 0.028846153846153848 0.016826923076923076
17 0.1935096153846154 0.027644230769230768 0.06971153846153846 0.036057692307692304
4 0.18389423076923078 0.2692307692307692 0.026442307692307692 0.014423076923076924
18 0.1778846153846154 0.7728365384615384 0.028846153846153848 0.03125
26 0.16826923076923078 0.7331730769230769 0.038461538461538464 0.02403846153846154
26 0.16826923076923078 0.828125 0.028846153846153848 0.016826923076923076
24 0.16826923076923078 0.0985576923076923 0.019230769230769232 0.02403846153846154
18 0.1658653846153846 0.8088942307692307 0.014423076923076924 0.021634615384615384
26 0.16706730769230768 0.06971153846153846 0.026442307692307692 0.019230769230769232
24 0.1658653846153846 0.20432692307692307 0.02403846153846154 0.014423076923076924
4 0.15625 0.5108173076923077 0.02403846153846154 0.026442307692307692
4 0.15504807692307693 0.47475961538461536 0.021634615384615384 0.026442307692307692
18 0.1466346153846154 0.7740384615384616 0.028846153846153848 0.03365384615384615
18 0.14182692307692307 0.08173076923076923 0.019230769230769232 0.02403846153846154
24 0.12379807692307693 0.07932692307692307 0.016826923076923076 0.019230769230769232
18 0.11778846153846154 0.7740384615384616 0.028846153846153848 0.028846153846153848
18 0.11298076923076923 0.8581730769230769 0.028846153846153848 0.028846153846153848
18 0.11057692307692307 0.8161057692307693 0.04807692307692308 0.05048076923076923
6 0.10697115384615384 0.6622596153846154 0.19951923076923078 0.08413461538461539
0 0.0673076923076923 0.06370192307692307 0.0673076923076923 0.05048076923076923
6 0.06610576923076923 0.23918269230769232 0.12740384615384615 0.21875
6 0.06370192307692307 0.4855769230769231 0.12259615384615384 0.2644230769230769
6 0.054086538461538464 0.8245192307692307 0.055288461538461536 0.09615384615384616
18 0.8713942307692307 0.09495192307692307 0.016826923076923076 0.021634615384615384
24 0.8533653846153846 0.75 0.014423076923076924 0.019230769230769232
18 0.8485576923076923 0.5612980769230769 0.019230769230769232 0.021634615384615384
4 0.8485576923076923 0.08413461538461539 0.014423076923076924 0.019230769230769232
4 0.84375 0.7752403846153846 0.03365384615384615 0.01201923076923077
30 0.8389423076923077 0.8185096153846154 0.052884615384615384 0.016826923076923076
30 0.8389423076923077 0.7956730769230769 0.038461538461538464 0.019230769230769232
18 0.8365384615384616 0.7211538461538461 0.03365384615384615 0.009615384615384616
24 0.8377403846153846 0.6141826923076923 0.036057692307692304 0.01201923076923077
24 0.8353365384615384 0.6286057692307693 0.036057692307692304 0.01201923076923077
26 0.8353365384615384 0.5841346153846154 0.026442307692307692 0.014423076923076924
26 0.8353365384615384 0.46033653846153844 0.021634615384615384 0.016826923076923076
18 0.8353365384615384 0.7103365384615384 0.036057692307692304 0.01201923076923077
26 0.8341346153846154 0.41225961538461536 0.02403846153846154 0.016826923076923076
4 0.8329326923076923 0.11778846153846154 0.016826923076923076 0.02403846153846154
26 0.8305288461538461 0.5997596153846154 0.026442307692307692 0.016826923076923076
4 0.8317307692307693 0.28725961538461536 0.014423076923076924 0.016826923076923076
17 0.828125 0.7463942307692307 0.026442307692307692 0.03125
26 0.8269230769230769 0.2668269230769231 0.028846153846153848 0.019230769230769232
14 0.8233173076923077 0.38341346153846156 0.036057692307692304 0.021634615384615384
16 0.8209134615384616 0.5096153846153846 0.07932692307692307 0.0673076923076923
24 0.8197115384615384 0.203125 0.03365384615384615 0.007211538461538462
14 0.8088942307692307 0.4326923076923077 0.036057692307692304 0.019230769230769232
24 0.8076923076923077 0.30288461538461536 0.019230769230769232 0.028846153846153848
6 0.8088942307692307 0.5576923076923077 0.06009615384615385 0.03365384615384615
4 0.8076923076923077 0.2512019230769231 0.028846153846153848 0.007211538461538462
4 0.8040865384615384 0.23076923076923078 0.026442307692307692 0.028846153846153848
18 0.7992788461538461 0.6177884615384616 0.03125 0.009615384615384616
30 0.796875 0.8100961538461539 0.026442307692307692 0.03365384615384615
17 0.796875 0.7451923076923077 0.026442307692307692 0.028846153846153848
24 0.7920673076923077 0.40625 0.01201923076923077 0.019230769230769232
4 0.7908653846153846 0.38221153846153844 0.014423076923076924 0.014423076923076924
5 0.78125 0.59375 0.0673076923076923 0.019230769230769232
6 0.7800480769230769 0.8858173076923077 0.15625 0.07932692307692307
14 0.7788461538461539 0.671875 0.1346153846153846 0.07932692307692307
24 0.7728365384615384 0.40865384615384615 0.01201923076923077 0.019230769230769232
4 0.7728365384615384 0.4543269230769231 0.01201923076923077 0.019230769230769232
24 0.7728365384615384 0.43028846153846156 0.01201923076923077 0.019230769230769232
30 0.7716346153846154 0.8100961538461539 0.028846153846153848 0.03365384615384615
24 0.765625 0.3329326923076923 0.04567307692307692 0.01201923076923077
18 0.7620192307692307 0.6177884615384616 0.03365384615384615 0.009615384615384616
4 0.7620192307692307 0.7283653846153846 0.02403846153846154 0.014423076923076924
24 0.7608173076923077 0.3701923076923077 0.036057692307692304 0.009615384615384616
24 0.7608173076923077 0.7620192307692307 0.021634615384615384 0.028846153846153848
14 0.7596153846153846 0.38461538461538464 0.038461538461538464 0.019230769230769232
26 0.7512019230769231 0.46875 0.026442307692307692 0.014423076923076924
24 0.7439903846153846 0.4230769230769231 0.01201923076923077 0.019230769230769232
18 0.7451923076923077 0.44591346153846156 0.014423076923076924 0.021634615384615384
6 0.7355769230769231 0.5420673076923077 0.057692307692307696 0.06490384615384616
26 0.7355769230769231 0.8245192307692307 0.028846153846153848 0.019230769230769232
24 0.734375 0.7163461538461539 0.026442307692307692 0.014423076923076924
24 0.7259615384615384 0.6141826923076923 0.014423076923076924 0.021634615384615384
24 0.7211538461538461 0.7079326923076923 0.02403846153846154 0.016826923076923076
24 0.7199519230769231 0.36778846153846156 0.036057692307692304 0.009615384615384616
14 0.71875 0.27163461538461536 0.0673076923076923 0.038461538461538464
6 0.71875 0.13701923076923078 0.20192307692307693 0.0673076923076923
26 0.71875 0.3425480769230769 0.028846153846153848 0.016826923076923076
6 0.71875 0.78125 0.057692307692307696 0.0625
24 0.71875 0.45552884615384615 0.028846153846153848 0.007211538461538462
24 0.71875 0.3798076923076923 0.03365384615384615 0.009615384615384616
24 0.71875 0.4675480769230769 0.028846153846153848 0.007211538461538462
24 0.7163461538461539 0.41346153846153844 0.03365384615384615 0.009615384615384616
24 0.7163461538461539 0.40384615384615385 0.028846153846153848 0.009615384615384616
4 0.7151442307692307 0.7403846153846154 0.04567307692307692 0.014423076923076924
14 0.7139423076923077 0.4362980769230769 0.028846153846153848 0.021634615384615384
24 0.7139423076923077 0.5841346153846154 0.028846153846153848 0.009615384615384616
4 0.7055288461538461 0.6947115384615384 0.026442307692307692 0.014423076923076924
26 0.6995192307692307 0.6478365384615384 0.02403846153846154 0.016826923076923076
24 0.6887019230769231 0.5793269230769231 0.01201923076923077 0.019230769230769232
4 0.6875 0.3233173076923077 0.028846153846153848 0.007211538461538462
15 0.6862980769230769 0.8401442307692307 0.026442307692307692 0.026442307692307692
18 0.6862980769230769 0.35216346153846156 0.03125 0.007211538461538462
4 0.6850961538461539 0.6899038461538461 0.038461538461538464 0.02403846153846154
24 0.6850961538461539 0.3401442307692308 0.028846153846153848 0.007211538461538462
4 0.6838942307692307 0.22355769230769232 0.036057692307692304 0.009615384615384616
26 0.6802884615384616 0.6598557692307693 0.02403846153846154 0.016826923076923076
24 0.6790865384615384 0.3870192307692308 0.01201923076923077 0.019230769230769232
6 0.6730769230769231 0.08774038461538461 0.18269230769230768 0.026442307692307692
18 0.6694711538461539 0.5084134615384616 0.016826923076923076 0.021634615384615384
14 0.6622596153846154 0.47836538461538464 0.040865384615384616 0.02403846153846154
24 0.6610576923076923 0.5721153846153846 0.028846153846153848 0.009615384615384616
24 0.6538461538461539 0.6538461538461539 0.014423076923076924 0.019230769230769232
14 0.6514423076923077 0.5432692307692307 0.0625 0.04326923076923077
14 0.6478365384615384 0.40024038461538464 0.036057692307692304 0.021634615384615384
24 0.640625 0.3737980769230769 0.016826923076923076 0.021634615384615384
4 0.6358173076923077 0.5084134615384616 0.016826923076923076 0.021634615384615384
6 0.6286057692307693 0.3293269230769231 0.055288461538461536 0.0625
6 0.6262019230769231 0.4411057692307692 0.12740384615384615 0.04567307692307692
6 0.625 0.6141826923076923 0.12980769230769232 0.04567307692307692
4 0.6213942307692307 0.48677884615384615 0.026442307692307692 0.007211538461538462
24 0.6201923076923077 0.3737980769230769 0.019230769230769232 0.021634615384615384
18 0.6189903846153846 0.6598557692307693 0.016826923076923076 0.021634615384615384
24 0.6177884615384616 0.4735576923076923 0.028846153846153848 0.009615384615384616
18 0.6141826923076923 0.24879807692307693 0.016826923076923076 0.021634615384615384
4 0.6057692307692307 0.5865384615384616 0.03365384615384615 0.009615384615384616
26 0.6045673076923077 0.27163461538461536 0.026442307692307692 0.014423076923076924
18 0.6033653846153846 0.5216346153846154 0.028846153846153848 0.028846153846153848
18 0.6021634615384616 0.6586538461538461 0.016826923076923076 0.019230769230769232
24 0.6009615384615384 0.5685096153846154 0.019230769230769232 0.016826923076923076
24 0.5973557692307693 0.25 0.016826923076923076 0.019230769230769232
30 0.5889423076923077 0.546875 0.04326923076923077 0.016826923076923076
24 0.5865384615384616 0.3125 0.014423076923076924 0.019230769230769232
4 0.578125 0.1045673076923077 0.03125 0.007211538461538462
18 0.578125 0.5685096153846154 0.026442307692307692 0.026442307692307692
4 0.5757211538461539 0.5276442307692307 0.01201923076923077 0.016826923076923076
4 0.5745192307692307 0.48197115384615385 0.028846153846153848 0.007211538461538462
18 0.5697115384615384 0.49759615384615385 0.057692307692307696 0.014423076923076924
6 0.5625 0.36899038461538464 0.052884615384615384 0.06009615384615385
18 0.5612980769230769 0.6766826923076923 0.021634615384615384 0.026442307692307692
4 0.5564903846153846 0.5276442307692307 0.01201923076923077 0.016826923076923076
24 0.5540865384615384 0.4423076923076923 0.016826923076923076 0.019230769230769232
4 0.5492788461538461 0.27524038461538464 0.021634615384615384 0.01201923076923077
24 0.5444711538461539 0.3016826923076923 0.040865384615384616 0.021634615384615384
4 0.5360576923076923 0.5096153846153846 0.028846153846153848 0.009615384615384616
24 0.5324519230769231 0.43990384615384615 0.016826923076923076 0.019230769230769232
4 0.5276442307692307 0.15144230769230768 0.026442307692307692 0.014423076923076924
24 0.5276442307692307 0.6790865384615384 0.021634615384615384 0.026442307692307692
26 0.5264423076923077 0.3329326923076923 0.02403846153846154 0.016826923076923076
24 0.5264423076923077 0.3125 0.038461538461538464 0.02403846153846154
4 0.5252403846153846 0.49038461538461536 0.021634615384615384 0.028846153846153848
4 0.5216346153846154 0.6045673076923077 0.028846153846153848 0.007211538461538462
18 0.5144230769230769 0.020432692307692308 0.052884615384615384 0.016826923076923076
4 0.5072115384615384 0.037259615384615384 0.03365384615384615 0.01201923076923077
4 0.5048076923076923 0.3449519230769231 0.028846153846153848 0.007211538461538462
5 0.5048076923076923 0.6274038461538461 0.07692307692307693 0.03365384615384615
18 0.5048076923076923 0.12860576923076922 0.03365384615384615 0.007211538461538462
6 0.5024038461538461 0.3954326923076923 0.052884615384615384 0.06009615384615385
18 0.5012019230769231 0.6778846153846154 0.016826923076923076 0.019230769230769232
7 0.4987980769230769 0.4543269230769231 0.05048076923076923 0.028846153846153848
18 0.4951923076923077 0.11899038461538461 0.03365384615384615 0.007211538461538462
18 0.4951923076923077 0.32091346153846156 0.04326923076923077 0.026442307692307692
24 0.49278846153846156 0.48197115384615385 0.028846153846153848 0.01201923076923077
6 0.49158653846153844 0.8533653846153846 0.33413461538461536 0.2932692307692308
14 0.4879807692307692 0.5456730769230769 0.08653846153846154 0.052884615384615384
4 0.4855769230769231 0.49759615384615385 0.04326923076923077 0.014423076923076924
4 0.47836538461538464 0.6033653846153846 0.028846153846153848 0.009615384615384616
18 0.47475961538461536 0.6754807692307693 0.016826923076923076 0.019230769230769232
4 0.45913461538461536 0.3401442307692308 0.028846153846153848 0.007211538461538462
18 0.4483173076923077 0.6778846153846154 0.026442307692307692 0.028846153846153848
30 0.44591346153846156 0.6225961538461539 0.021634615384615384 0.02403846153846154
18 0.44350961538461536 0.3713942307692308 0.05048076923076923 0.016826923076923076
24 0.4411057692307692 0.35336538461538464 0.03125 0.009615384615384616
18 0.43990384615384615 0.3870192307692308 0.038461538461538464 0.009615384615384616
6 0.43509615384615385 0.4362980769230769 0.057692307692307696 0.06490384615384616
18 0.43028846153846156 0.5793269230769231 0.03365384615384615 0.009615384615384616
18 0.43028846153846156 0.5961538461538461 0.03365384615384615 0.009615384615384616
24 0.4254807692307692 0.5348557692307693 0.014423076923076924 0.016826923076923076
4 0.42427884615384615 0.5625 0.01201923076923077 0.014423076923076924
24 0.4182692307692308 0.6213942307692307 0.019230769230769232 0.026442307692307692
18 0.41586538461538464 0.6778846153846154 0.02403846153846154 0.028846153846153848
23 0.3894230769230769 0.48677884615384615 0.07211538461538461 0.026442307692307692
18 0.38100961538461536 0.38822115384615385 0.055288461538461536 0.021634615384615384
14 0.38221153846153844 0.23197115384615385 0.3798076923076923 0.2283653846153846
24 0.37259615384615385 0.5288461538461539 0.028846153846153848 0.009615384615384616
6 0.3713942307692308 0.4362980769230769 0.055288461538461536 0.06490384615384616
6 0.3701923076923077 0.04567307692307692 0.21634615384615385 0.08653846153846154
24 0.3629807692307692 0.6201923076923077 0.03365384615384615 0.009615384615384616
6 0.35336538461538464 0.5552884615384616 0.10576923076923077 0.03365384615384615
7 0.3545673076923077 0.6574519230769231 0.06971153846153846 0.026442307692307692
7 0.35336538461538464 0.6862980769230769 0.0673076923076923 0.026442307692307692
6 0.35216346153846156 0.59375 0.10336538461538461 0.03365384615384615
4 0.3389423076923077 0.6322115384615384 0.038461538461538464 0.014423076923076924
4 0.32091346153846156 0.10576923076923077 0.026442307692307692 0.014423076923076924
24 0.3125 0.35697115384615385 0.02403846153846154 0.01201923076923077
24 0.3125 0.7944711538461539 0.014423076923076924 0.021634615384615384