4 0.5348557692307693 0.24879807692307693 0.036057692307692304 0.016826923076923076
4 0.5036057692307693 0.25240384615384615 0.03125 0.014423076923076924
6 0.6213942307692307 0.9182692307692307 0.15625 0.15384615384615385
4 0.49759615384615385 0.27283653846153844 0.03365384615384615 0.016826923076923076
7 0.5 0.30408653846153844 0.04326923076923077 0.026442307692307692
18 0.5793269230769231 0.7980769230769231 0.019230769230769232 0.009615384615384616
24 0.5721153846153846 0.7860576923076923 0.014423076923076924 0.014423076923076924
4 0.46153846153846156 0.2620192307692308 0.03365384615384615 0.014423076923076924
18 0.47836538461538464 0.359375 0.02403846153846154 0.021634615384615384
6 0.4411057692307692 0.14302884615384615 0.3389423076923077 0.2764423076923077
7 0.46153846153846156 0.2800480769230769 0.038461538461538464 0.021634615384615384
14 0.5204326923076923 0.6382211538461539 0.4639423076923077 0.37259615384615385
18 0.4567307692307692 0.36538461538461536 0.019230769230769232 0.02403846153846154
18 0.546875 0.9146634615384616 0.01201923076923077 0.01201923076923077
24 0.5120192307692307 0.7980769230769231 0.014423076923076924 0.014423076923076924
24 0.5264423076923077 0.8990384615384616 0.014423076923076924 0.014423076923076924
18 0.5072115384615384 0.8100961538461539 0.019230769230769232 0.009615384615384616
4 0.41466346153846156 0.2956730769230769 0.03125 0.014423076923076924
4 0.41225961538461536 0.28365384615384615 0.03125 0.014423076923076924
4 0.4098557692307692 0.2692307692307692 0.03125 0.014423076923076924
6 0.3954326923076923 0.3449519230769231 0.06009615384615385 0.06971153846153846
16 0.33533653846153844 0.3473557692307692 0.07451923076923077 0.08413461538461539
6 0.33052884615384615 0.4362980769230769 0.3870192307692308 0.13221153846153846
24 0.2920673076923077 0.30408653846153844 0.026442307692307692 0.03125
4 0.2932692307692308 0.34615384615384615 0.014423076923076924 0.02403846153846154
24 0.296875 0.3894230769230769 0.016826923076923076 0.02403846153846154
18 0.26322115384615385 0.23798076923076922 0.06971153846153846 0.09134615384615384
4 0.2608173076923077 0.3076923076923077 0.036057692307692304 0.04326923076923077
24 0.27403846153846156 0.3918269230769231 0.02403846153846154 0.02403846153846154
24 0.3449519230769231 0.8365384615384616 0.03125 0.014423076923076924
24 0.3473557692307692 0.8461538461538461 0.03125 0.014423076923076924
24 0.34975961538461536 0.8581730769230769 0.03125 0.014423076923076924
24 0.30528846153846156 0.6814903846153846 0.019230769230769232 0.021634615384615384
24 0.3112980769230769 0.7091346153846154 0.016826923076923076 0.02403846153846154
24 0.3004807692307692 0.6586538461538461 0.019230769230769232 0.02403846153846154
24 0.25240384615384615 0.4014423076923077 0.019230769230769232 0.02403846153846154
24 0.3137019230769231 0.765625 0.021634615384615384 0.021634615384615384
14 0.2403846153846154 0.36177884615384615 0.0673076923076923 0.055288461538461536
4 0.20673076923076922 0.19230769230769232 0.03365384615384615 0.04326923076923077
6 0.33774038461538464 0.9230769230769231 0.31971153846153844 0.14903846153846154
4 0.28365384615384615 0.6634615384615384 0.019230769230769232 0.02403846153846154
18 0.26322115384615385 0.578125 0.016826923076923076 0.021634615384615384
24 0.23076923076923078 0.4014423076923077 0.019230769230769232 0.02403846153846154
14 0.31009615384615385 0.8545673076923077 0.04807692307692308 0.040865384615384616
6 0.8966346153846154 0.328125 0.20192307692307693 0.3485576923076923
18 0.27884615384615385 0.6862980769230769 0.03365384615384615 0.016826923076923076
14 0.25600961538461536 0.625 0.08413461538461539 0.07211538461538461
6 0.15865384615384615 0.09735576923076923 0.1971153846153846 0.11778846153846154
24 0.2439903846153846 0.5805288461538461 0.016826923076923076 0.021634615384615384
24 0.20552884615384615 0.4026442307692308 0.016826923076923076 0.021634615384615384
24 0.25 0.6694711538461539 0.019230769230769232 0.021634615384615384
7 0.17307692307692307 0.25240384615384615 0.09615384615384616 0.09615384615384616
15 0.1814903846153846 0.3173076923076923 0.10336538461538461 0.0673076923076923
4 0.1875 0.36899038461538464 0.038461538461538464 0.04567307692307692
4 0.2668269230769231 0.8497596153846154 0.03365384615384615 0.016826923076923076
24 0.2668269230769231 0.8617788461538461 0.03365384615384615 0.016826923076923076
24 0.2692307692307692 0.8725961538461539 0.03365384615384615 0.014423076923076924
6 0.24519230769230768 0.7740384615384616 0.125 0.13942307692307693
18 0.17908653846153846 0.4014423076923077 0.03125 0.014423076923076924
24 0.1778846153846154 0.4110576923076923 0.03365384615384615 0.014423076923076924
4 0.22355769230769232 0.6682692307692307 0.019230769230769232 0.019230769230769232
7 0.12139423076923077 0.18028846153846154 0.10817307692307693 0.07211538461538461
18 0.15384615384615385 0.3737980769230769 0.038461538461538464 0.04567307692307692
24 0.12139423076923077 0.34375 0.021634615384615384 0.02403846153846154
6 0.9182692307692307 0.6081730769230769 0.15865384615384615 0.2980769230769231
17 0.10216346153846154 0.36177884615384615 0.026442307692307692 0.03125
6 0.08413461538461539 0.5408653846153846 0.16826923076923078 0.28365384615384615
6 0.11778846153846154 0.7836538461538461 0.16826923076923078 0.2403846153846154
6 0.9038461538461539 0.8461538461538461 0.11538461538461539 0.11057692307692307
24 0.8016826923076923 0.28125 0.016826923076923076 0.019230769230769232
24 0.8209134615384616 0.3918269230769231 0.016826923076923076 0.019230769230769232
7 0.7956730769230769 0.33413461538461536 0.0625 0.04807692307692308
4 0.796875 0.3605769230769231 0.03125 0.014423076923076924
24 0.8064903846153846 0.4182692307692308 0.016826923076923076 0.019230769230769232
0 0.7548076923076923 0.19591346153846154 0.14423076923076922 0.15144230769230768
7 0.7295673076923077 0.08533653846153846 0.06490384615384616 0.03125
4 0.7584134615384616 0.27163461538461536 0.06009615384615385 0.028846153846153848
24 0.7536057692307693 0.31009615384615385 0.016826923076923076 0.02403846153846154
15 0.71875 0.11899038461538461 0.0673076923076923 0.036057692307692304
30 0.8137019230769231 0.6586538461538461 0.06009615384615385 0.028846153846153848
4 0.8076923076923077 0.6394230769230769 0.04807692307692308 0.019230769230769232
6 0.6959134615384616 0.036057692307692304 0.19471153846153846 0.07211538461538461
4 0.8137019230769231 0.6754807692307693 0.05048076923076923 0.019230769230769232
30 0.8161057692307693 0.6983173076923077 0.06009615384615385 0.03125
30 0.8209134615384616 0.7271634615384616 0.055288461538461536 0.03125
6 0.7824519230769231 0.5084134615384616 0.12259615384615384 0.1658653846153846
4 0.8221153846153846 0.7451923076923077 0.04807692307692308 0.019230769230769232
14 0.75 0.40384615384615385 0.08653846153846154 0.07211538461538461
4 0.7752403846153846 0.6526442307692307 0.016826923076923076 0.021634615384615384
4 0.78125 0.6838942307692307 0.014423076923076924 0.021634615384615384
4 0.7848557692307693 0.7199519230769231 0.016826923076923076 0.021634615384615384
4 0.7548076923076923 0.65625 0.014423076923076924 0.02403846153846154
4 0.7596153846153846 0.6887019230769231 0.014423076923076924 0.021634615384615384
4 0.765625 0.7223557692307693 0.016826923076923076 0.021634615384615384
6 0.7908653846153846 0.8882211538461539 0.17307692307692307 0.15625
18 0.7127403846153846 0.46033653846153844 0.016826923076923076 0.021634615384615384
18 0.7764423076923077 0.8197115384615384 0.019230769230769232 0.009615384615384616
24 0.7704326923076923 0.8137019230769231 0.01201923076923077 0.01201923076923077
4 0.6887019230769231 0.3894230769230769 0.03125 0.014423076923076924
4 0.7355769230769231 0.6574519230769231 0.014423076923076924 0.021634615384615384
4 0.7415865384615384 0.6911057692307693 0.016826923076923076 0.021634615384615384
4 0.7439903846153846 0.7271634615384616 0.016826923076923076 0.021634615384615384
24 0.6887019230769231 0.4326923076923077 0.026442307692307692 0.014423076923076924
6 0.6526442307692307 0.3004807692307692 0.0985576923076923 0.04807692307692308
24 0.6586538461538461 0.44471153846153844 0.019230769230769232 0.019230769230769232
6 0.6370192307692307 0.3605769230769231 0.2403846153846154 0.10576923076923077