3 0.36899038461538464 0.671875 0.026442307692307692 0.01201923076923077
23 0.07932692307692307 0.6742788461538461 0.009615384615384616 0.026442307692307692
3 0.13822115384615385 0.6766826923076923 0.016826923076923076 0.03125
14 0.10817307692307693 0.7019230769230769 0.038461538461538464 0.038461538461538464
23 0.07932692307692307 0.7043269230769231 0.009615384615384616 0.02403846153846154
3 0.15504807692307693 0.7115384615384616 0.016826923076923076 0.028846153846153848
3 0.17668269230769232 0.7115384615384616 0.016826923076923076 0.028846153846153848
3 0.13581730769230768 0.7139423076923077 0.016826923076923076 0.028846153846153848
23 0.3269230769230769 0.07211538461538461 0.02403846153846154 0.014423076923076924
3 0.8497596153846154 0.71875 0.026442307692307692 0.009615384615384616
23 0.7355769230769231 0.734375 0.02403846153846154 0.01201923076923077
23 0.7572115384615384 0.734375 0.02403846153846154 0.01201923076923077
23 0.6899038461538461 0.734375 0.02403846153846154 0.01201923076923077
23 0.7115384615384616 0.734375 0.02403846153846154 0.01201923076923077
23 0.6658653846153846 0.734375 0.02403846153846154 0.01201923076923077
23 0.5745192307692307 0.734375 0.02403846153846154 0.01201923076923077
23 0.5985576923076923 0.734375 0.02403846153846154 0.01201923076923077
23 0.6225961538461539 0.734375 0.02403846153846154 0.01201923076923077
23 0.6442307692307693 0.734375 0.02403846153846154 0.01201923076923077
23 0.8810096153846154 0.734375 0.021634615384615384 0.01201923076923077
23 0.4831730769230769 0.734375 0.02403846153846154 0.01201923076923077
23 0.5288461538461539 0.734375 0.02403846153846154 0.01201923076923077
23 0.5528846153846154 0.734375 0.02403846153846154 0.01201923076923077
23 0.5072115384615384 0.7355769230769231 0.02403846153846154 0.014423076923076924
23 0.3701923076923077 0.7355769230769231 0.02403846153846154 0.014423076923076924
23 0.3918269230769231 0.7355769230769231 0.02403846153846154 0.014423076923076924
23 0.41466346153846156 0.7355769230769231 0.021634615384615384 0.014423076923076924
23 0.4375 0.7355769230769231 0.02403846153846154 0.014423076923076924
23 0.46033653846153844 0.7355769230769231 0.021634615384615384 0.014423076923076924
23 0.25600961538461536 0.7367788461538461 0.021634615384615384 0.01201923076923077
23 0.2776442307692308 0.7367788461538461 0.021634615384615384 0.01201923076923077
23 0.3004807692307692 0.7367788461538461 0.02403846153846154 0.01201923076923077
23 0.3245192307692308 0.7367788461538461 0.02403846153846154 0.01201923076923077
23 0.34615384615384615 0.7367788461538461 0.02403846153846154 0.01201923076923077
23 0.23197115384615385 0.7367788461538461 0.021634615384615384 0.01201923076923077
3 0.8040865384615384 0.7415865384615384 0.01201923076923077 0.026442307692307692
3 0.8161057692307693 0.7415865384615384 0.01201923076923077 0.021634615384615384
3 0.7115384615384616 0.7463942307692307 0.02403846153846154 0.01201923076923077
3 0.7355769230769231 0.7463942307692307 0.02403846153846154 0.01201923076923077
3 0.6899038461538461 0.7463942307692307 0.02403846153846154 0.01201923076923077
3 0.7572115384615384 0.7463942307692307 0.02403846153846154 0.01201923076923077
3 0.6658653846153846 0.7475961538461539 0.02403846153846154 0.014423076923076924
3 0.5528846153846154 0.7475961538461539 0.02403846153846154 0.014423076923076924
3 0.5745192307692307 0.7475961538461539 0.02403846153846154 0.014423076923076924
3 0.5985576923076923 0.7475961538461539 0.02403846153846154 0.014423076923076924
3 0.6201923076923077 0.7475961538461539 0.02403846153846154 0.014423076923076924
3 0.4831730769230769 0.7475961538461539 0.02403846153846154 0.014423076923076924
3 0.5072115384615384 0.7475961538461539 0.02403846153846154 0.014423076923076924
3 0.5288461538461539 0.7475961538461539 0.02403846153846154 0.014423076923076924
3 0.6442307692307693 0.7475961538461539 0.02403846153846154 0.014423076923076924
3 0.41466346153846156 0.7475961538461539 0.021634615384615384 0.014423076923076924
3 0.4375 0.7475961538461539 0.02403846153846154 0.014423076923076924
3 0.46033653846153844 0.7475961538461539 0.021634615384615384 0.014423076923076924
3 0.3245192307692308 0.7487980769230769 0.02403846153846154 0.01201923076923077
3 0.3701923076923077 0.7487980769230769 0.02403846153846154 0.01201923076923077
3 0.3918269230769231 0.7487980769230769 0.02403846153846154 0.01201923076923077
14 0.8449519230769231 0.7487980769230769 0.040865384615384616 0.036057692307692304
3 0.25600961538461536 0.7487980769230769 0.021634615384615384 0.01201923076923077
3 0.2776442307692308 0.7487980769230769 0.021634615384615384 0.01201923076923077
3 0.3004807692307692 0.7487980769230769 0.02403846153846154 0.01201923076923077
3 0.34615384615384615 0.7487980769230769 0.02403846153846154 0.01201923076923077
3 0.23197115384615385 0.7487980769230769 0.021634615384615384 0.01201923076923077
23 0.8762019230769231 0.7560096153846154 0.01201923076923077 0.021634615384615384
23 0.7584134615384616 0.7596153846153846 0.021634615384615384 0.014423076923076924
23 0.7115384615384616 0.7608173076923077 0.02403846153846154 0.01201923076923077
23 0.6658653846153846 0.7620192307692307 0.02403846153846154 0.014423076923076924
23 0.6899038461538461 0.7620192307692307 0.02403846153846154 0.014423076923076924
23 0.7355769230769231 0.7620192307692307 0.02403846153846154 0.014423076923076924
23 0.5745192307692307 0.7620192307692307 0.02403846153846154 0.014423076923076924
23 0.6442307692307693 0.7620192307692307 0.02403846153846154 0.014423076923076924
23 0.5288461538461539 0.7620192307692307 0.02403846153846154 0.014423076923076924
23 0.5985576923076923 0.7620192307692307 0.02403846153846154 0.014423076923076924
23 0.6201923076923077 0.7620192307692307 0.02403846153846154 0.014423076923076924
23 0.4375 0.7620192307692307 0.02403846153846154 0.014423076923076924
23 0.46033653846153844 0.7620192307692307 0.021634615384615384 0.014423076923076924
23 0.5072115384615384 0.7608173076923077 0.02403846153846154 0.01201923076923077
23 0.5528846153846154 0.7620192307692307 0.02403846153846154 0.014423076923076924
23 0.4831730769230769 0.7632211538461539 0.02403846153846154 0.01201923076923077
23 0.3918269230769231 0.7632211538461539 0.02403846153846154 0.01201923076923077
23 0.41466346153846156 0.7632211538461539 0.021634615384615384 0.01201923076923077
23 0.3004807692307692 0.7632211538461539 0.02403846153846154 0.01201923076923077
23 0.34615384615384615 0.7632211538461539 0.02403846153846154 0.01201923076923077
23 0.3701923076923077 0.7632211538461539 0.02403846153846154 0.01201923076923077
23 0.25600961538461536 0.7644230769230769 0.021634615384615384 0.014423076923076924
23 0.27884615384615385 0.7644230769230769 0.02403846153846154 0.014423076923076924
23 0.3245192307692308 0.7644230769230769 0.02403846153846154 0.014423076923076924
23 0.23197115384615385 0.7644230769230769 0.021634615384615384 0.014423076923076924
23 0.8161057692307693 0.7680288461538461 0.01201923076923077 0.021634615384615384
15 0.12139423076923077 0.7704326923076923 0.07451923076923077 0.07932692307692307
17 0.38461538461538464 0.07932692307692307 0.03365384615384615 0.028846153846153848
3 0.8521634615384616 0.7752403846153846 0.021634615384615384 0.01201923076923077
17 0.6021634615384616 0.07932692307692307 0.03125 0.028846153846153848
29 0.35336538461538464 0.08653846153846154 0.02403846153846154 0.019230769230769232
6 0.4963942307692308 0.8569711538461539 0.46875 0.1658653846153846
6 0.49399038461538464 0.08774038461538461 0.0985576923076923 0.07932692307692307
14 0.7007211538461539 0.09735576923076923 0.040865384615384616 0.036057692307692304
3 0.796875 0.09975961538461539 0.01201923076923077 0.021634615384615384
23 0.6694711538461539 0.10216346153846154 0.01201923076923077 0.021634615384615384
14 0.7704326923076923 0.10697115384615384 0.03125 0.026442307692307692
23 0.7403846153846154 0.10576923076923077 0.02403846153846154 0.052884615384615384
29 0.6081730769230769 0.109375 0.009615384615384616 0.021634615384615384
3 0.33052884615384615 0.12620192307692307 0.021634615384615384 0.01201923076923077
3 0.6875 0.12860576923076922 0.02403846153846154 0.01201923076923077
23 0.7115384615384616 0.12740384615384615 0.02403846153846154 0.014423076923076924
23 0.5661057692307693 0.12860576923076922 0.01201923076923077 0.021634615384615384
23 0.5805288461538461 0.1310096153846154 0.01201923076923077 0.021634615384615384
23 0.59375 0.1310096153846154 0.014423076923076924 0.021634615384615384
23 0.6213942307692307 0.1310096153846154 0.01201923076923077 0.021634615384615384
23 0.6069711538461539 0.1310096153846154 0.01201923076923077 0.021634615384615384
3 0.3016826923076923 0.13581730769230768 0.01201923076923077 0.021634615384615384
18 0.46875 0.13942307692307693 0.02403846153846154 0.014423076923076924
3 0.421875 0.15264423076923078 0.01201923076923077 0.021634615384615384
15 0.46875 0.15504807692307693 0.02403846153846154 0.016826923076923076
18 0.4675480769230769 0.171875 0.021634615384615384 0.01201923076923077
14 0.36538461538461536 0.18269230769230768 0.10096153846153846 0.10096153846153846
18 0.7872596153846154 0.18870192307692307 0.03125 0.016826923076923076
18 0.75 0.18870192307692307 0.028846153846153848 0.016826923076923076
23 0.42908653846153844 0.1935096153846154 0.021634615384615384 0.01201923076923077
3 0.75 0.21153846153846154 0.028846153846153848 0.019230769230769232
15 0.6802884615384616 0.2127403846153846 0.10096153846153846 0.09375
3 0.7872596153846154 0.2127403846153846 0.03125 0.016826923076923076
15 0.8629807692307693 0.2127403846153846 0.10096153846153846 0.09375
23 0.29447115384615385 0.21514423076923078 0.01201923076923077 0.021634615384615384
3 0.3076923076923077 0.21634615384615385 0.009615384615384616 0.019230769230769232
14 0.453125 0.22596153846153846 0.040865384615384616 0.03365384615384615
3 0.48197115384615385 0.23076923076923078 0.01201923076923077 0.019230769230769232
3 0.7512019230769231 0.23677884615384615 0.03125 0.016826923076923076
3 0.7872596153846154 0.23557692307692307 0.03125 0.019230769230769232
3 0.3605769230769231 0.24278846153846154 0.02403846153846154 0.014423076923076924
3 0.390625 0.24278846153846154 0.021634615384615384 0.014423076923076924
3 0.31850961538461536 0.24639423076923078 0.01201923076923077 0.021634615384615384
3 0.3425480769230769 0.24639423076923078 0.01201923076923077 0.021634615384615384
3 0.33052884615384615 0.24519230769230768 0.01201923076923077 0.02403846153846154
3 0.8112980769230769 0.2608173076923077 0.01201923076923077 0.021634615384615384
23 0.7932692307692307 0.265625 0.02403846153846154 0.01201923076923077
3 0.7199519230769231 0.26802884615384615 0.021634615384615384 0.01201923076923077
23 0.7427884615384616 0.2668269230769231 0.02403846153846154 0.014423076923076924
23 0.5060096153846154 0.28966346153846156 0.01201923076923077 0.021634615384615384
3 0.7367788461538461 0.29447115384615385 0.01201923076923077 0.026442307692307692
23 0.7932692307692307 0.3112980769230769 0.02403846153846154 0.01201923076923077
3 0.7980769230769231 0.3245192307692308 0.02403846153846154 0.014423076923076924
15 0.84375 0.34615384615384615 0.0673076923076923 0.07211538461538461
3 0.75 0.35096153846153844 0.019230769230769232 0.028846153846153848
3 0.7692307692307693 0.35216346153846156 0.019230769230769232 0.03125
3 0.7908653846153846 0.35216346153846156 0.019230769230769232 0.03125
3 0.7283653846153846 0.35216346153846156 0.019230769230769232 0.03125
3 0.3870192307692308 0.359375 0.009615384615384616 0.026442307692307692
14 0.49399038461538464 0.3581730769230769 0.1658653846153846 0.11057692307692307
3 0.4026442307692308 0.359375 0.01201923076923077 0.021634615384615384
3 0.35697115384615385 0.40384615384615385 0.01201923076923077 0.028846153846153848
23 0.23918269230769232 0.4206730769230769 0.026442307692307692 0.009615384615384616
3 0.5877403846153846 0.42427884615384615 0.007211538461538462 0.026442307692307692
23 0.23677884615384615 0.43509615384615385 0.026442307692307692 0.009615384615384616
3 0.6670673076923077 0.4375 0.026442307692307692 0.009615384615384616
23 0.7512019230769231 0.44471153846153844 0.026442307692307692 0.009615384615384616
3 0.6262019230769231 0.44711538461538464 0.026442307692307692 0.009615384615384616
23 0.23677884615384615 0.4495192307692308 0.026442307692307692 0.009615384615384616
23 0.7512019230769231 0.45913461538461536 0.026442307692307692 0.009615384615384616
3 0.5973557692307693 0.46153846153846156 0.021634615384615384 0.014423076923076924
3 0.390625 0.46153846153846156 0.021634615384615384 0.014423076923076924
23 0.23677884615384615 0.4639423076923077 0.026442307692307692 0.009615384615384616
23 0.7512019230769231 0.4735576923076923 0.026442307692307692 0.009615384615384616
3 0.5973557692307693 0.4735576923076923 0.021634615384615384 0.014423076923076924
23 0.23918269230769232 0.47836538461538464 0.026442307692307692 0.009615384615384616
23 0.7512019230769231 0.4879807692307692 0.026442307692307692 0.009615384615384616
6 0.13822115384615385 0.49158653846153844 0.1658653846153846 0.18028846153846154
6 0.8521634615384616 0.49158653846153844 0.1658653846153846 0.17548076923076922
23 0.23677884615384615 0.49278846153846156 0.026442307692307692 0.009615384615384616
23 0.7512019230769231 0.5 0.026442307692307692 0.009615384615384616
23 0.23677884615384615 0.5060096153846154 0.026442307692307692 0.007211538461538462
23 0.7512019230769231 0.5132211538461539 0.026442307692307692 0.007211538461538462
14 0.6862980769230769 0.515625 0.07932692307692307 0.09375
23 0.23677884615384615 0.5192307692307693 0.026442307692307692 0.009615384615384616
23 0.7512019230769231 0.5288461538461539 0.026442307692307692 0.009615384615384616
14 0.49399038461538464 0.5420673076923077 0.17548076923076922 0.17548076923076922
23 0.7512019230769231 0.5408653846153846 0.026442307692307692 0.009615384615384616
3 0.6526442307692307 0.5709134615384616 0.021634615384615384 0.01201923076923077
3 0.7175480769230769 0.5757211538461539 0.026442307692307692 0.007211538461538462
14 0.2800480769230769 0.5889423076923077 0.09375 0.08173076923076923
3 0.8341346153846154 0.5961538461538461 0.028846153846153848 0.009615384615384616
3 0.33653846153846156 0.5985576923076923 0.009615384615384616 0.02403846153846154
7 0.7620192307692307 0.6141826923076923 0.038461538461538464 0.016826923076923076
3 0.5973557692307693 0.6213942307692307 0.021634615384615384 0.01201923076923077
3 0.3918269230769231 0.6213942307692307 0.02403846153846154 0.01201923076923077
7 0.1778846153846154 0.6262019230769231 0.019230769230769232 0.036057692307692304
29 0.20552884615384615 0.6286057692307693 0.026442307692307692 0.026442307692307692
3 0.5961538461538461 0.6346153846153846 0.028846153846153848 0.009615384615384616
3 0.390625 0.6346153846153846 0.026442307692307692 0.009615384615384616
23 0.7872596153846154 0.6382211538461539 0.01201923076923077 0.021634615384615384
3 0.31850961538461536 0.6382211538461539 0.021634615384615384 0.01201923076923077
29 0.7608173076923077 0.640625 0.03125 0.026442307692307692
23 0.7367788461538461 0.6454326923076923 0.01201923076923077 0.021634615384615384
29 0.8473557692307693 0.6442307692307693 0.09375 0.07692307692307693
23 0.20432692307692307 0.6550480769230769 0.02403846153846154 0.01201923076923077
18 0.10697115384615384 0.6610576923076923 0.01201923076923077 0.02403846153846154
23 0.09375 0.6610576923076923 0.009615384615384616 0.02403846153846154
23 0.7872596153846154 0.6646634615384616 0.021634615384615384 0.01201923076923077
3 0.7632211538461539 0.6670673076923077 0.021634615384615384 0.01201923076923077