4 0.32572115384615385 0.3713942307692308 0.01201923076923077 0.026442307692307692
24 0.32091346153846156 0.08413461538461539 0.026442307692307692 0.009615384615384616
4 0.31850961538461536 0.140625 0.03125 0.016826923076923076
14 0.2932692307692308 0.11057692307692307 0.038461538461538464 0.038461538461538464
24 0.28846153846153844 0.08413461538461539 0.02403846153846154 0.009615384615384616
4 0.28365384615384615 0.15985576923076922 0.028846153846153848 0.016826923076923076
4 0.28365384615384615 0.1814903846153846 0.028846153846153848 0.016826923076923076
4 0.28125 0.13822115384615385 0.028846153846153848 0.016826923076923076
24 0.9254807692307693 0.31971153846153844 0.014423076923076924 0.02403846153846154
4 0.28846153846153844 0.8521634615384616 0.009615384615384616 0.026442307692307692
24 0.2704326923076923 0.7379807692307693 0.01201923076923077 0.02403846153846154
24 0.27283653846153844 0.7596153846153846 0.01201923076923077 0.02403846153846154
24 0.2704326923076923 0.6923076923076923 0.01201923076923077 0.02403846153846154
24 0.2704326923076923 0.7163461538461539 0.01201923076923077 0.02403846153846154
24 0.2704326923076923 0.6706730769230769 0.01201923076923077 0.02403846153846154
24 0.26802884615384615 0.5793269230769231 0.01201923076923077 0.02403846153846154
24 0.26802884615384615 0.6009615384615384 0.01201923076923077 0.02403846153846154
24 0.2704326923076923 0.625 0.01201923076923077 0.02403846153846154
24 0.2704326923076923 0.6466346153846154 0.01201923076923077 0.02403846153846154
24 0.27524038461538464 0.8834134615384616 0.01201923076923077 0.021634615384615384
24 0.26802884615384615 0.4879807692307692 0.01201923076923077 0.02403846153846154
24 0.26802884615384615 0.5336538461538461 0.01201923076923077 0.02403846153846154
24 0.26802884615384615 0.5552884615384616 0.01201923076923077 0.02403846153846154
24 0.2668269230769231 0.5096153846153846 0.014423076923076924 0.02403846153846154
24 0.2644230769230769 0.37259615384615385 0.014423076923076924 0.02403846153846154
24 0.2644230769230769 0.39663461538461536 0.014423076923076924 0.02403846153846154
24 0.2644230769230769 0.41947115384615385 0.014423076923076924 0.021634615384615384
24 0.2644230769230769 0.4423076923076923 0.014423076923076924 0.02403846153846154
24 0.2644230769230769 0.4651442307692308 0.014423076923076924 0.021634615384615384
24 0.2608173076923077 0.25841346153846156 0.01201923076923077 0.021634615384615384
24 0.2608173076923077 0.2824519230769231 0.01201923076923077 0.021634615384615384
24 0.2608173076923077 0.30528846153846156 0.01201923076923077 0.02403846153846154
24 0.2608173076923077 0.3269230769230769 0.01201923076923077 0.02403846153846154
24 0.26322115384615385 0.35096153846153844 0.01201923076923077 0.02403846153846154
24 0.2608173076923077 0.23677884615384615 0.01201923076923077 0.021634615384615384
4 0.26322115384615385 0.8064903846153846 0.026442307692307692 0.01201923076923077
4 0.265625 0.8209134615384616 0.021634615384615384 0.01201923076923077
4 0.25841346153846156 0.7163461538461539 0.01201923076923077 0.02403846153846154
4 0.25841346153846156 0.7403846153846154 0.01201923076923077 0.02403846153846154
4 0.25841346153846156 0.6947115384615384 0.01201923076923077 0.02403846153846154
4 0.25841346153846156 0.7620192307692307 0.01201923076923077 0.02403846153846154
4 0.2548076923076923 0.6706730769230769 0.014423076923076924 0.02403846153846154
4 0.2548076923076923 0.5576923076923077 0.014423076923076924 0.02403846153846154
4 0.2548076923076923 0.5793269230769231 0.014423076923076924 0.02403846153846154
4 0.2548076923076923 0.6033653846153846 0.014423076923076924 0.02403846153846154
4 0.2548076923076923 0.625 0.014423076923076924 0.02403846153846154
4 0.25240384615384615 0.4879807692307692 0.014423076923076924 0.02403846153846154
4 0.25240384615384615 0.5120192307692307 0.014423076923076924 0.02403846153846154
4 0.25240384615384615 0.5336538461538461 0.014423076923076924 0.02403846153846154
4 0.2548076923076923 0.6490384615384616 0.014423076923076924 0.02403846153846154
4 0.25240384615384615 0.41947115384615385 0.014423076923076924 0.021634615384615384
4 0.25240384615384615 0.4423076923076923 0.014423076923076924 0.02403846153846154
4 0.25240384615384615 0.4651442307692308 0.014423076923076924 0.021634615384615384
4 0.24879807692307693 0.3293269230769231 0.01201923076923077 0.02403846153846154
4 0.24879807692307693 0.375 0.01201923076923077 0.02403846153846154
4 0.24879807692307693 0.39663461538461536 0.01201923076923077 0.02403846153846154
14 0.25841346153846156 0.8497596153846154 0.036057692307692304 0.040865384615384616
4 0.24639423076923078 0.2608173076923077 0.01201923076923077 0.021634615384615384
4 0.24879807692307693 0.2824519230769231 0.01201923076923077 0.021634615384615384
4 0.24879807692307693 0.30528846153846156 0.01201923076923077 0.02403846153846154
4 0.24879807692307693 0.35096153846153844 0.01201923076923077 0.02403846153846154
4 0.24639423076923078 0.23677884615384615 0.01201923076923077 0.021634615384615384
24 0.2512019230769231 0.8810096153846154 0.021634615384615384 0.01201923076923077
24 0.24519230769230768 0.7632211538461539 0.014423076923076924 0.021634615384615384
24 0.2439903846153846 0.7163461538461539 0.01201923076923077 0.02403846153846154
24 0.24278846153846154 0.6706730769230769 0.014423076923076924 0.02403846153846154
24 0.24278846153846154 0.6947115384615384 0.014423076923076924 0.02403846153846154
24 0.24278846153846154 0.7403846153846154 0.014423076923076924 0.02403846153846154
24 0.2403846153846154 0.5793269230769231 0.014423076923076924 0.02403846153846154
24 0.24278846153846154 0.6490384615384616 0.014423076923076924 0.02403846153846154
24 0.2403846153846154 0.5336538461538461 0.014423076923076924 0.02403846153846154
24 0.2403846153846154 0.6033653846153846 0.014423076923076924 0.02403846153846154
24 0.24278846153846154 0.625 0.014423076923076924 0.02403846153846154
24 0.23798076923076922 0.4423076923076923 0.014423076923076924 0.02403846153846154
24 0.23798076923076922 0.4651442307692308 0.014423076923076924 0.021634615384615384
24 0.23918269230769232 0.5120192307692307 0.01201923076923077 0.02403846153846154
24 0.2403846153846154 0.5576923076923077 0.014423076923076924 0.02403846153846154
24 0.23918269230769232 0.4879807692307692 0.01201923076923077 0.02403846153846154
24 0.23677884615384615 0.39663461538461536 0.01201923076923077 0.02403846153846154
24 0.23677884615384615 0.41947115384615385 0.01201923076923077 0.021634615384615384
24 0.234375 0.30528846153846156 0.01201923076923077 0.02403846153846154
24 0.23677884615384615 0.35096153846153844 0.01201923076923077 0.02403846153846154
24 0.23677884615384615 0.375 0.01201923076923077 0.02403846153846154
24 0.23317307692307693 0.2608173076923077 0.014423076923076924 0.021634615384615384
24 0.23317307692307693 0.28365384615384615 0.014423076923076924 0.02403846153846154
24 0.23317307692307693 0.3293269230769231 0.014423076923076924 0.02403846153846154
24 0.23317307692307693 0.23677884615384615 0.014423076923076924 0.021634615384615384
24 0.23918269230769232 0.8209134615384616 0.021634615384615384 0.01201923076923077
15 0.22355769230769232 0.12740384615384615 0.08173076923076923 0.07692307692307693
17 0.9206730769230769 0.37740384615384615 0.028846153846153848 0.03365384615384615
4 0.23197115384615385 0.8569711538461539 0.01201923076923077 0.021634615384615384
17 0.9230769230769231 0.5949519230769231 0.028846153846153848 0.03125
29 0.9134615384615384 0.34615384615384615 0.019230769230769232 0.02403846153846154
6 0.14423076923076922 0.5024038461538461 0.17307692307692307 0.47115384615384615
6 0.9134615384615384 0.4855769230769231 0.08173076923076923 0.10096153846153846
14 0.9074519230769231 0.6935096153846154 0.036057692307692304 0.040865384615384616
4 0.9050480769230769 0.7896634615384616 0.021634615384615384 0.01201923076923077
24 0.9002403846153846 0.6622596153846154 0.021634615384615384 0.01201923076923077
14 0.9002403846153846 0.7632211538461539 0.026442307692307692 0.03125
24 0.8990384615384616 0.7331730769230769 0.052884615384615384 0.02403846153846154
29 0.8954326923076923 0.6009615384615384 0.021634615384615384 0.009615384615384616
4 0.8713942307692307 0.32572115384615385 0.01201923076923077 0.021634615384615384
4 0.8762019230769231 0.6826923076923077 0.01201923076923077 0.02403846153846154
24 0.8774038461538461 0.7043269230769231 0.014423076923076924 0.02403846153846154
24 0.8737980769230769 0.5612980769230769 0.021634615384615384 0.01201923076923077
24 0.8713942307692307 0.5733173076923077 0.021634615384615384 0.01201923076923077
24 0.8713942307692307 0.5865384615384616 0.021634615384615384 0.014423076923076924
24 0.8737980769230769 0.6141826923076923 0.021634615384615384 0.01201923076923077
24 0.8737980769230769 0.6021634615384616 0.021634615384615384 0.01201923076923077
4 0.8617788461538461 0.29447115384615385 0.021634615384615384 0.01201923076923077
18 0.8605769230769231 0.46153846153846156 0.014423076923076924 0.02403846153846154
4 0.8473557692307693 0.4170673076923077 0.021634615384615384 0.01201923076923077
15 0.8449519230769231 0.46153846153846156 0.016826923076923076 0.02403846153846154
18 0.828125 0.46274038461538464 0.01201923076923077 0.021634615384615384
14 0.8161057692307693 0.359375 0.10336538461538461 0.10336538461538461
18 0.8185096153846154 0.7800480769230769 0.016826923076923076 0.03125
18 0.8161057692307693 0.7427884615384616 0.016826923076923076 0.028846153846153848
24 0.8064903846153846 0.42427884615384615 0.01201923076923077 0.021634615384615384
4 0.7932692307692307 0.7451923076923077 0.019230769230769232 0.028846153846153848
15 0.7932692307692307 0.6766826923076923 0.09615384615384616 0.10336538461538461
4 0.7944711538461539 0.7824519230769231 0.016826923076923076 0.03125
15 0.7956730769230769 0.859375 0.09615384615384616 0.10336538461538461
24 0.7824519230769231 0.28966346153846156 0.021634615384615384 0.01201923076923077
4 0.78125 0.30288461538461536 0.019230769230769232 0.009615384615384616
14 0.7740384615384616 0.4483173076923077 0.03365384615384615 0.040865384615384616
4 0.7716346153846154 0.47716346153846156 0.019230769230769232 0.01201923076923077
4 0.7704326923076923 0.7463942307692307 0.016826923076923076 0.03125
4 0.7692307692307693 0.7824519230769231 0.019230769230769232 0.03125
4 0.7548076923076923 0.3557692307692308 0.014423076923076924 0.02403846153846154
4 0.7548076923076923 0.3858173076923077 0.014423076923076924 0.021634615384615384
4 0.7512019230769231 0.3137019230769231 0.021634615384615384 0.01201923076923077
4 0.7536057692307693 0.33774038461538464 0.021634615384615384 0.01201923076923077
4 0.7524038461538461 0.32572115384615385 0.02403846153846154 0.01201923076923077
4 0.7439903846153846 0.8064903846153846 0.021634615384615384 0.01201923076923077
24 0.7391826923076923 0.7884615384615384 0.01201923076923077 0.02403846153846154
4 0.7367788461538461 0.7175480769230769 0.01201923076923077 0.021634615384615384
24 0.7379807692307693 0.7379807692307693 0.014423076923076924 0.02403846153846154
24 0.7127403846153846 0.5012019230769231 0.021634615384615384 0.01201923076923077
4 0.7103365384615384 0.734375 0.026442307692307692 0.01201923076923077
24 0.6959134615384616 0.7908653846153846 0.01201923076923077 0.02403846153846154
4 0.6826923076923077 0.7932692307692307 0.014423076923076924 0.02403846153846154
15 0.6610576923076923 0.8401442307692307 0.07211538461538461 0.06971153846153846
4 0.6538461538461539 0.7475961538461539 0.028846153846153848 0.019230769230769232
4 0.6550480769230769 0.7668269230769231 0.03125 0.019230769230769232
4 0.6550480769230769 0.7884615384615384 0.03125 0.019230769230769232
4 0.6526442307692307 0.7259615384615384 0.03125 0.019230769230769232
4 0.640625 0.38461538461538464 0.026442307692307692 0.009615384615384616
14 0.6430288461538461 0.49278846153846156 0.11298076923076923 0.16826923076923078
4 0.640625 0.40024038461538464 0.021634615384615384 0.01201923076923077
4 0.5961538461538461 0.3545673076923077 0.028846153846153848 0.01201923076923077
24 0.5745192307692307 0.23677884615384615 0.009615384615384616 0.026442307692307692
4 0.578125 0.5877403846153846 0.026442307692307692 0.007211538461538462
24 0.5600961538461539 0.23677884615384615 0.009615384615384616 0.026442307692307692
4 0.5673076923076923 0.6646634615384616 0.009615384615384616 0.026442307692307692
24 0.5625 0.7512019230769231 0.009615384615384616 0.026442307692307692
4 0.5576923076923077 0.6262019230769231 0.009615384615384616 0.026442307692307692
24 0.5456730769230769 0.23677884615384615 0.009615384615384616 0.026442307692307692
24 0.5480769230769231 0.7512019230769231 0.009615384615384616 0.026442307692307692
4 0.5408653846153846 0.5949519230769231 0.014423076923076924 0.021634615384615384
4 0.5360576923076923 0.390625 0.014423076923076924 0.021634615384615384
24 0.5336538461538461 0.23677884615384615 0.009615384615384616 0.026442307692307692
24 0.5336538461538461 0.7512019230769231 0.009615384615384616 0.026442307692307692
4 0.5288461538461539 0.5973557692307693 0.014423076923076924 0.021634615384615384
24 0.5192307692307693 0.23918269230769232 0.009615384615384616 0.026442307692307692
24 0.5192307692307693 0.7512019230769231 0.009615384615384616 0.026442307692307692
6 0.5048076923076923 0.13942307692307693 0.18269230769230768 0.16826923076923078
6 0.5168269230769231 0.8509615384615384 0.1778846153846154 0.16826923076923078
24 0.5048076923076923 0.23677884615384615 0.009615384615384616 0.026442307692307692
24 0.5048076923076923 0.7512019230769231 0.009615384615384616 0.026442307692307692
24 0.4891826923076923 0.23677884615384615 0.007211538461538462 0.026442307692307692
24 0.49158653846153844 0.7512019230769231 0.007211538461538462 0.026442307692307692
14 0.4879807692307692 0.6850961538461539 0.09615384615384616 0.08173076923076923
24 0.47596153846153844 0.23677884615384615 0.009615384615384616 0.026442307692307692
24 0.47836538461538464 0.7512019230769231 0.009615384615384616 0.026442307692307692
14 0.45913461538461536 0.4951923076923077 0.1778846153846154 0.1778846153846154
24 0.4639423076923077 0.7536057692307693 0.009615384615384616 0.026442307692307692
4 0.43149038461538464 0.6526442307692307 0.01201923076923077 0.021634615384615384
4 0.42908653846153844 0.7175480769230769 0.007211538461538462 0.026442307692307692
14 0.4098557692307692 0.28125 0.08413461538461539 0.09615384615384616
4 0.4110576923076923 0.8341346153846154 0.009615384615384616 0.028846153846153848
4 0.4014423076923077 0.33653846153846156 0.02403846153846154 0.009615384615384616
7 0.390625 0.7644230769230769 0.016826923076923076 0.038461538461538464
4 0.38100961538461536 0.5997596153846154 0.01201923076923077 0.021634615384615384
4 0.3786057692307692 0.3942307692307692 0.01201923076923077 0.02403846153846154
7 0.36899038461538464 0.18028846153846154 0.036057692307692304 0.019230769230769232
29 0.36899038461538464 0.20793269230769232 0.026442307692307692 0.026442307692307692
4 0.36778846153846156 0.5985576923076923 0.009615384615384616 0.028846153846153848
4 0.3629807692307692 0.39302884615384615 0.009615384615384616 0.026442307692307692
24 0.36899038461538464 0.7896634615384616 0.021634615384615384 0.01201923076923077
4 0.359375 0.32091346153846156 0.01201923076923077 0.021634615384615384
29 0.36658653846153844 0.7632211538461539 0.026442307692307692 0.03125
24 0.359375 0.7391826923076923 0.021634615384615384 0.01201923076923077
29 0.36177884615384615 0.8509615384615384 0.07932692307692307 0.09615384615384616
24 0.3425480769230769 0.20673076923076922 0.01201923076923077 0.02403846153846154
18 0.33413461538461536 0.109375 0.02403846153846154 0.01201923076923077
24 0.33413461538461536 0.09615384615384616 0.02403846153846154 0.009615384615384616
24 0.3401442307692308 0.7896634615384616 0.01201923076923077 0.021634615384615384
4 0.3401442307692308 0.765625 0.01201923076923077 0.021634615384615384