4 0.640625 0.6658653846153846 0.026442307692307692 0.014423076923076924
24 0.9290865384615384 0.6502403846153846 0.01201923076923077 0.026442307692307692
4 0.8725961538461539 0.6574519230769231 0.019230769230769232 0.03125
14 0.9026442307692307 0.6814903846153846 0.040865384615384616 0.040865384615384616
24 0.9314903846153846 0.6826923076923077 0.01201923076923077 0.02403846153846154
4 0.8557692307692307 0.6947115384615384 0.019230769230769232 0.028846153846153848
4 0.8341346153846154 0.6947115384615384 0.019230769230769232 0.028846153846153848
4 0.8774038461538461 0.6947115384615384 0.019230769230769232 0.028846153846153848
24 0.6514423076923077 0.06370192307692307 0.02403846153846154 0.016826923076923076
4 0.16466346153846154 0.7367788461538461 0.026442307692307692 0.01201923076923077
24 0.27884615384615385 0.7451923076923077 0.02403846153846154 0.014423076923076924
24 0.25721153846153844 0.7475961538461539 0.02403846153846154 0.014423076923076924
24 0.3245192307692308 0.7427884615384616 0.02403846153846154 0.014423076923076924
24 0.3004807692307692 0.7451923076923077 0.02403846153846154 0.014423076923076924
24 0.34615384615384615 0.7427884615384616 0.02403846153846154 0.014423076923076924
24 0.4375 0.7379807692307693 0.02403846153846154 0.014423076923076924
24 0.41586538461538464 0.7379807692307693 0.02403846153846154 0.014423076923076924
24 0.3918269230769231 0.7403846153846154 0.02403846153846154 0.014423076923076924
24 0.3701923076923077 0.7403846153846154 0.02403846153846154 0.014423076923076924
24 0.13341346153846154 0.7536057692307693 0.021634615384615384 0.01201923076923077
24 0.5288461538461539 0.7331730769230769 0.02403846153846154 0.014423076923076924
24 0.4831730769230769 0.7355769230769231 0.02403846153846154 0.014423076923076924
24 0.46153846153846156 0.7355769230769231 0.02403846153846154 0.014423076923076924
24 0.5072115384615384 0.734375 0.02403846153846154 0.016826923076923076
24 0.6442307692307693 0.7271634615384616 0.02403846153846154 0.016826923076923076
24 0.6201923076923077 0.7295673076923077 0.02403846153846154 0.016826923076923076
24 0.5973557692307693 0.7307692307692307 0.021634615384615384 0.014423076923076924
24 0.5745192307692307 0.7319711538461539 0.02403846153846154 0.016826923076923076
24 0.5516826923076923 0.7331730769230769 0.021634615384615384 0.014423076923076924
24 0.7584134615384616 0.7223557692307693 0.021634615384615384 0.01201923076923077
24 0.734375 0.7247596153846154 0.021634615384615384 0.01201923076923077
24 0.7115384615384616 0.7259615384615384 0.02403846153846154 0.014423076923076924
24 0.6899038461538461 0.7259615384615384 0.02403846153846154 0.014423076923076924
24 0.6658653846153846 0.7283653846153846 0.02403846153846154 0.014423076923076924
24 0.7800480769230769 0.7223557692307693 0.021634615384615384 0.01201923076923077
4 0.21153846153846154 0.7584134615384616 0.014423076923076924 0.026442307692307692
4 0.19831730769230768 0.7584134615384616 0.01201923076923077 0.021634615384615384
4 0.30288461538461536 0.7572115384615384 0.02403846153846154 0.014423076923076924
4 0.27884615384615385 0.7596153846153846 0.02403846153846154 0.014423076923076924
4 0.3245192307692308 0.7572115384615384 0.02403846153846154 0.014423076923076924
4 0.25721153846153844 0.7596153846153846 0.02403846153846154 0.014423076923076924
4 0.3485576923076923 0.7560096153846154 0.02403846153846154 0.016826923076923076
4 0.46153846153846156 0.7512019230769231 0.02403846153846154 0.016826923076923076
4 0.43990384615384615 0.7512019230769231 0.02403846153846154 0.016826923076923076
4 0.41586538461538464 0.7536057692307693 0.02403846153846154 0.016826923076923076
4 0.3942307692307692 0.7536057692307693 0.02403846153846154 0.016826923076923076
4 0.53125 0.7463942307692307 0.02403846153846154 0.016826923076923076
4 0.5072115384615384 0.7487980769230769 0.02403846153846154 0.016826923076923076
4 0.4855769230769231 0.7487980769230769 0.02403846153846154 0.016826923076923076
4 0.3701923076923077 0.7560096153846154 0.02403846153846154 0.016826923076923076
4 0.5997596153846154 0.7427884615384616 0.021634615384615384 0.014423076923076924
4 0.5769230769230769 0.7439903846153846 0.02403846153846154 0.016826923076923076
4 0.5540865384615384 0.7451923076923077 0.021634615384615384 0.014423076923076924
4 0.6899038461538461 0.7403846153846154 0.02403846153846154 0.014423076923076924
4 0.6442307692307693 0.7427884615384616 0.02403846153846154 0.014423076923076924
4 0.6225961538461539 0.7427884615384616 0.02403846153846154 0.014423076923076924
14 0.16826923076923078 0.7668269230769231 0.04326923076923077 0.038461538461538464
4 0.7584134615384616 0.7367788461538461 0.021634615384615384 0.01201923076923077
4 0.7367788461538461 0.7367788461538461 0.021634615384615384 0.01201923076923077
4 0.7139423076923077 0.7379807692307693 0.02403846153846154 0.014423076923076924
4 0.6682692307692307 0.7403846153846154 0.02403846153846154 0.014423076923076924
4 0.7824519230769231 0.734375 0.021634615384615384 0.01201923076923077
24 0.140625 0.7752403846153846 0.01201923076923077 0.021634615384615384
24 0.25841346153846156 0.7740384615384616 0.021634615384615384 0.014423076923076924
24 0.30288461538461536 0.7716346153846154 0.02403846153846154 0.014423076923076924
24 0.3485576923076923 0.7704326923076923 0.02403846153846154 0.016826923076923076
24 0.3269230769230769 0.7704326923076923 0.02403846153846154 0.016826923076923076
24 0.28125 0.7728365384615384 0.02403846153846154 0.016826923076923076
24 0.43990384615384615 0.765625 0.02403846153846154 0.016826923076923076
24 0.37259615384615385 0.7680288461538461 0.02403846153846154 0.016826923076923076
24 0.4855769230769231 0.7632211538461539 0.02403846153846154 0.016826923076923076
24 0.41586538461538464 0.765625 0.02403846153846154 0.016826923076923076
24 0.3942307692307692 0.7680288461538461 0.02403846153846154 0.016826923076923076
24 0.5769230769230769 0.7584134615384616 0.02403846153846154 0.016826923076923076
24 0.5540865384615384 0.7596153846153846 0.021634615384615384 0.014423076923076924
24 0.5072115384615384 0.7620192307692307 0.02403846153846154 0.014423076923076924
24 0.46153846153846156 0.7632211538461539 0.02403846153846154 0.016826923076923076
24 0.53125 0.7620192307692307 0.02403846153846154 0.014423076923076924
24 0.6225961538461539 0.7572115384615384 0.02403846153846154 0.014423076923076924
24 0.5997596153846154 0.7584134615384616 0.021634615384615384 0.01201923076923077
24 0.7139423076923077 0.7524038461538461 0.02403846153846154 0.014423076923076924
24 0.6682692307692307 0.7548076923076923 0.02403846153846154 0.014423076923076924
24 0.6442307692307693 0.7548076923076923 0.02403846153846154 0.014423076923076924
24 0.7584134615384616 0.75 0.021634615384615384 0.014423076923076924
24 0.7355769230769231 0.7512019230769231 0.02403846153846154 0.016826923076923076
24 0.6899038461538461 0.7536057692307693 0.02403846153846154 0.016826923076923076
24 0.7824519230769231 0.75 0.021634615384615384 0.014423076923076924
24 0.19831730769230768 0.7824519230769231 0.01201923076923077 0.021634615384615384
15 0.8930288461538461 0.7512019230769231 0.07932692307692307 0.08413461538461539
17 0.5925480769230769 0.0733173076923077 0.036057692307692304 0.03125
4 0.1622596153846154 0.7944711538461539 0.021634615384615384 0.01201923076923077
17 0.37740384615384615 0.08533653846153846 0.03365384615384615 0.03125
29 0.625 0.078125 0.02403846153846154 0.021634615384615384
6 0.5240384615384616 0.8569711538461539 0.47596153846153844 0.18990384615384615
6 0.48677884615384615 0.08774038461538461 0.10336538461538461 0.08413461538461539
14 0.27884615384615385 0.10817307692307693 0.04326923076923077 0.038461538461538464
4 0.18389423076923078 0.11658653846153846 0.01201923076923077 0.021634615384615384
24 0.3112980769230769 0.11177884615384616 0.01201923076923077 0.021634615384615384
14 0.2091346153846154 0.1201923076923077 0.03365384615384615 0.028846153846153848
24 0.24158653846153846 0.1201923076923077 0.026442307692307692 0.052884615384615384
29 0.37259615384615385 0.1141826923076923 0.009615384615384616 0.021634615384615384
4 0.6502403846153846 0.11658653846153846 0.021634615384615384 0.01201923076923077
4 0.2932692307692308 0.13942307692307693 0.02403846153846154 0.014423076923076924
24 0.27163461538461536 0.140625 0.02403846153846154 0.016826923076923076
24 0.41466346153846156 0.13341346153846154 0.01201923076923077 0.021634615384615384
24 0.4026442307692308 0.13581730769230768 0.01201923076923077 0.021634615384615384
24 0.3894230769230769 0.13581730769230768 0.014423076923076924 0.021634615384615384
24 0.36177884615384615 0.13822115384615385 0.01201923076923077 0.021634615384615384
24 0.3737980769230769 0.13581730769230768 0.01201923076923077 0.021634615384615384
4 0.6814903846153846 0.12620192307692307 0.01201923076923077 0.021634615384615384
18 0.5144230769230769 0.13822115384615385 0.02403846153846154 0.016826923076923076
4 0.5612980769230769 0.14783653846153846 0.01201923076923077 0.021634615384615384
15 0.5144230769230769 0.15384615384615385 0.02403846153846154 0.019230769230769232
18 0.515625 0.171875 0.021634615384615384 0.01201923076923077
14 0.6201923076923077 0.17548076923076922 0.10576923076923077 0.10576923076923077
18 0.19831730769230768 0.20432692307692307 0.03125 0.019230769230769232
18 0.23557692307692307 0.20192307692307693 0.028846153846153848 0.019230769230769232
24 0.5564903846153846 0.19110576923076922 0.021634615384615384 0.01201923076923077
4 0.23798076923076922 0.2247596153846154 0.028846153846153848 0.021634615384615384
15 0.30528846153846156 0.22235576923076922 0.10576923076923077 0.0985576923076923
4 0.19831730769230768 0.2283653846153846 0.03125 0.019230769230769232
15 0.12259615384615384 0.23197115384615385 0.10576923076923077 0.0985576923076923
24 0.6911057692307693 0.20552884615384615 0.01201923076923077 0.021634615384615384
4 0.6778846153846154 0.20673076923076922 0.009615384615384616 0.019230769230769232
14 0.5336538461538461 0.22235576923076922 0.04326923076923077 0.036057692307692304
4 0.5036057692307693 0.23076923076923078 0.01201923076923077 0.019230769230769232
4 0.23677884615384615 0.25 0.03125 0.019230769230769232
4 0.20072115384615385 0.2512019230769231 0.03125 0.021634615384615384
4 0.6274038461538461 0.23677884615384615 0.02403846153846154 0.016826923076923076
4 0.5973557692307693 0.23798076923076922 0.021634615384615384 0.014423076923076924
4 0.6694711538461539 0.23677884615384615 0.01201923076923077 0.021634615384615384
4 0.6454326923076923 0.23677884615384615 0.01201923076923077 0.021634615384615384
4 0.65625 0.23798076923076922 0.014423076923076924 0.02403846153846154
4 0.17908653846153846 0.2776442307692308 0.01201923076923077 0.021634615384615384
24 0.1971153846153846 0.28125 0.02403846153846154 0.014423076923076924
4 0.26802884615384615 0.2800480769230769 0.021634615384615384 0.01201923076923077
24 0.24759615384615385 0.2800480769230769 0.02403846153846154 0.016826923076923076
24 0.484375 0.28966346153846156 0.01201923076923077 0.021634615384615384
4 0.25240384615384615 0.30649038461538464 0.014423076923076924 0.026442307692307692
24 0.1971153846153846 0.3269230769230769 0.02403846153846154 0.014423076923076924
4 0.19471153846153846 0.3401442307692308 0.02403846153846154 0.016826923076923076
15 0.15144230769230768 0.3641826923076923 0.07211538461538461 0.07451923076923077
4 0.2439903846153846 0.36538461538461536 0.021634615384615384 0.028846153846153848
4 0.2247596153846154 0.36658653846153844 0.021634615384615384 0.03125
4 0.203125 0.36658653846153844 0.021634615384615384 0.03125
4 0.265625 0.3641826923076923 0.021634615384615384 0.03125
4 0.6069711538461539 0.35216346153846156 0.01201923076923077 0.026442307692307692
14 0.4987980769230769 0.3581730769230769 0.17067307692307693 0.1201923076923077
4 0.5901442307692307 0.3545673076923077 0.01201923076923077 0.021634615384615384
4 0.6394230769230769 0.39663461538461536 0.014423076923076924 0.028846153846153848
24 0.7584134615384616 0.4074519230769231 0.026442307692307692 0.01201923076923077
4 0.40865384615384615 0.42908653846153844 0.009615384615384616 0.026442307692307692
24 0.7608173076923077 0.421875 0.026442307692307692 0.01201923076923077
4 0.33052884615384615 0.44591346153846156 0.026442307692307692 0.01201923076923077
24 0.24639423076923078 0.4579326923076923 0.026442307692307692 0.01201923076923077
4 0.3713942307692308 0.453125 0.026442307692307692 0.01201923076923077
24 0.7608173076923077 0.4362980769230769 0.026442307692307692 0.01201923076923077
24 0.24639423076923078 0.4723557692307692 0.026442307692307692 0.01201923076923077
4 0.4026442307692308 0.46634615384615385 0.021634615384615384 0.014423076923076924
4 0.6069711538461539 0.4567307692307692 0.021634615384615384 0.014423076923076924
24 0.7608173076923077 0.45072115384615385 0.026442307692307692 0.01201923076923077
24 0.24879807692307693 0.48677884615384615 0.026442307692307692 0.01201923076923077
4 0.4026442307692308 0.47836538461538464 0.021634615384615384 0.014423076923076924
24 0.7608173076923077 0.4651442307692308 0.026442307692307692 0.01201923076923077
24 0.24879807692307693 0.5012019230769231 0.026442307692307692 0.01201923076923077
6 0.8617788461538461 0.4723557692307692 0.17548076923076922 0.18990384615384615
6 0.1502403846153846 0.5084134615384616 0.17548076923076922 0.18509615384615385
24 0.7632211538461539 0.4795673076923077 0.026442307692307692 0.01201923076923077
24 0.24879807692307693 0.5132211538461539 0.026442307692307692 0.01201923076923077
24 0.7632211538461539 0.49278846153846156 0.026442307692307692 0.009615384615384616
24 0.2512019230769231 0.5264423076923077 0.026442307692307692 0.009615384615384616
14 0.3161057692307692 0.5252403846153846 0.08413461538461539 0.0985576923076923
24 0.765625 0.5060096153846154 0.026442307692307692 0.01201923076923077
24 0.2512019230769231 0.5420673076923077 0.026442307692307692 0.01201923076923077
14 0.5084134615384616 0.5420673076923077 0.18509615384615385 0.18509615384615385
24 0.2512019230769231 0.5540865384615384 0.026442307692307692 0.01201923076923077
4 0.35216346153846156 0.5805288461538461 0.021634615384615384 0.01201923076923077
4 0.28725961538461536 0.5865384615384616 0.026442307692307692 0.009615384615384616
14 0.7271634615384616 0.5769230769230769 0.0985576923076923 0.08653846153846154
4 0.17307692307692307 0.6141826923076923 0.028846153846153848 0.01201923076923077
4 0.6694711538461539 0.5889423076923077 0.01201923076923077 0.02403846153846154
7 0.24519230769230768 0.6274038461538461 0.038461538461538464 0.019230769230769232
4 0.4098557692307692 0.6262019230769231 0.021634615384615384 0.01201923076923077
4 0.6153846153846154 0.6153846153846154 0.02403846153846154 0.014423076923076924
7 0.828125 0.609375 0.021634615384615384 0.036057692307692304
29 0.8004807692307693 0.6129807692307693 0.028846153846153848 0.028846153846153848
4 0.4110576923076923 0.6382211538461539 0.028846153846153848 0.01201923076923077
4 0.6165865384615384 0.6286057692307693 0.026442307692307692 0.01201923076923077
24 0.22235576923076922 0.6526442307692307 0.01201923076923077 0.021634615384615384
4 0.6887019230769231 0.6286057692307693 0.021634615384615384 0.01201923076923077
29 0.24759615384615385 0.6538461538461539 0.03365384615384615 0.028846153846153848
24 0.27283653846153844 0.6574519230769231 0.01201923076923077 0.021634615384615384
29 0.1622596153846154 0.6634615384615384 0.0985576923076923 0.08173076923076923
24 0.8028846153846154 0.6394230769230769 0.02403846153846154 0.014423076923076924
18 0.9038461538461539 0.6394230769230769 0.014423076923076924 0.02403846153846154
24 0.9146634615384616 0.6394230769230769 0.01201923076923077 0.02403846153846154
24 0.22235576923076922 0.6790865384615384 0.021634615384615384 0.01201923076923077
4 0.24639423076923078 0.6790865384615384 0.021634615384615384 0.01201923076923077