6 0.33653846153846156 0.6177884615384616 0.08173076923076923 0.019230769230769232
19 0.38341346153846156 0.30288461538461536 0.040865384615384616 0.04326923076923077
6 0.43149038461538464 0.8365384615384616 0.055288461538461536 0.03365384615384615
6 0.42427884615384615 0.6117788461538461 0.026442307692307692 0.06009615384615385
19 0.4699519230769231 0.7956730769230769 0.15625 0.04807692307692308
19 0.46033653846153844 0.5168269230769231 0.06490384615384616 0.04807692307692308
19 0.47596153846153844 0.6454326923076923 0.08173076923076923 0.016826923076923076
6 0.49759615384615385 0.5685096153846154 0.08173076923076923 0.016826923076923076
6 0.5228365384615384 0.8365384615384616 0.055288461538461536 0.028846153846153848
6 0.5228365384615384 0.6778846153846154 0.06009615384615385 0.02403846153846154
19 0.5288461538461539 0.1814903846153846 0.04326923076923077 0.016826923076923076
18 0.5697115384615384 0.5552884615384616 0.019230769230769232 0.019230769230769232
19 0.5769230769230769 0.25240384615384615 0.09615384615384616 0.028846153846153848
19 0.5817307692307693 0.3401442307692308 0.02403846153846154 0.07451923076923077
19 0.6129807692307693 0.17908653846153846 0.04326923076923077 0.016826923076923076
19 0.6286057692307693 0.5552884615384616 0.040865384615384616 0.0625
19 0.6598557692307693 0.546875 0.026442307692307692 0.07451923076923077
19 0.6514423076923077 0.1971153846153846 0.03365384615384615 0.02403846153846154
19 0.7043269230769231 0.8713942307692307 0.052884615384615384 0.03125
6 0.7043269230769231 0.8497596153846154 0.038461538461538464 0.021634615384615384
19 0.6887019230769231 0.40865384615384615 0.026442307692307692 0.04326923076923077
19 0.7007211538461539 0.21754807692307693 0.040865384615384616 0.026442307692307692
6 0.7235576923076923 0.3125 0.02403846153846154 0.04326923076923077
19 0.7475961538461539 0.1971153846153846 0.03365384615384615 0.02403846153846154
19 0.765625 0.41346153846153844 0.03125 0.04326923076923077
19 0.7716346153846154 0.5625 0.03365384615384615 0.04326923076923077
19 0.7800480769230769 0.8365384615384616 0.036057692307692304 0.04326923076923077
6 0.7680288461538461 0.4699519230769231 0.05048076923076923 0.026442307692307692
19 0.78125 0.7403846153846154 0.03365384615384615 0.03365384615384615
6 0.7716346153846154 0.3125 0.038461538461538464 0.028846153846153848
26 0.7704326923076923 0.27163461538461536 0.01201923076923077 0.009615384615384616
6 0.7776442307692307 0.3737980769230769 0.06009615384615385 0.016826923076923076
19 0.7800480769230769 0.22355769230769232 0.021634615384615384 0.08653846153846154
19 0.7932692307692307 0.16105769230769232 0.0625 0.019230769230769232
18 0.8076923076923077 0.23076923076923078 0.019230769230769232 0.019230769230769232
18 0.8100961538461539 0.25961538461538464 0.019230769230769232 0.019230769230769232
6 0.8221153846153846 0.31009615384615385 0.02403846153846154 0.04326923076923077
6 0.8389423076923077 0.6838942307692307 0.028846153846153848 0.026442307692307692
6 0.8365384615384616 0.6322115384615384 0.028846153846153848 0.028846153846153848
19 0.8473557692307693 0.4338942307692308 0.06971153846153846 0.04567307692307692
19 0.8509615384615384 0.5721153846153846 0.0673076923076923 0.04807692307692308
19 0.8605769230769231 0.8341346153846154 0.0673076923076923 0.04807692307692308
19 0.8569711538461539 0.5024038461538461 0.055288461538461536 0.04807692307692308
19 0.8521634615384616 0.25721153846153844 0.03125 0.22596153846153846
19 0.8737980769230769 0.7680288461538461 0.040865384615384616 0.040865384615384616
19 0.8689903846153846 0.6298076923076923 0.040865384615384616 0.038461538461538464
19 0.8701923076923077 0.6826923076923077 0.04326923076923077 0.038461538461538464
6 0.09975961538461539 0.6947115384615384 0.04567307692307692 0.08173076923076923
6 0.1045673076923077 0.8317307692307693 0.040865384615384616 0.08173076923076923
6 0.09735576923076923 0.5504807692307693 0.04567307692307692 0.08173076923076923
6 0.09254807692307693 0.4026442307692308 0.040865384615384616 0.08413461538461539
6 0.08774038461538461 0.2536057692307692 0.040865384615384616 0.07932692307692307
19 0.12980769230769232 0.6923076923076923 0.03365384615384615 0.057692307692307696
19 0.12740384615384615 0.5480769230769231 0.03365384615384615 0.057692307692307696
19 0.13701923076923078 0.828125 0.03365384615384615 0.06009615384615385
19 0.125 0.40024038461538464 0.03365384615384615 0.06009615384615385
19 0.12259615384615384 0.25240384615384615 0.03365384615384615 0.057692307692307696
19 0.19591346153846154 0.1935096153846154 0.021634615384615384 0.03125
19 0.28846153846153844 0.17548076923076922 0.15865384615384615 0.02403846153846154
19 0.3076923076923077 0.4831730769230769 0.0625 0.019230769230769232
6 0.3088942307692308 0.4423076923076923 0.08413461538461539 0.019230769230769232
6 0.3076923076923077 0.2980769230769231 0.08173076923076923 0.019230769230769232
6 0.3233173076923077 0.59375 0.08413461538461539 0.019230769230769232
6 0.33533653846153844 0.7740384615384616 0.08413461538461539 0.019230769230769232