6 0.6310096153846154 0.3473557692307692 0.026442307692307692 0.08413461538461539
19 0.3137019230769231 0.36778846153846156 0.04567307692307692 0.04326923076923077
6 0.8413461538461539 0.45913461538461536 0.038461538461538464 0.057692307692307696
6 0.6177884615384616 0.4362980769230769 0.0625 0.03125
19 0.7956730769230769 0.4951923076923077 0.0625 0.15865384615384615
19 0.5192307692307693 0.4639423076923077 0.052884615384615384 0.0673076923076923
19 0.6466346153846154 0.49038461538461536 0.02403846153846154 0.08173076923076923
6 0.5697115384615384 0.5048076923076923 0.02403846153846154 0.08173076923076923
6 0.8317307692307693 0.5504807692307693 0.03365384615384615 0.057692307692307696
6 0.6754807692307693 0.5384615384615384 0.028846153846153848 0.0625
19 0.18028846153846154 0.5012019230769231 0.019230769230769232 0.04567307692307692
18 0.5492788461538461 0.5733173076923077 0.021634615384615384 0.021634615384615384
19 0.24519230769230768 0.5540865384615384 0.038461538461538464 0.0985576923076923
19 0.33413461538461536 0.5685096153846154 0.07692307692307693 0.03125
19 0.16826923076923078 0.5853365384615384 0.019230769230769232 0.04567307692307692
19 0.5444711538461539 0.6334134615384616 0.06490384615384616 0.04567307692307692
19 0.5336538461538461 0.6634615384615384 0.07692307692307693 0.03365384615384615
19 0.18509615384615385 0.6262019230769231 0.028846153846153848 0.036057692307692304
19 0.8521634615384616 0.7367788461538461 0.036057692307692304 0.055288461538461536
6 0.8293269230769231 0.734375 0.02403846153846154 0.040865384615384616
19 0.39302884615384615 0.6802884615384616 0.04567307692307692 0.028846153846153848
19 0.20192307692307693 0.6754807692307693 0.028846153846153848 0.04326923076923077
6 0.29447115384615385 0.7055288461538461 0.04567307692307692 0.026442307692307692
19 0.17548076923076922 0.7199519230769231 0.028846153846153848 0.036057692307692304
19 0.390625 0.7548076923076923 0.04567307692307692 0.03365384615384615
19 0.5396634615384616 0.7752403846153846 0.04567307692307692 0.036057692307692304
19 0.8100961538461539 0.8076923076923077 0.04807692307692308 0.038461538461538464
6 0.44471153846153844 0.7644230769230769 0.028846153846153848 0.052884615384615384
19 0.7139423076923077 0.8028846153846154 0.038461538461538464 0.038461538461538464
6 0.28966346153846156 0.7536057692307693 0.03125 0.040865384615384616
26 0.3269230769230769 0.7584134615384616 0.009615384615384616 0.01201923076923077
26 0.24879807692307693 0.7487980769230769 0.01201923076923077 0.01201923076923077
6 0.34975961538461536 0.7668269230769231 0.021634615384615384 0.0625
19 0.19831730769230768 0.7548076923076923 0.0889423076923077 0.028846153846153848
19 0.13701923076923078 0.7632211538461539 0.02403846153846154 0.06490384615384616
18 0.20552884615384615 0.7824519230769231 0.021634615384615384 0.021634615384615384
18 0.23197115384615385 0.7872596153846154 0.021634615384615384 0.021634615384615384
6 0.2824519230769231 0.8040865384615384 0.04567307692307692 0.026442307692307692
6 0.6538461538461539 0.8521634615384616 0.028846153846153848 0.03125
6 0.6021634615384616 0.8473557692307693 0.03125 0.03125
19 0.4050480769230769 0.8389423076923077 0.05048076923076923 0.07211538461538461
19 0.5408653846153846 0.8569711538461539 0.052884615384615384 0.06971153846153846
19 0.8028846153846154 0.8882211538461539 0.052884615384615384 0.06971153846153846
19 0.47115384615384615 0.8557692307692307 0.052884615384615384 0.057692307692307696
19 0.22716346153846154 0.8305288461538461 0.2283653846153846 0.05048076923076923
19 0.7331730769230769 0.8942307692307693 0.04326923076923077 0.04326923076923077
19 0.5973557692307693 0.8774038461538461 0.040865384615384616 0.04326923076923077
19 0.6502403846153846 0.8834134615384616 0.040865384615384616 0.04567307692307692
6 0.7271634615384616 0.11778846153846154 0.08413461538461539 0.052884615384615384
6 0.8641826923076923 0.1346153846153846 0.08413461538461539 0.04807692307692308
6 0.5853365384615384 0.10336538461538461 0.08413461538461539 0.052884615384615384
6 0.4375 0.08653846153846154 0.08653846153846154 0.04807692307692308
6 0.2932692307692308 0.0673076923076923 0.08173076923076923 0.04807692307692308
19 0.7247596153846154 0.14903846153846154 0.06009615384615385 0.038461538461538464
19 0.5805288461538461 0.13221153846153846 0.06009615384615385 0.038461538461538464
19 0.8581730769230769 0.16826923076923078 0.0625 0.038461538461538464
19 0.4326923076923077 0.11778846153846154 0.0625 0.038461538461538464
19 0.28725961538461536 0.10336538461538461 0.06009615384615385 0.038461538461538464
19 0.22115384615384615 0.16947115384615385 0.03365384615384615 0.026442307692307692
19 0.19471153846153846 0.2620192307692308 0.038461538461538464 0.15865384615384615
19 0.5 0.30649038461538464 0.02403846153846154 0.06490384615384616
6 0.46033653846153844 0.30528846153846156 0.026442307692307692 0.08653846153846154
6 0.3161057692307692 0.28966346153846156 0.026442307692307692 0.08413461538461539
6 0.609375 0.3317307692307692 0.026442307692307692 0.08653846153846154
6 0.7872596153846154 0.3605769230769231 0.026442307692307692 0.08653846153846154