6 0.34375 0.22115384615384615 0.07692307692307693 0.014423076923076924
24 0.328125 0.6262019230769231 0.01201923076923077 0.016826923076923076
24 0.32572115384615385 0.7608173076923077 0.01201923076923077 0.016826923076923076
6 0.3293269230769231 0.6923076923076923 0.07692307692307693 0.014423076923076924
4 0.33052884615384615 0.7151442307692307 0.01201923076923077 0.016826923076923076
18 0.34975961538461536 0.19110576923076922 0.01201923076923077 0.016826923076923076
4 0.3449519230769231 0.28966346153846156 0.01201923076923077 0.016826923076923076
18 0.3449519230769231 0.4795673076923077 0.01201923076923077 0.016826923076923076
18 0.33533653846153844 0.7608173076923077 0.01201923076923077 0.016826923076923076
4 0.3473557692307692 0.42908653846153844 0.01201923076923077 0.016826923076923076
4 0.35697115384615385 0.1502403846153846 0.01201923076923077 0.016826923076923076
24 0.35216346153846156 0.33774038461538464 0.01201923076923077 0.016826923076923076
18 0.34134615384615385 0.6237980769230769 0.014423076923076924 0.016826923076923076
6 0.3449519230769231 0.5396634615384616 0.07932692307692307 0.016826923076923076
4 0.36177884615384615 0.125 0.040865384615384616 0.019230769230769232
24 0.36177884615384615 0.19110576923076922 0.01201923076923077 0.016826923076923076
24 0.34615384615384615 0.7632211538461539 0.009615384615384616 0.016826923076923076
24 0.35697115384615385 0.48197115384615385 0.01201923076923077 0.016826923076923076
18 0.36538461538461536 0.33774038461538464 0.014423076923076924 0.016826923076923076
24 0.36177884615384615 0.42908653846153844 0.01201923076923077 0.016826923076923076
24 0.35697115384615385 0.6262019230769231 0.01201923076923077 0.016826923076923076
4 0.3737980769230769 0.1935096153846154 0.01201923076923077 0.016826923076923076
18 0.3737980769230769 0.3137019230769231 0.021634615384615384 0.01201923076923077
4 0.36658653846153844 0.5769230769230769 0.01201923076923077 0.019230769230769232
24 0.3641826923076923 0.5949519230769231 0.01201923076923077 0.016826923076923076
18 0.3762019230769231 0.2704326923076923 0.021634615384615384 0.01201923076923077
18 0.3762019230769231 0.29086538461538464 0.021634615384615384 0.014423076923076924
24 0.37259615384615385 0.4795673076923077 0.009615384615384616 0.016826923076923076
24 0.3798076923076923 0.33774038461538464 0.009615384615384616 0.016826923076923076
24 0.3858173076923077 0.19110576923076922 0.01201923076923077 0.016826923076923076
24 0.38461538461538464 0.48197115384615385 0.009615384615384616 0.016826923076923076
23 0.39783653846153844 0.1622596153846154 0.016826923076923076 0.021634615384615384
4 0.4026442307692308 0.13341346153846154 0.021634615384615384 0.03125
24 0.39783653846153844 0.48197115384615385 0.01201923076923077 0.016826923076923076
6 0.40865384615384615 0.23197115384615385 0.02403846153846154 0.04567307692307692
18 0.41586538461538464 0.1875 0.019230769230769232 0.014423076923076924
14 0.40625 0.4387019230769231 0.057692307692307696 0.040865384615384616
14 0.4074519230769231 0.5973557692307693 0.06009615384615385 0.040865384615384616
7 0.40625 0.6742788461538461 0.028846153846153848 0.04567307692307692
4 0.4206730769230769 0.2608173076923077 0.02403846153846154 0.007211538461538462
6 0.4266826923076923 0.23197115384615385 0.021634615384615384 0.04567307692307692
14 0.43028846153846156 0.27524038461538464 0.03365384615384615 0.016826923076923076
4 0.4266826923076923 0.4699519230769231 0.026442307692307692 0.007211538461538462
24 0.421875 0.578125 0.026442307692307692 0.007211538461538462
24 0.4338942307692308 0.29927884615384615 0.01201923076923077 0.016826923076923076
6 0.4182692307692308 0.7644230769230769 0.0673076923076923 0.03365384615384615
6 0.43149038461538464 0.5420673076923077 0.021634615384615384 0.055288461538461536
24 0.4495192307692308 0.29927884615384615 0.009615384615384616 0.016826923076923076
24 0.4543269230769231 0.21033653846153846 0.02403846153846154 0.007211538461538462
7 0.4423076923076923 0.6754807692307693 0.028846153846153848 0.04807692307692308
24 0.453125 0.4651442307692308 0.01201923076923077 0.016826923076923076
17 0.4543269230769231 0.5336538461538461 0.014423076923076924 0.019230769230769232
24 0.46153846153846156 0.3016826923076923 0.009615384615384616 0.016826923076923076
24 0.45552884615384615 0.515625 0.01201923076923077 0.016826923076923076
4 0.45913461538461536 0.421875 0.02403846153846154 0.016826923076923076
4 0.4543269230769231 0.640625 0.02403846153846154 0.007211538461538462
4 0.47115384615384615 0.19951923076923078 0.02403846153846154 0.009615384615384616
4 0.4651442307692308 0.35697115384615385 0.021634615384615384 0.016826923076923076
4 0.47115384615384615 0.22956730769230768 0.02403846153846154 0.007211538461538462
11 0.4723557692307692 0.21875 0.026442307692307692 0.009615384615384616
6 0.47836538461538464 0.13822115384615385 0.125 0.0985576923076923
24 0.47475961538461536 0.3016826923076923 0.01201923076923077 0.016826923076923076
6 0.45913461538461536 0.7247596153846154 0.1778846153846154 0.06009615384615385
17 0.46875 0.5336538461538461 0.014423076923076924 0.019230769230769232
24 0.4723557692307692 0.515625 0.01201923076923077 0.016826923076923076
6 0.47596153846153844 0.4495192307692308 0.0673076923076923 0.04807692307692308
14 0.48677884615384615 0.26322115384615385 0.040865384615384616 0.03125
4 0.48677884615384615 0.3016826923076923 0.01201923076923077 0.016826923076923076
6 0.4807692307692308 0.5745192307692307 0.08173076923076923 0.019230769230769232
17 0.4831730769230769 0.5360576923076923 0.014423076923076924 0.019230769230769232
24 0.4855769230769231 0.5180288461538461 0.014423076923076924 0.016826923076923076
7 0.4807692307692308 0.6766826923076923 0.028846153846153848 0.05048076923076923
4 0.49759615384615385 0.2127403846153846 0.02403846153846154 0.007211538461538462
24 0.5 0.203125 0.02403846153846154 0.007211538461538462
24 0.5 0.1935096153846154 0.02403846153846154 0.007211538461538462
4 0.5012019230769231 0.30528846153846156 0.021634615384615384 0.028846153846153848
17 0.4987980769230769 0.5360576923076923 0.01201923076923077 0.019230769230769232
24 0.5012019230769231 0.5180288461538461 0.01201923076923077 0.016826923076923076
6 0.5072115384615384 0.5024038461538461 0.07692307692307693 0.014423076923076924
24 0.5168269230769231 0.3016826923076923 0.009615384615384616 0.016826923076923076
4 0.5168269230769231 0.328125 0.02403846153846154 0.016826923076923076
18 0.5048076923076923 0.7848557692307693 0.11538461538461539 0.06009615384615385
17 0.5132211538461539 0.5360576923076923 0.01201923076923077 0.019230769230769232
24 0.515625 0.5180288461538461 0.01201923076923077 0.016826923076923076
6 0.5072115384615384 0.7680288461538461 0.0673076923076923 0.036057692307692304
4 0.5192307692307693 0.4675480769230769 0.02403846153846154 0.016826923076923076
24 0.5300480769230769 0.30408653846153844 0.007211538461538462 0.016826923076923076
4 0.5336538461538461 0.24879807692307693 0.02403846153846154 0.007211538461538462
24 0.5348557692307693 0.19591346153846154 0.01201923076923077 0.016826923076923076
6 0.5228365384615384 0.6117788461538461 0.06009615384615385 0.021634615384615384
24 0.5360576923076923 0.24158653846153846 0.019230769230769232 0.007211538461538462
24 0.5336538461538461 0.25961538461538464 0.02403846153846154 0.009615384615384616
17 0.5276442307692307 0.5360576923076923 0.01201923076923077 0.019230769230769232
24 0.5276442307692307 0.5180288461538461 0.01201923076923077 0.016826923076923076
24 0.5372596153846154 0.2800480769230769 0.01201923076923077 0.016826923076923076
24 0.5396634615384616 0.2247596153846154 0.01201923076923077 0.016826923076923076
4 0.5300480769230769 0.5588942307692307 0.01201923076923077 0.016826923076923076
4 0.5552884615384616 0.2247596153846154 0.009615384615384616 0.016826923076923076
14 0.5504807692307693 0.3918269230769231 0.16826923076923078 0.125
18 0.5564903846153846 0.3293269230769231 0.01201923076923077 0.009615384615384616
29 0.5444711538461539 0.6754807692307693 0.09375 0.052884615384615384
4 0.5600961538461539 0.2692307692307692 0.02403846153846154 0.004807692307692308
5 0.5600961538461539 0.28125 0.03365384615384615 0.019230769230769232
4 0.5649038461538461 0.3161057692307692 0.02403846153846154 0.007211538461538462
18 0.5661057692307693 0.3293269230769231 0.01201923076923077 0.009615384615384616
4 0.5697115384615384 0.25721153846153844 0.04326923076923077 0.019230769230769232
4 0.5733173076923077 0.22716346153846154 0.007211538461538462 0.016826923076923076
4 0.5697115384615384 0.30528846153846156 0.04326923076923077 0.019230769230769232
4 0.5745192307692307 0.29447115384615385 0.02403846153846154 0.007211538461538462
4 0.5793269230769231 0.2439903846153846 0.02403846153846154 0.007211538461538462
14 0.5673076923076923 0.5552884615384616 0.057692307692307696 0.052884615384615384
18 0.5757211538461539 0.3293269230769231 0.01201923076923077 0.009615384615384616
4 0.5709134615384616 0.5216346153846154 0.040865384615384616 0.019230769230769232
4 0.5721153846153846 0.5048076923076923 0.04326923076923077 0.019230769230769232
18 0.5805288461538461 0.33413461538461536 0.01201923076923077 0.009615384615384616
24 0.5853365384615384 0.22716346153846154 0.01201923076923077 0.016826923076923076
18 0.5853365384615384 0.33653846153846156 0.01201923076923077 0.009615384615384616
24 0.5733173076923077 0.7127403846153846 0.01201923076923077 0.016826923076923076
18 0.5901442307692307 0.34134615384615385 0.01201923076923077 0.009615384615384616
4 0.5865384615384616 0.6382211538461539 0.02403846153846154 0.007211538461538462
4 0.5973557692307693 0.45552884615384615 0.021634615384615384 0.016826923076923076
7 0.5925480769230769 0.65625 0.04567307692307692 0.02403846153846154
6 0.6117788461538461 0.15264423076923078 0.15144230769230768 0.13701923076923078
4 0.5925480769230769 0.734375 0.007211538461538462 0.016826923076923076
24 0.6117788461538461 0.22956730769230768 0.01201923076923077 0.016826923076923076
15 0.6069711538461539 0.33774038461538464 0.021634615384615384 0.016826923076923076
6 0.609375 0.2848557692307692 0.026442307692307692 0.07451923076923077
24 0.6057692307692307 0.484375 0.02403846153846154 0.016826923076923076
24 0.6057692307692307 0.4987980769230769 0.02403846153846154 0.007211538461538462
9 0.6009615384615384 0.6069711538461539 0.057692307692307696 0.04567307692307692
4 0.6262019230769231 0.22956730769230768 0.01201923076923077 0.016826923076923076
24 0.6105769230769231 0.7608173076923077 0.02403846153846154 0.007211538461538462
14 0.6165865384615384 0.734375 0.040865384615384616 0.04567307692307692
6 0.6274038461538461 0.4987980769230769 0.02403846153846154 0.06009615384615385
18 0.6262019230769231 0.6778846153846154 0.07451923076923077 0.0673076923076923
24 0.6394230769230769 0.3112980769230769 0.02403846153846154 0.007211538461538462
4 0.6394230769230769 0.33052884615384615 0.02403846153846154 0.007211538461538462
4 0.6418269230769231 0.27283653846153844 0.02403846153846154 0.007211538461538462
24 0.640625 0.32091346153846156 0.021634615384615384 0.007211538461538462
24 0.6418269230769231 0.2920673076923077 0.02403846153846154 0.007211538461538462
4 0.640625 0.3016826923076923 0.021634615384615384 0.007211538461538462
7 0.6334134615384616 0.5420673076923077 0.06009615384615385 0.021634615384615384
24 0.6418269230769231 0.2536057692307692 0.02403846153846154 0.007211538461538462
24 0.6418269230769231 0.2848557692307692 0.02403846153846154 0.007211538461538462
24 0.6442307692307693 0.26322115384615385 0.02403846153846154 0.007211538461538462
24 0.6454326923076923 0.22956730769230768 0.01201923076923077 0.016826923076923076
4 0.640625 0.42427884615384615 0.021634615384615384 0.016826923076923076
5 0.6442307692307693 0.36778846153846156 0.03365384615384615 0.019230769230769232
4 0.6466346153846154 0.3449519230769231 0.02403846153846154 0.007211538461538462
4 0.6442307692307693 0.3545673076923077 0.02403846153846154 0.007211538461538462
4 0.6514423076923077 0.24519230769230768 0.02403846153846154 0.004807692307692308
6 0.6466346153846154 0.5012019230769231 0.02403846153846154 0.06009615384615385
4 0.6574519230769231 0.23197115384615385 0.01201923076923077 0.016826923076923076
24 0.6514423076923077 0.6382211538461539 0.02403846153846154 0.007211538461538462
24 0.65625 0.6117788461538461 0.02403846153846154 0.007211538461538462
4 0.6658653846153846 0.36899038461538464 0.009615384615384616 0.016826923076923076
24 0.6598557692307693 0.578125 0.01201923076923077 0.016826923076923076
6 0.6658653846153846 0.4951923076923077 0.02403846153846154 0.07692307692307693
24 0.6694711538461539 0.4411057692307692 0.01201923076923077 0.016826923076923076
24 0.6754807692307693 0.29447115384615385 0.02403846153846154 0.007211538461538462
4 0.6754807692307693 0.2848557692307692 0.02403846153846154 0.007211538461538462
24 0.6754807692307693 0.3329326923076923 0.02403846153846154 0.007211538461538462
24 0.6754807692307693 0.3233173076923077 0.02403846153846154 0.007211538461538462
4 0.6754807692307693 0.3137019230769231 0.02403846153846154 0.007211538461538462
4 0.6778846153846154 0.25600961538461536 0.02403846153846154 0.007211538461538462
24 0.6754807692307693 0.30408653846153844 0.02403846153846154 0.007211538461538462
24 0.6778846153846154 0.27524038461538464 0.02403846153846154 0.007211538461538462
24 0.6778846153846154 0.265625 0.02403846153846154 0.007211538461538462
24 0.6802884615384616 0.23197115384615385 0.009615384615384616 0.016826923076923076
24 0.6622596153846154 0.7487980769230769 0.007211538461538462 0.016826923076923076
24 0.6634615384615384 0.7319711538461539 0.009615384615384616 0.016826923076923076
24 0.6658653846153846 0.7752403846153846 0.02403846153846154 0.007211538461538462
24 0.6862980769230769 0.5396634615384616 0.01201923076923077 0.016826923076923076
6 0.6862980769230769 0.7920673076923077 0.036057692307692304 0.021634615384615384
6 0.6850961538461539 0.8341346153846154 0.07211538461538461 0.0673076923076923
4 0.7079326923076923 0.20793269230769232 0.01201923076923077 0.016826923076923076
29 0.6959134615384616 0.6262019230769231 0.06490384615384616 0.040865384615384616
17 0.6923076923076923 0.7764423076923077 0.028846153846153848 0.009615384615384616
29 0.7007211538461539 0.5733173076923077 0.06971153846153846 0.040865384615384616
29 0.6959134615384616 0.7463942307692307 0.055288461538461536 0.05048076923076923
14 0.7055288461538461 0.49158653846153844 0.040865384615384616 0.04567307692307692
6 0.7103365384615384 0.36177884615384615 0.026442307692307692 0.04567307692307692
24 0.7175480769230769 0.2776442307692308 0.01201923076923077 0.016826923076923076
24 0.7199519230769231 0.20793269230769232 0.01201923076923077 0.016826923076923076
9 0.7151442307692307 0.4266826923076923 0.08413461538461539 0.05048076923076923
24 0.7139423076923077 0.5204326923076923 0.02403846153846154 0.007211538461538462
9 0.7151442307692307 0.6838942307692307 0.06971153846153846 0.06009615384615385
24 0.7295673076923077 0.2800480769230769 0.01201923076923077 0.016826923076923076
24 0.734375 0.20793269230769232 0.01201923076923077 0.016826923076923076
6 0.7391826923076923 0.14182692307692307 0.12259615384615384 0.10576923076923077
4 0.7319711538461539 0.49399038461538464 0.01201923076923077 0.016826923076923076
24 0.7355769230769231 0.3954326923076923 0.009615384615384616 0.016826923076923076
4 0.7463942307692307 0.20793269230769232 0.01201923076923077 0.016826923076923076
0 0.7439903846153846 0.33052884615384615 0.055288461538461536 0.03125
6 0.7487980769230769 0.28365384615384615 0.021634615384615384 0.014423076923076924
6 0.7487980769230769 0.2548076923076923 0.021634615384615384 0.014423076923076924
24 0.7331730769230769 0.8040865384615384 0.009615384615384616 0.016826923076923076
24 0.7487980769230769 0.3954326923076923 0.01201923076923077 0.016826923076923076
24 0.734375 0.7872596153846154 0.007211538461538462 0.016826923076923076
24 0.7584134615384616 0.20793269230769232 0.01201923076923077 0.016826923076923076
7 0.7427884615384616 0.625 0.028846153846153848 0.04326923076923077
7 0.7451923076923077 0.5733173076923077 0.028846153846153848 0.04567307692307692
24 0.7524038461538461 0.5108173076923077 0.009615384615384616 0.016826923076923076
7 0.7463942307692307 0.7319711538461539 0.03125 0.04567307692307692
4 0.7572115384615384 0.484375 0.02403846153846154 0.007211538461538462
14 0.7572115384615384 0.46634615384615385 0.04807692307692308 0.028846153846153848
24 0.7608173076923077 0.3954326923076923 0.01201923076923077 0.016826923076923076
6 0.7668269230769231 0.4266826923076923 0.02403846153846154 0.03125
29 0.7764423076923077 0.22115384615384615 0.02403846153846154 0.019230769230769232
6 0.7692307692307693 0.6850961538461539 0.04326923076923077 0.019230769230769232
6 0.7872596153846154 0.27283653846153844 0.021634615384615384 0.03125
29 0.7692307692307693 0.7908653846153846 0.052884615384615384 0.07211538461538461
24 0.7860576923076923 0.32091346153846156 0.02403846153846154 0.007211538461538462
29 0.7860576923076923 0.5216346153846154 0.057692307692307696 0.07211538461538461
26 0.796875 0.31009615384615385 0.01201923076923077 0.009615384615384616
6 0.7908653846153846 0.4266826923076923 0.02403846153846154 0.03125
26 0.7992788461538461 0.23557692307692307 0.016826923076923076 0.009615384615384616
6 0.7992788461538461 0.33413461538461536 0.06490384615384616 0.019230769230769232
29 0.796875 0.3737980769230769 0.06490384615384616 0.06490384615384616
24 0.7980769230769231 0.4098557692307692 0.02403846153846154 0.007211538461538462
6 0.8064903846153846 0.27524038461538464 0.021634615384615384 0.03125
6 0.8137019230769231 0.18509615384615385 0.021634615384615384 0.08653846153846154
24 0.7944711538461539 0.796875 0.007211538461538462 0.016826923076923076
17 0.7956730769230769 0.7788461538461539 0.009615384615384616 0.019230769230769232
24 0.8064903846153846 0.49399038461538464 0.01201923076923077 0.01201923076923077
17 0.8052884615384616 0.640625 0.014423076923076924 0.021634615384615384
17 0.8088942307692307 0.5901442307692307 0.01201923076923077 0.021634615384615384
4 0.8064903846153846 0.7223557692307693 0.021634615384615384 0.03125
7 0.8125 0.6598557692307693 0.02403846153846154 0.007211538461538462
24 0.8149038461538461 0.609375 0.02403846153846154 0.007211538461538462
6 0.8329326923076923 0.12259615384615384 0.06490384615384616 0.038461538461538464
24 0.8329326923076923 0.328125 0.01201923076923077 0.016826923076923076
6 0.828125 0.6418269230769231 0.026442307692307692 0.028846153846153848
6 0.8329326923076923 0.5913461538461539 0.026442307692307692 0.028846153846153848
6 0.8473557692307693 0.25961538461538464 0.021634615384615384 0.019230769230769232
6 0.8449519230769231 0.28966346153846156 0.021634615384615384 0.016826923076923076
0 0.8665865384615384 0.35096153846153844 0.055288461538461536 0.028846153846153848
6 0.859375 0.7944711538461539 0.12259615384615384 0.07451923076923077
6 0.8810096153846154 0.3125 0.05048076923076923 0.04807692307692308
6 0.8834134615384616 0.2692307692307692 0.05048076923076923 0.04807692307692308
6 0.8858173076923077 0.22355769230769232 0.05048076923076923 0.04807692307692308
6 0.8882211538461539 0.18028846153846154 0.05048076923076923 0.04807692307692308
6 0.8882211538461539 0.1346153846153846 0.05048076923076923 0.04807692307692308
6 0.8798076923076923 0.5396634615384616 0.1201923076923077 0.07451923076923077
6 0.8762019230769231 0.7271634615384616 0.09375 0.055288461538461536
6 0.8846153846153846 0.4699519230769231 0.1201923076923077 0.07451923076923077
6 0.8894230769230769 0.4014423076923077 0.125 0.07211538461538461
6 0.8834134615384616 0.6466346153846154 0.0889423076923077 0.052884615384615384
6 0.8882211538461539 0.5961538461538461 0.09375 0.052884615384615384
6 0.09975961538461539 0.7283653846153846 0.040865384615384616 0.07692307692307693
6 0.10576923076923077 0.5961538461538461 0.04326923076923077 0.08173076923076923
6 0.1141826923076923 0.4519230769230769 0.040865384615384616 0.08173076923076923
6 0.12259615384615384 0.3088942307692308 0.04326923076923077 0.07932692307692307
6 0.12860576923076922 0.1622596153846154 0.040865384615384616 0.07932692307692307
9 0.1310096153846154 0.3786057692307692 0.08413461538461539 0.05048076923076923
9 0.12860576923076922 0.5228365384615384 0.07932692307692307 0.055288461538461536
9 0.14302884615384615 0.234375 0.08413461538461539 0.055288461538461536
6 0.125 0.7295673076923077 0.04807692307692308 0.06490384615384616
6 0.13221153846153846 0.5961538461538461 0.04807692307692308 0.0625
6 0.13822115384615385 0.4519230769230769 0.05048076923076923 0.0625
6 0.14783653846153846 0.31009615384615385 0.05048076923076923 0.0625
6 0.15745192307692307 0.16346153846153846 0.05048076923076923 0.0625
24 0.1658653846153846 0.7620192307692307 0.028846153846153848 0.04326923076923077
24 0.16706730769230768 0.6995192307692307 0.03125 0.04326923076923077
24 0.171875 0.6346153846153846 0.03125 0.04326923076923077
24 0.1778846153846154 0.49038461538461536 0.028846153846153848 0.04326923076923077
24 0.17668269230769232 0.5576923076923077 0.03125 0.04326923076923077
24 0.1814903846153846 0.4206730769230769 0.03125 0.04326923076923077
24 0.18389423076923078 0.34615384615384615 0.03125 0.04326923076923077
24 0.18870192307692307 0.27403846153846156 0.03125 0.04326923076923077
24 0.19230769230769232 0.20432692307692307 0.028846153846153848 0.04326923076923077
24 0.19831730769230768 0.1201923076923077 0.03125 0.04326923076923077
4 0.20793269230769232 0.42908653846153844 0.021634615384615384 0.016826923076923076
4 0.20432692307692307 0.5733173076923077 0.02403846153846154 0.016826923076923076
4 0.20072115384615385 0.7127403846153846 0.021634615384615384 0.016826923076923076
4 0.21634615384615385 0.28966346153846156 0.02403846153846154 0.016826923076923076
4 0.22355769230769232 0.140625 0.02403846153846154 0.016826923076923076
6 0.2403846153846154 0.109375 0.02403846153846154 0.03125
9 0.2247596153846154 0.6706730769230769 0.08413461538461539 0.057692307692307696
4 0.27403846153846156 0.1201923076923077 0.04326923076923077 0.019230769230769232
14 0.25841346153846156 0.5997596153846154 0.06490384615384616 0.04567307692307692
14 0.2548076923076923 0.7367788461538461 0.0673076923076923 0.04567307692307692
14 0.265625 0.45913461538461536 0.06490384615384616 0.04807692307692308
14 0.27283653846153844 0.3137019230769231 0.06490384615384616 0.04567307692307692
14 0.2800480769230769 0.16826923076923078 0.06971153846153846 0.04807692307692308
4 0.3173076923076923 0.12259615384615384 0.04326923076923077 0.019230769230769232
4 0.30408653846153844 0.5709134615384616 0.01201923076923077 0.016826923076923076
4 0.3004807692307692 0.7103365384615384 0.009615384615384616 0.016826923076923076
4 0.3016826923076923 0.6237980769230769 0.01201923076923077 0.016826923076923076
4 0.3004807692307692 0.7608173076923077 0.009615384615384616 0.016826923076923076
4 0.32091346153846156 0.28966346153846156 0.01201923076923077 0.016826923076923076
4 0.32091346153846156 0.33533653846153844 0.01201923076923077 0.016826923076923076
4 0.31850961538461536 0.4807692307692308 0.01201923076923077 0.019230769230769232
4 0.32091346153846156 0.42908653846153844 0.01201923076923077 0.016826923076923076
24 0.31490384615384615 0.6237980769230769 0.009615384615384616 0.016826923076923076
4 0.3161057692307692 0.5709134615384616 0.01201923076923077 0.016826923076923076
4 0.3329326923076923 0.14783653846153846 0.01201923076923077 0.016826923076923076
6 0.33413461538461536 0.0985576923076923 0.15865384615384615 0.028846153846153848
24 0.3125 0.7608173076923077 0.009615384615384616 0.016826923076923076
4 0.3161057692307692 0.7127403846153846 0.01201923076923077 0.016826923076923076
6 0.3269230769230769 0.4050480769230769 0.0625 0.021634615384615384
9 0.31971153846153844 0.6598557692307693 0.08173076923076923 0.055288461538461536
24 0.33533653846153844 0.19110576923076922 0.01201923076923077 0.016826923076923076
4 0.33533653846153844 0.28966346153846156 0.01201923076923077 0.016826923076923076
6 0.3329326923076923 0.3641826923076923 0.07932692307692307 0.016826923076923076
24 0.33774038461538464 0.33533653846153844 0.01201923076923077 0.016826923076923076
24 0.3317307692307692 0.4795673076923077 0.009615384615384616 0.016826923076923076
4 0.3329326923076923 0.42908653846153844 0.01201923076923077 0.016826923076923076
4 0.33052884615384615 0.5709134615384616 0.01201923076923077 0.016826923076923076
4 0.3449519230769231 0.14783653846153846 0.01201923076923077 0.016826923076923076
6 0.3329326923076923 0.5120192307692307 0.07932692307692307 0.014423076923076924