6 0.6814903846153846 0.41346153846153844 0.08413461538461539 0.028846153846153848
19 0.5817307692307693 0.7151442307692307 0.04326923076923077 0.04567307692307692
6 0.6286057692307693 0.18028846153846154 0.06009615384615385 0.038461538461538464
6 0.5949519230769231 0.40384615384615385 0.03125 0.0625
19 0.5841346153846154 0.21514423076923078 0.15865384615384615 0.06490384615384616
19 0.5408653846153846 0.49278846153846156 0.0673076923076923 0.052884615384615384
19 0.5492788461538461 0.36177884615384615 0.08413461538461539 0.026442307692307692
6 0.515625 0.4338942307692308 0.08413461538461539 0.026442307692307692
6 0.5384615384615384 0.16826923076923078 0.057692307692307696 0.03365384615384615
6 0.5096153846153846 0.32211538461538464 0.0625 0.028846153846153848
19 0.4170673076923077 0.8100961538461539 0.04567307692307692 0.019230769230769232
18 0.44350961538461536 0.4362980769230769 0.021634615384615384 0.021634615384615384
19 0.38100961538461536 0.7331730769230769 0.0985576923076923 0.038461538461538464
19 0.390625 0.6442307692307693 0.03125 0.07692307692307693
19 0.3329326923076923 0.7980769230769231 0.04567307692307692 0.019230769230769232
19 0.38341346153846156 0.42427884615384615 0.04567307692307692 0.06490384615384616
19 0.35096153846153844 0.42788461538461536 0.03365384615384615 0.07692307692307693
19 0.29927884615384615 0.7716346153846154 0.036057692307692304 0.028846153846153848
19 0.3641826923076923 0.09975961538461539 0.055288461538461536 0.036057692307692304
6 0.359375 0.12259615384615384 0.040865384615384616 0.02403846153846154
19 0.2980769230769231 0.5564903846153846 0.028846153846153848 0.04567307692307692
19 0.2548076923076923 0.7451923076923077 0.04326923076923077 0.028846153846153848
6 0.24879807692307693 0.6454326923076923 0.026442307692307692 0.04567307692307692
19 0.20552884615384615 0.7572115384615384 0.036057692307692304 0.028846153846153848
19 0.22596153846153846 0.5396634615384616 0.03365384615384615 0.04567307692307692
19 0.24639423076923078 0.3918269230769231 0.036057692307692304 0.04807692307692308
19 0.28365384615384615 0.12259615384615384 0.038461538461538464 0.04807692307692308
6 0.23317307692307693 0.48677884615384615 0.052884615384615384 0.03125
19 0.2644230769230769 0.21634615384615385 0.038461538461538464 0.038461538461538464
6 0.203125 0.6382211538461539 0.040865384615384616 0.03125
26 0.20552884615384615 0.6009615384615384 0.01201923076923077 0.009615384615384616
26 0.19471153846153846 0.6790865384615384 0.014423076923076924 0.01201923076923077
6 0.20432692307692307 0.578125 0.0625 0.021634615384615384
19 0.17668269230769232 0.7247596153846154 0.03125 0.0889423076923077
19 0.15264423076923078 0.7848557692307693 0.06490384615384616 0.026442307692307692
18 0.1502403846153846 0.7127403846153846 0.021634615384615384 0.021634615384615384
18 0.15504807692307693 0.6838942307692307 0.021634615384615384 0.021634615384615384
6 0.15264423076923078 0.6334134615384616 0.026442307692307692 0.04567307692307692
6 0.20072115384615385 0.2608173076923077 0.03125 0.03125
6 0.19230769230769232 0.3125 0.03365384615384615 0.03365384615384615
19 0.14903846153846154 0.5048076923076923 0.07211538461538461 0.052884615384615384
19 0.16706730769230768 0.36899038461538464 0.06971153846153846 0.055288461538461536
19 0.203125 0.109375 0.06971153846153846 0.055288461538461536
19 0.15144230769230768 0.4375 0.057692307692307696 0.052884615384615384
19 0.11177884615384616 0.6802884615384616 0.055288461538461536 0.22596153846153846
19 0.18028846153846154 0.17307692307692307 0.04326923076923077 0.04326923076923077
19 0.16105769230769232 0.3088942307692308 0.04326923076923077 0.040865384615384616
19 0.16706730769230768 0.25841346153846156 0.04567307692307692 0.040865384615384616
6 0.9278846153846154 0.38100961538461536 0.052884615384615384 0.08413461538461539
6 0.9471153846153846 0.2439903846153846 0.04807692307692308 0.08413461538461539
6 0.90625 0.5228365384615384 0.052884615384615384 0.08413461538461539
6 0.8858173076923077 0.6682692307692307 0.05048076923076923 0.08653846153846154
6 0.8653846153846154 0.8149038461538461 0.04807692307692308 0.08173076923076923
19 0.8990384615384616 0.375 0.038461538461538464 0.0625
19 0.8774038461538461 0.5192307692307693 0.038461538461538464 0.0625
19 0.9134615384615384 0.24158653846153846 0.038461538461538464 0.06490384615384616
19 0.8533653846153846 0.6646634615384616 0.038461538461538464 0.06490384615384616
19 0.8293269230769231 0.8100961538461539 0.038461538461538464 0.0625
19 0.7487980769230769 0.8557692307692307 0.026442307692307692 0.03365384615384615
19 0.6538461538461539 0.8569711538461539 0.15865384615384615 0.040865384615384616
19 0.6887019230769231 0.5516826923076923 0.06490384615384616 0.026442307692307692
6 0.6802884615384616 0.5913461538461539 0.08653846153846154 0.028846153846153848
6 0.6550480769230769 0.7331730769230769 0.08413461538461539 0.028846153846153848
6 0.6923076923076923 0.43990384615384615 0.08653846153846154 0.028846153846153848
6 0.7115384615384616 0.25961538461538464 0.08653846153846154 0.028846153846153848