6 0.7043269230769231 0.7463942307692307 0.07692307692307693 0.021634615384615384
24 0.6466346153846154 0.3485576923076923 0.014423076923076924 0.019230769230769232
24 0.6274038461538461 0.21394230769230768 0.014423076923076924 0.019230769230769232
6 0.6346153846153846 0.2824519230769231 0.07692307692307693 0.021634615384615384
4 0.6298076923076923 0.25961538461538464 0.014423076923076924 0.019230769230769232
18 0.7043269230769231 0.7788461538461539 0.014423076923076924 0.019230769230769232
4 0.6899038461538461 0.6802884615384616 0.014423076923076924 0.019230769230769232
18 0.65625 0.49278846153846156 0.014423076923076924 0.019230769230769232
18 0.6177884615384616 0.21394230769230768 0.014423076923076924 0.019230769230769232
4 0.6634615384615384 0.5432692307692307 0.014423076923076924 0.019230769230769232
4 0.7043269230769231 0.8197115384615384 0.014423076923076924 0.019230769230769232
24 0.6754807692307693 0.6370192307692307 0.014423076923076924 0.019230769230769232
18 0.6358173076923077 0.35096153846153844 0.016826923076923076 0.019230769230769232
6 0.6466346153846154 0.4362980769230769 0.08173076923076923 0.026442307692307692
4 0.7043269230769231 0.8473557692307693 0.04326923076923077 0.021634615384615384
24 0.6923076923076923 0.78125 0.014423076923076924 0.019230769230769232
24 0.6069711538461539 0.21514423076923078 0.01201923076923077 0.016826923076923076
24 0.6442307692307693 0.4951923076923077 0.014423076923076924 0.019230769230769232
18 0.6622596153846154 0.6370192307692307 0.016826923076923076 0.019230769230769232
24 0.6490384615384616 0.5456730769230769 0.014423076923076924 0.019230769230769232
24 0.6201923076923077 0.35336538461538464 0.014423076923076924 0.019230769230769232
4 0.6802884615384616 0.78125 0.014423076923076924 0.019230769230769232
18 0.65625 0.6634615384615384 0.02403846153846154 0.014423076923076924
4 0.6201923076923077 0.4026442307692308 0.014423076923076924 0.021634615384615384
24 0.6177884615384616 0.38461538461538464 0.014423076923076924 0.019230769230769232
18 0.6634615384615384 0.7043269230769231 0.02403846153846154 0.014423076923076924
18 0.6610576923076923 0.6862980769230769 0.02403846153846154 0.016826923076923076
24 0.6310096153846154 0.4987980769230769 0.01201923076923077 0.016826923076923076
24 0.6478365384615384 0.640625 0.01201923076923077 0.016826923076923076
24 0.6682692307692307 0.7836538461538461 0.014423076923076924 0.019230769230769232
24 0.6165865384615384 0.4987980769230769 0.01201923076923077 0.016826923076923076
23 0.6610576923076923 0.8149038461538461 0.019230769230769232 0.02403846153846154
4 0.6598557692307693 0.84375 0.026442307692307692 0.03365384615384615
24 0.6057692307692307 0.5 0.014423076923076924 0.019230769230769232
6 0.6394230769230769 0.75 0.028846153846153848 0.04807692307692308
18 0.6382211538461539 0.7920673076923077 0.021634615384615384 0.016826923076923076
14 0.6045673076923077 0.5444711538461539 0.06009615384615385 0.04567307692307692
14 0.5769230769230769 0.38822115384615385 0.0625 0.04567307692307692
7 0.5649038461538461 0.3125 0.03365384615384615 0.04807692307692308
4 0.6201923076923077 0.7235576923076923 0.02403846153846154 0.009615384615384616
6 0.6189903846153846 0.7524038461538461 0.026442307692307692 0.04807692307692308
14 0.609375 0.7103365384615384 0.036057692307692304 0.021634615384615384
4 0.5805288461538461 0.5180288461538461 0.026442307692307692 0.01201923076923077
6 0.5384615384615384 0.2247596153846154 0.07211538461538461 0.040865384615384616
24 0.6009615384615384 0.6875 0.014423076923076924 0.019230769230769232
6 0.5612980769230769 0.4495192307692308 0.026442307692307692 0.057692307692307696
24 0.5853365384615384 0.6887019230769231 0.01201923076923077 0.016826923076923076
7 0.5264423076923077 0.3161057692307692 0.03365384615384615 0.05048076923076923
24 0.5480769230769231 0.47836538461538464 0.014423076923076924 0.019230769230769232
24 0.5528846153846154 0.5264423076923077 0.014423076923076924 0.019230769230769232
17 0.5420673076923077 0.46033653846153844 0.016826923076923076 0.021634615384615384
24 0.5733173076923077 0.6911057692307693 0.01201923076923077 0.016826923076923076
24 0.5432692307692307 0.47836538461538464 0.014423076923076924 0.019230769230769232
4 0.5564903846153846 0.5721153846153846 0.026442307692307692 0.019230769230769232
4 0.5216346153846154 0.3557692307692308 0.02403846153846154 0.009615384615384616
4 0.5817307692307693 0.7920673076923077 0.02403846153846154 0.01201923076923077
4 0.5600961538461539 0.6370192307692307 0.02403846153846154 0.019230769230769232
4 0.5769230769230769 0.7620192307692307 0.02403846153846154 0.009615384615384616
11 0.5757211538461539 0.7728365384615384 0.026442307692307692 0.01201923076923077
6 0.5865384615384616 0.8533653846153846 0.1346153846153846 0.11057692307692307
24 0.5625 0.6923076923076923 0.014423076923076924 0.019230769230769232
6 0.5012019230769231 0.27163461538461536 0.18028846153846154 0.07692307692307693
17 0.5252403846153846 0.46274038461538464 0.016826923076923076 0.021634615384615384
24 0.5264423076923077 0.4807692307692308 0.014423076923076924 0.019230769230769232
14 0.5564903846153846 0.7307692307692307 0.04567307692307692 0.03365384615384615
4 0.5504807692307693 0.6947115384615384 0.014423076923076924 0.019230769230769232
6 0.5084134615384616 0.4230769230769231 0.08413461538461539 0.028846153846153848
17 0.5108173076923077 0.4651442307692308 0.016826923076923076 0.021634615384615384
24 0.5132211538461539 0.4807692307692308 0.016826923076923076 0.019230769230769232
7 0.49038461538461536 0.3245192307692308 0.03365384615384615 0.052884615384615384
4 0.5528846153846154 0.7836538461538461 0.02403846153846154 0.009615384615384616
24 0.5528846153846154 0.8028846153846154 0.02403846153846154 0.009615384615384616
24 0.5480769230769231 0.7788461538461539 0.02403846153846154 0.009615384615384616
6 0.5180288461538461 0.5564903846153846 0.06971153846153846 0.055288461538461536
4 0.5324519230769231 0.6911057692307693 0.026442307692307692 0.03125
17 0.4951923076923077 0.4651442307692308 0.014423076923076924 0.021634615384615384
24 0.49759615384615385 0.4831730769230769 0.014423076923076924 0.019230769230769232
6 0.4951923076923077 0.4987980769230769 0.07692307692307693 0.021634615384615384
24 0.5180288461538461 0.6983173076923077 0.01201923076923077 0.016826923076923076
4 0.5132211538461539 0.6730769230769231 0.026442307692307692 0.019230769230769232
18 0.44711538461538464 0.21995192307692307 0.1201923076923077 0.06971153846153846
17 0.4807692307692308 0.4675480769230769 0.014423076923076924 0.021634615384615384
24 0.4831730769230769 0.4855769230769231 0.014423076923076924 0.019230769230769232
6 0.44711538461538464 0.23798076923076922 0.07211538461538461 0.04326923076923077
4 0.4891826923076923 0.5360576923076923 0.026442307692307692 0.019230769230769232
24 0.5072115384615384 0.7007211538461539 0.009615384615384616 0.016826923076923076
4 0.5120192307692307 0.7548076923076923 0.02403846153846154 0.009615384615384616
24 0.5192307692307693 0.8076923076923077 0.014423076923076924 0.019230769230769232
6 0.45913461538461536 0.3954326923076923 0.0625 0.026442307692307692
24 0.5120192307692307 0.7620192307692307 0.019230769230769232 0.009615384615384616
24 0.5096153846153846 0.7439903846153846 0.02403846153846154 0.01201923076923077
24 0.5072115384615384 0.7403846153846154 0.02403846153846154 0.009615384615384616
17 0.46634615384615385 0.4699519230769231 0.014423076923076924 0.021634615384615384
24 0.5024038461538461 0.7259615384615384 0.014423076923076924 0.019230769230769232
24 0.5096153846153846 0.7788461538461539 0.014423076923076924 0.019230769230769232
4 0.46153846153846156 0.4495192307692308 0.014423076923076924 0.019230769230769232
4 0.4963942307692308 0.7824519230769231 0.01201923076923077 0.016826923076923076
14 0.4723557692307692 0.6141826923076923 0.18028846153846154 0.14182692307692307
18 0.47596153846153844 0.6790865384615384 0.014423076923076924 0.01201923076923077
4 0.4831730769230769 0.7391826923076923 0.02403846153846154 0.007211538461538462
5 0.4795673076923077 0.7259615384615384 0.036057692307692304 0.02403846153846154
4 0.46875 0.6923076923076923 0.02403846153846154 0.009615384615384616
18 0.46634615384615385 0.6790865384615384 0.014423076923076924 0.01201923076923077
4 0.47475961538461536 0.7536057692307693 0.04567307692307692 0.021634615384615384
4 0.47596153846153844 0.7824519230769231 0.009615384615384616 0.016826923076923076
29 0.43149038461538464 0.45913461538461536 0.0985576923076923 0.0625
4 0.4651442307692308 0.7055288461538461 0.04567307692307692 0.021634615384615384
4 0.4639423076923077 0.7163461538461539 0.02403846153846154 0.009615384615384616
4 0.46875 0.7668269230769231 0.02403846153846154 0.009615384615384616
14 0.4254807692307692 0.45913461538461536 0.0625 0.057692307692307696
18 0.4567307692307692 0.6814903846153846 0.014423076923076924 0.01201923076923077
4 0.42788461538461536 0.49158653846153844 0.04326923076923077 0.021634615384615384
4 0.42908653846153844 0.5084134615384616 0.04567307692307692 0.021634615384615384
18 0.4495192307692308 0.6790865384615384 0.014423076923076924 0.01201923076923077
24 0.4639423076923077 0.7836538461538461 0.014423076923076924 0.019230769230769232
18 0.44471153846153844 0.6766826923076923 0.014423076923076924 0.01201923076923077
24 0.3918269230769231 0.30288461538461536 0.014423076923076924 0.019230769230769232
18 0.43990384615384615 0.671875 0.014423076923076924 0.01201923076923077
4 0.3918269230769231 0.3798076923076923 0.02403846153846154 0.009615384615384616
4 0.41346153846153844 0.5625 0.02403846153846154 0.019230769230769232
7 0.38221153846153844 0.3629807692307692 0.04807692307692308 0.028846153846153848
6 0.4519230769230769 0.8641826923076923 0.16346153846153846 0.15144230769230768
4 0.3701923076923077 0.28725961538461536 0.009615384615384616 0.016826923076923076
9 0.38822115384615385 0.42908653846153844 0.06009615384615385 0.05048076923076923
15 0.4230769230769231 0.6802884615384616 0.02403846153846154 0.019230769230769232
24 0.43990384615384615 0.7860576923076923 0.014423076923076924 0.019230769230769232
6 0.43028846153846156 0.7307692307692307 0.03365384615384615 0.07692307692307693
24 0.40024038461538464 0.5336538461538461 0.026442307692307692 0.019230769230769232
24 0.39663461538461536 0.5192307692307693 0.02403846153846154 0.009615384615384616
4 0.4254807692307692 0.7884615384615384 0.014423076923076924 0.019230769230769232
24 0.34615384615384615 0.2620192307692308 0.02403846153846154 0.009615384615384616
14 0.34615384615384615 0.29086538461538464 0.04326923076923077 0.04807692307692308
6 0.37740384615384615 0.5240384615384616 0.028846153846153848 0.0625
18 0.3449519230769231 0.3473557692307692 0.07932692307692307 0.07451923076923077
24 0.39663461538461536 0.7115384615384616 0.02403846153846154 0.009615384615384616
4 0.3918269230769231 0.6923076923076923 0.02403846153846154 0.009615384615384616
4 0.4014423076923077 0.75 0.02403846153846154 0.009615384615384616
24 0.39302884615384615 0.7019230769230769 0.021634615384615384 0.009615384615384616
24 0.39903846153846156 0.7307692307692307 0.02403846153846154 0.009615384615384616
4 0.39783653846153844 0.7211538461538461 0.021634615384615384 0.009615384615384616
7 0.3629807692307692 0.484375 0.0625 0.026442307692307692
24 0.40384615384615385 0.7668269230769231 0.02403846153846154 0.009615384615384616
24 0.39903846153846156 0.7379807692307693 0.02403846153846154 0.009615384615384616
24 0.4014423076923077 0.7596153846153846 0.02403846153846154 0.009615384615384616
24 0.40384615384615385 0.7908653846153846 0.014423076923076924 0.019230769230769232
4 0.375 0.5985576923076923 0.02403846153846154 0.019230769230769232
5 0.38341346153846156 0.65625 0.036057692307692304 0.02403846153846154
4 0.38461538461538464 0.6778846153846154 0.02403846153846154 0.009615384615384616
4 0.38461538461538464 0.6682692307692307 0.02403846153846154 0.009615384615384616
4 0.39663461538461536 0.7776442307692307 0.02403846153846154 0.007211538461538462
6 0.3557692307692308 0.5264423076923077 0.028846153846153848 0.0625
4 0.3918269230769231 0.7932692307692307 0.014423076923076924 0.019230769230769232
24 0.3269230769230769 0.3918269230769231 0.02403846153846154 0.009615384615384616
24 0.3293269230769231 0.4182692307692308 0.02403846153846154 0.009615384615384616
4 0.359375 0.6598557692307693 0.01201923076923077 0.016826923076923076
24 0.33413461538461536 0.49038461538461536 0.014423076923076924 0.019230769230769232
24 0.3293269230769231 0.4519230769230769 0.014423076923076924 0.019230769230769232
6 0.33774038461538464 0.5348557692307693 0.03125 0.07932692307692307
24 0.36538461538461536 0.7355769230769231 0.02403846153846154 0.009615384615384616
4 0.36538461538461536 0.7427884615384616 0.02403846153846154 0.009615384615384616
24 0.3581730769230769 0.6971153846153846 0.02403846153846154 0.009615384615384616
24 0.3605769230769231 0.7067307692307693 0.02403846153846154 0.009615384615384616
4 0.3605769230769231 0.7139423076923077 0.02403846153846154 0.009615384615384616
24 0.3713942307692308 0.796875 0.01201923076923077 0.016826923076923076
4 0.36778846153846156 0.7716346153846154 0.02403846153846154 0.009615384615384616
24 0.3629807692307692 0.7259615384615384 0.02403846153846154 0.009615384615384616
24 0.36538461538461536 0.7548076923076923 0.02403846153846154 0.009615384615384616
24 0.36538461538461536 0.7644230769230769 0.02403846153846154 0.009615384615384616
24 0.34134615384615385 0.5865384615384616 0.014423076923076924 0.019230769230769232
24 0.2980769230769231 0.2848557692307692 0.009615384615384616 0.016826923076923076
24 0.29927884615384615 0.3016826923076923 0.01201923076923077 0.016826923076923076
24 0.29086538461538464 0.25961538461538464 0.02403846153846154 0.009615384615384616
6 0.2692307692307692 0.24759615384615385 0.038461538461538464 0.02403846153846154
6 0.2620192307692308 0.20552884615384615 0.07692307692307693 0.07451923076923077
4 0.34615384615384615 0.8245192307692307 0.014423076923076924 0.019230769230769232
29 0.2860576923076923 0.4098557692307692 0.0673076923076923 0.04567307692307692
17 0.2644230769230769 0.2644230769230769 0.028846153846153848 0.014423076923076924
29 0.29086538461538464 0.4639423076923077 0.07211538461538461 0.04807692307692308
29 0.265625 0.2920673076923077 0.06009615384615385 0.055288461538461536
6 0.31850961538461536 0.6730769230769231 0.03125 0.04807692307692308
24 0.3269230769230769 0.7572115384615384 0.014423076923076924 0.019230769230769232
24 0.33413461538461536 0.8269230769230769 0.014423076923076924 0.019230769230769232
9 0.30288461538461536 0.609375 0.08653846153846154 0.06009615384615385
24 0.28846153846153844 0.5168269230769231 0.02403846153846154 0.009615384615384616
9 0.25841346153846156 0.3557692307692308 0.07451923076923077 0.0673076923076923
24 0.3125 0.7572115384615384 0.014423076923076924 0.019230769230769232
24 0.32211538461538464 0.8293269230769231 0.014423076923076924 0.019230769230769232
6 0.328125 0.8954326923076923 0.13221153846153846 0.11778846153846154
4 0.27403846153846156 0.5480769230769231 0.014423076923076924 0.019230769230769232
24 0.28725961538461536 0.6454326923076923 0.01201923076923077 0.016826923076923076
4 0.31009615384615385 0.8317307692307693 0.014423076923076924 0.019230769230769232
0 0.29086538461538464 0.7103365384615384 0.057692307692307696 0.036057692307692304
6 0.2932692307692308 0.7560096153846154 0.02403846153846154 0.016826923076923076
6 0.2980769230769231 0.7848557692307693 0.02403846153846154 0.016826923076923076
24 0.21995192307692307 0.24158653846153846 0.01201923076923077 0.016826923076923076
24 0.27403846153846156 0.6466346153846154 0.014423076923076924 0.019230769230769232
24 0.22115384615384615 0.2608173076923077 0.009615384615384616 0.016826923076923076
24 0.2980769230769231 0.8317307692307693 0.014423076923076924 0.019230769230769232
7 0.24158653846153846 0.41947115384615385 0.03125 0.04567307692307692
7 0.24519230769230768 0.47115384615384615 0.03365384615384615 0.04807692307692308
24 0.25240384615384615 0.5336538461538461 0.004807692307692308 0.004807692307692308
24 0.2512019230769231 0.5324519230769231 0.01201923076923077 0.016826923076923076
7 0.21754807692307693 0.31490384615384615 0.036057692307692304 0.04807692307692308
4 0.25240384615384615 0.5600961538461539 0.02403846153846154 0.009615384615384616
14 0.2536057692307692 0.5793269230769231 0.05048076923076923 0.03365384615384615
24 0.2620192307692308 0.6490384615384616 0.014423076923076924 0.019230769230769232
6 0.25 0.6201923076923077 0.028846153846153848 0.03365384615384615
29 0.2776442307692308 0.8257211538461539 0.026442307692307692 0.021634615384615384
6 0.203125 0.3641826923076923 0.04567307692307692 0.021634615384615384
6 0.25841346153846156 0.7740384615384616 0.026442307692307692 0.03365384615384615
29 0.18629807692307693 0.2620192307692308 0.06009615384615385 0.07692307692307693
24 0.25 0.7259615384615384 0.02403846153846154 0.009615384615384616
29 0.21514423076923078 0.5288461538461539 0.06490384615384616 0.07692307692307693
26 0.24278846153846154 0.7391826923076923 0.014423076923076924 0.01201923076923077
6 0.22596153846153846 0.6225961538461539 0.028846153846153848 0.03365384615384615
26 0.2536057692307692 0.8137019230769231 0.016826923076923076 0.01201923076923077
6 0.23557692307692307 0.7175480769230769 0.0673076923076923 0.026442307692307692
29 0.22956730769230768 0.6766826923076923 0.06971153846153846 0.06971153846153846
24 0.22355769230769232 0.6418269230769231 0.02403846153846154 0.009615384615384616
6 0.23918269230769232 0.7764423076923077 0.026442307692307692 0.03365384615384615
6 0.24639423076923078 0.8641826923076923 0.03125 0.0889423076923077
24 0.15865384615384615 0.2608173076923077 0.009615384615384616 0.016826923076923076
17 0.1622596153846154 0.27884615384615385 0.01201923076923077 0.019230769230769232
24 0.19951923076923078 0.5600961538461539 0.014423076923076924 0.014423076923076924
17 0.17668269230769232 0.41586538461538464 0.016826923076923076 0.02403846153846154
17 0.18028846153846154 0.46634615384615385 0.014423076923076924 0.02403846153846154
4 0.15985576923076922 0.33653846153846156 0.026442307692307692 0.03365384615384615
24 0.1658653846153846 0.39903846153846156 0.02403846153846154 0.009615384615384616
24 0.17307692307692307 0.44711538461538464 0.02403846153846154 0.009615384615384616
6 0.23798076923076922 0.9302884615384616 0.0673076923076923 0.04326923076923077
24 0.20432692307692307 0.7283653846153846 0.014423076923076924 0.019230769230769232
6 0.15504807692307693 0.4170673076923077 0.03125 0.03125
6 0.15985576923076922 0.4699519230769231 0.03125 0.03125
6 0.20192307692307693 0.796875 0.02403846153846154 0.021634615384615384
6 0.1971153846153846 0.7692307692307693 0.02403846153846154 0.019230769230769232
0 0.1658653846153846 0.7115384615384616 0.057692307692307696 0.03365384615384615
6 0.0985576923076923 0.27524038461538464 0.12980769230769232 0.0889423076923077
6 0.15865384615384615 0.7524038461538461 0.052884615384615384 0.052884615384615384
6 0.16346153846153846 0.7956730769230769 0.052884615384615384 0.052884615384615384
6 0.17067307692307693 0.8389423076923077 0.052884615384615384 0.052884615384615384
6 0.17548076923076922 0.8846153846153846 0.052884615384615384 0.052884615384615384
6 0.18269230769230768 0.9278846153846154 0.052884615384615384 0.052884615384615384
6 0.11658653846153846 0.53125 0.12740384615384615 0.08653846153846154
6 0.09014423076923077 0.3425480769230769 0.0985576923076923 0.06490384615384616
6 0.12620192307692307 0.5985576923076923 0.12740384615384615 0.08653846153846154
6 0.1346153846153846 0.6670673076923077 0.12980769230769232 0.08413461538461539
6 0.09735576923076923 0.4230769230769231 0.09375 0.0625
6 0.10216346153846154 0.4735576923076923 0.0985576923076923 0.0625
6 0.8557692307692307 0.20552884615384615 0.04807692307692308 0.07932692307692307
6 0.8713942307692307 0.3401442307692308 0.05048076923076923 0.08413461538461539
6 0.8894230769230769 0.48197115384615385 0.04807692307692308 0.08413461538461539
6 0.9074519230769231 0.625 0.05048076923076923 0.08173076923076923
6 0.9254807692307693 0.7692307692307693 0.04807692307692308 0.08173076923076923
9 0.8846153846153846 0.5564903846153846 0.08653846153846154 0.06009615384615385
9 0.8641826923076923 0.41346153846153844 0.08413461538461539 0.0625
9 0.8978365384615384 0.7007211538461539 0.0889423076923077 0.06490384615384616
6 0.8293269230769231 0.2091346153846154 0.052884615384615384 0.0673076923076923
6 0.8461538461538461 0.3425480769230769 0.052884615384615384 0.06490384615384616
6 0.8641826923076923 0.4855769230769231 0.055288461538461536 0.0673076923076923
6 0.8810096153846154 0.6274038461538461 0.055288461538461536 0.0673076923076923
6 0.8978365384615384 0.7740384615384616 0.055288461538461536 0.0673076923076923
24 0.7848557692307693 0.18389423076923078 0.03125 0.04567307692307692
24 0.7932692307692307 0.24639423076923078 0.03365384615384615 0.04567307692307692
24 0.8028846153846154 0.3137019230769231 0.03365384615384615 0.04567307692307692
24 0.8209134615384616 0.45552884615384615 0.03125 0.04567307692307692
24 0.8100961538461539 0.38822115384615385 0.03365384615384615 0.04567307692307692
24 0.8293269230769231 0.5252403846153846 0.03365384615384615 0.04567307692307692
24 0.8389423076923077 0.5973557692307693 0.03365384615384615 0.04567307692307692
24 0.8461538461538461 0.6694711538461539 0.03365384615384615 0.04567307692307692
24 0.8569711538461539 0.7391826923076923 0.03125 0.04567307692307692
4 0.8004807692307693 0.5192307692307693 0.02403846153846154 0.019230769230769232
4 0.7800480769230769 0.37740384615384615 0.026442307692307692 0.019230769230769232
4 0.7596153846153846 0.23798076923076922 0.02403846153846154 0.019230769230769232
4 0.8161057692307693 0.6610576923076923 0.026442307692307692 0.019230769230769232
4 0.8353365384615384 0.8076923076923077 0.026442307692307692 0.019230769230769232
6 0.8245192307692307 0.8389423076923077 0.028846153846153848 0.03365384615384615
9 0.7415865384615384 0.28365384615384615 0.0889423076923077 0.0673076923076923
4 0.7896634615384616 0.8353365384615384 0.04567307692307692 0.021634615384615384
14 0.7211538461538461 0.359375 0.0673076923076923 0.05048076923076923
14 0.703125 0.22596153846153846 0.06971153846153846 0.052884615384615384
14 0.7379807692307693 0.5 0.0673076923076923 0.052884615384615384
14 0.7572115384615384 0.6454326923076923 0.0673076923076923 0.05048076923076923
14 0.7764423076923077 0.7896634615384616 0.07211538461538461 0.055288461538461536
4 0.7463942307692307 0.8401442307692307 0.04567307692307692 0.021634615384615384
4 0.6826923076923077 0.39663461538461536 0.014423076923076924 0.019230769230769232
4 0.6622596153846154 0.25841346153846156 0.01201923076923077 0.016826923076923076
4 0.6730769230769231 0.34615384615384615 0.014423076923076924 0.019230769230769232
4 0.6526442307692307 0.21033653846153846 0.01201923076923077 0.016826923076923076
4 0.7139423076923077 0.6778846153846154 0.014423076923076924 0.019230769230769232
4 0.6826923076923077 0.4891826923076923 0.014423076923076924 0.021634615384615384
4 0.7043269230769231 0.6322115384615384 0.014423076923076924 0.019230769230769232
4 0.6899038461538461 0.5408653846153846 0.014423076923076924 0.019230769230769232
24 0.6622596153846154 0.3473557692307692 0.01201923076923077 0.016826923076923076
4 0.6706730769230769 0.39903846153846156 0.014423076923076924 0.019230769230769232
4 0.7283653846153846 0.8197115384615384 0.014423076923076924 0.019230769230769232
6 0.734375 0.8689903846153846 0.16105769230769232 0.04567307692307692
24 0.640625 0.2127403846153846 0.01201923076923077 0.016826923076923076
4 0.6466346153846154 0.25961538461538464 0.014423076923076924 0.019230769230769232
6 0.6887019230769231 0.5649038461538461 0.06490384615384616 0.028846153846153848
9 0.6514423076923077 0.3125 0.08653846153846154 0.0625
24 0.7163461538461539 0.7764423076923077 0.014423076923076924 0.019230769230769232
4 0.6995192307692307 0.6778846153846154 0.014423076923076924 0.019230769230769232
6 0.6899038461538461 0.6045673076923077 0.08173076923076923 0.026442307692307692
24 0.6899038461538461 0.6346153846153846 0.014423076923076924 0.019230769230769232
24 0.6694711538461539 0.49158653846153844 0.01201923076923077 0.016826923076923076
4 0.6778846153846154 0.5432692307692307 0.014423076923076924 0.019230769230769232
4 0.65625 0.4014423076923077 0.014423076923076924 0.019230769230769232
4 0.7163461538461539 0.8221153846153846 0.014423076923076924 0.019230769230769232
6 0.6646634615384616 0.45913461538461536 0.07932692307692307 0.02403846153846154