4 0.24278846153846154 0.6490384615384616 0.02403846153846154 0.02403846153846154
24 0.21153846153846154 0.14182692307692307 0.02403846153846154 0.02403846153846154
24 0.21394230769230768 0.2091346153846154 0.02403846153846154 0.02403846153846154
4 0.22235576923076922 0.2824519230769231 0.06490384615384616 0.06490384615384616
4 0.22956730769230768 0.38461538461538464 0.06490384615384616 0.0625
6 0.21033653846153846 0.042067307692307696 0.09375 0.036057692307692304
7 0.27524038461538464 0.7524038461538461 0.040865384615384616 0.02403846153846154
4 0.23798076923076922 0.1502403846153846 0.02403846153846154 0.021634615384615384
4 0.27884615384615385 0.7331730769230769 0.04326923076923077 0.019230769230769232
4 0.23798076923076922 0.07211538461538461 0.038461538461538464 0.014423076923076924
4 0.2704326923076923 0.5060096153846154 0.026442307692307692 0.026442307692307692
4 0.27403846153846156 0.3173076923076923 0.028846153846153848 0.02403846153846154
4 0.2776442307692308 0.34375 0.021634615384615384 0.02403846153846154
4 0.26322115384615385 0.1310096153846154 0.036057692307692304 0.016826923076923076
4 0.2668269230769231 0.06009615384615385 0.02403846153846154 0.02403846153846154
4 0.29447115384615385 0.3954326923076923 0.026442307692307692 0.026442307692307692
24 0.29086538461538464 0.055288461538461536 0.02403846153846154 0.02403846153846154
4 0.35096153846153844 0.9074519230769231 0.038461538461538464 0.016826923076923076
4 0.3112980769230769 0.30408653846153844 0.040865384615384616 0.016826923076923076
4 0.30528846153846156 0.21754807692307693 0.02403846153846154 0.021634615384615384
4 0.30528846153846156 0.1935096153846154 0.038461538461538464 0.016826923076923076
4 0.3581730769230769 0.8653846153846154 0.02403846153846154 0.02403846153846154
4 0.3112980769230769 0.1502403846153846 0.040865384615384616 0.016826923076923076
18 0.359375 0.6478365384615384 0.040865384615384616 0.016826923076923076
26 0.36177884615384615 0.6634615384615384 0.040865384615384616 0.014423076923076924
4 0.33413461538461536 0.21153846153846154 0.02403846153846154 0.02403846153846154
4 0.35096153846153844 0.40384615384615385 0.02403846153846154 0.02403846153846154
4 0.3449519230769231 0.32211538461538464 0.036057692307692304 0.014423076923076924
4 0.34375 0.2403846153846154 0.038461538461538464 0.014423076923076924
24 0.33774038461538464 0.052884615384615384 0.021634615384615384 0.02403846153846154
4 0.3557692307692308 0.20673076923076922 0.02403846153846154 0.02403846153846154
19 0.40384615384615385 0.8978365384615384 0.07211538461538461 0.05048076923076923
24 0.3798076923076923 0.3701923076923077 0.038461538461538464 0.014423076923076924
4 0.38221153846153844 0.3870192307692308 0.02403846153846154 0.02403846153846154
4 0.3858173076923077 0.3076923076923077 0.040865384615384616 0.014423076923076924
9 0.3894230769230769 0.3425480769230769 0.038461538461538464 0.016826923076923076
4 0.38822115384615385 0.328125 0.040865384615384616 0.016826923076923076
4 0.39783653846153844 0.4050480769230769 0.040865384615384616 0.016826923076923076
4 0.3894230769230769 0.1971153846153846 0.02403846153846154 0.02403846153846154
24 0.4266826923076923 0.6430288461538461 0.036057692307692304 0.01201923076923077
24 0.4254807692307692 0.6298076923076923 0.038461538461538464 0.014423076923076924
24 0.42908653846153844 0.6526442307692307 0.040865384615384616 0.01201923076923077
24 0.42908653846153844 0.6646634615384616 0.036057692307692304 0.01201923076923077
4 0.4050480769230769 0.29447115384615385 0.036057692307692304 0.016826923076923076
4 0.4182692307692308 0.42427884615384615 0.04326923076923077 0.016826923076923076
4 0.4170673076923077 0.27163461538461536 0.026442307692307692 0.02403846153846154
4 0.41586538461538464 0.24879807692307693 0.02403846153846154 0.021634615384615384
4 0.4206730769230769 0.3112980769230769 0.02403846153846154 0.021634615384615384
23 0.4074519230769231 0.09254807692307693 0.04567307692307692 0.03125
4 0.43149038461538464 0.36177884615384615 0.036057692307692304 0.016826923076923076
4 0.42788461538461536 0.20432692307692307 0.02403846153846154 0.02403846153846154
24 0.46274038461538464 0.6923076923076923 0.040865384615384616 0.014423076923076924
4 0.44591346153846156 0.4026442307692308 0.040865384615384616 0.016826923076923076
4 0.4639423076923077 0.6586538461538461 0.02403846153846154 0.02403846153846154
4 0.44350961538461536 0.29447115384615385 0.040865384615384616 0.016826923076923076
4 0.45913461538461536 0.3641826923076923 0.02403846153846154 0.026442307692307692
4 0.4567307692307692 0.3293269230769231 0.02403846153846154 0.02403846153846154
29 0.48677884615384615 0.7223557692307693 0.05048076923076923 0.026442307692307692
4 0.4807692307692308 0.6274038461538461 0.02403846153846154 0.02403846153846154
4 0.46274038461538464 0.19951923076923078 0.026442307692307692 0.02403846153846154
4 0.46634615384615385 0.24278846153846154 0.02403846153846154 0.02403846153846154
4 0.46875 0.265625 0.02403846153846154 0.026442307692307692
4 0.48197115384615385 0.40384615384615385 0.026442307692307692 0.02403846153846154
24 0.49399038461538464 0.5144230769230769 0.040865384615384616 0.014423076923076924
19 0.5180288461538461 0.8521634615384616 0.10336538461538461 0.055288461538461536
24 0.49759615384615385 0.49278846153846156 0.038461538461538464 0.014423076923076924
6 0.06610576923076923 0.49278846153846156 0.13221153846153846 0.9134615384615384
4 0.484375 0.2920673076923077 0.03125 0.016826923076923076
23 0.515625 0.6911057692307693 0.05048076923076923 0.026442307692307692
23 0.47596153846153844 0.1310096153846154 0.052884615384615384 0.026442307692307692
24 0.5252403846153846 0.7199519230769231 0.021634615384615384 0.021634615384615384
4 0.5048076923076923 0.3088942307692308 0.038461538461538464 0.016826923076923076
24 0.5072115384615384 0.3425480769230769 0.038461538461538464 0.01201923076923077
4 0.5036057692307693 0.25240384615384615 0.026442307692307692 0.02403846153846154
4 0.5132211538461539 0.38822115384615385 0.026442307692307692 0.021634615384615384
4 0.5024038461538461 0.21033653846153846 0.02403846153846154 0.021634615384615384
24 0.5360576923076923 0.6658653846153846 0.04326923076923077 0.014423076923076924
24 0.5360576923076923 0.6514423076923077 0.038461538461538464 0.014423076923076924
4 0.5180288461538461 0.29086538461538464 0.03125 0.014423076923076924
4 0.5528846153846154 0.6322115384615384 0.02403846153846154 0.02403846153846154
24 0.5456730769230769 0.5240384615384616 0.02403846153846154 0.02403846153846154
29 0.5516826923076923 0.5504807692307693 0.04567307692307692 0.028846153846153848
4 0.5336538461538461 0.1971153846153846 0.02403846153846154 0.02403846153846154
4 0.5745192307692307 0.7007211538461539 0.02403846153846154 0.021634615384615384
4 0.5721153846153846 0.6634615384615384 0.02403846153846154 0.02403846153846154
19 0.5324519230769231 0.036057692307692304 0.2620192307692308 0.07211538461538461
4 0.5600961538461539 0.41225961538461536 0.038461538461538464 0.016826923076923076
4 0.5612980769230769 0.27163461538461536 0.026442307692307692 0.02403846153846154
24 0.5865384615384616 0.6370192307692307 0.02403846153846154 0.02403846153846154
23 0.5516826923076923 0.109375 0.04567307692307692 0.03125
24 0.5829326923076923 0.5048076923076923 0.021634615384615384 0.02403846153846154
4 0.5841346153846154 0.453125 0.038461538461538464 0.016826923076923076
4 0.609375 0.7103365384615384 0.040865384615384616 0.016826923076923076
4 0.6045673076923077 0.6165865384615384 0.026442307692307692 0.021634615384615384
26 0.6081730769230769 0.65625 0.02403846153846154 0.02403846153846154
4 0.5745192307692307 0.17668269230769232 0.038461538461538464 0.016826923076923076
19 0.6310096153846154 0.8810096153846154 0.0889423076923077 0.05048076923076923
24 0.6033653846153846 0.36778846153846156 0.038461538461538464 0.014423076923076924
4 0.5997596153846154 0.28966346153846156 0.026442307692307692 0.026442307692307692
4 0.6105769230769231 0.43509615384615385 0.02403846153846154 0.02403846153846154
4 0.6009615384615384 0.24158653846153846 0.038461538461538464 0.016826923076923076
4 0.6322115384615384 0.5985576923076923 0.038461538461538464 0.014423076923076924
24 0.6237980769230769 0.38341346153846156 0.021634615384615384 0.021634615384615384
4 0.6201923076923077 0.27403846153846156 0.02403846153846154 0.02403846153846154
24 0.6514423076923077 0.7103365384615384 0.03365384615384615 0.01201923076923077
7 0.6478365384615384 0.5060096153846154 0.03125 0.021634615384615384
4 0.6466346153846154 0.3425480769230769 0.04326923076923077 0.016826923076923076
14 0.6694711538461539 0.6442307692307693 0.0985576923076923 0.09615384615384616
24 0.6538461538461539 0.3737980769230769 0.038461538461538464 0.01201923076923077
4 0.6754807692307693 0.6923076923076923 0.038461538461538464 0.014423076923076924
4 0.6550480769230769 0.3269230769230769 0.026442307692307692 0.02403846153846154
24 0.65625 0.1201923076923077 0.03365384615384615 0.014423076923076924
23 0.6983173076923077 0.5348557692307693 0.055288461538461536 0.05048076923076923
4 0.7115384615384616 0.5817307692307693 0.038461538461538464 0.014423076923076924
18 0.6959134615384616 0.16947115384615385 0.026442307692307692 0.026442307692307692
24 0.6935096153846154 0.11658653846153846 0.036057692307692304 0.01201923076923077
4 0.7079326923076923 0.21033653846153846 0.040865384615384616 0.016826923076923076
24 0.7271634615384616 0.47836538461538464 0.04567307692307692 0.014423076923076924
24 0.7307692307692307 0.49278846153846156 0.04326923076923077 0.014423076923076924
4 0.71875 0.24759615384615385 0.0673076923076923 0.0625
4 0.7259615384615384 0.34615384615384615 0.07211538461538461 0.0625
4 0.7584134615384616 0.6213942307692307 0.026442307692307692 0.026442307692307692
4 0.7596153846153846 0.6502403846153846 0.02403846153846154 0.021634615384615384
24 0.7223557692307693 0.08173076923076923 0.021634615384615384 0.02403846153846154
6 0.9302884615384616 0.44711538461538464 0.1346153846153846 0.8942307692307693
18 0.20432692307692307 0.7151442307692307 0.038461538461538464 0.040865384615384616