14 0.15625 0.18389423076923078 0.04807692307692308 0.055288461538461536
24 0.4795673076923077 0.2247596153846154 0.026442307692307692 0.021634615384615384
17 0.21995192307692307 0.20192307692307693 0.03125 0.028846153846153848
17 0.08413461538461539 0.18990384615384615 0.02403846153846154 0.02403846153846154
6 0.051682692307692304 0.1935096153846154 0.036057692307692304 0.0985576923076923
24 0.47596153846153844 0.25 0.02403846153846154 0.02403846153846154
24 0.08533653846153846 0.21153846153846154 0.021634615384615384 0.019230769230769232
14 0.5048076923076923 0.2548076923076923 0.03365384615384615 0.057692307692307696
16 0.8581730769230769 0.29927884615384615 0.052884615384615384 0.08413461538461539
4 0.5612980769230769 0.26802884615384615 0.04567307692307692 0.10336538461538461
16 0.8966346153846154 0.30649038461538464 0.04326923076923077 0.08413461538461539
4 0.7271634615384616 0.28966346153846156 0.04567307692307692 0.10336538461538461
24 0.4735576923076923 0.2704326923076923 0.02403846153846154 0.021634615384615384
7 0.7764423076923077 0.3088942307692308 0.0625 0.06971153846153846
14 0.15504807692307693 0.2439903846153846 0.055288461538461536 0.06490384615384616
18 0.08173076923076923 0.23557692307692307 0.02403846153846154 0.02403846153846154
14 0.6442307692307693 0.31009615384615385 0.125 0.15384615384615385
7 0.8209134615384616 0.3557692307692308 0.026442307692307692 0.04326923076923077
8 0.8629807692307693 0.36658653846153844 0.038461538461538464 0.040865384615384616
14 0.15504807692307693 0.29927884615384615 0.026442307692307692 0.04567307692307692
14 0.07211538461538461 0.3076923076923077 0.09615384615384616 0.10576923076923077
18 0.7704326923076923 0.390625 0.06971153846153846 0.07451923076923077
4 0.5528846153846154 0.3713942307692308 0.04326923076923077 0.10336538461538461
4 0.5024038461538461 0.36658653846153844 0.04326923076923077 0.10336538461538461
4 0.4543269230769231 0.36177884615384615 0.04326923076923077 0.10336538461538461
4 0.71875 0.39903846153846156 0.04326923076923077 0.10576923076923077
4 0.14423076923076922 0.35697115384615385 0.0625 0.06490384615384616
17 0.7836538461538461 0.45072115384615385 0.03365384615384615 0.03125
26 0.6838942307692307 0.46153846153846156 0.016826923076923076 0.04326923076923077
24 0.78125 0.47596153846153844 0.02403846153846154 0.02403846153846154
4 0.5877403846153846 0.46033653846153844 0.04567307692307692 0.10336538461538461
8 0.14543269230769232 0.41346153846153844 0.040865384615384616 0.04326923076923077
14 0.6358173076923077 0.4723557692307692 0.06009615384615385 0.12259615384615384
8 0.5432692307692307 0.46875 0.038461538461538464 0.038461538461538464
14 0.7127403846153846 0.4951923076923077 0.055288461538461536 0.07211538461538461
24 0.09495192307692307 0.43149038461538464 0.026442307692307692 0.021634615384615384
14 0.29086538461538464 0.4639423076923077 0.28846153846153844 0.4567307692307692
17 0.4879807692307692 0.49278846153846156 0.019230769230769232 0.057692307692307696
17 0.5084134615384616 0.4963942307692308 0.021634615384615384 0.06009615384615385
6 0.9026442307692307 0.5396634615384616 0.18990384615384615 0.25240384615384615
14 0.1346153846153846 0.45913461538461536 0.04807692307692308 0.057692307692307696
14 0.7680288461538461 0.5372596153846154 0.021634615384615384 0.036057692307692304
24 0.09134615384615384 0.47716346153846156 0.02403846153846154 0.021634615384615384
16 0.5564903846153846 0.5276442307692307 0.08413461538461539 0.04567307692307692
4 0.7163461538461539 0.5456730769230769 0.02403846153846154 0.02403846153846154
4 0.6899038461538461 0.5432692307692307 0.02403846153846154 0.028846153846153848
6 0.5036057692307693 0.07211538461538461 0.8966346153846154 0.14423076923076922
8 0.43028846153846156 0.5336538461538461 0.04326923076923077 0.04326923076923077
14 0.12740384615384615 0.5108173076923077 0.04807692307692308 0.055288461538461536
6 0.040865384615384616 0.5096153846153846 0.08173076923076923 0.2548076923076923
6 0.5540865384615384 0.5673076923076923 0.0889423076923077 0.04807692307692308
24 0.08653846153846154 0.5180288461538461 0.02403846153846154 0.021634615384615384
8 0.7235576923076923 0.5913461538461539 0.028846153846153848 0.0673076923076923
14 0.7608173076923077 0.6045673076923077 0.055288461538461536 0.06490384615384616
14 0.43028846153846156 0.5889423076923077 0.052884615384615384 0.0625
24 0.08173076923076923 0.5625 0.02403846153846154 0.02403846153846154
0 0.4879807692307692 0.6177884615384616 0.057692307692307696 0.16346153846153846
23 0.5504807692307693 0.6310096153846154 0.028846153846153848 0.05048076923076923
9 0.6322115384615384 0.6766826923076923 0.16346153846153846 0.25240384615384615
4 0.43028846153846156 0.6586538461538461 0.0625 0.0673076923076923
8 0.7307692307692307 0.6923076923076923 0.04326923076923077 0.04326923076923077
14 0.09615384615384616 0.6526442307692307 0.10096153846153846 0.15625
23 0.5216346153846154 0.6983173076923077 0.052884615384615384 0.06009615384615385
4 0.71875 0.7283653846153846 0.02403846153846154 0.02403846153846154
24 0.34134615384615385 0.6947115384615384 0.02403846153846154 0.02403846153846154
24 0.3641826923076923 0.6983173076923077 0.026442307692307692 0.021634615384615384
24 0.7163461538461539 0.7512019230769231 0.02403846153846154 0.026442307692307692
14 0.8305288461538461 0.7680288461538461 0.055288461538461536 0.0985576923076923
14 0.17307692307692307 0.7019230769230769 0.04807692307692308 0.0673076923076923
24 0.2091346153846154 0.7223557692307693 0.02403846153846154 0.021634615384615384
26 0.5540865384615384 0.7836538461538461 0.016826923076923076 0.038461538461538464
26 0.7283653846153846 0.8040865384615384 0.04807692307692308 0.05048076923076923
25 0.4651442307692308 0.7848557692307693 0.06490384615384616 0.14182692307692307
14 0.2800480769230769 0.7788461538461539 0.03125 0.057692307692307696
14 0.359375 0.7884615384615384 0.03125 0.057692307692307696
14 0.32091346153846156 0.7848557692307693 0.03125 0.06009615384615385
14 0.23918269230769232 0.7740384615384616 0.03125 0.057692307692307696
14 0.39903846153846156 0.7932692307692307 0.028846153846153848 0.057692307692307696
14 0.15745192307692307 0.7680288461538461 0.03125 0.055288461538461536
14 0.11658653846153846 0.7632211538461539 0.03125 0.055288461538461536
14 0.078125 0.7596153846153846 0.03125 0.057692307692307696
23 0.5096153846153846 0.8040865384615384 0.052884615384615384 0.06009615384615385
14 0.19831730769230768 0.7716346153846154 0.03125 0.057692307692307696
18 0.796875 0.8858173076923077 0.04567307692307692 0.040865384615384616
6 0.42908653846153844 0.9182692307692307 0.8581730769230769 0.15865384615384615
22 0.859375 0.16346153846153846 0.06971153846153846 0.04807692307692308
24 0.5408653846153846 0.1658653846153846 0.02403846153846154 0.02403846153846154
14 0.265625 0.13942307692307693 0.03125 0.057692307692307696
14 0.18870192307692307 0.12980769230769232 0.03125 0.057692307692307696
14 0.1466346153846154 0.12740384615384615 0.03365384615384615 0.057692307692307696
14 0.4651442307692308 0.16105769230769232 0.03125 0.057692307692307696
14 0.4266826923076923 0.15625 0.03125 0.057692307692307696
14 0.3858173076923077 0.15144230769230768 0.03125 0.057692307692307696
14 0.3473557692307692 0.14903846153846154 0.03125 0.057692307692307696
14 0.30649038461538464 0.14423076923076922 0.03125 0.057692307692307696
14 0.22596153846153846 0.1346153846153846 0.03365384615384615 0.057692307692307696
4 0.6598557692307693 0.19230769230769232 0.06490384615384616 0.0673076923076923
4 0.8533653846153846 0.22355769230769232 0.0673076923076923 0.07211538461538461
8 0.5985576923076923 0.1971153846153846 0.038461538461538464 0.038461538461538464
17 0.5372596153846154 0.1935096153846154 0.03125 0.026442307692307692
7 0.7860576923076923 0.22716346153846154 0.057692307692307696 0.06971153846153846