3 0.6310096153846154 0.23197115384615385 0.021634615384615384 0.021634615384615384
23 0.12379807692307693 0.23677884615384615 0.021634615384615384 0.021634615384615384
23 0.18870192307692307 0.23677884615384615 0.021634615384615384 0.021634615384615384
3 0.26322115384615385 0.23677884615384615 0.06009615384615385 0.06009615384615385
3 0.36538461538461536 0.23677884615384615 0.057692307692307696 0.06009615384615385
6 0.021634615384615384 0.24278846153846154 0.028846153846153848 0.09134615384615384
7 0.734375 0.25721153846153844 0.021634615384615384 0.038461538461538464
3 0.13221153846153846 0.26322115384615385 0.019230769230769232 0.021634615384615384
3 0.7175480769230769 0.2620192307692308 0.016826923076923076 0.04326923076923077
3 0.056490384615384616 0.2668269230769231 0.01201923076923077 0.038461538461538464
3 0.49038461538461536 0.27163461538461536 0.02403846153846154 0.02403846153846154
3 0.3016826923076923 0.28725961538461536 0.021634615384615384 0.026442307692307692
3 0.328125 0.28846153846153844 0.021634615384615384 0.019230769230769232
3 0.11538461538461539 0.28966346153846156 0.014423076923076924 0.036057692307692304
3 0.04447115384615385 0.29927884615384615 0.021634615384615384 0.021634615384615384
3 0.3798076923076923 0.30288461538461536 0.02403846153846154 0.02403846153846154
23 0.042067307692307696 0.3233173076923077 0.021634615384615384 0.021634615384615384
3 0.8966346153846154 0.3245192307692308 0.014423076923076924 0.038461538461538464
3 0.29086538461538464 0.32572115384615385 0.014423076923076924 0.040865384615384616
3 0.20432692307692307 0.32572115384615385 0.019230769230769232 0.021634615384615384
3 0.18028846153846154 0.3269230769230769 0.014423076923076924 0.038461538461538464
3 0.8545673076923077 0.3329326923076923 0.021634615384615384 0.021634615384615384
3 0.13942307692307693 0.33774038461538464 0.014423076923076924 0.040865384615384616
18 0.6394230769230769 0.34975961538461536 0.014423076923076924 0.040865384615384616
26 0.6526442307692307 0.34975961538461536 0.01201923076923077 0.040865384615384616
3 0.20072115384615385 0.3545673076923077 0.021634615384615384 0.021634615384615384
3 0.39302884615384615 0.35697115384615385 0.021634615384615384 0.021634615384615384
3 0.3112980769230769 0.359375 0.01201923076923077 0.036057692307692304
3 0.22956730769230768 0.3605769230769231 0.01201923076923077 0.038461538461538464
23 0.042067307692307696 0.3701923076923077 0.021634615384615384 0.019230769230769232
3 0.19831730769230768 0.3762019230769231 0.021634615384615384 0.021634615384615384
19 0.890625 0.3762019230769231 0.04567307692307692 0.06971153846153846
23 0.36177884615384615 0.3894230769230769 0.01201923076923077 0.038461538461538464
3 0.3786057692307692 0.390625 0.021634615384615384 0.021634615384615384
3 0.3016826923076923 0.39783653846153844 0.01201923076923077 0.040865384615384616
9 0.33413461538461536 0.39903846153846156 0.014423076923076924 0.038461538461538464
3 0.32211538461538464 0.40024038461538464 0.014423076923076924 0.040865384615384616
3 0.39663461538461536 0.4050480769230769 0.014423076923076924 0.040865384615384616
3 0.19110576923076922 0.41225961538461536 0.021634615384615384 0.021634615384615384
23 0.6370192307692307 0.4170673076923077 0.009615384615384616 0.036057692307692304
23 0.6237980769230769 0.4182692307692308 0.01201923076923077 0.038461538461538464
23 0.6466346153846154 0.4170673076923077 0.009615384615384616 0.040865384615384616
23 0.6586538461538461 0.4170673076923077 0.009615384615384616 0.036057692307692304
3 0.28846153846153844 0.41947115384615385 0.014423076923076924 0.036057692307692304
3 0.4182692307692308 0.4254807692307692 0.014423076923076924 0.04326923076923077
3 0.265625 0.4326923076923077 0.021634615384615384 0.02403846153846154
3 0.24519230769230768 0.4338942307692308 0.019230769230769232 0.021634615384615384
3 0.3076923076923077 0.4338942307692308 0.019230769230769232 0.021634615384615384
22 0.08653846153846154 0.4375 0.028846153846153848 0.04326923076923077
3 0.3581730769230769 0.4411057692307692 0.014423076923076924 0.036057692307692304
3 0.19831730769230768 0.4483173076923077 0.021634615384615384 0.021634615384615384
23 0.6887019230769231 0.45072115384615385 0.01201923076923077 0.040865384615384616
3 0.39903846153846156 0.453125 0.014423076923076924 0.040865384615384616
3 0.6574519230769231 0.453125 0.021634615384615384 0.021634615384615384
3 0.29086538461538464 0.4579326923076923 0.014423076923076924 0.040865384615384616
3 0.3629807692307692 0.4675480769230769 0.02403846153846154 0.021634615384615384
3 0.32572115384615385 0.4699519230769231 0.021634615384615384 0.021634615384615384
29 0.7211538461538461 0.47115384615384615 0.02403846153846154 0.04807692307692308
3 0.6262019230769231 0.4723557692307692 0.021634615384615384 0.021634615384615384
3 0.19831730769230768 0.4831730769230769 0.021634615384615384 0.02403846153846154
3 0.24158653846153846 0.484375 0.021634615384615384 0.021634615384615384
3 0.2644230769230769 0.484375 0.02403846153846154 0.021634615384615384
3 0.4026442307692308 0.49038461538461536 0.021634615384615384 0.02403846153846154
23 0.5132211538461539 0.49399038461538464 0.01201923076923077 0.040865384615384616
19 0.8509615384615384 0.49278846153846156 0.04807692307692308 0.10096153846153846
23 0.49158653846153844 0.49759615384615385 0.01201923076923077 0.038461538461538464
6 0.46033653846153844 0.05048076923076923 0.90625 0.10096153846153846
3 0.29086538461538464 0.4987980769230769 0.014423076923076924 0.03125
22 0.6899038461538461 0.5024038461538461 0.02403846153846154 0.04807692307692308
22 0.12980769230769232 0.5036057692307693 0.02403846153846154 0.05048076923076923
23 0.7211538461538461 0.5096153846153846 0.019230769230769232 0.019230769230769232
3 0.31009615384615385 0.5192307692307693 0.014423076923076924 0.038461538461538464
23 0.34375 0.5192307692307693 0.009615384615384616 0.038461538461538464
3 0.2536057692307692 0.5216346153846154 0.021634615384615384 0.02403846153846154
3 0.3894230769230769 0.5216346153846154 0.019230769230769232 0.02403846153846154
3 0.21153846153846154 0.5228365384615384 0.019230769230769232 0.021634615384615384
23 0.6670673076923077 0.5240384615384616 0.01201923076923077 0.04326923076923077
23 0.6550480769230769 0.5264423076923077 0.01201923076923077 0.038461538461538464
3 0.2920673076923077 0.5324519230769231 0.01201923076923077 0.03125
3 0.6358173076923077 0.5420673076923077 0.021634615384615384 0.021634615384615384
23 0.5276442307692307 0.5444711538461539 0.021634615384615384 0.021634615384615384
29 0.5540865384615384 0.5480769230769231 0.026442307692307692 0.04326923076923077
3 0.20072115384615385 0.5540865384615384 0.021634615384615384 0.021634615384615384
3 0.7067307692307693 0.5612980769230769 0.019230769230769232 0.021634615384615384
3 0.6670673076923077 0.5612980769230769 0.021634615384615384 0.021634615384615384
19 0.03245192307692308 0.5637019230769231 0.06490384615384616 0.25240384615384615
3 0.4182692307692308 0.5649038461538461 0.014423076923076924 0.038461538461538464
3 0.2776442307692308 0.5769230769230769 0.021634615384615384 0.02403846153846154
23 0.6430288461538461 0.578125 0.021634615384615384 0.021634615384615384
22 0.11298076923076923 0.5793269230769231 0.028846153846153848 0.04326923076923077
23 0.5108173076923077 0.5817307692307693 0.021634615384615384 0.019230769230769232
3 0.45913461538461536 0.5889423076923077 0.014423076923076924 0.038461538461538464
3 0.7163461538461539 0.5949519230769231 0.014423076923076924 0.040865384615384616
3 0.6225961538461539 0.5961538461538461 0.019230769230769232 0.02403846153846154
26 0.6646634615384616 0.5973557692307693 0.021634615384615384 0.021634615384615384
3 0.18269230769230768 0.5985576923076923 0.014423076923076924 0.038461538461538464
19 0.890625 0.6033653846153846 0.04567307692307692 0.08653846153846154
23 0.3737980769230769 0.6129807692307693 0.01201923076923077 0.038461538461538464
3 0.2956730769230769 0.6153846153846154 0.02403846153846154 0.02403846153846154
3 0.44350961538461536 0.6165865384615384 0.021634615384615384 0.021634615384615384
3 0.24759615384615385 0.6201923076923077 0.014423076923076924 0.038461538461538464
3 0.6069711538461539 0.625 0.01201923076923077 0.038461538461538464
23 0.3918269230769231 0.6322115384615384 0.019230769230769232 0.019230769230769232
3 0.2824519230769231 0.6358173076923077 0.021634615384615384 0.021634615384615384
23 0.71875 0.6370192307692307 0.009615384615384616 0.03365384615384615
7 0.5168269230769231 0.6466346153846154 0.019230769230769232 0.028846153846153848
3 0.35336538461538464 0.6586538461538461 0.014423076923076924 0.04326923076923077
14 0.6550480769230769 0.6598557692307693 0.0889423076923077 0.09375
23 0.38461538461538464 0.6610576923076923 0.009615384615384616 0.038461538461538464
3 0.703125 0.6610576923076923 0.01201923076923077 0.038461538461538464
3 0.33774038461538464 0.6658653846153846 0.021634615384615384 0.02403846153846154
23 0.1310096153846154 0.6826923076923077 0.01201923076923077 0.03365384615384615
22 0.5480769230769231 0.6971153846153846 0.04807692307692308 0.052884615384615384
3 0.5949519230769231 0.7043269230769231 0.01201923076923077 0.038461538461538464
18 0.18269230769230768 0.71875 0.02403846153846154 0.02403846153846154
23 0.13221153846153846 0.7199519230769231 0.009615384615384616 0.036057692307692304
3 0.22596153846153846 0.7271634615384616 0.014423076923076924 0.040865384615384616
23 0.49399038461538464 0.7271634615384616 0.01201923076923077 0.04567307692307692
23 0.5084134615384616 0.7307692307692307 0.01201923076923077 0.04326923076923077
3 0.2620192307692308 0.7355769230769231 0.057692307692307696 0.0625
3 0.3629807692307692 0.7355769230769231 0.057692307692307696 0.0673076923076923
3 0.6394230769230769 0.7475961538461539 0.02403846153846154 0.02403846153846154
3 0.6682692307692307 0.7487980769230769 0.019230769230769232 0.021634615384615384
23 0.09735576923076923 0.75 0.021634615384615384 0.019230769230769232
6 0.4639423076923077 0.9483173076923077 0.9134615384615384 0.0985576923076923
18 0.6947115384615384 0.19110576923076922 0.038461538461538464 0.036057692307692304