14 0.8774038461538461 0.22235576923076922 0.04326923076923077 0.05048076923076923
23 0.5504807692307693 0.2283653846153846 0.02403846153846154 0.019230769230769232
17 0.8100961538461539 0.234375 0.028846153846153848 0.026442307692307692
17 0.9459134615384616 0.234375 0.021634615384615384 0.021634615384615384
6 0.9795673076923077 0.2403846153846154 0.026442307692307692 0.09615384615384616
23 0.5516826923076923 0.2536057692307692 0.021634615384615384 0.021634615384615384
23 0.9447115384615384 0.25600961538461536 0.019230769230769232 0.016826923076923076
14 0.5216346153846154 0.25600961538461536 0.028846153846153848 0.055288461538461536
16 0.16706730769230768 0.26322115384615385 0.04567307692307692 0.07932692307692307
3 0.46274038461538464 0.2644230769230769 0.036057692307692304 0.10096153846153846
16 0.12620192307692307 0.2668269230769231 0.036057692307692304 0.08173076923076923
3 0.296875 0.2668269230769231 0.036057692307692304 0.10096153846153846
23 0.5516826923076923 0.27403846153846156 0.021634615384615384 0.019230769230769232
7 0.24639423076923078 0.2800480769230769 0.055288461538461536 0.06490384615384616
14 0.8713942307692307 0.2800480769230769 0.05048076923076923 0.06009615384615385
18 0.9459134615384616 0.2800480769230769 0.021634615384615384 0.021634615384615384
14 0.37740384615384615 0.2956730769230769 0.11057692307692307 0.14423076923076922
7 0.19831730769230768 0.3233173076923077 0.021634615384615384 0.040865384615384616
8 0.15384615384615385 0.3293269230769231 0.03365384615384615 0.038461538461538464
14 0.8665865384615384 0.33653846153846156 0.021634615384615384 0.04326923076923077
14 0.9471153846153846 0.35336538461538464 0.08653846153846154 0.09615384615384616
18 0.24278846153846154 0.3629807692307692 0.0625 0.0673076923076923
3 0.4639423076923077 0.36538461538461536 0.03365384615384615 0.10096153846153846
3 0.5120192307692307 0.36538461538461536 0.03365384615384615 0.10096153846153846
3 0.5625 0.36778846153846156 0.03365384615384615 0.10096153846153846
3 0.2956730769230769 0.3786057692307692 0.03365384615384615 0.10336538461538461
3 0.8701923076923077 0.3954326923076923 0.057692307692307696 0.06009615384615385
17 0.2247596153846154 0.4230769230769231 0.03125 0.028846153846153848
26 0.32091346153846156 0.4423076923076923 0.01201923076923077 0.04326923076923077
23 0.2247596153846154 0.44591346153846156 0.021634615384615384 0.021634615384615384
3 0.4170673076923077 0.4519230769230769 0.036057692307692304 0.10096153846153846
8 0.8617788461538461 0.45072115384615385 0.036057692307692304 0.040865384615384616
14 0.3701923076923077 0.4579326923076923 0.04807692307692308 0.11778846153846154
8 0.46274038461538464 0.46274038461538464 0.036057692307692304 0.036057692307692304
14 0.28846153846153844 0.4735576923076923 0.04807692307692308 0.0673076923076923
23 0.9110576923076923 0.4735576923076923 0.02403846153846154 0.019230769230769232
14 0.7115384615384616 0.4855769230769231 0.24519230769230768 0.4326923076923077
17 0.5144230769230769 0.49399038461538464 0.014423076923076924 0.055288461538461536
17 0.49278846153846156 0.4963942307692308 0.014423076923076924 0.06009615384615385
6 0.0889423076923077 0.4951923076923077 0.1778846153846154 0.23076923076923078
14 0.8701923076923077 0.49759615384615385 0.04326923076923077 0.052884615384615384
14 0.23076923076923078 0.5096153846153846 0.019230769230769232 0.03365384615384615
23 0.9098557692307693 0.5192307692307693 0.021634615384615384 0.019230769230769232
16 0.4423076923076923 0.5216346153846154 0.08173076923076923 0.038461538461538464
3 0.2824519230769231 0.5228365384615384 0.021634615384615384 0.021634615384615384
3 0.3088942307692308 0.5228365384615384 0.021634615384615384 0.026442307692307692
6 0.5432692307692307 0.054086538461538464 0.8894230769230769 0.0889423076923077
8 0.5673076923076923 0.5408653846153846 0.038461538461538464 0.038461538461538464
14 0.8701923076923077 0.5492788461538461 0.04326923076923077 0.05048076923076923
6 0.9591346153846154 0.5588942307692307 0.057692307692307696 0.24759615384615385
6 0.4423076923076923 0.5600961538461539 0.08653846153846154 0.038461538461538464
23 0.9098557692307693 0.5625 0.021634615384615384 0.019230769230769232
8 0.26802884615384615 0.5661057692307693 0.021634615384615384 0.06490384615384616
14 0.22956730769230768 0.578125 0.05048076923076923 0.06009615384615385
14 0.5625 0.5961538461538461 0.04807692307692308 0.057692307692307696
23 0.9098557692307693 0.6045673076923077 0.021634615384615384 0.021634615384615384
0 0.5012019230769231 0.6189903846153846 0.040865384615384616 0.16105769230769232
22 0.4375 0.625 0.02403846153846154 0.04807692307692308
9 0.35096153846153844 0.6622596153846154 0.13942307692307693 0.23798076923076922
3 0.5540865384615384 0.6658653846153846 0.055288461538461536 0.0625
8 0.25 0.6682692307692307 0.038461538461538464 0.038461538461538464
14 0.8870192307692307 0.6923076923076923 0.08653846153846154 0.14903846153846154
22 0.45913461538461536 0.6935096153846154 0.04807692307692308 0.055288461538461536
3 0.25841346153846156 0.703125 0.021634615384615384 0.021634615384615384
23 0.6382211538461539 0.7103365384615384 0.021634615384615384 0.021634615384615384
23 0.6153846153846154 0.7115384615384616 0.02403846153846154 0.019230769230769232
23 0.25841346153846156 0.7259615384615384 0.021634615384615384 0.02403846153846154
14 0.14543269230769232 0.7319711538461539 0.04567307692307692 0.09375
14 0.8064903846153846 0.7355769230769231 0.040865384615384616 0.0625
23 0.765625 0.75 0.021634615384615384 0.019230769230769232
26 0.4170673076923077 0.7764423076923077 0.01201923076923077 0.038461538461538464
26 0.24278846153846154 0.7800480769230769 0.04326923076923077 0.04567307692307692
25 0.5060096153846154 0.7872596153846154 0.05048076923076923 0.13701923076923078
14 0.6911057692307693 0.7992788461538461 0.026442307692307692 0.055288461538461536
14 0.6117788461538461 0.8016826923076923 0.026442307692307692 0.055288461538461536
14 0.6502403846153846 0.8004807692307693 0.026442307692307692 0.057692307692307696
14 0.7319711538461539 0.8016826923076923 0.026442307692307692 0.055288461538461536
14 0.5697115384615384 0.8016826923076923 0.02403846153846154 0.055288461538461536
14 0.8137019230769231 0.8028846153846154 0.026442307692307692 0.052884615384615384
14 0.8545673076923077 0.8028846153846154 0.026442307692307692 0.052884615384615384
14 0.8930288461538461 0.8016826923076923 0.026442307692307692 0.055288461538461536
22 0.45913461538461536 0.8016826923076923 0.04807692307692308 0.055288461538461536
14 0.7728365384615384 0.8016826923076923 0.026442307692307692 0.055288461538461536
18 0.1658653846153846 0.8521634615384616 0.04326923076923077 0.036057692307692304
6 0.5444711538461539 0.9471153846153846 0.8870192307692307 0.10576923076923077
24 0.17908653846153846 0.12860576923076922 0.06490384615384616 0.040865384615384616
23 0.49399038461538464 0.1622596153846154 0.021634615384615384 0.021634615384615384
14 0.7704326923076923 0.16466346153846154 0.026442307692307692 0.055288461538461536
14 0.8497596153846154 0.16466346153846154 0.026442307692307692 0.055288461538461536
14 0.8918269230769231 0.16466346153846154 0.028846153846153848 0.055288461538461536
14 0.5709134615384616 0.16706730769230768 0.026442307692307692 0.055288461538461536
14 0.6117788461538461 0.16706730769230768 0.026442307692307692 0.055288461538461536
14 0.6502403846153846 0.16706730769230768 0.026442307692307692 0.055288461538461536
14 0.6911057692307693 0.16706730769230768 0.026442307692307692 0.055288461538461536
14 0.7295673076923077 0.16706730769230768 0.026442307692307692 0.055288461538461536
14 0.8125 0.16706730769230768 0.028846153846153848 0.055288461538461536
3 0.375 0.1778846153846154 0.057692307692307696 0.0625
3 0.17908653846153846 0.1875 0.06009615384615385 0.0673076923076923
8 0.4362980769230769 0.18870192307692307 0.036057692307692304 0.036057692307692304
17 0.4951923076923077 0.19230769230769232 0.028846153846153848 0.02403846153846154
7 0.24639423076923078 0.19831730769230768 0.05048076923076923 0.06490384615384616