4 0.7920673076923077 0.5661057692307693 0.026442307692307692 0.026442307692307692
24 0.6742788461538461 0.0733173076923077 0.026442307692307692 0.026442307692307692
24 0.6887019230769231 0.13822115384615385 0.026442307692307692 0.026442307692307692
4 0.7043269230769231 0.2091346153846154 0.07211538461538461 0.07211538461538461
4 0.7259615384615384 0.3088942307692308 0.07211538461538461 0.06971153846153846
7 0.7908653846153846 0.6754807692307693 0.04326923076923077 0.028846153846153848
4 0.6502403846153846 0.08653846153846154 0.026442307692307692 0.02403846153846154
4 0.7824519230769231 0.6598557692307693 0.04567307692307692 0.026442307692307692
4 0.6286057692307693 0.014423076923076924 0.040865384615384616 0.019230769230769232
4 0.7211538461538461 0.43990384615384615 0.028846153846153848 0.028846153846153848
4 0.6622596153846154 0.25841346153846156 0.03125 0.026442307692307692
4 0.6682692307692307 0.2848557692307692 0.02403846153846154 0.026442307692307692
4 0.6177884615384616 0.078125 0.038461538461538464 0.021634615384615384
4 0.59375 0.01201923076923077 0.028846153846153848 0.02403846153846154
4 0.6658653846153846 0.3389423076923077 0.028846153846153848 0.028846153846153848
24 0.5709134615384616 0.013221153846153846 0.026442307692307692 0.026442307692307692
4 0.7608173076923077 0.8449519230769231 0.040865384615384616 0.021634615384615384
4 0.625 0.25721153846153844 0.04326923076923077 0.02403846153846154
4 0.6045673076923077 0.17307692307692307 0.026442307692307692 0.02403846153846154
4 0.5973557692307693 0.14783653846153846 0.040865384615384616 0.021634615384615384
4 0.7439903846153846 0.8088942307692307 0.026442307692307692 0.026442307692307692
4 0.5793269230769231 0.11057692307692307 0.04326923076923077 0.02403846153846154
18 0.6778846153846154 0.6009615384615384 0.04326923076923077 0.02403846153846154
26 0.6802884615384616 0.6165865384615384 0.04326923076923077 0.021634615384615384
4 0.5757211538461539 0.17427884615384615 0.026442307692307692 0.026442307692307692
4 0.6165865384615384 0.3641826923076923 0.026442307692307692 0.026442307692307692
4 0.5961538461538461 0.28365384615384615 0.038461538461538464 0.019230769230769232
4 0.5757211538461539 0.20432692307692307 0.040865384615384616 0.019230769230769232
24 0.5240384615384616 0.025240384615384616 0.02403846153846154 0.026442307692307692
4 0.5540865384615384 0.17668269230769232 0.026442307692307692 0.026442307692307692
19 0.7079326923076923 0.8521634615384616 0.07932692307692307 0.06009615384615385
24 0.578125 0.34134615384615385 0.040865384615384616 0.019230769230769232
4 0.5805288461538461 0.35697115384615385 0.026442307692307692 0.026442307692307692
4 0.5552884615384616 0.2824519230769231 0.04326923076923077 0.021634615384615384
9 0.5612980769230769 0.3161057692307692 0.040865384615384616 0.021634615384615384
4 0.5576923076923077 0.30288461538461536 0.04326923076923077 0.02403846153846154
4 0.5721153846153846 0.37740384615384615 0.04326923076923077 0.02403846153846154
4 0.5180288461538461 0.17908653846153846 0.026442307692307692 0.026442307692307692
24 0.6129807692307693 0.6141826923076923 0.038461538461538464 0.016826923076923076
24 0.609375 0.6033653846153846 0.040865384615384616 0.019230769230769232
24 0.6141826923076923 0.625 0.040865384615384616 0.019230769230769232
24 0.6177884615384616 0.6358173076923077 0.038461538461538464 0.016826923076923076
4 0.53125 0.27524038461538464 0.038461538461538464 0.021634615384615384
4 0.5564903846153846 0.40384615384615385 0.04567307692307692 0.02403846153846154
4 0.5144230769230769 0.25600961538461536 0.028846153846153848 0.026442307692307692
4 0.5084134615384616 0.23557692307692307 0.026442307692307692 0.02403846153846154
4 0.5204326923076923 0.2980769230769231 0.026442307692307692 0.02403846153846154
23 0.46875 0.08173076923076923 0.04807692307692308 0.038461538461538464
4 0.5264423076923077 0.3473557692307692 0.038461538461538464 0.021634615384615384
4 0.48197115384615385 0.19591346153846154 0.026442307692307692 0.026442307692307692
24 0.5913461538461539 0.6742788461538461 0.04326923076923077 0.021634615384615384
4 0.5240384615384616 0.3894230769230769 0.04326923076923077 0.02403846153846154
4 0.5805288461538461 0.6430288461538461 0.026442307692307692 0.026442307692307692
4 0.4951923076923077 0.2860576923076923 0.04326923076923077 0.02403846153846154
4 0.5012019230769231 0.3581730769230769 0.026442307692307692 0.028846153846153848
4 0.49158653846153844 0.3233173076923077 0.026442307692307692 0.026442307692307692
29 0.5793269230769231 0.7091346153846154 0.052884615384615384 0.03365384615384615
4 0.5564903846153846 0.6165865384615384 0.026442307692307692 0.026442307692307692
4 0.4495192307692308 0.20072115384615385 0.028846153846153848 0.026442307692307692
4 0.4579326923076923 0.24639423076923078 0.026442307692307692 0.026442307692307692
4 0.46274038461538464 0.2668269230769231 0.026442307692307692 0.028846153846153848
4 0.4879807692307692 0.4026442307692308 0.028846153846153848 0.026442307692307692
24 0.5096153846153846 0.5108173076923077 0.04326923076923077 0.021634615384615384
19 0.5877403846153846 0.8401442307692307 0.10817307692307693 0.06971153846153846
24 0.5012019230769231 0.49278846153846156 0.040865384615384616 0.019230769230769232
6 0.8870192307692307 0.40865384615384615 0.22115384615384615 0.8173076923076923
4 0.4567307692307692 0.296875 0.03365384615384615 0.021634615384615384
23 0.5432692307692307 0.6850961538461539 0.052884615384615384 0.03365384615384615
23 0.41466346153846156 0.13942307692307693 0.055288461538461536 0.03365384615384615
24 0.5408653846153846 0.7163461538461539 0.02403846153846154 0.02403846153846154
4 0.4411057692307692 0.31850961538461536 0.040865384615384616 0.021634615384615384
24 0.44711538461538464 0.35216346153846156 0.038461538461538464 0.016826923076923076
4 0.4254807692307692 0.26322115384615385 0.028846153846153848 0.026442307692307692
4 0.4567307692307692 0.39663461538461536 0.028846153846153848 0.02403846153846154
4 0.41466346153846156 0.22355769230769232 0.026442307692307692 0.02403846153846154
24 0.515625 0.6694711538461539 0.04567307692307692 0.021634615384615384
24 0.5108173076923077 0.65625 0.040865384615384616 0.019230769230769232
4 0.4230769230769231 0.30528846153846156 0.03365384615384615 0.019230769230769232
4 0.4891826923076923 0.640625 0.026442307692307692 0.026442307692307692
24 0.4651442307692308 0.5372596153846154 0.026442307692307692 0.026442307692307692
29 0.46634615384615385 0.5637019230769231 0.04807692307692308 0.036057692307692304
4 0.38100961538461536 0.22235576923076922 0.026442307692307692 0.026442307692307692
4 0.4891826923076923 0.7139423076923077 0.026442307692307692 0.02403846153846154
4 0.4795673076923077 0.6766826923076923 0.026442307692307692 0.026442307692307692
19 0.3329326923076923 0.06009615384615385 0.2620192307692308 0.1201923076923077
4 0.41947115384615385 0.4338942307692308 0.040865384615384616 0.021634615384615384
4 0.375 0.29927884615384615 0.028846153846153848 0.026442307692307692
24 0.4579326923076923 0.6574519230769231 0.026442307692307692 0.026442307692307692
23 0.33653846153846156 0.14182692307692307 0.04807692307692308 0.038461538461538464
24 0.4230769230769231 0.5300480769230769 0.02403846153846154 0.026442307692307692
4 0.4050480769230769 0.4795673076923077 0.040865384615384616 0.021634615384615384
4 0.4567307692307692 0.7331730769230769 0.04326923076923077 0.02403846153846154
4 0.43509615384615385 0.6418269230769231 0.028846153846153848 0.02403846153846154
26 0.44350961538461536 0.6814903846153846 0.026442307692307692 0.026442307692307692
4 0.33533653846153844 0.2127403846153846 0.040865384615384616 0.021634615384615384
19 0.48677884615384615 0.9026442307692307 0.09375 0.06490384615384616
24 0.3641826923076923 0.40384615384615385 0.040865384615384616 0.019230769230769232
4 0.34375 0.3269230769230769 0.028846153846153848 0.028846153846153848
4 0.3762019230769231 0.4723557692307692 0.026442307692307692 0.026442307692307692
4 0.328125 0.2824519230769231 0.040865384615384616 0.021634615384615384
4 0.4026442307692308 0.6322115384615384 0.040865384615384616 0.019230769230769232
24 0.3485576923076923 0.4254807692307692 0.02403846153846154 0.02403846153846154
4 0.32091346153846156 0.31850961538461536 0.026442307692307692 0.026442307692307692
24 0.4170673076923077 0.7439903846153846 0.036057692307692304 0.016826923076923076
7 0.36177884615384615 0.5480769230769231 0.03125 0.02403846153846154
4 0.3137019230769231 0.3942307692307692 0.04567307692307692 0.02403846153846154
14 0.3798076923076923 0.6862980769230769 0.11057692307692307 0.10817307692307693
24 0.3173076923076923 0.42427884615384615 0.038461538461538464 0.016826923076923076
4 0.38822115384615385 0.7355769230769231 0.040865384615384616 0.019230769230769232
4 0.30288461538461536 0.3786057692307692 0.028846153846153848 0.026442307692307692
24 0.23918269230769232 0.18269230769230768 0.036057692307692304 0.019230769230769232
23 0.31971153846153844 0.5913461538461539 0.0625 0.057692307692307696
4 0.3233173076923077 0.6394230769230769 0.040865384615384616 0.019230769230769232
18 0.21634615384615385 0.2403846153846154 0.028846153846153848 0.028846153846153848
24 0.20432692307692307 0.19110576923076922 0.038461538461538464 0.016826923076923076
4 0.21875 0.28365384615384615 0.04326923076923077 0.02403846153846154
24 0.27884615384615385 0.546875 0.04807692307692308 0.021634615384615384
24 0.2776442307692308 0.5588942307692307 0.04567307692307692 0.021634615384615384
4 0.21754807692307693 0.32091346153846156 0.07451923076923077 0.06971153846153846
4 0.24158653846153846 0.4182692307692308 0.07932692307692307 0.07211538461538461
4 0.29086538461538464 0.6923076923076923 0.028846153846153848 0.028846153846153848
4 0.296875 0.7211538461538461 0.026442307692307692 0.02403846153846154
24 0.1658653846153846 0.16466346153846154 0.02403846153846154 0.026442307692307692
6 0.1045673076923077 0.5528846153846154 0.2091346153846154 0.8894230769230769
18 0.8461538461538461 0.6189903846153846 0.04326923076923077 0.04567307692307692