4 0.49399038461538464 0.4206730769230769 0.016826923076923076 0.014423076923076924
30 0.546875 0.7259615384615384 0.03125 0.014423076923076924
24 0.5048076923076923 0.53125 0.014423076923076924 0.014423076923076924
30 0.546875 0.75 0.021634615384615384 0.019230769230769232
24 0.5685096153846154 0.8653846153846154 0.021634615384615384 0.019230769230769232
26 0.5384615384615384 0.7163461538461539 0.028846153846153848 0.019230769230769232
26 0.4387019230769231 0.21033653846153846 0.026442307692307692 0.016826923076923076
4 0.49759615384615385 0.5252403846153846 0.028846153846153848 0.01201923076923077
4 0.5024038461538461 0.5444711538461539 0.028846153846153848 0.01201923076923077
30 0.5420673076923077 0.7884615384615384 0.021634615384615384 0.019230769230769232
26 0.5180288461538461 0.671875 0.021634615384615384 0.01201923076923077
24 0.49278846153846156 0.5360576923076923 0.014423076923076924 0.014423076923076924
30 0.5384615384615384 0.765625 0.019230769230769232 0.016826923076923076
30 0.5324519230769231 0.7415865384615384 0.016826923076923076 0.016826923076923076
4 0.4831730769230769 0.5444711538461539 0.014423076923076924 0.016826923076923076
17 0.5504807692307693 0.8930288461538461 0.0625 0.04567307692307692
4 0.49399038461538464 0.6165865384615384 0.016826923076923076 0.016826923076923076
14 0.4338942307692308 0.32091346153846156 0.4206730769230769 0.27163461538461536
14 0.5216346153846154 0.7800480769230769 0.02403846153846154 0.016826923076923076
14 0.5120192307692307 0.734375 0.02403846153846154 0.016826923076923076
26 0.4987980769230769 0.6899038461538461 0.026442307692307692 0.019230769230769232
4 0.46875 0.5420673076923077 0.014423076923076924 0.016826923076923076
4 0.4807692307692308 0.6189903846153846 0.014423076923076924 0.016826923076923076
26 0.515625 0.8064903846153846 0.026442307692307692 0.016826923076923076
4 0.4951923076923077 0.7151442307692307 0.014423076923076924 0.016826923076923076
14 0.4651442307692308 0.5841346153846154 0.09375 0.0625
4 0.4567307692307692 0.5504807692307693 0.014423076923076924 0.019230769230769232
4 0.4951923076923077 0.7487980769230769 0.019230769230769232 0.016826923076923076
4 0.4987980769230769 0.7728365384615384 0.016826923076923076 0.016826923076923076
4 0.4987980769230769 0.7956730769230769 0.03125 0.014423076923076924
26 0.48197115384615385 0.7067307692307693 0.021634615384615384 0.014423076923076924
24 0.5120192307692307 0.8762019230769231 0.019230769230769232 0.016826923076923076
30 0.49759615384615385 0.8161057692307693 0.014423076923076924 0.016826923076923076
26 0.46875 0.6778846153846154 0.028846153846153848 0.019230769230769232
30 0.48677884615384615 0.7884615384615384 0.03125 0.014423076923076924
30 0.47596153846153844 0.7415865384615384 0.028846153846153848 0.01201923076923077
30 0.47115384615384615 0.7175480769230769 0.019230769230769232 0.016826923076923076
30 0.4651442307692308 0.6899038461538461 0.03125 0.014423076923076924
30 0.4519230769230769 0.6225961538461539 0.019230769230769232 0.019230769230769232
26 0.4338942307692308 0.546875 0.026442307692307692 0.016826923076923076
6 0.3629807692307692 0.1778846153846154 0.375 0.125
26 0.4266826923076923 0.5180288461538461 0.026442307692307692 0.016826923076923076
6 0.421875 0.49399038461538464 0.36778846153846156 0.10336538461538461
30 0.4807692307692308 0.8197115384615384 0.014423076923076924 0.019230769230769232
26 0.47475961538461536 0.8004807692307693 0.021634615384615384 0.014423076923076924
17 0.4951923076923077 0.9050480769230769 0.057692307692307696 0.04567307692307692
26 0.45552884615384615 0.7355769230769231 0.03125 0.019230769230769232
14 0.45072115384615385 0.7103365384615384 0.026442307692307692 0.016826923076923076
4 0.35697115384615385 0.23918269230769232 0.03125 0.016826923076923076
30 0.41947115384615385 0.5600961538461539 0.03125 0.014423076923076924
6 0.3269230769230769 0.09375 0.14903846153846154 0.14423076923076922
30 0.46634615384615385 0.8269230769230769 0.019230769230769232 0.019230769230769232
26 0.4266826923076923 0.6262019230769231 0.026442307692307692 0.016826923076923076
26 0.8689903846153846 0.09615384615384616 0.04567307692307692 0.028846153846153848
4 0.38822115384615385 0.42908653846153844 0.026442307692307692 0.016826923076923076
26 0.4543269230769231 0.8137019230769231 0.02403846153846154 0.016826923076923076
14 0.44711538461538464 0.7908653846153846 0.028846153846153848 0.02403846153846154
4 0.3425480769230769 0.2512019230769231 0.03125 0.021634615384615384
26 0.45552884615384615 0.8449519230769231 0.026442307692307692 0.016826923076923076
26 0.45072115384615385 0.828125 0.026442307692307692 0.016826923076923076
30 0.4014423076923077 0.5829326923076923 0.014423076923076924 0.016826923076923076
26 0.40865384615384615 0.6213942307692307 0.028846153846153848 0.016826923076923076
30 0.4050480769230769 0.6045673076923077 0.016826923076923076 0.016826923076923076
24 0.4567307692307692 0.8858173076923077 0.019230769230769232 0.016826923076923076
30 0.39783653846153844 0.5949519230769231 0.026442307692307692 0.01201923076923077
30 0.4326923076923077 0.7716346153846154 0.028846153846153848 0.014423076923076924
30 0.4014423076923077 0.6141826923076923 0.028846153846153848 0.01201923076923077
26 0.4074519230769231 0.6550480769230769 0.021634615384615384 0.01201923076923077
26 0.43149038461538464 0.7824519230769231 0.021634615384615384 0.01201923076923077
24 0.4326923076923077 0.8209134615384616 0.019230769230769232 0.016826923076923076
30 0.43509615384615385 0.8401442307692307 0.014423076923076924 0.016826923076923076
26 0.40625 0.6899038461538461 0.028846153846153848 0.019230769230769232
26 0.40024038461538464 0.671875 0.026442307692307692 0.016826923076923076
4 0.38341346153846156 0.5829326923076923 0.021634615384615384 0.01201923076923077
30 0.38822115384615385 0.609375 0.026442307692307692 0.01201923076923077
30 0.3858173076923077 0.6045673076923077 0.026442307692307692 0.01201923076923077
4 0.38221153846153844 0.5901442307692307 0.02403846153846154 0.01201923076923077
4 0.31971153846153844 0.26802884615384615 0.03365384615384615 0.021634615384615384
17 0.43990384615384615 0.9146634615384616 0.0625 0.04567307692307692
4 0.4050480769230769 0.7475961538461539 0.03125 0.014423076923076924
26 0.40865384615384615 0.7740384615384616 0.028846153846153848 0.019230769230769232
30 0.41225961538461536 0.8052884615384616 0.03125 0.014423076923076924
4 0.4074519230769231 0.7848557692307693 0.026442307692307692 0.01201923076923077
24 0.3954326923076923 0.7223557692307693 0.016826923076923076 0.016826923076923076
30 0.3870192307692308 0.6971153846153846 0.019230769230769232 0.019230769230769232
18 0.36778846153846156 0.609375 0.014423076923076924 0.016826923076923076
18 0.36538461538461536 0.5901442307692307 0.014423076923076924 0.016826923076923076
4 0.30408653846153844 0.28125 0.03125 0.019230769230769232
26 0.40384615384615385 0.796875 0.02403846153846154 0.016826923076923076
26 0.3329326923076923 0.44350961538461536 0.026442307692307692 0.016826923076923076
24 0.29447115384615385 0.24519230769230768 0.021634615384615384 0.019230769230769232
29 0.40625 0.8353365384615384 0.04326923076923077 0.03125
30 0.37259615384615385 0.6838942307692307 0.028846153846153848 0.01201923076923077
18 0.33052884615384615 0.4651442307692308 0.021634615384615384 0.016826923076923076
30 0.37740384615384615 0.7175480769230769 0.014423076923076924 0.016826923076923076
30 0.3798076923076923 0.734375 0.014423076923076924 0.016826923076923076
26 0.3641826923076923 0.6622596153846154 0.026442307692307692 0.016826923076923076
30 0.36778846153846156 0.6790865384615384 0.028846153846153848 0.01201923076923077
4 0.3629807692307692 0.6526442307692307 0.028846153846153848 0.01201923076923077
26 0.3858173076923077 0.7956730769230769 0.021634615384615384 0.014423076923076924
26 0.34375 0.5769230769230769 0.028846153846153848 0.019230769230769232
4 0.3088942307692308 0.40625 0.026442307692307692 0.019230769230769232
30 0.3894230769230769 0.8209134615384616 0.019230769230769232 0.016826923076923076
30 0.3485576923076923 0.6153846153846154 0.028846153846153848 0.014423076923076924
30 0.34615384615384615 0.5949519230769231 0.028846153846153848 0.016826923076923076
26 0.3786057692307692 0.7632211538461539 0.026442307692307692 0.016826923076923076
26 0.2860576923076923 0.29447115384615385 0.028846153846153848 0.016826923076923076
26 0.37740384615384615 0.7788461538461539 0.028846153846153848 0.019230769230769232
30 0.390625 0.8497596153846154 0.016826923076923076 0.016826923076923076
4 0.2776442307692308 0.2692307692307692 0.016826923076923076 0.014423076923076924
30 0.3557692307692308 0.6742788461538461 0.028846153846153848 0.01201923076923077
30 0.3605769230769231 0.7115384615384616 0.02403846153846154 0.009615384615384616
24 0.3557692307692308 0.6983173076923077 0.028846153846153848 0.01201923076923077
4 0.3581730769230769 0.7055288461538461 0.028846153846153848 0.01201923076923077
26 0.3125 0.484375 0.028846153846153848 0.016826923076923076
26 0.3401442307692308 0.6310096153846154 0.026442307692307692 0.016826923076923076
24 0.3581730769230769 0.7319711538461539 0.02403846153846154 0.01201923076923077
24 0.3557692307692308 0.7175480769230769 0.028846153846153848 0.01201923076923077
30 0.35697115384615385 0.7247596153846154 0.026442307692307692 0.01201923076923077
4 0.3713942307692308 0.8209134615384616 0.016826923076923076 0.016826923076923076
30 0.3737980769230769 0.8353365384615384 0.021634615384615384 0.021634615384615384
30 0.3762019230769231 0.8521634615384616 0.016826923076923076 0.016826923076923076
26 0.33653846153846156 0.6682692307692307 0.028846153846153848 0.019230769230769232
26 0.3401442307692308 0.6887019230769231 0.026442307692307692 0.016826923076923076
30 0.3605769230769231 0.7908653846153846 0.019230769230769232 0.019230769230769232
26 0.31850961538461536 0.5865384615384616 0.021634615384615384 0.014423076923076924
30 0.2536057692307692 0.25721153846153844 0.036057692307692304 0.057692307692307696
30 0.31971153846153844 0.6105769230769231 0.03365384615384615 0.014423076923076924
30 0.34375 0.7439903846153846 0.028846153846153848 0.01201923076923077
14 0.35697115384615385 0.8076923076923077 0.036057692307692304 0.019230769230769232
18 0.2920673076923077 0.484375 0.016826923076923076 0.016826923076923076
26 0.3245192307692308 0.6466346153846154 0.02403846153846154 0.014423076923076924
26 0.27283653846153844 0.390625 0.026442307692307692 0.016826923076923076
30 0.32211538461538464 0.6814903846153846 0.014423076923076924 0.016826923076923076
30 0.3112980769230769 0.6225961538461539 0.03125 0.014423076923076924
26 0.3389423076923077 0.7836538461538461 0.028846153846153848 0.019230769230769232
24 0.2644230769230769 0.4110576923076923 0.019230769230769232 0.014423076923076924
4 0.24158653846153846 0.2848557692307692 0.016826923076923076 0.016826923076923076
14 0.3485576923076923 0.84375 0.03365384615384615 0.02403846153846154
30 0.296875 0.5817307692307693 0.03125 0.014423076923076924
30 0.3076923076923077 0.6538461538461539 0.019230769230769232 0.019230769230769232
18 0.2776442307692308 0.4987980769230769 0.026442307692307692 0.01201923076923077
26 0.2692307692307692 0.4579326923076923 0.028846153846153848 0.016826923076923076
4 0.24278846153846154 0.33052884615384615 0.03365384615384615 0.021634615384615384
26 0.3245192307692308 0.7536057692307693 0.02403846153846154 0.016826923076923076
4 0.3317307692307692 0.8004807692307693 0.019230769230769232 0.019230769230769232
4 0.24879807692307693 0.38822115384615385 0.026442307692307692 0.016826923076923076
30 0.3425480769230769 0.8665865384615384 0.016826923076923076 0.016826923076923076
14 0.2920673076923077 0.6105769230769231 0.026442307692307692 0.019230769230769232
4 0.3016826923076923 0.6670673076923077 0.026442307692307692 0.01201923076923077
24 0.26802884615384615 0.49158653846153844 0.026442307692307692 0.01201923076923077
4 0.33052884615384615 0.8245192307692307 0.03125 0.014423076923076924
30 0.2860576923076923 0.5961538461538461 0.03365384615384615 0.014423076923076924
24 0.24879807692307693 0.41225961538461536 0.016826923076923076 0.016826923076923076
30 0.29927884615384615 0.6814903846153846 0.036057692307692304 0.016826923076923076
26 0.25721153846153844 0.47475961538461536 0.028846153846153848 0.016826923076923076
4 0.2920673076923077 0.6526442307692307 0.016826923076923076 0.016826923076923076
4 0.32572115384615385 0.8569711538461539 0.026442307692307692 0.01201923076923077
26 0.30408653846153844 0.7548076923076923 0.026442307692307692 0.019230769230769232
14 0.2920673076923077 0.7223557692307693 0.09375 0.06009615384615385
24 0.25 0.5036057692307693 0.028846153846153848 0.01201923076923077
26 0.3112980769230769 0.8353365384615384 0.021634615384615384 0.01201923076923077
14 0.30408653846153844 0.8052884615384616 0.036057692307692304 0.028846153846153848
26 0.19831730769230768 0.25240384615384615 0.026442307692307692 0.019230769230769232
14 0.27283653846153844 0.6454326923076923 0.026442307692307692 0.016826923076923076
24 0.23798076923076922 0.4651442307692308 0.019230769230769232 0.016826923076923076
30 0.3173076923076923 0.8689903846153846 0.019230769230769232 0.016826923076923076
30 0.2824519230769231 0.6935096153846154 0.021634615384615384 0.01201923076923077
26 0.21153846153846154 0.33413461538461536 0.028846153846153848 0.019230769230769232
4 0.24158653846153846 0.49158653846153844 0.026442307692307692 0.01201923076923077
30 0.27524038461538464 0.6742788461538461 0.021634615384615384 0.021634615384615384
6 0.22115384615384615 0.4014423076923077 0.057692307692307696 0.10576923076923077
14 0.19471153846153846 0.2932692307692308 0.08653846153846154 0.07692307692307693
24 0.2403846153846154 0.5360576923076923 0.014423076923076924 0.019230769230769232
26 0.2800480769230769 0.7572115384615384 0.026442307692307692 0.019230769230769232
14 0.29927884615384615 0.8509615384615384 0.036057692307692304 0.019230769230769232
30 0.25721153846153844 0.6358173076923077 0.019230769230769232 0.016826923076923076
26 0.2536057692307692 0.6201923076923077 0.021634615384615384 0.014423076923076924
26 0.24879807692307693 0.6057692307692307 0.026442307692307692 0.019230769230769232
30 0.25841346153846156 0.6610576923076923 0.016826923076923076 0.019230769230769232
30 0.2608173076923077 0.6887019230769231 0.036057692307692304 0.016826923076923076
26 0.25961538461538464 0.7007211538461539 0.02403846153846154 0.016826923076923076
24 0.22716346153846154 0.5300480769230769 0.016826923076923076 0.016826923076923076
4 0.2848557692307692 0.8389423076923077 0.016826923076923076 0.014423076923076924
30 0.22716346153846154 0.5504807692307693 0.016826923076923076 0.014423076923076924
4 0.21153846153846154 0.484375 0.028846153846153848 0.01201923076923077
4 0.18269230769230768 0.34375 0.019230769230769232 0.019230769230769232
30 0.27283653846153844 0.828125 0.036057692307692304 0.016826923076923076
26 0.25600961538461536 0.7560096153846154 0.026442307692307692 0.016826923076923076
4 0.2776442307692308 0.8689903846153846 0.016826923076923076 0.016826923076923076
6 0.2980769230769231 0.9447115384615384 0.14423076923076922 0.10576923076923077
24 0.19951923076923078 0.4675480769230769 0.019230769230769232 0.016826923076923076
30 0.21033653846153846 0.5420673076923077 0.016826923076923076 0.016826923076923076
26 0.25600961538461536 0.7788461538461539 0.021634615384615384 0.014423076923076924
26 0.23317307692307693 0.6526442307692307 0.028846153846153848 0.016826923076923076
26 0.21995192307692307 0.5985576923076923 0.021634615384615384 0.014423076923076924
26 0.24158653846153846 0.7055288461538461 0.026442307692307692 0.016826923076923076
30 0.27884615384615385 0.9014423076923077 0.03365384615384615 0.014423076923076924
30 0.234375 0.6887019230769231 0.021634615384615384 0.016826923076923076
30 0.2644230769230769 0.8425480769230769 0.019230769230769232 0.016826923076923076
26 0.2283653846153846 0.6670673076923077 0.028846153846153848 0.016826923076923076
30 0.27163461538461536 0.8810096153846154 0.038461538461538464 0.016826923076923076
26 0.24639423076923078 0.7680288461538461 0.026442307692307692 0.016826923076923076
30 0.234375 0.7199519230769231 0.016826923076923076 0.016826923076923076
24 0.18870192307692307 0.48197115384615385 0.021634615384615384 0.016826923076923076
30 0.2620192307692308 0.859375 0.028846153846153848 0.01201923076923077
4 0.1971153846153846 0.5480769230769231 0.014423076923076924 0.014423076923076924
14 0.1875 0.5144230769230769 0.07211538461538461 0.04807692307692308
30 0.2283653846153846 0.7319711538461539 0.028846153846153848 0.01201923076923077
30 0.23197115384615385 0.7463942307692307 0.026442307692307692 0.01201923076923077
4 0.23076923076923078 0.7536057692307693 0.028846153846153848 0.01201923076923077
4 0.2283653846153846 0.7391826923076923 0.028846153846153848 0.01201923076923077
26 0.20673076923076922 0.6274038461538461 0.028846153846153848 0.019230769230769232
4 0.24759615384615385 0.8377403846153846 0.019230769230769232 0.016826923076923076
6 0.109375 0.1466346153846154 0.1466346153846154 0.16346153846153846
4 0.21634615384615385 0.7067307692307693 0.014423076923076924 0.014423076923076924
30 0.1814903846153846 0.5588942307692307 0.026442307692307692 0.01201923076923077
30 0.19831730769230768 0.6502403846153846 0.036057692307692304 0.016826923076923076
30 0.20793269230769232 0.6899038461538461 0.03125 0.014423076923076924
30 0.2127403846153846 0.7235576923076923 0.03125 0.019230769230769232
29 0.23798076923076922 0.8774038461538461 0.04326923076923077 0.028846153846153848
26 0.234375 0.8557692307692307 0.026442307692307692 0.019230769230769232
4 0.19951923076923078 0.7115384615384616 0.014423076923076924 0.014423076923076924
26 0.15504807692307693 0.48197115384615385 0.026442307692307692 0.016826923076923076
24 0.15625 0.49158653846153844 0.028846153846153848 0.01201923076923077
24 0.15264423076923078 0.4723557692307692 0.026442307692307692 0.01201923076923077
26 0.18870192307692307 0.6670673076923077 0.021634615384615384 0.01201923076923077
30 0.18870192307692307 0.6790865384615384 0.016826923076923076 0.016826923076923076
4 0.16105769230769232 0.546875 0.028846153846153848 0.01201923076923077
29 0.21875 0.8413461538461539 0.038461538461538464 0.028846153846153848
6 0.1201923076923077 0.34975961538461536 0.1346153846153846 0.25240384615384615
4 0.15985576923076922 0.5721153846153846 0.03125 0.014423076923076924
26 0.17908653846153846 0.6911057692307693 0.021634615384615384 0.01201923076923077
30 0.15504807692307693 0.5637019230769231 0.026442307692307692 0.01201923076923077
14 0.1814903846153846 0.7019230769230769 0.021634615384615384 0.014423076923076924
30 0.18509615384615385 0.7223557692307693 0.019230769230769232 0.016826923076923076
26 0.20673076923076922 0.8581730769230769 0.028846153846153848 0.019230769230769232
18 0.13221153846153846 0.47716346153846156 0.019230769230769232 0.016826923076923076
24 0.21153846153846154 0.8846153846153846 0.019230769230769232 0.019230769230769232
4 0.20793269230769232 0.8725961538461539 0.03125 0.014423076923076924
26 0.16947115384615385 0.6802884615384616 0.026442307692307692 0.019230769230769232
14 0.1658653846153846 0.6622596153846154 0.02403846153846154 0.016826923076923076
24 0.12620192307692307 0.5228365384615384 0.021634615384615384 0.016826923076923076
18 0.13221153846153846 0.5588942307692307 0.028846153846153848 0.01201923076923077
4 0.18269230769230768 0.8425480769230769 0.028846153846153848 0.01201923076923077
30 0.14543269230769232 0.6574519230769231 0.016826923076923076 0.016826923076923076
14 0.11899038461538461 0.5456730769230769 0.05048076923076923 0.028846153846153848
30 0.1466346153846154 0.6862980769230769 0.019230769230769232 0.016826923076923076
26 0.14302884615384615 0.6742788461538461 0.021634615384615384 0.01201923076923077
24 0.1778846153846154 0.859375 0.019230769230769232 0.016826923076923076
26 0.10817307692307693 0.5108173076923077 0.028846153846153848 0.016826923076923076
24 0.10576923076923077 0.5036057692307693 0.028846153846153848 0.01201923076923077
18 0.10336538461538461 0.5300480769230769 0.019230769230769232 0.016826923076923076
26 0.9122596153846154 0.5276442307692307 0.026442307692307692 0.016826923076923076
4 0.8725961538461539 0.359375 0.028846153846153848 0.01201923076923077
26 0.90625 0.5673076923076923 0.028846153846153848 0.019230769230769232
4 0.9014423076923077 0.5444711538461539 0.028846153846153848 0.01201923076923077
6 0.9170673076923077 0.6262019230769231 0.07451923076923077 0.06490384615384616
4 0.8161057692307693 0.11538461538461539 0.03125 0.028846153846153848
6 0.8425480769230769 0.24759615384615385 0.0985576923076923 0.1778846153846154
4 0.9002403846153846 0.5516826923076923 0.026442307692307692 0.01201923076923077
26 0.8629807692307693 0.4362980769230769 0.02403846153846154 0.016826923076923076
30 0.8028846153846154 0.14423076923076922 0.0625 0.04326923076923077
24 0.7896634615384616 0.09495192307692307 0.016826923076923076 0.016826923076923076
4 0.8557692307692307 0.453125 0.028846153846153848 0.01201923076923077
4 0.7896634615384616 0.11778846153846154 0.03125 0.028846153846153848
4 0.8786057692307693 0.578125 0.026442307692307692 0.01201923076923077
24 0.7788461538461539 0.07211538461538461 0.03365384615384615 0.014423076923076924
26 0.8774038461538461 0.5901442307692307 0.028846153846153848 0.016826923076923076
24 0.7740384615384616 0.09735576923076923 0.019230769230769232 0.016826923076923076
26 0.8485576923076923 0.47836538461538464 0.028846153846153848 0.019230769230769232
4 0.8545673076923077 0.5853365384615384 0.016826923076923076 0.016826923076923076
0 0.9014423076923077 0.8257211538461539 0.11538461538461539 0.08413461538461539
24 0.8882211538461539 0.7716346153846154 0.03125 0.014423076923076924
26 0.8233173076923077 0.48197115384615385 0.026442307692307692 0.016826923076923076
4 0.7908653846153846 0.3245192307692308 0.019230769230769232 0.019230769230769232
24 0.7572115384615384 0.16706730769230768 0.019230769230769232 0.016826923076923076
14 0.75 0.12860576923076922 0.052884615384615384 0.036057692307692304
4 0.7463942307692307 0.10817307692307693 0.03125 0.014423076923076924
24 0.875 0.7680288461538461 0.028846153846153848 0.01201923076923077
4 0.8233173076923077 0.5132211538461539 0.016826923076923076 0.016826923076923076
4 0.7415865384615384 0.09615384615384616 0.05048076923076923 0.02403846153846154
4 0.8377403846153846 0.5949519230769231 0.016826923076923076 0.016826923076923076
14 0.8269230769230769 0.5492788461538461 0.10576923076923077 0.06971153846153846
6 0.7536057692307693 0.1971153846153846 0.04567307692307692 0.04326923076923077
6 0.7680288461538461 0.27884615384615385 0.04567307692307692 0.04326923076923077
4 0.8088942307692307 0.515625 0.016826923076923076 0.016826923076923076
4 0.8233173076923077 0.5961538461538461 0.016826923076923076 0.019230769230769232
26 0.7908653846153846 0.5024038461538461 0.028846153846153848 0.019230769230769232
26 0.7512019230769231 0.3088942307692308 0.026442307692307692 0.016826923076923076
24 0.7512019230769231 0.31971153846153844 0.016826923076923076 0.014423076923076924
4 0.7103365384615384 0.13581730769230768 0.03125 0.026442307692307692
4 0.7992788461538461 0.6009615384615384 0.021634615384615384 0.019230769230769232
26 0.734375 0.2776442307692308 0.026442307692307692 0.016826923076923076
18 0.6959134615384616 0.08774038461538461 0.03125 0.03125
30 0.7103365384615384 0.16346153846153846 0.06009615384615385 0.04326923076923077
24 0.6995192307692307 0.11177884615384616 0.014423076923076924 0.016826923076923076
24 0.7379807692307693 0.32211538461538464 0.014423076923076924 0.014423076923076924
24 0.8257211538461539 0.8137019230769231 0.016826923076923076 0.016826923076923076
24 0.6875 0.1141826923076923 0.014423076923076924 0.016826923076923076
24 0.7283653846153846 0.32572115384615385 0.014423076923076924 0.016826923076923076
24 0.7067307692307693 0.22115384615384615 0.019230769230769232 0.019230769230769232
14 0.7415865384615384 0.41225961538461536 0.21875 0.14182692307692307
6 0.7091346153846154 0.25 0.08653846153846154 0.038461538461538464
4 0.7548076923076923 0.4891826923076923 0.019230769230769232 0.016826923076923076
4 0.6850961538461539 0.14182692307692307 0.028846153846153848 0.028846153846153848
30 0.6754807692307693 0.11778846153846154 0.019230769230769232 0.019230769230769232
17 0.8161057692307693 0.8425480769230769 0.06490384615384616 0.04567307692307692
24 0.7139423076923077 0.328125 0.014423076923076924 0.016826923076923076
18 0.6670673076923077 0.09495192307692307 0.03125 0.03125
4 0.7151442307692307 0.3473557692307692 0.03125 0.01201923076923077
4 0.7560096153846154 0.5877403846153846 0.026442307692307692 0.01201923076923077
30 0.7608173076923077 0.6069711538461539 0.026442307692307692 0.01201923076923077
30 0.7572115384615384 0.5949519230769231 0.028846153846153848 0.01201923076923077
30 0.7596153846153846 0.5997596153846154 0.028846153846153848 0.01201923076923077
4 0.7536057692307693 0.5805288461538461 0.026442307692307692 0.01201923076923077
4 0.7475961538461539 0.5420673076923077 0.028846153846153848 0.01201923076923077
4 0.75 0.5612980769230769 0.028846153846153848 0.01201923076923077
4 0.7512019230769231 0.5685096153846154 0.026442307692307692 0.01201923076923077
4 0.7475961538461539 0.5504807692307693 0.028846153846153848 0.014423076923076924
24 0.703125 0.33052884615384615 0.016826923076923076 0.016826923076923076
6 0.6935096153846154 0.3016826923076923 0.06971153846153846 0.03125
24 0.6706730769230769 0.20793269230769232 0.019230769230769232 0.016826923076923076
29 0.7620192307692307 0.6814903846153846 0.04326923076923077 0.026442307692307692
26 0.7283653846153846 0.5120192307692307 0.028846153846153848 0.019230769230769232
24 0.6899038461538461 0.3329326923076923 0.014423076923076924 0.016826923076923076
24 0.6694711538461539 0.23197115384615385 0.026442307692307692 0.01201923076923077
4 0.7608173076923077 0.7043269230769231 0.03125 0.014423076923076924
26 0.6634615384615384 0.21875 0.028846153846153848 0.019230769230769232
26 0.6766826923076923 0.32211538461538464 0.026442307692307692 0.019230769230769232
24 0.6790865384615384 0.33533653846153844 0.016826923076923076 0.016826923076923076
24 0.6550480769230769 0.24158653846153846 0.026442307692307692 0.01201923076923077
29 0.640625 0.16947115384615385 0.040865384615384616 0.026442307692307692
24 0.6442307692307693 0.2127403846153846 0.019230769230769232 0.016826923076923076
24 0.7271634615384616 0.6430288461538461 0.026442307692307692 0.01201923076923077
24 0.7211538461538461 0.6153846153846154 0.028846153846153848 0.014423076923076924
24 0.7235576923076923 0.6358173076923077 0.028846153846153848 0.01201923076923077
4 0.6262019230769231 0.140625 0.03125 0.03125
24 0.7211538461538461 0.625 0.028846153846153848 0.014423076923076924
18 0.7139423076923077 0.5913461538461539 0.028846153846153848 0.014423076923076924
18 0.7115384615384616 0.5829326923076923 0.02403846153846154 0.01201923076923077
18 0.7079326923076923 0.5637019230769231 0.026442307692307692 0.01201923076923077
18 0.7091346153846154 0.5733173076923077 0.028846153846153848 0.01201923076923077
26 0.6622596153846154 0.34134615384615385 0.026442307692307692 0.019230769230769232
30 0.7283653846153846 0.6959134615384616 0.03365384615384615 0.03125
24 0.6310096153846154 0.21514423076923078 0.016826923076923076 0.016826923076923076
26 0.6502403846153846 0.33052884615384615 0.026442307692307692 0.016826923076923076
4 0.6370192307692307 0.27524038461538464 0.028846153846153848 0.016826923076923076
26 0.6310096153846154 0.24158653846153846 0.026442307692307692 0.016826923076923076
24 0.6418269230769231 0.30649038461538464 0.019230769230769232 0.016826923076923076
18 0.7055288461538461 0.6442307692307693 0.016826923076923076 0.019230769230769232
18 0.7019230769230769 0.6225961538461539 0.014423076923076924 0.019230769230769232
26 0.6814903846153846 0.5252403846153846 0.026442307692307692 0.016826923076923076
24 0.6454326923076923 0.3473557692307692 0.016826923076923076 0.016826923076923076
18 0.6923076923076923 0.5925480769230769 0.014423076923076924 0.016826923076923076
18 0.6887019230769231 0.5721153846153846 0.016826923076923076 0.019230769230769232
6 0.59375 0.09735576923076923 0.11057692307692307 0.06971153846153846
24 0.7295673076923077 0.8028846153846154 0.03125 0.014423076923076924
0 0.7403846153846154 0.8581730769230769 0.10576923076923077 0.08173076923076923
24 0.6057692307692307 0.18389423076923078 0.014423076923076924 0.016826923076923076
4 0.7007211538461539 0.6802884615384616 0.05048076923076923 0.02403846153846154
14 0.5949519230769231 0.15504807692307693 0.03125 0.026442307692307692
24 0.6045673076923077 0.21394230769230768 0.021634615384615384 0.019230769230769232
24 0.6298076923076923 0.3473557692307692 0.019230769230769232 0.016826923076923076
24 0.6850961538461539 0.6310096153846154 0.028846153846153848 0.01201923076923077
24 0.7151442307692307 0.796875 0.03125 0.01201923076923077
24 0.6875 0.6514423076923077 0.028846153846153848 0.014423076923076924
24 0.6814903846153846 0.6237980769230769 0.03125 0.01201923076923077
24 0.6850961538461539 0.6430288461538461 0.028846153846153848 0.01201923076923077
26 0.6069711538461539 0.24639423076923078 0.026442307692307692 0.016826923076923076
24 0.6742788461538461 0.5997596153846154 0.026442307692307692 0.01201923076923077
24 0.6706730769230769 0.5721153846153846 0.028846153846153848 0.014423076923076924
4 0.6213942307692307 0.32211538461538464 0.03125 0.019230769230769232
24 0.671875 0.5901442307692307 0.026442307692307692 0.01201923076923077
24 0.59375 0.18509615384615385 0.014423076923076924 0.014423076923076924
24 0.6694711538461539 0.578125 0.026442307692307692 0.01201923076923077
24 0.6141826923076923 0.35216346153846156 0.016826923076923076 0.016826923076923076
26 0.6177884615384616 0.390625 0.02403846153846154 0.016826923076923076
4 0.6346153846153846 0.4855769230769231 0.019230769230769232 0.019230769230769232
6 0.6754807692307693 0.703125 0.07211538461538461 0.03125
24 0.5985576923076923 0.3545673076923077 0.019230769230769232 0.016826923076923076
4 0.5757211538461539 0.2439903846153846 0.026442307692307692 0.016826923076923076
4 0.5576923076923077 0.15745192307692307 0.028846153846153848 0.03125
4 0.6105769230769231 0.4519230769230769 0.019230769230769232 0.014423076923076924
26 0.5949519230769231 0.3762019230769231 0.026442307692307692 0.016826923076923076
24 0.5961538461538461 0.3918269230769231 0.03365384615384615 0.014423076923076924
24 0.5973557692307693 0.4074519230769231 0.026442307692307692 0.01201923076923077
24 0.6009615384615384 0.41947115384615385 0.028846153846153848 0.01201923076923077
24 0.5661057692307693 0.2403846153846154 0.021634615384615384 0.014423076923076924
26 0.5865384615384616 0.34615384615384615 0.028846153846153848 0.019230769230769232
24 0.6033653846153846 0.4387019230769231 0.028846153846153848 0.01201923076923077
24 0.6021634615384616 0.4266826923076923 0.026442307692307692 0.01201923076923077
24 0.5961538461538461 0.40024038461538464 0.028846153846153848 0.01201923076923077
24 0.6009615384615384 0.43149038461538464 0.028846153846153848 0.01201923076923077
24 0.5985576923076923 0.41225961538461536 0.028846153846153848 0.01201923076923077
26 0.546875 0.18389423076923078 0.026442307692307692 0.016826923076923076
26 0.6237980769230769 0.5853365384615384 0.39663461538461536 0.2620192307692308
6 0.6310096153846154 0.6262019230769231 0.0985576923076923 0.16105769230769232
26 0.5492788461538461 0.2127403846153846 0.026442307692307692 0.016826923076923076
24 0.6694711538461539 0.8449519230769231 0.021634615384615384 0.016826923076923076
26 0.6081730769230769 0.5216346153846154 0.057692307692307696 0.028846153846153848
26 0.6598557692307693 0.8209134615384616 0.03125 0.016826923076923076
24 0.5685096153846154 0.3641826923076923 0.021634615384615384 0.01201923076923077
4 0.5384615384615384 0.23197115384615385 0.02403846153846154 0.016826923076923076
17 0.6610576923076923 0.8725961538461539 0.0625 0.04807692307692308
24 0.5588942307692307 0.3713942307692308 0.021634615384615384 0.01201923076923077
24 0.5228365384615384 0.18870192307692307 0.026442307692307692 0.01201923076923077
4 0.5516826923076923 0.37740384615384615 0.026442307692307692 0.014423076923076924
6 0.5 0.11658653846153846 0.07211538461538461 0.026442307692307692
14 0.5132211538461539 0.21514423076923078 0.05048076923076923 0.03125
6 0.5444711538461539 0.4206730769230769 0.04567307692307692 0.04326923076923077
24 0.6225961538461539 0.8545673076923077 0.019230769230769232 0.016826923076923076
26 0.5348557692307693 0.39783653846153844 0.026442307692307692 0.016826923076923076
17 0.6057692307692307 0.8810096153846154 0.0625 0.04567307692307692
26 0.5144230769230769 0.421875 0.028846153846153848 0.016826923076923076
30 0.5300480769230769 0.5625 0.03125 0.014423076923076924
4 0.5288461538461539 0.5564903846153846 0.028846153846153848 0.01201923076923077
4 0.5264423076923077 0.5492788461538461 0.028846153846153848 0.01201923076923077
4 0.46153846153846156 0.21514423076923078 0.028846153846153848 0.016826923076923076