18 0.38100961538461536 0.04927884615384615 0.25240384615384615 0.0985576923076923
7 0.21995192307692307 0.8401442307692307 0.06971153846153846 0.040865384615384616
24 0.23317307692307693 0.7644230769230769 0.03365384615384615 0.014423076923076924
15 0.9783653846153846 0.2247596153846154 0.038461538461538464 0.04567307692307692
4 0.2824519230769231 0.4891826923076923 0.016826923076923076 0.007211538461538462
4 0.2824519230769231 0.4795673076923077 0.03125 0.01201923076923077
4 0.2824519230769231 0.45072115384615385 0.05048076923076923 0.021634615384615384
15 0.27524038461538464 0.4651442307692308 0.06490384615384616 0.026442307692307692
15 0.2668269230769231 0.49759615384615385 0.0625 0.02403846153846154
14 0.20192307692307693 0.7884615384615384 0.08653846153846154 0.057692307692307696
4 0.23076923076923078 0.6334134615384616 0.014423076923076924 0.01201923076923077
4 0.25 0.5204326923076923 0.10096153846153846 0.04567307692307692
4 0.24519230769230768 0.546875 0.10096153846153846 0.04567307692307692
14 0.20673076923076922 0.703125 0.10576923076923077 0.06971153846153846
4 0.19951923076923078 0.7475961538461539 0.02403846153846154 0.028846153846153848
15 0.3112980769230769 0.14423076923076922 0.06009615384615385 0.04326923076923077
24 0.30408653846153844 0.10697115384615384 0.03125 0.01201923076923077
15 0.22596153846153846 0.4723557692307692 0.0673076923076923 0.026442307692307692
14 0.19230769230769232 0.6298076923076923 0.028846153846153848 0.019230769230769232
23 0.19471153846153846 0.5985576923076923 0.057692307692307696 0.04807692307692308
18 0.14423076923076922 0.7860576923076923 0.019230769230769232 0.019230769230769232
4 0.23317307692307693 0.3269230769230769 0.03365384615384615 0.014423076923076924
4 0.23076923076923078 0.31850961538461536 0.014423076923076924 0.007211538461538462
18 0.12620192307692307 0.8461538461538461 0.016826923076923076 0.019230769230769232
24 0.27524038461538464 0.08052884615384616 0.03125 0.01201923076923077
24 0.11177884615384616 0.8653846153846154 0.016826923076923076 0.019230769230769232
4 0.2439903846153846 0.14182692307692307 0.06971153846153846 0.028846153846153848
6 0.8533653846153846 0.8725961538461539 0.15384615384615385 0.1875
14 0.23557692307692307 0.10216346153846154 0.08173076923076923 0.055288461538461536
24 0.23798076923076922 0.07451923076923077 0.03365384615384615 0.014423076923076924
24 0.9819711538461539 0.18870192307692307 0.03125 0.016826923076923076
6 0.08533653846153846 0.7379807692307693 0.05048076923076923 0.03365384615384615
6 0.09254807692307693 0.6862980769230769 0.05048076923076923 0.03125
6 0.18028846153846154 0.18509615384615385 0.125 0.04326923076923077
0 0.10336538461538461 0.5600961538461539 0.1201923076923077 0.07211538461538461
4 0.1971153846153846 0.0673076923076923 0.019230769230769232 0.019230769230769232
4 0.14903846153846154 0.30649038461538464 0.10096153846153846 0.04567307692307692
24 0.11778846153846154 0.4639423076923077 0.019230769230769232 0.019230769230769232
16 0.051682692307692304 0.7908653846153846 0.0985576923076923 0.04807692307692308
4 0.16826923076923078 0.10697115384615384 0.04326923076923077 0.04567307692307692
18 0.04567307692307692 0.7115384615384616 0.0673076923076923 0.019230769230769232
18 0.036057692307692304 0.7632211538461539 0.0673076923076923 0.021634615384615384
18 0.056490384615384616 0.6574519230769231 0.06490384615384616 0.021634615384615384
16 0.03365384615384615 0.7295673076923077 0.0673076923076923 0.05048076923076923
16 0.038461538461538464 0.6754807692307693 0.07692307692307693 0.04807692307692308
4 0.13581730769230768 0.03365384615384615 0.06009615384615385 0.0625
6 0.006009615384615385 0.7764423076923077 0.01201923076923077 0.03365384615384615
7 0.11538461538461539 0.09495192307692307 0.0673076923076923 0.06009615384615385
24 0.026442307692307692 0.53125 0.019230769230769232 0.019230769230769232
17 0.021634615384615384 0.5552884615384616 0.02403846153846154 0.02403846153846154
4 0.9050480769230769 0.44711538461538464 0.10336538461538461 0.04807692307692308
0 0.8521634615384616 0.7043269230769231 0.10817307692307693 0.0673076923076923
4 0.9110576923076923 0.38100961538461536 0.10096153846153846 0.04567307692307692
4 0.8918269230769231 0.47475961538461536 0.014423076923076924 0.01201923076923077
24 0.953125 0.15985576923076922 0.03125 0.01201923076923077
4 0.9206730769230769 0.2247596153846154 0.07211538461538461 0.026442307692307692
4 0.9050480769230769 0.28966346153846156 0.03125 0.01201923076923077
24 0.9098557692307693 0.26802884615384615 0.03125 0.01201923076923077
24 0.9074519230769231 0.2800480769230769 0.03125 0.01201923076923077
24 0.9194711538461539 0.15264423076923078 0.03125 0.01201923076923077
14 0.9110576923076923 0.18629807692307693 0.08653846153846154 0.055288461538461536
4 0.875 0.15384615384615385 0.019230769230769232 0.019230769230769232
4 0.8425480769230769 0.29927884615384615 0.036057692307692304 0.016826923076923076
4 0.8533653846153846 0.24759615384615385 0.04807692307692308 0.019230769230769232
4 0.8449519230769231 0.2848557692307692 0.05048076923076923 0.021634615384615384
14 0.8485576923076923 0.265625 0.057692307692307696 0.03125
22 0.7632211538461539 0.6502403846153846 0.026442307692307692 0.036057692307692304
4 0.8473557692307693 0.18870192307692307 0.040865384615384616 0.04567307692307692
29 0.7800480769230769 0.4375 0.06490384615384616 0.038461538461538464
18 0.7524038461538461 0.4795673076923077 0.10096153846153846 0.04567307692307692
4 0.7560096153846154 0.38822115384615385 0.016826923076923076 0.007211538461538462
24 0.7632211538461539 0.31971153846153844 0.03125 0.014423076923076924
24 0.7560096153846154 0.3581730769230769 0.03125 0.014423076923076924
24 0.7536057692307693 0.36778846153846156 0.03125 0.014423076923076924
4 0.7512019230769231 0.3762019230769231 0.03125 0.01201923076923077
4 0.7764423076923077 0.25841346153846156 0.057692307692307696 0.06009615384615385
24 0.7680288461538461 0.3004807692307692 0.03125 0.014423076923076924
24 0.765625 0.31009615384615385 0.03125 0.014423076923076924
24 0.7608173076923077 0.3293269230769231 0.03125 0.014423076923076924
24 0.7608173076923077 0.3389423076923077 0.03125 0.014423076923076924
24 0.7584134615384616 0.3485576923076923 0.03125 0.014423076923076924
24 0.7331730769230769 0.4266826923076923 0.019230769230769232 0.021634615384615384
14 0.6646634615384616 0.7019230769230769 0.15144230769230768 0.08653846153846154
6 0.6298076923076923 0.8473557692307693 0.3942307692307692 0.3004807692307692
15 0.7475961538461539 0.1778846153846154 0.15865384615384615 0.10576923076923077
24 0.9362980769230769 0.7067307692307693 0.016826923076923076 0.019230769230769232
17 0.9314903846153846 0.7283653846153846 0.021634615384615384 0.02403846153846154
4 0.6778846153846154 0.4963942307692308 0.10096153846153846 0.04567307692307692
18 0.6502403846153846 0.6394230769230769 0.0985576923076923 0.04326923076923077
14 0.6694711538461539 0.5276442307692307 0.05048076923076923 0.03125
4 0.6658653846153846 0.5540865384615384 0.10096153846153846 0.04567307692307692
4 0.6586538461538461 0.5841346153846154 0.10096153846153846 0.04326923076923077
4 0.6538461538461539 0.6117788461538461 0.10096153846153846 0.04567307692307692
4 0.7235576923076923 0.24639423076923078 0.057692307692307696 0.06009615384615385
4 0.6911057692307693 0.3737980769230769 0.016826923076923076 0.007211538461538462
6 0.7451923076923077 0.0733173076923077 0.27884615384615385 0.10336538461538461
24 0.6862980769230769 0.3641826923076923 0.03125 0.01201923076923077
24 0.7007211538461539 0.28725961538461536 0.03125 0.01201923076923077
24 0.6959134615384616 0.30649038461538464 0.03125 0.01201923076923077
24 0.6911057692307693 0.33533653846153844 0.03125 0.01201923076923077
24 0.6887019230769231 0.3449519230769231 0.03125 0.01201923076923077
24 0.6862980769230769 0.3545673076923077 0.03125 0.01201923076923077
24 0.6983173076923077 0.296875 0.03125 0.01201923076923077
24 0.6935096153846154 0.3161057692307692 0.03125 0.01201923076923077
24 0.6935096153846154 0.32572115384615385 0.03125 0.01201923076923077
4 0.6141826923076923 0.6502403846153846 0.03125 0.01201923076923077
24 0.6346153846153846 0.5192307692307693 0.019230769230769232 0.019230769230769232
24 0.6983173076923077 0.12379807692307693 0.036057692307692304 0.016826923076923076
22 0.6694711538461539 0.23076923076923078 0.026442307692307692 0.038461538461538464
4 0.6418269230769231 0.2644230769230769 0.07211538461538461 0.028846153846153848
24 0.6682692307692307 0.10576923076923077 0.03365384615384615 0.014423076923076924
24 0.5492788461538461 0.6875 0.016826923076923076 0.019230769230769232
4 0.6370192307692307 0.16826923076923078 0.07211538461538461 0.028846153846153848
24 0.5324519230769231 0.6826923076923077 0.016826923076923076 0.019230769230769232
4 0.9735576923076923 0.4519230769230769 0.019230769230769232 0.019230769230769232
4 0.5673076923076923 0.4387019230769231 0.10096153846153846 0.04567307692307692
14 0.6286057692307693 0.12860576923076922 0.08413461538461539 0.055288461538461536
4 0.5264423076923077 0.6382211538461539 0.10096153846153846 0.04567307692307692
24 0.6322115384615384 0.0985576923076923 0.03365384615384615 0.014423076923076924
14 0.5841346153846154 0.3389423076923077 0.18269230769230768 0.16346153846153846
24 0.515625 0.6802884615384616 0.016826923076923076 0.019230769230769232
15 0.484375 0.7331730769230769 0.03125 0.038461538461538464
4 0.47836538461538464 0.7644230769230769 0.02403846153846154 0.028846153846153848
4 0.5576923076923077 0.24759615384615385 0.07211538461538461 0.028846153846153848
4 0.5853365384615384 0.09615384615384616 0.016826923076923076 0.019230769230769232
4 0.984375 0.28365384615384615 0.026442307692307692 0.0673076923076923
4 0.42908653846153844 0.8497596153846154 0.036057692307692304 0.040865384615384616
4 0.4182692307692308 0.9002403846153846 0.057692307692307696 0.06009615384615385
4 0.46875 0.6177884615384616 0.019230769230769232 0.019230769230769232
14 0.4543269230769231 0.6826923076923077 0.057692307692307696 0.03365384615384615
4 0.5600961538461539 0.1346153846153846 0.04326923076923077 0.04807692307692308
14 0.46274038461538464 0.5216346153846154 0.3245192307692308 0.21634615384615385
15 0.5180288461538461 0.18509615384615385 0.055288461538461536 0.04326923076923077
24 0.3798076923076923 0.8533653846153846 0.019230769230769232 0.019230769230769232
24 0.40625 0.6802884615384616 0.03365384615384615 0.014423076923076924
4 0.41947115384615385 0.6081730769230769 0.016826923076923076 0.019230769230769232
24 0.5072115384615384 0.1466346153846154 0.03365384615384615 0.014423076923076924
14 0.3762019230769231 0.7295673076923077 0.16105769230769232 0.10817307692307693
24 0.4795673076923077 0.11899038461538461 0.03125 0.01201923076923077
4 0.4567307692307692 0.2283653846153846 0.07211538461538461 0.028846153846153848
4 0.328125 0.8725961538461539 0.01201923076923077 0.009615384615384616
14 0.32211538461538464 0.8389423076923077 0.09134615384615384 0.057692307692307696
4 0.4495192307692308 0.1814903846153846 0.07211538461538461 0.026442307692307692
15 0.3473557692307692 0.6646634615384616 0.06490384615384616 0.026442307692307692
4 0.3581730769230769 0.6045673076923077 0.10096153846153846 0.04567307692307692
4 0.3954326923076923 0.40625 0.0985576923076923 0.04326923076923077
22 0.35216346153846156 0.6298076923076923 0.06490384615384616 0.019230769230769232
4 0.31490384615384615 0.8040865384615384 0.014423076923076924 0.01201923076923077
4 0.2980769230769231 0.8725961538461539 0.014423076923076924 0.004807692307692308
14 0.4387019230769231 0.14302884615384615 0.08413461538461539 0.055288461538461536
24 0.44471153846153844 0.11298076923076923 0.03365384615384615 0.014423076923076924
14 0.4014423076923077 0.30288461538461536 0.18269230769230768 0.16346153846153846
4 0.30288461538461536 0.8028846153846154 0.009615384615384616 0.009615384615384616
24 0.28966346153846156 0.7932692307692307 0.016826923076923076 0.019230769230769232
4 0.2692307692307692 0.7896634615384616 0.014423076923076924 0.007211538461538462
4 0.26802884615384615 0.796875 0.016826923076923076 0.007211538461538462
4 0.2704326923076923 0.7788461538461539 0.016826923076923076 0.019230769230769232
4 0.26322115384615385 0.8125 0.026442307692307692 0.028846153846153848
4 0.375 0.21394230769230768 0.07211538461538461 0.028846153846153848
24 0.2776442307692308 0.6995192307692307 0.016826923076923076 0.019230769230769232
4 0.3894230769230769 0.11057692307692307 0.019230769230769232 0.019230769230769232
14 0.27524038461538464 0.6730769230769231 0.05048076923076923 0.03365384615384615
4 0.37259615384615385 0.14423076923076922 0.04326923076923077 0.04807692307692308
6 0.21754807692307693 0.890625 0.18990384615384615 0.0985576923076923