18 0.2548076923076923 0.0829326923076923 0.24519230769230768 0.10817307692307693
7 0.3245192307692308 0.9038461538461539 0.0673076923076923 0.03365384615384615
24 0.31490384615384615 0.8269230769230769 0.03365384615384615 0.009615384615384616
15 0.8954326923076923 0.10096153846153846 0.055288461538461536 0.038461538461538464
4 0.28725961538461536 0.5492788461538461 0.016826923076923076 0.007211538461538462
4 0.2848557692307692 0.5408653846153846 0.03125 0.009615384615384616
4 0.2764423076923077 0.5108173076923077 0.04807692307692308 0.016826923076923076
15 0.27403846153846156 0.5264423076923077 0.0625 0.019230769230769232
15 0.2764423076923077 0.5637019230769231 0.0625 0.016826923076923076
14 0.2932692307692308 0.859375 0.08173076923076923 0.05048076923076923
4 0.2776442307692308 0.7043269230769231 0.01201923076923077 0.009615384615384616
4 0.2668269230769231 0.5877403846153846 0.10096153846153846 0.036057692307692304
4 0.2692307692307692 0.6165865384615384 0.10096153846153846 0.036057692307692304
14 0.27524038461538464 0.7752403846153846 0.10336538461538461 0.06009615384615385
4 0.2776442307692308 0.8197115384615384 0.021634615384615384 0.028846153846153848
15 0.22115384615384615 0.2091346153846154 0.057692307692307696 0.038461538461538464
24 0.203125 0.17548076923076922 0.03125 0.009615384615384616
15 0.22956730769230768 0.5504807692307693 0.06490384615384616 0.019230769230769232
14 0.23918269230769232 0.7103365384615384 0.026442307692307692 0.016826923076923076
23 0.23317307692307693 0.6778846153846154 0.052884615384615384 0.04326923076923077
18 0.23798076923076922 0.8725961538461539 0.019230769230769232 0.019230769230769232
4 0.19591346153846154 0.4074519230769231 0.03125 0.01201923076923077
4 0.18990384615384615 0.40024038461538464 0.014423076923076924 0.007211538461538462
18 0.23677884615384615 0.9362980769230769 0.016826923076923076 0.016826923076923076
24 0.16706730769230768 0.15865384615384615 0.03125 0.009615384615384616
24 0.22716346153846154 0.9579326923076923 0.016826923076923076 0.016826923076923076
4 0.15504807692307693 0.2247596153846154 0.06971153846153846 0.021634615384615384
6 0.9338942307692307 0.7596153846153846 0.12740384615384615 0.1778846153846154
14 0.1346153846153846 0.18990384615384615 0.07692307692307693 0.04807692307692308
24 0.12980769230769232 0.16346153846153846 0.03365384615384615 0.009615384615384616
24 0.8786057692307693 0.06610576923076923 0.03125 0.01201923076923077
6 0.1658653846153846 0.8425480769230769 0.04807692307692308 0.03125
6 0.15865384615384615 0.7908653846153846 0.04807692307692308 0.028846153846153848
6 0.10576923076923077 0.2860576923076923 0.125 0.028846153846153848
0 0.13581730769230768 0.6670673076923077 0.11778846153846154 0.06009615384615385
4 0.09134615384615384 0.16826923076923078 0.019230769230769232 0.019230769230769232
4 0.11057692307692307 0.4098557692307692 0.10096153846153846 0.036057692307692304
24 0.12259615384615384 0.5721153846153846 0.019230769230769232 0.019230769230769232
16 0.14903846153846154 0.9038461538461539 0.09615384615384616 0.038461538461538464
4 0.07211538461538461 0.2127403846153846 0.038461538461538464 0.040865384615384616
18 0.12259615384615384 0.828125 0.0673076923076923 0.01201923076923077
18 0.125 0.8798076923076923 0.0673076923076923 0.014423076923076924
18 0.11658653846153846 0.7740384615384616 0.06490384615384616 0.014423076923076924
16 0.09975961538461539 0.8533653846153846 0.09375 0.038461538461538464
16 0.09134615384615384 0.7992788461538461 0.09615384615384616 0.036057692307692304
4 0.02403846153846154 0.15264423076923078 0.04807692307692308 0.06009615384615385
6 0.08173076923076923 0.9074519230769231 0.04326923076923077 0.026442307692307692
7 0.026442307692307692 0.21634615384615385 0.052884615384615384 0.057692307692307696
24 0.052884615384615384 0.6610576923076923 0.019230769230769232 0.019230769230769232
17 0.054086538461538464 0.6850961538461539 0.021634615384615384 0.02403846153846154
4 0.8725961538461539 0.3389423076923077 0.10096153846153846 0.038461538461538464
0 0.8942307692307693 0.6009615384615384 0.10576923076923077 0.057692307692307696
4 0.8629807692307693 0.27283653846153844 0.10096153846153846 0.036057692307692304
4 0.8713942307692307 0.36778846153846156 0.01201923076923077 0.009615384615384616
24 0.8425480769230769 0.04807692307692308 0.03125 0.009615384615384616
4 0.828125 0.11899038461538461 0.06971153846153846 0.021634615384615384
4 0.8305288461538461 0.1875 0.03125 0.009615384615384616
24 0.8305288461538461 0.1658653846153846 0.03125 0.009615384615384616
24 0.8305288461538461 0.17548076923076922 0.03125 0.009615384615384616
24 0.8064903846153846 0.05048076923076923 0.03125 0.009615384615384616
14 0.8100961538461539 0.08413461538461539 0.08173076923076923 0.04807692307692308
4 0.7644230769230769 0.06490384615384616 0.019230769230769232 0.019230769230769232
4 0.7740384615384616 0.2127403846153846 0.03365384615384615 0.01201923076923077
4 0.7692307692307693 0.15865384615384615 0.04807692307692308 0.014423076923076924
4 0.7716346153846154 0.19831730769230768 0.04807692307692308 0.016826923076923076
14 0.7716346153846154 0.17908653846153846 0.057692307692307696 0.026442307692307692
22 0.7944711538461539 0.5709134615384616 0.021634615384615384 0.036057692307692304
4 0.7463942307692307 0.10576923076923077 0.036057692307692304 0.04326923076923077
29 0.7524038461538461 0.36177884615384615 0.0625 0.03125
18 0.7355769230769231 0.4098557692307692 0.10096153846153846 0.036057692307692304
4 0.7151442307692307 0.32091346153846156 0.016826923076923076 0.007211538461538462
24 0.7043269230769231 0.25600961538461536 0.028846153846153848 0.01201923076923077
24 0.7067307692307693 0.2920673076923077 0.028846153846153848 0.01201923076923077
24 0.7067307692307693 0.3016826923076923 0.028846153846153848 0.01201923076923077
4 0.7079326923076923 0.3125 0.03125 0.009615384615384616
4 0.6971153846153846 0.19230769230769232 0.052884615384615384 0.057692307692307696
24 0.7019230769230769 0.23677884615384615 0.028846153846153848 0.01201923076923077
24 0.7019230769230769 0.24639423076923078 0.028846153846153848 0.01201923076923077
24 0.7043269230769231 0.26322115384615385 0.028846153846153848 0.01201923076923077
24 0.7043269230769231 0.27283653846153844 0.028846153846153848 0.01201923076923077
24 0.7067307692307693 0.2824519230769231 0.028846153846153848 0.01201923076923077
24 0.7043269230769231 0.36658653846153844 0.019230769230769232 0.021634615384615384
14 0.7151442307692307 0.6490384615384616 0.1466346153846154 0.07211538461538461
6 0.7283653846153846 0.8293269230769231 0.36538461538461536 0.3317307692307692
15 0.6490384615384616 0.12259615384615384 0.15384615384615385 0.09134615384615384
24 0.9771634615384616 0.5805288461538461 0.016826923076923076 0.016826923076923076
17 0.9783653846153846 0.6009615384615384 0.019230769230769232 0.02403846153846154
4 0.6706730769230769 0.44591346153846156 0.10096153846153846 0.036057692307692304
18 0.6814903846153846 0.5913461538461539 0.0985576923076923 0.03365384615384615
14 0.6706730769230769 0.4807692307692308 0.04807692307692308 0.028846153846153848
4 0.6730769230769231 0.5060096153846154 0.10096153846153846 0.036057692307692304
4 0.6754807692307693 0.5360576923076923 0.10096153846153846 0.03365384615384615
4 0.6778846153846154 0.5637019230769231 0.10096153846153846 0.036057692307692304
4 0.6442307692307693 0.1971153846153846 0.052884615384615384 0.057692307692307696
4 0.6502403846153846 0.328125 0.016826923076923076 0.007211538461538462
6 0.6177884615384616 0.03125 0.27884615384615385 0.0625
24 0.640625 0.3173076923076923 0.03125 0.009615384615384616
24 0.6334134615384616 0.24278846153846154 0.03125 0.009615384615384616
24 0.6358173076923077 0.25961538461538464 0.03125 0.009615384615384616
24 0.6382211538461539 0.28846153846153844 0.03125 0.009615384615384616
24 0.6382211538461539 0.2980769230769231 0.03125 0.009615384615384616
24 0.640625 0.3076923076923077 0.03125 0.009615384615384616
24 0.6334134615384616 0.25240384615384615 0.03125 0.009615384615384616
24 0.6358173076923077 0.2692307692307692 0.03125 0.009615384615384616
24 0.6358173076923077 0.27884615384615385 0.03125 0.009615384615384616
17 0.9278846153846154 0.057692307692307696 0.028846153846153848 0.028846153846153848
4 0.6502403846153846 0.6129807692307693 0.03125 0.009615384615384616
24 0.6346153846153846 0.4831730769230769 0.019230769230769232 0.019230769230769232
24 0.5865384615384616 0.0829326923076923 0.03365384615384615 0.01201923076923077
22 0.5901442307692307 0.19471153846153846 0.021634615384615384 0.038461538461538464
4 0.5709134615384616 0.23317307692307693 0.06971153846153846 0.02403846153846154
24 0.5516826923076923 0.0733173076923077 0.03125 0.01201923076923077
24 0.5997596153846154 0.6646634615384616 0.016826923076923076 0.016826923076923076
4 0.5396634615384616 0.14423076923076922 0.06971153846153846 0.02403846153846154
24 0.5829326923076923 0.6670673076923077 0.016826923076923076 0.016826923076923076
4 0.9423076923076923 0.3245192307692308 0.019230769230769232 0.019230769230769232
4 0.5480769230769231 0.421875 0.10096153846153846 0.036057692307692304
14 0.5204326923076923 0.10817307692307693 0.07932692307692307 0.04807692307692308
4 0.5625 0.6262019230769231 0.10096153846153846 0.036057692307692304
24 0.515625 0.078125 0.03125 0.01201923076923077
14 0.5360576923076923 0.32211538461538464 0.17307692307692307 0.14903846153846154
24 0.5637019230769231 0.6694711538461539 0.016826923076923076 0.016826923076923076
15 0.5504807692307693 0.7271634615384616 0.028846153846153848 0.036057692307692304
4 0.5516826923076923 0.7620192307692307 0.021634615384615384 0.028846153846153848
4 0.48677884615384615 0.24278846153846154 0.06971153846153846 0.02403846153846154
4 0.4723557692307692 0.09014423076923077 0.016826923076923076 0.016826923076923076
4 0.921875 0.15504807692307693 0.055288461538461536 0.06009615384615385
4 0.5276442307692307 0.8557692307692307 0.03125 0.038461538461538464
4 0.5336538461538461 0.90625 0.052884615384615384 0.057692307692307696
4 0.5024038461538461 0.6225961538461539 0.019230769230769232 0.019230769230769232
14 0.5060096153846154 0.6875 0.055288461538461536 0.028846153846153848
4 0.4567307692307692 0.13221153846153846 0.038461538461538464 0.04326923076923077
14 0.4699519230769231 0.5324519230769231 0.31009615384615385 0.18990384615384615
15 0.43028846153846156 0.19230769230769232 0.052884615384615384 0.038461538461538464
24 0.4807692307692308 0.875 0.019230769230769232 0.019230769230769232
24 0.46033653846153844 0.7007211538461539 0.03125 0.01201923076923077
4 0.45072115384615385 0.6262019230769231 0.016826923076923076 0.016826923076923076
24 0.4098557692307692 0.15745192307692307 0.03125 0.01201923076923077
14 0.44350961538461536 0.7536057692307693 0.15625 0.09375
24 0.9050480769230769 0.05889423076923077 0.016826923076923076 0.016826923076923076
24 0.3737980769230769 0.13942307692307693 0.03125 0.009615384615384616
4 0.38341346153846156 0.25240384615384615 0.06971153846153846 0.02403846153846154
4 0.4362980769230769 0.9050480769230769 0.01201923076923077 0.007211538461538462
14 0.4206730769230769 0.8737980769230769 0.08653846153846154 0.05048076923076923
4 0.36177884615384615 0.20793269230769232 0.06971153846153846 0.021634615384615384
15 0.39903846153846156 0.7019230769230769 0.0625 0.019230769230769232
4 0.3942307692307692 0.640625 0.10096153846153846 0.036057692307692304
4 0.3737980769230769 0.4375 0.0985576923076923 0.03365384615384615
22 0.39302884615384615 0.6646634615384616 0.06490384615384616 0.01201923076923077
4 0.4074519230769231 0.84375 0.01201923076923077 0.009615384615384616
4 0.40865384615384615 0.9158653846153846 0.014423076923076924 0.004807692307692308
14 0.3425480769230769 0.17307692307692307 0.07932692307692307 0.04807692307692308
24 0.3401442307692308 0.14543269230769232 0.03125 0.01201923076923077
14 0.35096153846153844 0.3389423076923077 0.17307692307692307 0.14903846153846154
4 0.39302884615384615 0.8449519230769231 0.007211538461538462 0.007211538461538462
24 0.3786057692307692 0.8401442307692307 0.016826923076923076 0.016826923076923076
4 0.3581730769230769 0.8425480769230769 0.014423076923076924 0.007211538461538462
4 0.359375 0.8497596153846154 0.016826923076923076 0.007211538461538462
4 0.3545673076923077 0.8305288461538461 0.016826923076923076 0.016826923076923076
4 0.3581730769230769 0.8665865384615384 0.02403846153846154 0.026442307692307692
4 0.3016826923076923 0.25961538461538464 0.06971153846153846 0.02403846153846154
24 0.3425480769230769 0.7536057692307693 0.016826923076923076 0.016826923076923076
4 0.2860576923076923 0.15625 0.019230769230769232 0.019230769230769232
14 0.3317307692307692 0.7295673076923077 0.04807692307692308 0.03125
4 0.27884615384615385 0.19471153846153846 0.038461538461538464 0.04326923076923077
6 0.33533653846153844 0.953125 0.18509615384615385 0.07932692307692307