3 0.6430288461538461 0.6838942307692307 0.007211538461538462 0.016826923076923076
3 0.6646634615384616 0.6850961538461539 0.007211538461538462 0.019230769230769232
3 0.6971153846153846 0.6887019230769231 0.009615384615384616 0.01201923076923077
3 0.2692307692307692 0.6911057692307693 0.009615384615384616 0.01201923076923077
3 0.8557692307692307 0.6923076923076923 0.019230769230769232 0.014423076923076924
3 0.6045673076923077 0.6947115384615384 0.007211538461538462 0.019230769230769232
3 0.7211538461538461 0.7055288461538461 0.009615384615384616 0.01201923076923077
3 0.6201923076923077 0.7055288461538461 0.009615384615384616 0.01201923076923077
3 0.7067307692307693 0.7067307692307693 0.009615384615384616 0.009615384615384616
3 0.84375 0.7067307692307693 0.004807692307692308 0.019230769230769232
3 0.4807692307692308 0.7079326923076923 0.009615384615384616 0.03125
3 0.5108173076923077 0.7079326923076923 0.007211538461538462 0.03125
3 0.46153846153846156 0.7079326923076923 0.009615384615384616 0.03125
3 0.49038461538461536 0.7079326923076923 0.009615384615384616 0.03125
3 0.5012019230769231 0.7079326923076923 0.007211538461538462 0.03125
3 0.22716346153846154 0.7079326923076923 0.007211538461538462 0.016826923076923076
3 0.3942307692307692 0.7103365384615384 0.009615384615384616 0.03125
3 0.40384615384615385 0.7103365384615384 0.009615384615384616 0.03125
3 0.4110576923076923 0.7103365384615384 0.009615384615384616 0.03125
3 0.4423076923076923 0.7103365384615384 0.009615384615384616 0.03125
3 0.4519230769230769 0.7103365384615384 0.009615384615384616 0.03125
3 0.47115384615384615 0.7103365384615384 0.009615384615384616 0.03125
3 0.23798076923076922 0.7091346153846154 0.004807692307692308 0.019230769230769232
3 0.4230769230769231 0.7103365384615384 0.009615384615384616 0.03125
3 0.4326923076923077 0.7103365384615384 0.009615384615384616 0.03125
3 0.24519230769230768 0.7151442307692307 0.004807692307692308 0.016826923076923076
23 0.18629807692307693 0.7235576923076923 0.016826923076923076 0.014423076923076924
14 0.3016826923076923 0.7367788461538461 0.026442307692307692 0.05048076923076923
23 0.18870192307692307 0.7403846153846154 0.016826923076923076 0.014423076923076924
23 0.8473557692307693 0.7596153846153846 0.007211538461538462 0.028846153846153848
18 0.9663461538461539 0.78125 0.028846153846153848 0.10096153846153846
18 0.9350961538461539 0.7836538461538461 0.028846153846153848 0.09615384615384616
18 0.9038461538461539 0.7848557692307693 0.028846153846153848 0.0985576923076923
18 0.20192307692307693 0.8209134615384616 0.028846153846153848 0.06490384615384616
7 0.14783653846153846 0.8221153846153846 0.03125 0.0625
3 0.06129807692307692 0.8245192307692307 0.01201923076923077 0.04807692307692308
7 0.09014423076923077 0.8293269230769231 0.03125 0.057692307692307696
23 0.26802884615384615 0.859375 0.016826923076923076 0.01201923076923077
18 0.20192307692307693 0.8629807692307693 0.019230769230769232 0.014423076923076924
18 0.14903846153846154 0.8641826923076923 0.019230769230769232 0.016826923076923076
6 0.7451923076923077 0.8713942307692307 0.019230769230769232 0.12259615384615384
18 0.09615384615384616 0.8725961538461539 0.019230769230769232 0.014423076923076924
6 0.5096153846153846 0.8786057692307693 0.4423076923076923 0.12259615384615384
23 0.2692307692307692 0.8774038461538461 0.019230769230769232 0.014423076923076924
3 0.8533653846153846 0.8822115384615384 0.009615384615384616 0.009615384615384616
3 0.8557692307692307 0.9002403846153846 0.019230769230769232 0.016826923076923076
23 0.18509615384615385 0.9002403846153846 0.009615384615384616 0.03125
23 0.2403846153846154 0.9002403846153846 0.009615384615384616 0.03125
23 0.13221153846153846 0.9014423076923077 0.009615384615384616 0.03365384615384615
14 0.2692307692307692 0.9038461538461539 0.014423076923076924 0.028846153846153848
19 0.2247596153846154 0.9086538461538461 0.016826923076923076 0.1201923076923077
19 0.171875 0.9110576923076923 0.016826923076923076 0.1201923076923077
19 0.11658653846153846 0.9110576923076923 0.016826923076923076 0.1201923076923077
23 0.26802884615384615 0.9302884615384616 0.016826923076923076 0.019230769230769232
3 0.8882211538461539 0.9387019230769231 0.055288461538461536 0.05048076923076923
16 0.19831730769230768 0.953125 0.036057692307692304 0.016826923076923076
23 0.9014423076923077 0.09615384615384616 0.009615384615384616 0.03365384615384615
23 0.23798076923076922 0.11538461538461539 0.019230769230769232 0.014423076923076924
23 0.17668269230769232 0.11538461538461539 0.007211538461538462 0.03365384615384615
29 0.203125 0.11538461538461539 0.03125 0.0625
6 0.5060096153846154 0.11899038461538461 0.44471153846153844 0.11778846153846154
22 0.26802884615384615 0.11899038461538461 0.026442307692307692 0.06490384615384616
29 0.23798076923076922 0.15985576923076922 0.028846153846153848 0.06009615384615385
3 0.8052884615384616 0.16706730769230768 0.009615384615384616 0.01201923076923077
19 0.1778846153846154 0.17908653846153846 0.02403846153846154 0.040865384615384616
23 0.04927884615384615 0.18028846153846154 0.016826923076923076 0.014423076923076924
19 0.07572115384615384 0.18269230769230768 0.026442307692307692 0.052884615384615384
23 0.2608173076923077 0.18509615384615385 0.016826923076923076 0.014423076923076924
3 0.21394230769230768 0.1971153846153846 0.028846153846153848 0.019230769230769232
7 0.13701923076923078 0.19831730769230768 0.03365384615384615 0.055288461538461536
3 0.2980769230769231 0.19951923076923078 0.019230769230769232 0.014423076923076924
3 0.9026442307692307 0.2091346153846154 0.016826923076923076 0.014423076923076924
3 0.8990384615384616 0.22355769230769232 0.009615384615384616 0.009615384615384616
3 0.18389423076923078 0.23076923076923078 0.026442307692307692 0.019230769230769232
19 0.26322115384615385 0.234375 0.016826923076923076 0.07451923076923077
3 0.13701923076923078 0.2403846153846154 0.009615384615384616 0.009615384615384616
23 0.3137019230769231 0.24759615384615385 0.016826923076923076 0.014423076923076924
23 0.28365384615384615 0.2548076923076923 0.019230769230769232 0.014423076923076924
18 0.05048076923076923 0.25961538461538464 0.009615384615384616 0.028846153846153848
23 0.32091346153846156 0.2644230769230769 0.016826923076923076 0.014423076923076924
18 0.0985576923076923 0.2644230769230769 0.03365384615384615 0.052884615384615384
18 0.03125 0.28846153846153844 0.009615384615384616 0.03365384615384615
3 0.30528846153846156 0.29086538461538464 0.009615384615384616 0.009615384615384616
29 0.2824519230769231 0.3016826923076923 0.03125 0.055288461538461536
19 0.2247596153846154 0.3161057692307692 0.04567307692307692 0.23798076923076922
7 0.15985576923076922 0.31971153846153844 0.03125 0.0625
19 0.12620192307692307 0.32211538461538464 0.016826923076923076 0.14903846153846154
18 0.0625 0.3233173076923077 0.04326923076923077 0.07451923076923077
18 0.03245192307692308 0.32572115384615385 0.007211538461538462 0.03125
3 0.49399038461538464 0.328125 0.007211538461538462 0.016826923076923076
3 0.7512019230769231 0.3329326923076923 0.007211538461538462 0.016826923076923076
19 0.9615384615384616 0.33774038461538464 0.04326923076923077 0.25240384615384615
3 0.6502403846153846 0.33774038461538464 0.007211538461538462 0.016826923076923076
23 0.3004807692307692 0.03365384615384615 0.019230769230769232 0.019230769230769232
3 0.5276442307692307 0.3425480769230769 0.016826923076923076 0.06971153846153846
23 0.7199519230769231 0.34134615384615385 0.007211538461538462 0.03365384615384615
23 0.7295673076923077 0.3425480769230769 0.007211538461538462 0.03125
23 0.7403846153846154 0.34375 0.009615384615384616 0.03365384615384615
23 0.7103365384615384 0.34375 0.007211538461538462 0.03365384615384615
23 0.7007211538461539 0.3425480769230769 0.007211538461538462 0.03125
23 0.6814903846153846 0.3425480769230769 0.007211538461538462 0.03125
23 0.6911057692307693 0.3425480769230769 0.007211538461538462 0.03125
23 0.3233173076923077 0.3473557692307692 0.016826923076923076 0.016826923076923076
18 0.1045673076923077 0.34975961538461536 0.016826923076923076 0.06971153846153846
18 0.0889423076923077 0.3545673076923077 0.009615384615384616 0.03125
18 0.5048076923076923 0.3629807692307692 0.009615384615384616 0.03365384615384615
3 0.484375 0.36177884615384615 0.007211538461538462 0.03125
18 0.4639423076923077 0.3629807692307692 0.009615384615384616 0.03365384615384615
3 0.4362980769230769 0.3629807692307692 0.007211538461538462 0.028846153846153848
3 0.45552884615384615 0.3629807692307692 0.007211538461538462 0.028846153846153848
3 0.47475961538461536 0.3629807692307692 0.007211538461538462 0.028846153846153848
3 0.49399038461538464 0.3629807692307692 0.007211538461538462 0.028846153846153848
3 0.5132211538461539 0.3629807692307692 0.007211538461538462 0.028846153846153848
18 0.3954326923076923 0.3641826923076923 0.007211538461538462 0.03125
18 0.44591346153846156 0.3641826923076923 0.007211538461538462 0.03125
3 0.3858173076923077 0.36538461538461536 0.007211538461538462 0.028846153846153848
3 0.4074519230769231 0.36538461538461536 0.007211538461538462 0.028846153846153848
3 0.4170673076923077 0.36538461538461536 0.007211538461538462 0.028846153846153848
3 0.4266826923076923 0.36538461538461536 0.007211538461538462 0.028846153846153848
3 0.3473557692307692 0.36538461538461536 0.007211538461538462 0.028846153846153848
3 0.35697115384615385 0.36538461538461536 0.007211538461538462 0.028846153846153848
3 0.36658653846153844 0.36538461538461536 0.007211538461538462 0.028846153846153848
3 0.3762019230769231 0.36538461538461536 0.007211538461538462 0.028846153846153848
29 0.29447115384615385 0.36778846153846156 0.036057692307692304 0.052884615384615384
23 0.32211538461538464 0.3713942307692308 0.019230769230769232 0.01201923076923077
23 0.9050480769230769 0.37259615384615385 0.007211538461538462 0.028846153846153848
3 0.71875 0.3737980769230769 0.009615384615384616 0.01201923076923077
3 0.7043269230769231 0.375 0.009615384615384616 0.009615384615384616
3 0.6574519230769231 0.3737980769230769 0.007211538461538462 0.01201923076923077
3 0.6129807692307693 0.3762019230769231 0.009615384615384616 0.01201923076923077
3 0.625 0.38822115384615385 0.004807692307692308 0.016826923076923076
18 0.04326923076923077 0.390625 0.009615384615384616 0.03125
3 0.6574519230769231 0.3918269230769231 0.007211538461538462 0.009615384615384616
18 0.0733173076923077 0.390625 0.040865384615384616 0.036057692307692304
3 0.6430288461538461 0.3942307692307692 0.007211538461538462 0.009615384615384616
19 0.2644230769230769 0.40024038461538464 0.019230769230769232 0.07451923076923077
3 0.18629807692307693 0.4050480769230769 0.026442307692307692 0.021634615384615384
3 0.3629807692307692 0.40625 0.019230769230769232 0.014423076923076924
23 0.28846153846153844 0.4074519230769231 0.019230769230769232 0.016826923076923076
23 0.4579326923076923 0.4074519230769231 0.007211538461538462 0.03125
3 0.6310096153846154 0.4110576923076923 0.007211538461538462 0.009615384615384616
3 0.6778846153846154 0.4098557692307692 0.009615384615384616 0.01201923076923077
23 0.5504807692307693 0.4182692307692308 0.019230769230769232 0.014423076923076924
3 0.06490384615384616 0.421875 0.009615384615384616 0.01201923076923077
23 0.046875 0.4230769230769231 0.026442307692307692 0.019230769230769232
3 0.3641826923076923 0.4230769230769231 0.016826923076923076 0.014423076923076924
3 0.6153846153846154 0.4230769230769231 0.009615384615384616 0.009615384615384616
3 0.21514423076923078 0.4375 0.026442307692307692 0.019230769230769232
3 0.36177884615384615 0.43990384615384615 0.016826923076923076 0.014423076923076924
23 0.45913461538461536 0.43990384615384615 0.009615384615384616 0.028846153846153848
3 0.5528846153846154 0.44711538461538464 0.019230769230769232 0.014423076923076924
23 0.6730769230769231 0.45072115384615385 0.019230769230769232 0.016826923076923076
19 0.07572115384615384 0.4567307692307692 0.026442307692307692 0.04807692307692308
19 0.17908653846153846 0.4567307692307692 0.026442307692307692 0.04807692307692308
3 0.3641826923076923 0.45913461538461536 0.016826923076923076 0.014423076923076924
23 0.5504807692307693 0.4639423076923077 0.019230769230769232 0.014423076923076924
3 0.47836538461538464 0.46634615384615385 0.019230769230769232 0.014423076923076924
23 0.8701923076923077 0.4735576923076923 0.019230769230769232 0.014423076923076924
18 0.4579326923076923 0.47475961538461536 0.007211538461538462 0.03125
3 0.3641826923076923 0.47596153846153844 0.016826923076923076 0.014423076923076924
3 0.4411057692307692 0.47836538461538464 0.016826923076923076 0.014423076923076924
3 0.5504807692307693 0.4831730769230769 0.019230769230769232 0.014423076923076924
3 0.6778846153846154 0.4855769230769231 0.009615384615384616 0.009615384615384616
7 0.7992788461538461 0.04927884615384615 0.055288461538461536 0.06009615384615385
3 0.10576923076923077 0.49158653846153844 0.019230769230769232 0.016826923076923076
3 0.3641826923076923 0.49278846153846156 0.016826923076923076 0.014423076923076924
3 0.49038461538461536 0.49399038461538464 0.009615384615384616 0.01201923076923077
3 0.8978365384615384 0.49759615384615385 0.01201923076923077 0.009615384615384616
23 0.5504807692307693 0.5 0.019230769230769232 0.014423076923076924
3 0.6382211538461539 0.4987980769230769 0.007211538461538462 0.016826923076923076
3 0.6237980769230769 0.5012019230769231 0.007211538461538462 0.016826923076923076
3 0.8689903846153846 0.05048076923076923 0.055288461538461536 0.04807692307692308
18 0.4375 0.5012019230769231 0.009615384615384616 0.03125
3 0.6646634615384616 0.5036057692307693 0.007211538461538462 0.016826923076923076
18 0.45913461538461536 0.5084134615384616 0.009615384615384616 0.03125
3 0.6045673076923077 0.5084134615384616 0.007211538461538462 0.016826923076923076
3 0.3641826923076923 0.5096153846153846 0.016826923076923076 0.014423076923076924
3 0.296875 0.5120192307692307 0.007211538461538462 0.019230769230769232
3 0.5528846153846154 0.5168269230769231 0.019230769230769232 0.014423076923076924
3 0.23317307692307693 0.5180288461538461 0.004807692307692308 0.016826923076923076
3 0.25721153846153844 0.5180288461538461 0.004807692307692308 0.016826923076923076
23 0.6850961538461539 0.5180288461538461 0.009615384615384616 0.03125
3 0.22355769230769232 0.5180288461538461 0.004807692307692308 0.016826923076923076
3 0.2512019230769231 0.5180288461538461 0.007211538461538462 0.016826923076923076
3 0.9014423076923077 0.5192307692307693 0.019230769230769232 0.014423076923076924
3 0.31850961538461536 0.5192307692307693 0.016826923076923076 0.0673076923076923
3 0.6971153846153846 0.5216346153846154 0.009615384615384616 0.009615384615384616
3 0.7115384615384616 0.5204326923076923 0.009615384615384616 0.01201923076923077
23 0.1310096153846154 0.5228365384615384 0.016826923076923076 0.01201923076923077
23 0.20432692307692307 0.5228365384615384 0.009615384615384616 0.03125
23 0.03125 0.5240384615384616 0.009615384615384616 0.03365384615384615
3 0.5528846153846154 0.5336538461538461 0.019230769230769232 0.014423076923076924
3 0.5276442307692307 0.5336538461538461 0.016826923076923076 0.014423076923076924
3 0.4855769230769231 0.5348557692307693 0.019230769230769232 0.016826923076923076
3 0.5048076923076923 0.5348557692307693 0.019230769230769232 0.016826923076923076
3 0.45552884615384615 0.5348557692307693 0.016826923076923076 0.016826923076923076
3 0.42908653846153844 0.5360576923076923 0.016826923076923076 0.014423076923076924
23 0.2692307692307692 0.5348557692307693 0.019230769230769232 0.016826923076923076
3 0.5528846153846154 0.5504807692307693 0.019230769230769232 0.014423076923076924
23 0.8461538461538461 0.5552884615384616 0.009615384615384616 0.03365384615384615
3 0.7211538461538461 0.5564903846153846 0.009615384615384616 0.01201923076923077
3 0.7055288461538461 0.5588942307692307 0.01201923076923077 0.01201923076923077
3 0.1971153846153846 0.5588942307692307 0.009615384615384616 0.007211538461538462
3 0.6129807692307693 0.5600961538461539 0.009615384615384616 0.009615384615384616
3 0.3641826923076923 0.5625 0.016826923076923076 0.014423076923076924
3 0.45913461538461536 0.5625 0.009615384615384616 0.03365384615384615
3 0.4375 0.5673076923076923 0.009615384615384616 0.028846153846153848
3 0.6274038461538461 0.5721153846153846 0.004807692307692308 0.019230769230769232
3 0.6778846153846154 0.5769230769230769 0.009615384615384616 0.009615384615384616
3 0.6442307692307693 0.5757211538461539 0.009615384615384616 0.01201923076923077
7 0.9663461538461539 0.578125 0.03365384615384615 0.09375
3 0.27403846153846156 0.578125 0.009615384615384616 0.01201923076923077
23 0.19471153846153846 0.5793269230769231 0.019230769230769232 0.014423076923076924
3 0.3641826923076923 0.5793269230769231 0.016826923076923076 0.014423076923076924
3 0.49038461538461536 0.5817307692307693 0.009615384615384616 0.03365384615384615
3 0.6658653846153846 0.5841346153846154 0.009615384615384616 0.009615384615384616
3 0.45913461538461536 0.5949519230769231 0.009615384615384616 0.03125
3 0.5528846153846154 0.59375 0.019230769230769232 0.014423076923076924
3 0.6322115384615384 0.5949519230769231 0.009615384615384616 0.01201923076923077
18 0.47596153846153844 0.5961538461538461 0.009615384615384616 0.03365384615384615
3 0.3641826923076923 0.5985576923076923 0.016826923076923076 0.014423076923076924
3 0.1971153846153846 0.5985576923076923 0.009615384615384616 0.009615384615384616
3 0.43509615384615385 0.5997596153846154 0.009615384615384616 0.03125
3 0.4891826923076923 0.6033653846153846 0.007211538461538462 0.009615384615384616
3 0.26802884615384615 0.6045673076923077 0.016826923076923076 0.016826923076923076
3 0.6177884615384616 0.6069711538461539 0.009615384615384616 0.01201923076923077
3 0.5516826923076923 0.6129807692307693 0.016826923076923076 0.014423076923076924
3 0.19831730769230768 0.6129807692307693 0.016826923076923076 0.014423076923076924
3 0.3641826923076923 0.6153846153846154 0.016826923076923076 0.014423076923076924
3 0.4987980769230769 0.625 0.007211538461538462 0.03365384615384615
3 0.5516826923076923 0.6298076923076923 0.016826923076923076 0.014423076923076924
3 0.3641826923076923 0.6322115384615384 0.016826923076923076 0.014423076923076924
3 0.2620192307692308 0.640625 0.009615384615384616 0.01201923076923077
3 0.3641826923076923 0.6490384615384616 0.016826923076923076 0.014423076923076924
3 0.22355769230769232 0.6502403846153846 0.004807692307692308 0.016826923076923076
3 0.23798076923076922 0.6502403846153846 0.004807692307692308 0.016826923076923076
23 0.7379807692307693 0.6610576923076923 0.009615384615384616 0.03365384615384615
6 0.09975961538461539 0.6646634615384616 0.15625 0.25240384615384615
3 0.3641826923076923 0.6658653846153846 0.016826923076923076 0.014423076923076924
3 0.6778846153846154 0.6694711538461539 0.009615384615384616 0.01201923076923077