4 0.6442307692307693 0.6838942307692307 0.019230769230769232 0.01201923076923077
4 0.6394230769230769 0.7055288461538461 0.019230769230769232 0.01201923076923077
4 0.6346153846153846 0.7367788461538461 0.014423076923076924 0.01201923076923077
4 0.7427884615384616 0.3233173076923077 0.014423076923076924 0.01201923076923077
4 0.6009615384615384 0.8930288461538461 0.019230769230769232 0.021634615384615384
4 0.6634615384615384 0.6478365384615384 0.019230769230769232 0.01201923076923077
4 0.6466346153846154 0.7632211538461539 0.014423076923076924 0.01201923076923077
4 0.6706730769230769 0.6670673076923077 0.014423076923076924 0.01201923076923077
4 0.6502403846153846 0.7487980769230769 0.01201923076923077 0.01201923076923077
4 0.6177884615384616 0.8846153846153846 0.019230769230769232 0.009615384615384616
4 0.7067307692307693 0.5324519230769231 0.03365384615384615 0.016826923076923076
4 0.7007211538461539 0.5600961538461539 0.03125 0.014423076923076924
4 0.7115384615384616 0.5132211538461539 0.03365384615384615 0.016826923076923076
4 0.7043269230769231 0.5396634615384616 0.03365384615384615 0.016826923076923076
4 0.703125 0.5504807692307693 0.03125 0.014423076923076924
4 0.7692307692307693 0.28725961538461536 0.019230769230769232 0.01201923076923077
4 0.7283653846153846 0.4483173076923077 0.03365384615384615 0.016826923076923076
4 0.7259615384615384 0.4579326923076923 0.03365384615384615 0.016826923076923076
4 0.7259615384615384 0.4651442307692308 0.03365384615384615 0.016826923076923076
4 0.71875 0.49399038461538464 0.03365384615384615 0.016826923076923076
4 0.7163461538461539 0.5036057692307693 0.03365384615384615 0.016826923076923076
4 0.7115384615384616 0.5228365384615384 0.03365384615384615 0.016826923076923076
4 0.7668269230769231 0.2956730769230769 0.019230769230769232 0.009615384615384616
4 0.7235576923076923 0.47475961538461536 0.03365384615384615 0.016826923076923076
4 0.7211538461538461 0.484375 0.03365384615384615 0.016826923076923076
4 0.7704326923076923 0.30528846153846156 0.016826923076923076 0.009615384615384616
24 0.7932692307692307 0.25 0.019230769230769232 0.019230769230769232
14 0.7776442307692307 0.36538461538461536 0.055288461538461536 0.038461538461538464
24 0.8076923076923077 0.2548076923076923 0.019230769230769232 0.019230769230769232
24 0.6682692307692307 0.9014423076923077 0.028846153846153848 0.014423076923076924
18 0.6694711538461539 0.9807692307692307 0.10336538461538461 0.03365384615384615
18 0.6790865384615384 0.9591346153846154 0.10336538461538461 0.052884615384615384
18 0.8834134615384616 0.28846153846153844 0.06971153846153846 0.04326923076923077
7 0.8966346153846154 0.23677884615384615 0.0673076923076923 0.04567307692307692
4 0.921875 0.15144230769230768 0.05048076923076923 0.02403846153846154
7 0.9182692307692307 0.18269230769230768 0.0625 0.04326923076923077
24 0.9050480769230769 0.3605769230769231 0.016826923076923076 0.019230769230769232
18 0.9254807692307693 0.296875 0.019230769230769232 0.021634615384615384
18 0.9387019230769231 0.24639423076923078 0.021634615384615384 0.021634615384615384
6 0.7992788461538461 0.8269230769230769 0.12259615384615384 0.04807692307692308
18 0.9591346153846154 0.19831730769230768 0.019230769230769232 0.021634615384615384
6 0.8653846153846154 0.6021634615384616 0.22596153846153846 0.45913461538461536
24 0.9230769230769231 0.36658653846153844 0.019230769230769232 0.021634615384615384
4 0.7872596153846154 0.9338942307692307 0.01201923076923077 0.01201923076923077
4 0.8016826923076923 0.9435096153846154 0.021634615384615384 0.021634615384615384
24 0.9639423076923077 0.2920673076923077 0.03365384615384615 0.016826923076923076
24 0.9519230769230769 0.3449519230769231 0.03365384615384615 0.016826923076923076
24 0.9795673076923077 0.23918269230769232 0.036057692307692304 0.016826923076923076
14 0.9483173076923077 0.3737980769230769 0.03125 0.021634615384615384
19 0.9495192307692307 0.3317307692307692 0.09615384615384616 0.04807692307692308
19 0.9567307692307693 0.28125 0.08173076923076923 0.04807692307692308
19 0.9639423076923077 0.22596153846153846 0.0673076923076923 0.04807692307692308
24 0.9747596153846154 0.3786057692307692 0.021634615384615384 0.021634615384615384
4 0.8305288461538461 0.9735576923076923 0.06490384615384616 0.04807692307692308
24 0.015625 0.7932692307692307 0.03125 0.019230769230769232
24 0.18990384615384615 0.15264423076923078 0.019230769230769232 0.021634615384615384
24 0.20673076923076922 0.09375 0.03365384615384615 0.014423076923076924
29 0.19951923076923078 0.11899038461538461 0.0673076923076923 0.04567307692307692
6 0.12980769230769232 0.41225961538461536 0.22115384615384615 0.45913461538461536
23 0.18629807692307693 0.1814903846153846 0.06971153846153846 0.040865384615384616
29 0.23197115384615385 0.16346153846153846 0.06490384615384616 0.04326923076923077
4 0.10336538461538461 0.7151442307692307 0.014423076923076924 0.01201923076923077
19 0.26802884615384615 0.10817307692307693 0.04567307692307692 0.03365384615384615
19 0.29447115384615385 0.016826923076923076 0.06009615384615385 0.03365384615384615
24 0.25240384615384615 0.19230769230769232 0.019230769230769232 0.019230769230769232
4 0.27524038461538464 0.14903846153846154 0.026442307692307692 0.03365384615384615
7 0.2956730769230769 0.0733173076923077 0.0625 0.04567307692307692
4 0.25721153846153844 0.23197115384615385 0.019230769230769232 0.021634615384615384
4 0.1201923076923077 0.8197115384615384 0.019230769230769232 0.019230769230769232
4 0.13581730769230768 0.8209134615384616 0.01201923076923077 0.01201923076923077
4 0.31490384615384615 0.12860576923076922 0.02403846153846154 0.03125
19 0.2980769230769231 0.20673076923076922 0.07692307692307693 0.03365384615384615
4 0.33774038461538464 0.08533653846153846 0.01201923076923077 0.01201923076923077
24 0.3004807692307692 0.25721153846153844 0.019230769230769232 0.019230769230769232
24 0.31490384615384615 0.23197115384615385 0.019230769230769232 0.021634615384615384
18 0.375 0.007211538461538462 0.03365384615384615 0.014423076923076924
24 0.31490384615384615 0.2692307692307692 0.019230769230769232 0.019230769230769232
18 0.36899038461538464 0.054086538461538464 0.06009615384615385 0.04567307692307692
18 0.40865384615384615 0.002403846153846154 0.038461538461538464 0.004807692307692308
4 0.3449519230769231 0.2608173076923077 0.01201923076923077 0.01201923076923077
29 0.359375 0.2403846153846154 0.06009615384615385 0.04326923076923077
19 0.38822115384615385 0.18990384615384615 0.24278846153846154 0.10096153846153846
7 0.40625 0.12620192307692307 0.0673076923076923 0.04567307692307692
19 0.4182692307692308 0.09375 0.14903846153846154 0.052884615384615384
18 0.43509615384615385 0.03245192307692308 0.08173076923076923 0.06009615384615385
18 0.44471153846153844 0.006009615384615385 0.03365384615384615 0.01201923076923077
4 0.33413461538461536 0.453125 0.019230769230769232 0.01201923076923077
4 0.27884615384615385 0.703125 0.019230769230769232 0.01201923076923077
19 0.23076923076923078 0.9074519230769231 0.2548076923076923 0.10336538461538461
4 0.30528846153846156 0.6069711538461539 0.019230769230769232 0.01201923076923077
24 0.09615384615384616 0.19471153846153846 0.02403846153846154 0.02403846153846154
4 0.34134615384615385 0.4879807692307692 0.07211538461538461 0.03365384615384615
24 0.2932692307692308 0.6754807692307693 0.03365384615384615 0.014423076923076924
24 0.2920673076923077 0.6850961538461539 0.03125 0.014423076923076924
24 0.28966346153846156 0.6935096153846154 0.036057692307692304 0.016826923076923076
24 0.2980769230769231 0.6658653846153846 0.03365384615384615 0.014423076923076924
24 0.29927884615384615 0.65625 0.03125 0.014423076923076924
24 0.30408653846153844 0.6370192307692307 0.03125 0.014423076923076924
24 0.3016826923076923 0.6466346153846154 0.03125 0.014423076923076924
24 0.39663461538461536 0.29086538461538464 0.019230769230769232 0.019230769230769232
18 0.4495192307692308 0.07932692307692307 0.07211538461538461 0.03365384615384615
18 0.4567307692307692 0.06610576923076923 0.03365384615384615 0.016826923076923076
18 0.36658653846153844 0.4699519230769231 0.036057692307692304 0.016826923076923076
4 0.3713942307692308 0.4519230769230769 0.03125 0.014423076923076924
18 0.3762019230769231 0.43149038461538464 0.036057692307692304 0.016826923076923076
4 0.38221153846153844 0.40384615384615385 0.028846153846153848 0.014423076923076924
4 0.3798076923076923 0.4230769230769231 0.028846153846153848 0.014423076923076924
4 0.375 0.4423076923076923 0.028846153846153848 0.014423076923076924
4 0.3701923076923077 0.46153846153846156 0.028846153846153848 0.014423076923076924
4 0.36538461538461536 0.4807692307692308 0.028846153846153848 0.014423076923076924
18 0.39302884615384615 0.36538461538461536 0.03125 0.014423076923076924
18 0.38100961538461536 0.41346153846153844 0.03125 0.014423076923076924
4 0.39663461538461536 0.3557692307692308 0.028846153846153848 0.014423076923076924
4 0.3918269230769231 0.37740384615384615 0.028846153846153848 0.014423076923076924
4 0.3894230769230769 0.3870192307692308 0.028846153846153848 0.014423076923076924
4 0.3870192307692308 0.39663461538461536 0.028846153846153848 0.014423076923076924
4 0.40625 0.31971153846153844 0.028846153846153848 0.014423076923076924
4 0.40384615384615385 0.3293269230769231 0.028846153846153848 0.014423076923076924
4 0.4014423076923077 0.3389423076923077 0.028846153846153848 0.014423076923076924
4 0.39903846153846156 0.3485576923076923 0.028846153846153848 0.014423076923076924
29 0.421875 0.2668269230769231 0.06009615384615385 0.04807692307692308
24 0.4170673076923077 0.296875 0.016826923076923076 0.021634615384615384
24 0.27884615384615385 0.8629807692307693 0.028846153846153848 0.014423076923076924
4 0.3245192307692308 0.6814903846153846 0.014423076923076924 0.01201923076923077
4 0.328125 0.6670673076923077 0.01201923076923077 0.01201923076923077
4 0.3389423076923077 0.6225961538461539 0.014423076923076924 0.009615384615384616
4 0.35336538461538464 0.578125 0.014423076923076924 0.01201923076923077
4 0.36177884615384615 0.59375 0.016826923076923076 0.009615384615384616
18 0.5048076923076923 0.030048076923076924 0.03365384615384615 0.016826923076923076
4 0.35697115384615385 0.6274038461538461 0.01201923076923077 0.009615384615384616
18 0.4987980769230769 0.06009615384615385 0.04567307692307692 0.04807692307692308
4 0.36177884615384615 0.6129807692307693 0.01201923076923077 0.009615384615384616
19 0.45913461538461536 0.24879807692307693 0.07692307692307693 0.036057692307692304
4 0.484375 0.171875 0.026442307692307692 0.03125
4 0.4423076923076923 0.3449519230769231 0.019230769230769232 0.021634615384615384
24 0.46274038461538464 0.27283653846153844 0.021634615384615384 0.021634615384615384
24 0.421875 0.4375 0.03125 0.014423076923076924
4 0.38100961538461536 0.6057692307692307 0.01201923076923077 0.009615384615384616
4 0.3701923076923077 0.6502403846153846 0.014423076923076924 0.01201923076923077
24 0.40865384615384615 0.5300480769230769 0.019230769230769232 0.021634615384615384
4 0.5288461538461539 0.05889423076923077 0.014423076923076924 0.01201923076923077
24 0.5336538461538461 0.042067307692307696 0.02403846153846154 0.03125
4 0.45913461538461536 0.3485576923076923 0.019230769230769232 0.019230769230769232
4 0.39783653846153844 0.5949519230769231 0.01201923076923077 0.01201923076923077
4 0.5072115384615384 0.20793269230769232 0.02403846153846154 0.03125
4 0.47596153846153844 0.35096153846153844 0.019230769230769232 0.019230769230769232
24 0.453125 0.44591346153846156 0.03125 0.016826923076923076
4 0.43509615384615385 0.5372596153846154 0.019230769230769232 0.021634615384615384
24 0.4098557692307692 0.6574519230769231 0.021634615384615384 0.021634615384615384
19 0.5600961538461539 0.07932692307692307 0.052884615384615384 0.038461538461538464
19 0.5360576923076923 0.1778846153846154 0.052884615384615384 0.038461538461538464
4 0.49278846153846156 0.3581730769230769 0.019230769230769232 0.019230769230769232
24 0.4543269230769231 0.5396634615384616 0.019230769230769232 0.021634615384615384
4 0.4735576923076923 0.4723557692307692 0.019230769230769232 0.021634615384615384
24 0.38461538461538464 0.8521634615384616 0.019230769230769232 0.021634615384615384
18 0.484375 0.4543269230769231 0.03125 0.014423076923076924
4 0.5096153846153846 0.3605769230769231 0.019230769230769232 0.019230769230769232
4 0.49278846153846156 0.4375 0.019230769230769232 0.019230769230769232
4 0.47115384615384615 0.5444711538461539 0.019230769230769232 0.021634615384615384
4 0.44350961538461536 0.6670673076923077 0.01201923076923077 0.01201923076923077
7 0.014423076923076924 0.6814903846153846 0.028846153846153848 0.06971153846153846
4 0.5877403846153846 0.1141826923076923 0.021634615384615384 0.021634615384615384
4 0.5264423076923077 0.36538461538461536 0.019230769230769232 0.019230769230769232
4 0.49759615384615385 0.4891826923076923 0.014423076923076924 0.01201923076923077
4 0.4026442307692308 0.8870192307692307 0.01201923076923077 0.014423076923076924
24 0.4879807692307692 0.5492788461538461 0.019230769230769232 0.021634615384615384
4 0.46634615384615385 0.6334134615384616 0.019230769230769232 0.01201923076923077
4 0.47115384615384615 0.6189903846153846 0.019230769230769232 0.01201923076923077
18 0.5168269230769231 0.4387019230769231 0.03365384615384615 0.016826923076923076
4 0.4639423076923077 0.6598557692307693 0.019230769230769232 0.01201923076923077
18 0.5168269230769231 0.46274038461538464 0.03365384615384615 0.016826923076923076
4 0.4831730769230769 0.6021634615384616 0.019230769230769232 0.01201923076923077
4 0.5432692307692307 0.3701923076923077 0.019230769230769232 0.019230769230769232
4 0.5625 0.30408653846153844 0.019230769230769232 0.01201923076923077
4 0.5024038461538461 0.5540865384615384 0.019230769230769232 0.021634615384615384
4 0.5829326923076923 0.24519230769230768 0.016826923076923076 0.009615384615384616
4 0.5757211538461539 0.2692307692307692 0.016826923076923076 0.009615384615384616
24 0.47115384615384615 0.6838942307692307 0.03365384615384615 0.016826923076923076
4 0.5829326923076923 0.23557692307692307 0.016826923076923076 0.009615384615384616
4 0.5769230769230769 0.26322115384615385 0.019230769230769232 0.01201923076923077
4 0.4206730769230769 0.8930288461538461 0.019230769230769232 0.021634615384615384
4 0.5637019230769231 0.3269230769230769 0.06971153846153846 0.03365384615384615
4 0.4723557692307692 0.6959134615384616 0.01201923076923077 0.01201923076923077
4 0.46875 0.7103365384615384 0.014423076923076924 0.01201923076923077
24 0.6117788461538461 0.14903846153846154 0.016826923076923076 0.019230769230769232
24 0.59375 0.21754807692307693 0.03365384615384615 0.016826923076923076
24 0.6382211538461539 0.051682692307692304 0.036057692307692304 0.016826923076923076
4 0.5216346153846154 0.5588942307692307 0.019230769230769232 0.021634615384615384
4 0.5264423076923077 0.5336538461538461 0.019230769230769232 0.019230769230769232
4 0.5372596153846154 0.49399038461538464 0.021634615384615384 0.021634615384615384
4 0.5324519230769231 0.5132211538461539 0.021634615384615384 0.021634615384615384
4 0.5456730769230769 0.46634615384615385 0.019230769230769232 0.019230769230769232
4 0.5528846153846154 0.43990384615384615 0.019230769230769232 0.019230769230769232
24 0.5901442307692307 0.2848557692307692 0.021634615384615384 0.021634615384615384
4 0.5360576923076923 0.5637019230769231 0.019230769230769232 0.021634615384615384
24 0.4699519230769231 0.8497596153846154 0.036057692307692304 0.016826923076923076
4 0.5024038461538461 0.7271634615384616 0.014423076923076924 0.01201923076923077
4 0.5072115384615384 0.7139423076923077 0.014423076923076924 0.014423076923076924
4 0.6322115384615384 0.21995192307692307 0.009615384615384616 0.01201923076923077
4 0.5300480769230769 0.6237980769230769 0.01201923076923077 0.01201923076923077
4 0.59375 0.38221153846153844 0.019230769230769232 0.019230769230769232
4 0.5709134615384616 0.47475961538461536 0.036057692307692304 0.016826923076923076
4 0.5805288461538461 0.45552884615384615 0.03125 0.016826923076923076
4 0.5408653846153846 0.6394230769230769 0.019230769230769232 0.009615384615384616
4 0.5324519230769231 0.6911057692307693 0.01201923076923077 0.01201923076923077
4 0.5384615384615384 0.6574519230769231 0.014423076923076924 0.01201923076923077
7 0.46274038461538464 0.9723557692307693 0.0985576923076923 0.055288461538461536
4 0.6322115384615384 0.29927884615384615 0.014423076923076924 0.01201923076923077
24 0.6514423076923077 0.2247596153846154 0.019230769230769232 0.021634615384615384
4 0.6105769230769231 0.3870192307692308 0.019230769230769232 0.019230769230769232
4 0.5805288461538461 0.5084134615384616 0.036057692307692304 0.016826923076923076
4 0.5420673076923077 0.6814903846153846 0.01201923076923077 0.01201923076923077
4 0.6009615384615384 0.48197115384615385 0.03365384615384615 0.016826923076923076
4 0.5793269230769231 0.5733173076923077 0.019230769230769232 0.021634615384615384
4 0.5600961538461539 0.6526442307692307 0.014423076923076924 0.01201923076923077
18 0.5973557692307693 0.5012019230769231 0.036057692307692304 0.016826923076923076
4 0.6274038461538461 0.3918269230769231 0.019230769230769232 0.019230769230769232
4 0.6694711538461539 0.22956730769230768 0.01201923076923077 0.01201923076923077
4 0.6129807692307693 0.46274038461538464 0.03365384615384615 0.016826923076923076
4 0.6045673076923077 0.5144230769230769 0.01201923076923077 0.009615384615384616
4 0.6586538461538461 0.3004807692307692 0.019230769230769232 0.019230769230769232
4 0.5769230769230769 0.640625 0.014423076923076924 0.01201923076923077
4 0.5961538461538461 0.5769230769230769 0.019230769230769232 0.019230769230769232
4 0.6826923076923077 0.23557692307692307 0.019230769230769232 0.019230769230769232
4 0.6442307692307693 0.3942307692307692 0.019230769230769232 0.019230769230769232
4 0.6225961538461539 0.5288461538461539 0.03365384615384615 0.014423076923076924
4 0.6129807692307693 0.5817307692307693 0.019230769230769232 0.019230769230769232
4 0.6610576923076923 0.4014423076923077 0.019230769230769232 0.019230769230769232
4 0.6947115384615384 0.3016826923076923 0.014423076923076924 0.01201923076923077
4 0.6778846153846154 0.40384615384615385 0.019230769230769232 0.019230769230769232
4 0.7127403846153846 0.2692307692307692 0.016826923076923076 0.009615384615384616
4 0.7103365384615384 0.28365384615384615 0.016826923076923076 0.009615384615384616
24 0.5973557692307693 0.7680288461538461 0.036057692307692304 0.016826923076923076
6 0.7572115384615384 0.15144230769230768 0.28365384615384615 0.21153846153846154
4 0.6947115384615384 0.40865384615384615 0.019230769230769232 0.019230769230769232
4 0.6225961538461539 0.7151442307692307 0.014423076923076924 0.01201923076923077