4 0.33774038461538464 0.7175480769230769 0.01201923076923077 0.002403846153846154
4 0.3401442307692308 0.765625 0.007211538461538462 0.007211538461538462
4 0.3389423076923077 0.703125 0.004807692307692308 0.007211538461538462
24 0.34134615384615385 0.8473557692307693 0.004807692307692308 0.007211538461538462
24 0.3389423076923077 0.6766826923076923 0.004807692307692308 0.007211538461538462
24 0.3425480769230769 0.7536057692307693 0.01201923076923077 0.002403846153846154
24 0.34134615384615385 0.6045673076923077 0.004807692307692308 0.007211538461538462
4 0.3425480769230769 0.7487980769230769 0.01201923076923077 0.002403846153846154
24 0.3389423076923077 0.49759615384615385 0.004807692307692308 0.009615384615384616
4 0.3425480769230769 0.7103365384615384 0.01201923076923077 0.002403846153846154
4 0.3401442307692308 0.46875 0.016826923076923076 0.028846153846153848
24 0.34615384615384615 0.8064903846153846 0.004807692307692308 0.007211538461538462
24 0.34375 0.6670673076923077 0.004807692307692308 0.007211538461538462
24 0.34615384615384615 0.6766826923076923 0.004807692307692308 0.007211538461538462
24 0.35096153846153844 0.9555288461538461 0.004807692307692308 0.007211538461538462
24 0.3485576923076923 0.8473557692307693 0.004807692307692308 0.007211538461538462
19 0.3389423076923077 0.15745192307692307 0.019230769230769232 0.01201923076923077
19 0.33774038461538464 0.06610576923076923 0.016826923076923076 0.01201923076923077
24 0.3485576923076923 0.6045673076923077 0.004807692307692308 0.007211538461538462
24 0.3473557692307692 0.5901442307692307 0.01201923076923077 0.002403846153846154
24 0.34615384615384615 0.49759615384615385 0.004807692307692308 0.009615384615384616
9 0.34375 0.33052884615384615 0.028846153846153848 0.05048076923076923
24 0.35096153846153844 0.8112980769230769 0.004807692307692308 0.007211538461538462
4 0.35336538461538464 0.7704326923076923 0.004807692307692308 0.007211538461538462
24 0.35336538461538464 0.796875 0.004807692307692308 0.007211538461538462
4 0.35216346153846156 0.6887019230769231 0.007211538461538462 0.007211538461538462
24 0.35096153846153844 0.6670673076923077 0.004807692307692308 0.007211538461538462
24 0.3581730769230769 0.9555288461538461 0.004807692307692308 0.007211538461538462
24 0.3557692307692308 0.8461538461538461 0.004807692307692308 0.009615384615384616
4 0.35216346153846156 0.6262019230769231 0.007211538461538462 0.01201923076923077
4 0.3545673076923077 0.7223557692307693 0.01201923076923077 0.002403846153846154
4 0.35216346153846156 0.546875 0.01201923076923077 0.002403846153846154
4 0.3545673076923077 0.7139423076923077 0.01201923076923077 0.004807692307692308
4 0.3545673076923077 0.7415865384615384 0.01201923076923077 0.002403846153846154
4 0.35697115384615385 0.7451923076923077 0.01201923076923077 0.004807692307692308
4 0.359375 0.9795673076923077 0.007211538461538462 0.01201923076923077
4 0.3557692307692308 0.7283653846153846 0.019230769230769232 0.004807692307692308
4 0.35216346153846156 0.5492788461538461 0.01201923076923077 0.002403846153846154
24 0.3557692307692308 0.8112980769230769 0.004807692307692308 0.007211538461538462
24 0.3557692307692308 0.6045673076923077 0.004807692307692308 0.007211538461538462
4 0.359375 0.9086538461538461 0.01201923076923077 0.004807692307692308
4 0.359375 0.9038461538461539 0.01201923076923077 0.004807692307692308
24 0.35336538461538464 0.49759615384615385 0.004807692307692308 0.009615384615384616
4 0.35697115384615385 0.7079326923076923 0.007211538461538462 0.007211538461538462
24 0.36538461538461536 0.9555288461538461 0.004807692307692308 0.007211538461538462
24 0.3629807692307692 0.8461538461538461 0.004807692307692308 0.009615384615384616
4 0.36538461538461536 0.7512019230769231 0.004807692307692308 0.007211538461538462
24 0.3629807692307692 0.6045673076923077 0.004807692307692308 0.007211538461538462
4 0.3641826923076923 0.6766826923076923 0.007211538461538462 0.007211538461538462
4 0.36538461538461536 0.7704326923076923 0.004807692307692308 0.007211538461538462
24 0.3605769230769231 0.49759615384615385 0.004807692307692308 0.009615384615384616
4 0.36538461538461536 0.6887019230769231 0.004807692307692308 0.007211538461538462
24 0.37259615384615385 0.9555288461538461 0.004807692307692308 0.007211538461538462
24 0.37259615384615385 0.8461538461538461 0.004807692307692308 0.009615384615384616
4 0.3701923076923077 0.7704326923076923 0.004807692307692308 0.007211538461538462
4 0.3701923076923077 0.6887019230769231 0.004807692307692308 0.007211538461538462
24 0.3701923076923077 0.796875 0.004807692307692308 0.007211538461538462
24 0.3701923076923077 0.8064903846153846 0.004807692307692308 0.007211538461538462
4 0.3713942307692308 0.7079326923076923 0.007211538461538462 0.007211538461538462
24 0.3641826923076923 0.3112980769230769 0.01201923076923077 0.002403846153846154
4 0.3641826923076923 0.3245192307692308 0.01201923076923077 0.004807692307692308
4 0.3641826923076923 0.328125 0.01201923076923077 0.002403846153846154
24 0.3641826923076923 0.33413461538461536 0.01201923076923077 0.004807692307692308
24 0.3641826923076923 0.3449519230769231 0.01201923076923077 0.002403846153846154
24 0.3641826923076923 0.30528846153846156 0.01201923076923077 0.004807692307692308
24 0.3701923076923077 0.6069711538461539 0.004807692307692308 0.007211538461538462
24 0.36778846153846156 0.4963942307692308 0.004807692307692308 0.007211538461538462
4 0.3713942307692308 0.5685096153846154 0.01201923076923077 0.002403846153846154
4 0.3786057692307692 0.890625 0.01201923076923077 0.002403846153846154
4 0.37740384615384615 0.9014423076923077 0.019230769230769232 0.004807692307692308
4 0.3737980769230769 0.6490384615384616 0.01201923076923077 0.004807692307692308
4 0.3786057692307692 0.9182692307692307 0.01201923076923077 0.004807692307692308
4 0.3786057692307692 0.921875 0.01201923076923077 0.002403846153846154
4 0.3786057692307692 0.8858173076923077 0.01201923076923077 0.002403846153846154
4 0.37740384615384615 0.7512019230769231 0.004807692307692308 0.007211538461538462
4 0.37740384615384615 0.8064903846153846 0.004807692307692308 0.007211538461538462
24 0.38221153846153844 0.9555288461538461 0.004807692307692308 0.007211538461538462
24 0.375 0.6622596153846154 0.004807692307692308 0.007211538461538462
24 0.3798076923076923 0.8473557692307693 0.004807692307692308 0.007211538461538462
24 0.375 0.6045673076923077 0.004807692307692308 0.007211538461538462
4 0.3762019230769231 0.5637019230769231 0.01201923076923077 0.002403846153846154
4 0.3762019230769231 0.5420673076923077 0.01201923076923077 0.002403846153846154
4 0.3762019230769231 0.546875 0.01201923076923077 0.002403846153846154
4 0.37740384615384615 0.5516826923076923 0.019230769230769232 0.002403846153846154
4 0.3762019230769231 0.5588942307692307 0.01201923076923077 0.002403846153846154
4 0.3762019230769231 0.5324519230769231 0.01201923076923077 0.002403846153846154
4 0.3762019230769231 0.5372596153846154 0.01201923076923077 0.002403846153846154
24 0.375 0.49759615384615385 0.004807692307692308 0.009615384615384616
4 0.3786057692307692 0.6322115384615384 0.016826923076923076 0.028846153846153848
24 0.38221153846153844 0.6622596153846154 0.004807692307692308 0.007211538461538462
24 0.3870192307692308 0.9555288461538461 0.004807692307692308 0.007211538461538462
24 0.3870192307692308 0.8473557692307693 0.004807692307692308 0.007211538461538462
4 0.3858173076923077 0.7079326923076923 0.007211538461538462 0.01201923076923077
24 0.38461538461538464 0.6045673076923077 0.004807692307692308 0.007211538461538462
4 0.390625 0.8954326923076923 0.007211538461538462 0.01201923076923077
4 0.390625 0.9122596153846154 0.007211538461538462 0.01201923076923077
24 0.38221153846153844 0.49759615384615385 0.004807692307692308 0.009615384615384616
4 0.3762019230769231 0.036057692307692304 0.007211538461538462 0.014423076923076924
24 0.39663461538461536 0.9555288461538461 0.004807692307692308 0.007211538461538462
4 0.38822115384615385 0.5444711538461539 0.007211538461538462 0.01201923076923077
4 0.390625 0.6550480769230769 0.01201923076923077 0.002403846153846154
24 0.3942307692307692 0.8473557692307693 0.004807692307692308 0.007211538461538462
4 0.390625 0.5612980769230769 0.007211538461538462 0.01201923076923077
24 0.3918269230769231 0.6069711538461539 0.004807692307692308 0.007211538461538462
24 0.3894230769230769 0.4963942307692308 0.004807692307692308 0.007211538461538462
4 0.3942307692307692 0.7079326923076923 0.004807692307692308 0.007211538461538462
4 0.39783653846153844 0.8040865384615384 0.01201923076923077 0.002403846153846154
24 0.40384615384615385 0.953125 0.004807692307692308 0.007211538461538462
4 0.40024038461538464 0.8257211538461539 0.007211538461538462 0.01201923076923077
24 0.4014423076923077 0.8473557692307693 0.004807692307692308 0.007211538461538462
4 0.4026442307692308 0.8870192307692307 0.01201923076923077 0.004807692307692308
4 0.39783653846153844 0.6274038461538461 0.007211538461538462 0.014423076923076924
4 0.4026442307692308 0.890625 0.01201923076923077 0.002403846153846154
4 0.4026442307692308 0.9086538461538461 0.01201923076923077 0.004807692307692308
4 0.4026442307692308 0.9134615384615384 0.01201923076923077 0.004807692307692308
4 0.4026442307692308 0.9206730769230769 0.01201923076923077 0.004807692307692308
4 0.4026442307692308 0.9170673076923077 0.01201923076923077 0.002403846153846154
4 0.4026442307692308 0.8942307692307693 0.01201923076923077 0.004807692307692308
4 0.38822115384615385 0.038461538461538464 0.016826923076923076 0.028846153846153848
4 0.4026442307692308 0.9014423076923077 0.016826923076923076 0.004807692307692308
4 0.4014423076923077 0.7512019230769231 0.004807692307692308 0.007211538461538462
4 0.4014423076923077 0.7680288461538461 0.004807692307692308 0.007211538461538462
4 0.4014423076923077 0.6887019230769231 0.004807692307692308 0.007211538461538462
24 0.39903846153846156 0.6045673076923077 0.004807692307692308 0.007211538461538462
24 0.39903846153846156 0.4951923076923077 0.004807692307692308 0.009615384615384616
19 0.4074519230769231 0.9831730769230769 0.04567307692307692 0.03365384615384615
19 0.39903846153846156 0.46274038461538464 0.04807692307692308 0.036057692307692304
4 0.40024038461538464 0.5685096153846154 0.01201923076923077 0.002403846153846154
4 0.40024038461538464 0.5324519230769231 0.01201923076923077 0.002403846153846154
4 0.4026442307692308 0.5637019230769231 0.01201923076923077 0.002403846153846154
4 0.4026442307692308 0.5372596153846154 0.01201923076923077 0.002403846153846154
4 0.40384615384615385 0.5504807692307693 0.019230769230769232 0.004807692307692308
4 0.40865384615384615 0.7680288461538461 0.004807692307692308 0.007211538461538462
24 0.4110576923076923 0.9555288461538461 0.004807692307692308 0.007211538461538462
4 0.4098557692307692 0.8257211538461539 0.007211538461538462 0.01201923076923077
24 0.40865384615384615 0.8473557692307693 0.004807692307692308 0.007211538461538462
4 0.4074519230769231 0.7512019230769231 0.007211538461538462 0.007211538461538462
4 0.40625 0.7055288461538461 0.004807692307692308 0.007211538461538462
24 0.40625 0.6045673076923077 0.004807692307692308 0.007211538461538462
4 0.4074519230769231 0.6274038461538461 0.007211538461538462 0.014423076923076924
19 0.40384615384615385 0.3293269230769231 0.028846153846153848 0.0673076923076923
24 0.40625 0.4951923076923077 0.004807692307692308 0.009615384615384616
4 0.4098557692307692 0.6694711538461539 0.01201923076923077 0.002403846153846154
24 0.4182692307692308 0.9519230769230769 0.004807692307692308 0.009615384615384616
4 0.4026442307692308 0.036057692307692304 0.007211538461538462 0.014423076923076924
24 0.41586538461538464 0.8473557692307693 0.004807692307692308 0.007211538461538462
4 0.4170673076923077 0.8257211538461539 0.007211538461538462 0.01201923076923077
4 0.41466346153846156 0.7283653846153846 0.016826923076923076 0.004807692307692308
4 0.4170673076923077 0.7896634615384616 0.01201923076923077 0.002403846153846154
24 0.4110576923076923 0.4951923076923077 0.004807692307692308 0.009615384615384616
4 0.41466346153846156 0.7223557692307693 0.01201923076923077 0.002403846153846154
19 0.4110576923076923 0.4014423076923077 0.019230769230769232 0.014423076923076924
24 0.41586538461538464 0.6045673076923077 0.004807692307692308 0.007211538461538462
4 0.4170673076923077 0.7139423076923077 0.01201923076923077 0.004807692307692308
4 0.4170673076923077 0.7439903846153846 0.01201923076923077 0.002403846153846154
4 0.4170673076923077 0.7079326923076923 0.01201923076923077 0.002403846153846154
4 0.4170673076923077 0.7487980769230769 0.01201923076923077 0.002403846153846154
4 0.4170673076923077 0.7175480769230769 0.01201923076923077 0.002403846153846154
4 0.4170673076923077 0.734375 0.01201923076923077 0.002403846153846154
4 0.4170673076923077 0.7391826923076923 0.01201923076923077 0.002403846153846154
24 0.41947115384615385 0.8665865384615384 0.01201923076923077 0.002403846153846154
4 0.4182692307692308 0.6887019230769231 0.004807692307692308 0.007211538461538462
4 0.41947115384615385 0.6274038461538461 0.007211538461538462 0.014423076923076924
24 0.4254807692307692 0.953125 0.004807692307692308 0.007211538461538462
24 0.4230769230769231 0.8461538461538461 0.004807692307692308 0.009615384615384616
4 0.41947115384615385 0.5492788461538461 0.01201923076923077 0.002403846153846154
4 0.41947115384615385 0.5444711538461539 0.01201923076923077 0.002403846153846154
24 0.4230769230769231 0.6045673076923077 0.004807692307692308 0.007211538461538462
4 0.4266826923076923 0.9038461538461539 0.01201923076923077 0.004807692307692308
24 0.4206730769230769 0.4951923076923077 0.004807692307692308 0.009615384615384616
4 0.4266826923076923 0.9074519230769231 0.01201923076923077 0.002403846153846154
4 0.4254807692307692 0.7608173076923077 0.004807692307692308 0.007211538461538462
4 0.4254807692307692 0.6971153846153846 0.004807692307692308 0.009615384615384616
24 0.41466346153846156 0.03485576923076923 0.007211538461538462 0.007211538461538462
24 0.4326923076923077 0.953125 0.004807692307692308 0.007211538461538462
4 0.42908653846153844 0.7139423076923077 0.01201923076923077 0.004807692307692308
4 0.42908653846153844 0.7536057692307693 0.01201923076923077 0.002403846153846154
24 0.43028846153846156 0.8473557692307693 0.004807692307692308 0.007211538461538462
4 0.43028846153846156 0.6959134615384616 0.004807692307692308 0.007211538461538462
24 0.43028846153846156 0.6045673076923077 0.004807692307692308 0.007211538461538462
4 0.4338942307692308 0.8257211538461539 0.007211538461538462 0.01201923076923077
24 0.42788461538461536 0.4951923076923077 0.004807692307692308 0.009615384615384616
4 0.4326923076923077 0.7608173076923077 0.004807692307692308 0.007211538461538462
4 0.4326923076923077 0.6742788461538461 0.004807692307692308 0.007211538461538462
4 0.4326923076923077 0.7055288461538461 0.004807692307692308 0.007211538461538462
24 0.4254807692307692 0.3581730769230769 0.014423076923076924 0.004807692307692308
24 0.4266826923076923 0.33653846153846156 0.01201923076923077 0.004807692307692308
24 0.4266826923076923 0.34615384615384615 0.01201923076923077 0.004807692307692308
24 0.4266826923076923 0.3245192307692308 0.01201923076923077 0.004807692307692308
4 0.4338942307692308 0.7175480769230769 0.01201923076923077 0.002403846153846154
4 0.4362980769230769 0.7487980769230769 0.01201923076923077 0.002403846153846154
4 0.4362980769230769 0.7427884615384616 0.01201923076923077 0.004807692307692308
24 0.43990384615384615 0.953125 0.004807692307692308 0.007211538461538462
24 0.4375 0.8449519230769231 0.004807692307692308 0.007211538461538462
4 0.4375 0.7824519230769231 0.004807692307692308 0.007211538461538462
4 0.4375 0.6742788461538461 0.004807692307692308 0.007211538461538462
24 0.4375 0.6045673076923077 0.004807692307692308 0.007211538461538462
4 0.44591346153846156 0.9771634615384616 0.007211538461538462 0.01201923076923077
4 0.4411057692307692 0.6274038461538461 0.007211538461538462 0.014423076923076924
24 0.43028846153846156 0.03485576923076923 0.004807692307692308 0.007211538461538462
24 0.44711538461538464 0.8473557692307693 0.004807692307692308 0.007211538461538462
24 0.4483173076923077 0.765625 0.01201923076923077 0.002403846153846154
9 0.4423076923076923 0.46033653846153844 0.028846153846153848 0.05048076923076923
4 0.4519230769230769 0.8233173076923077 0.004807692307692308 0.007211538461538462
24 0.453125 0.9350961538461539 0.01201923076923077 0.004807692307692308
24 0.453125 0.9411057692307693 0.01201923076923077 0.002403846153846154
4 0.4495192307692308 0.796875 0.004807692307692308 0.007211538461538462
24 0.45072115384615385 0.8701923076923077 0.01201923076923077 0.004807692307692308
24 0.453125 0.8870192307692307 0.01201923076923077 0.004807692307692308
24 0.453125 0.8918269230769231 0.01201923076923077 0.004807692307692308
24 0.4519230769230769 0.8966346153846154 0.014423076923076924 0.004807692307692308
24 0.453125 0.9086538461538461 0.01201923076923077 0.004807692307692308
24 0.453125 0.9182692307692307 0.01201923076923077 0.004807692307692308
24 0.453125 0.9242788461538461 0.01201923076923077 0.002403846153846154
24 0.4495192307692308 0.7415865384615384 0.004807692307692308 0.007211538461538462
24 0.45072115384615385 0.8533653846153846 0.01201923076923077 0.004807692307692308
24 0.45072115384615385 0.8641826923076923 0.01201923076923077 0.002403846153846154
24 0.453125 0.9134615384615384 0.01201923076923077 0.004807692307692308
24 0.453125 0.9302884615384616 0.01201923076923077 0.004807692307692308
24 0.4483173076923077 0.5793269230769231 0.01201923076923077 0.004807692307692308
24 0.453125 0.8581730769230769 0.01201923076923077 0.004807692307692308
24 0.453125 0.875 0.01201923076923077 0.004807692307692308
24 0.453125 0.9038461538461539 0.01201923076923077 0.004807692307692308
24 0.453125 0.9471153846153846 0.01201923076923077 0.004807692307692308
24 0.4483173076923077 0.5540865384615384 0.01201923076923077 0.002403846153846154
24 0.4483173076923077 0.5588942307692307 0.01201923076923077 0.002403846153846154
24 0.4483173076923077 0.5649038461538461 0.01201923076923077 0.004807692307692308
24 0.4483173076923077 0.5685096153846154 0.01201923076923077 0.002403846153846154
24 0.4483173076923077 0.5757211538461539 0.01201923076923077 0.002403846153846154
24 0.4483173076923077 0.5853365384615384 0.01201923076923077 0.002403846153846154
24 0.4483173076923077 0.5925480769230769 0.01201923076923077 0.002403846153846154
24 0.4483173076923077 0.5973557692307693 0.01201923076923077 0.002403846153846154
24 0.453125 0.8810096153846154 0.01201923076923077 0.002403846153846154
24 0.44591346153846156 0.5084134615384616 0.01201923076923077 0.002403846153846154
24 0.44591346153846156 0.5252403846153846 0.01201923076923077 0.002403846153846154
24 0.44591346153846156 0.5300480769230769 0.01201923076923077 0.002403846153846154
24 0.4483173076923077 0.5372596153846154 0.01201923076923077 0.002403846153846154
24 0.4483173076923077 0.546875 0.01201923076923077 0.002403846153846154
24 0.44591346153846156 0.515625 0.01201923076923077 0.002403846153846154
24 0.4483173076923077 0.5420673076923077 0.01201923076923077 0.002403846153846154
24 0.44591346153846156 0.5036057692307693 0.01201923076923077 0.002403846153846154
24 0.44591346153846156 0.5204326923076923 0.01201923076923077 0.002403846153846154
24 0.44350961538461536 0.24879807692307693 0.007211538461538462 0.007211538461538462
4 0.45552884615384615 0.9771634615384616 0.007211538461538462 0.01201923076923077
4 0.44350961538461536 0.18990384615384615 0.016826923076923076 0.028846153846153848
4 0.4567307692307692 0.796875 0.004807692307692308 0.007211538461538462
24 0.4567307692307692 0.7415865384615384 0.004807692307692308 0.007211538461538462
4 0.4543269230769231 0.6622596153846154 0.004807692307692308 0.007211538461538462
4 0.4639423076923077 0.8233173076923077 0.004807692307692308 0.007211538461538462
4 0.46153846153846156 0.7956730769230769 0.004807692307692308 0.009615384615384616
4 0.46153846153846156 0.6622596153846154 0.004807692307692308 0.007211538461538462
4 0.46153846153846156 0.7103365384615384 0.004807692307692308 0.007211538461538462
4 0.46153846153846156 0.6237980769230769 0.004807692307692308 0.007211538461538462
19 0.45552884615384615 0.23918269230769232 0.016826923076923076 0.036057692307692304
4 0.4651442307692308 0.6959134615384616 0.01201923076923077 0.002403846153846154
4 0.45552884615384615 0.18269230769230768 0.007211538461538462 0.009615384615384616
24 0.47115384615384615 0.8978365384615384 0.004807692307692308 0.01201923076923077
4 0.46875 0.7463942307692307 0.004807692307692308 0.007211538461538462
24 0.46875 0.7367788461538461 0.004807692307692308 0.007211538461538462
24 0.46875 0.7199519230769231 0.004807692307692308 0.007211538461538462
4 0.4699519230769231 0.6213942307692307 0.007211538461538462 0.01201923076923077
19 0.4651442307692308 0.37740384615384615 0.03125 0.03365384615384615
9 0.45913461538461536 0.04927884615384615 0.028846153846153848 0.05048076923076923
4 0.47596153846153844 0.8389423076923077 0.014423076923076924 0.028846153846153848
19 0.4699519230769231 0.4483173076923077 0.016826923076923076 0.01201923076923077
4 0.47596153846153844 0.7956730769230769 0.004807692307692308 0.009615384615384616
24 0.4735576923076923 0.7367788461538461 0.004807692307692308 0.007211538461538462
24 0.4735576923076923 0.7175480769230769 0.004807692307692308 0.007211538461538462
19 0.47596153846153844 0.8641826923076923 0.014423076923076924 0.01201923076923077
19 0.4795673076923077 0.96875 0.036057692307692304 0.02403846153846154
4 0.47475961538461536 0.5516826923076923 0.007211538461538462 0.01201923076923077
4 0.4807692307692308 0.7908653846153846 0.004807692307692308 0.009615384615384616
4 0.4807692307692308 0.7175480769230769 0.004807692307692308 0.007211538461538462
4 0.47836538461538464 0.6598557692307693 0.004807692307692308 0.007211538461538462
4 0.48197115384615385 0.5492788461538461 0.007211538461538462 0.01201923076923077
9 0.4879807692307692 0.8990384615384616 0.028846153846153848 0.04807692307692308
4 0.4891826923076923 0.9423076923076923 0.007211538461538462 0.014423076923076924
4 0.47716346153846156 0.23677884615384615 0.016826923076923076 0.026442307692307692
4 0.484375 0.5192307692307693 0.016826923076923076 0.028846153846153848
4 0.48677884615384615 0.6237980769230769 0.016826923076923076 0.026442307692307692
4 0.49278846153846156 0.8173076923076923 0.019230769230769232 0.004807692307692308
4 0.4831730769230769 0.16346153846153846 0.004807692307692308 0.009615384615384616
4 0.49158653846153844 0.6454326923076923 0.007211538461538462 0.01201923076923077
9 0.49038461538461536 0.4579326923076923 0.028846153846153848 0.05048076923076923
9 0.5 0.8449519230769231 0.028846153846153848 0.05048076923076923
19 0.4963942307692308 0.5949519230769231 0.016826923076923076 0.01201923076923077
4 0.5024038461538461 0.8052884615384616 0.019230769230769232 0.004807692307692308
9 0.5 0.5588942307692307 0.028846153846153848 0.05048076923076923
4 0.5060096153846154 0.9423076923076923 0.007211538461538462 0.014423076923076924
4 0.4987980769230769 0.23798076923076922 0.007211538461538462 0.014423076923076924
4 0.5060096153846154 0.6225961538461539 0.016826923076923076 0.028846153846153848
9 0.5 0.04927884615384615 0.028846153846153848 0.05048076923076923
4 0.5144230769230769 0.7115384615384616 0.019230769230769232 0.004807692307692308
4 0.5180288461538461 0.8473557692307693 0.007211538461538462 0.01201923076923077
4 0.5144230769230769 0.6971153846153846 0.019230769230769232 0.004807692307692308
4 0.5168269230769231 0.7980769230769231 0.019230769230769232 0.004807692307692308
24 0.515625 0.7824519230769231 0.021634615384615384 0.007211538461538462
24 0.515625 0.7920673076923077 0.021634615384615384 0.007211538461538462
24 0.5132211538461539 0.671875 0.021634615384615384 0.007211538461538462
24 0.515625 0.6622596153846154 0.021634615384615384 0.007211538461538462
4 0.5168269230769231 0.6778846153846154 0.019230769230769232 0.004807692307692308
4 0.515625 0.6850961538461539 0.01201923076923077 0.004807692307692308
4 0.5168269230769231 0.7668269230769231 0.019230769230769232 0.004807692307692308
9 0.5192307692307693 0.9002403846153846 0.028846153846153848 0.05048076923076923
4 0.5144230769230769 0.6514423076923077 0.019230769230769232 0.004807692307692308
4 0.5168269230769231 0.7740384615384616 0.019230769230769232 0.004807692307692308
4 0.5108173076923077 0.18990384615384615 0.007211538461538462 0.009615384615384616
4 0.5108173076923077 0.16826923076923078 0.007211538461538462 0.009615384615384616
4 0.515625 0.4795673076923077 0.016826923076923076 0.026442307692307692
4 0.5108173076923077 0.21153846153846154 0.007211538461538462 0.009615384615384616
4 0.5192307692307693 0.6225961538461539 0.009615384615384616 0.014423076923076924
4 0.5252403846153846 0.9399038461538461 0.016826923076923076 0.028846153846153848
4 0.5252403846153846 0.8473557692307693 0.007211538461538462 0.01201923076923077
4 0.5276442307692307 0.8209134615384616 0.016826923076923076 0.026442307692307692
4 0.5300480769230769 0.6225961538461539 0.007211538461538462 0.014423076923076924
4 0.5228365384615384 0.19110576923076922 0.016826923076923076 0.026442307692307692
4 0.5372596153846154 0.8990384615384616 0.002403846153846154 0.009615384615384616
4 0.5372596153846154 0.8509615384615384 0.016826923076923076 0.028846153846153848
9 0.5336538461538461 0.5588942307692307 0.028846153846153848 0.05048076923076923
4 0.5348557692307693 0.4795673076923077 0.016826923076923076 0.026442307692307692
19 0.5336538461538461 0.14423076923076922 0.25 0.019230769230769232
19 0.5324519230769231 0.008413461538461538 0.25721153846153844 0.016826923076923076
4 0.5348557692307693 0.18870192307692307 0.007211538461538462 0.007211538461538462
4 0.5372596153846154 0.2091346153846154 0.007211538461538462 0.009615384615384616
4 0.5348557692307693 0.1658653846153846 0.007211538461538462 0.009615384615384616
9 0.5504807692307693 0.7367788461538461 0.028846153846153848 0.05048076923076923
9 0.5528846153846154 0.6742788461538461 0.028846153846153848 0.05048076923076923
19 0.5576923076923077 0.9699519230769231 0.08653846153846154 0.026442307692307692
9 0.5552884615384616 0.7944711538461539 0.028846153846153848 0.05048076923076923
4 0.5540865384615384 0.6225961538461539 0.016826923076923076 0.028846153846153848
4 0.5588942307692307 0.8473557692307693 0.007211538461538462 0.01201923076923077
4 0.5588942307692307 0.4951923076923077 0.007211538461538462 0.014423076923076924
4 0.5661057692307693 0.5552884615384616 0.016826923076923076 0.028846153846153848
4 0.5649038461538461 0.4951923076923077 0.004807692307692308 0.009615384615384616
4 0.5757211538461539 0.8485576923076923 0.016826923076923076 0.028846153846153848
4 0.578125 0.7956730769230769 0.016826923076923076 0.028846153846153848
4 0.578125 0.7259615384615384 0.016826923076923076 0.028846153846153848
4 0.5805288461538461 0.6225961538461539 0.016826923076923076 0.028846153846153848
9 0.5889423076923077 0.6766826923076923 0.028846153846153848 0.05048076923076923
4 0.5973557692307693 0.8473557692307693 0.016826923076923076 0.026442307692307692
4 0.5973557692307693 0.7932692307692307 0.016826923076923076 0.028846153846153848
19 0.5913461538461539 0.2439903846153846 0.14423076923076922 0.026442307692307692
4 0.59375 0.1658653846153846 0.004807692307692308 0.009615384615384616
4 0.5925480769230769 0.18990384615384615 0.007211538461538462 0.014423076923076924
4 0.5949519230769231 0.2091346153846154 0.007211538461538462 0.009615384615384616
9 0.0673076923076923 0.8173076923076923 0.028846153846153848 0.04807692307692308
9 0.6201923076923077 0.9002403846153846 0.028846153846153848 0.05048076923076923
4 0.6141826923076923 0.18990384615384615 0.016826923076923076 0.028846153846153848
19 0.6286057692307693 0.8125 0.016826923076923076 0.014423076923076924
19 0.6310096153846154 0.9675480769230769 0.036057692307692304 0.026442307692307692
19 0.6274038461538461 0.6213942307692307 0.019230769230769232 0.01201923076923077
19 0.6237980769230769 0.5084134615384616 0.016826923076923076 0.01201923076923077
4 0.6478365384615384 0.90625 0.016826923076923076 0.028846153846153848
4 0.6442307692307693 0.5036057692307693 0.004807692307692308 0.007211538461538462
4 0.6502403846153846 0.4807692307692308 0.016826923076923076 0.028846153846153848
4 0.6538461538461539 0.5036057692307693 0.004807692307692308 0.007211538461538462
19 0.6538461538461539 0.18990384615384615 0.019230769230769232 0.014423076923076924
4 0.6754807692307693 0.9086538461538461 0.004807692307692308 0.009615384615384616
24 0.07091346153846154 0.6995192307692307 0.01201923076923077 0.004807692307692308
24 0.07091346153846154 0.7067307692307693 0.01201923076923077 0.004807692307692308
4 0.6682692307692307 0.3918269230769231 0.004807692307692308 0.009615384615384616
4 0.6766826923076923 0.8846153846153846 0.016826923076923076 0.028846153846153848
24 0.07091346153846154 0.7115384615384616 0.01201923076923077 0.004807692307692308
24 0.07091346153846154 0.7271634615384616 0.01201923076923077 0.002403846153846154
24 0.07091346153846154 0.7439903846153846 0.01201923076923077 0.002403846153846154
24 0.0733173076923077 0.7548076923076923 0.01201923076923077 0.004807692307692308
24 0.07091346153846154 0.7223557692307693 0.01201923076923077 0.002403846153846154
24 0.07091346153846154 0.7331730769230769 0.01201923076923077 0.004807692307692308
24 0.0733173076923077 0.75 0.01201923076923077 0.004807692307692308
24 0.0733173076923077 0.7608173076923077 0.01201923076923077 0.002403846153846154
24 0.07091346153846154 0.7163461538461539 0.01201923076923077 0.004807692307692308
4 0.06850961538461539 0.5877403846153846 0.016826923076923076 0.026442307692307692
24 0.0733173076923077 0.7668269230769231 0.01201923076923077 0.004807692307692308
4 0.6826923076923077 0.9086538461538461 0.004807692307692308 0.009615384615384616
24 0.6790865384615384 0.6466346153846154 0.01201923076923077 0.004807692307692308
24 0.6814903846153846 0.6947115384615384 0.01201923076923077 0.004807692307692308
24 0.6814903846153846 0.703125 0.01201923076923077 0.002403846153846154
24 0.6814903846153846 0.6346153846153846 0.01201923076923077 0.004807692307692308
24 0.6814903846153846 0.6586538461538461 0.01201923076923077 0.004807692307692308
24 0.6790865384615384 0.5228365384615384 0.01201923076923077 0.002403846153846154
24 0.6790865384615384 0.6021634615384616 0.01201923076923077 0.002403846153846154
24 0.6814903846153846 0.6129807692307693 0.01201923076923077 0.004807692307692308
24 0.6814903846153846 0.6237980769230769 0.01201923076923077 0.002403846153846154
24 0.6814903846153846 0.6694711538461539 0.01201923076923077 0.002403846153846154
24 0.6814903846153846 0.6826923076923077 0.01201923076923077 0.004807692307692308
24 0.6790865384615384 0.5901442307692307 0.01201923076923077 0.002403846153846154
9 0.06971153846153846 0.6514423076923077 0.028846153846153848 0.04807692307692308
24 0.07091346153846154 0.7391826923076923 0.01201923076923077 0.002403846153846154
24 0.6790865384615384 0.5444711538461539 0.01201923076923077 0.002403846153846154
24 0.6790865384615384 0.578125 0.01201923076923077 0.002403846153846154
24 0.6790865384615384 0.5324519230769231 0.01201923076923077 0.002403846153846154
24 0.6790865384615384 0.5685096153846154 0.01201923076923077 0.002403846153846154
24 0.6814903846153846 0.5564903846153846 0.01201923076923077 0.002403846153846154
9 0.6790865384615384 0.47716346153846156 0.03125 0.05048076923076923
19 0.6923076923076923 0.8293269230769231 0.052884615384615384 0.038461538461538464
24 0.6923076923076923 0.7872596153846154 0.004807692307692308 0.007211538461538462
19 0.6923076923076923 0.7716346153846154 0.052884615384615384 0.038461538461538464
24 0.6923076923076923 0.8161057692307693 0.004807692307692308 0.007211538461538462
19 0.6875 0.375 0.03365384615384615 0.03365384615384615
19 0.7067307692307693 0.9627403846153846 0.057692307692307696 0.06009615384615385
19 0.703125 0.6117788461538461 0.036057692307692304 0.19471153846153846
9 0.7163461538461539 0.47716346153846156 0.028846153846153848 0.05048076923076923
9 0.7283653846153846 0.8930288461538461 0.028846153846153848 0.05048076923076923
19 0.7307692307692307 0.35096153846153844 0.019230769230769232 0.014423076923076924
19 0.7487980769230769 0.8389423076923077 0.016826923076923076 0.014423076923076924
19 0.75 0.6033653846153846 0.019230769230769232 0.014423076923076924
24 0.08052884615384616 0.6887019230769231 0.007211538461538462 0.007211538461538462
9 0.7644230769230769 0.890625 0.028846153846153848 0.05048076923076923
24 0.08173076923076923 0.7788461538461539 0.004807692307692308 0.009615384615384616
19 0.7704326923076923 0.23197115384615385 0.14182692307692307 0.016826923076923076
4 0.08774038461538461 0.796875 0.007211538461538462 0.01201923076923077
24 0.08774038461538461 0.7788461538461539 0.007211538461538462 0.009615384615384616
24 0.0889423076923077 0.6875 0.004807692307692308 0.009615384615384616
19 0.8461538461538461 0.890625 0.057692307692307696 0.016826923076923076
19 0.8413461538461539 0.6682692307692307 0.057692307692307696 0.019230769230769232
19 0.8413461538461539 0.5697115384615384 0.057692307692307696 0.019230769230769232
19 0.84375 0.7920673076923077 0.057692307692307696 0.016826923076923076
19 0.8389423076923077 0.3401442307692308 0.057692307692307696 0.016826923076923076
19 0.8413461538461539 0.4362980769230769 0.057692307692307696 0.016826923076923076
19 0.84375 0.27163461538461536 0.019230769230769232 0.014423076923076924
6 0.8545673076923077 0.8413461538461539 0.040865384615384616 0.057692307692307696
6 0.8533653846153846 0.6189903846153846 0.038461538461538464 0.06009615384615385
6 0.8509615384615384 0.38822115384615385 0.04326923076923077 0.06009615384615385
19 0.8737980769230769 0.7199519230769231 0.016826923076923076 0.01201923076923077
19 0.8713942307692307 0.49038461538461536 0.021634615384615384 0.014423076923076924
9 0.09495192307692307 0.8858173076923077 0.03125 0.05048076923076923
19 0.8918269230769231 0.9435096153846154 0.019230769230769232 0.01201923076923077
4 0.09735576923076923 0.8245192307692307 0.016826923076923076 0.028846153846153848
24 0.09615384615384616 0.7788461538461539 0.004807692307692308 0.009615384615384616
24 0.09615384615384616 0.6887019230769231 0.004807692307692308 0.007211538461538462
19 0.08533653846153846 0.16466346153846154 0.016826923076923076 0.01201923076923077
4 0.09735576923076923 0.6550480769230769 0.016826923076923076 0.026442307692307692
4 0.09254807692307693 0.40024038461538464 0.016826923076923076 0.026442307692307692
24 0.09134615384615384 0.08052884615384616 0.004807692307692308 0.007211538461538462
9 0.09495192307692307 0.3317307692307692 0.03125 0.04807692307692308
24 0.10216346153846154 0.7776442307692307 0.007211538461538462 0.007211538461538462
24 0.10336538461538461 0.6875 0.004807692307692308 0.009615384615384616
9 0.09735576923076923 0.265625 0.03125 0.05048076923076923
9 0.10336538461538461 0.5901442307692307 0.028846153846153848 0.05048076923076923
24 0.11057692307692307 0.7788461538461539 0.004807692307692308 0.009615384615384616
24 0.11057692307692307 0.6875 0.004807692307692308 0.009615384615384616
4 0.11177884615384616 0.6550480769230769 0.007211538461538462 0.01201923076923077
24 0.10576923076923077 0.08052884615384616 0.004807692307692308 0.007211538461538462
4 0.11538461538461539 0.7439903846153846 0.004807692307692308 0.007211538461538462
4 0.11538461538461539 0.7247596153846154 0.004807692307692308 0.007211538461538462
9 0.11177884615384616 0.5336538461538461 0.03125 0.04807692307692308
24 0.10576923076923077 0.11538461538461539 0.004807692307692308 0.009615384615384616
4 0.109375 0.37259615384615385 0.016826923076923076 0.004807692307692308
24 0.11899038461538461 0.7788461538461539 0.007211538461538462 0.009615384615384616
24 0.11778846153846154 0.6875 0.004807692307692308 0.009615384615384616
4 0.11899038461538461 0.6550480769230769 0.007211538461538462 0.01201923076923077
4 0.12259615384615384 0.7247596153846154 0.004807692307692308 0.007211538461538462
4 0.12259615384615384 0.7439903846153846 0.004807692307692308 0.007211538461538462
4 0.11057692307692307 0.02283653846153846 0.004807692307692308 0.007211538461538462
4 0.11538461538461539 0.4014423076923077 0.014423076923076924 0.028846153846153848
4 0.11658653846153846 0.3317307692307692 0.01201923076923077 0.004807692307692308
9 0.12620192307692307 0.8233173076923077 0.03125 0.05048076923076923
19 0.12860576923076922 0.9711538461538461 0.016826923076923076 0.009615384615384616
24 0.125 0.7776442307692307 0.004807692307692308 0.007211538461538462
24 0.125 0.6875 0.004807692307692308 0.009615384615384616
19 0.12860576923076922 0.9939903846153846 0.016826923076923076 0.01201923076923077
4 0.12740384615384615 0.7415865384615384 0.004807692307692308 0.007211538461538462
4 0.1310096153846154 0.7331730769230769 0.016826923076923076 0.004807692307692308
4 0.12259615384615384 0.2548076923076923 0.014423076923076924 0.028846153846153848
24 0.1346153846153846 0.9819711538461539 0.004807692307692308 0.007211538461538462
24 0.13221153846153846 0.6875 0.004807692307692308 0.009615384615384616
24 0.13221153846153846 0.7764423076923077 0.004807692307692308 0.009615384615384616
24 0.12259615384615384 0.11298076923076923 0.004807692307692308 0.009615384615384616
4 0.1346153846153846 0.7608173076923077 0.004807692307692308 0.007211538461538462
4 0.1346153846153846 0.7103365384615384 0.004807692307692308 0.007211538461538462
4 0.1346153846153846 0.7415865384615384 0.004807692307692308 0.007211538461538462
4 0.13822115384615385 0.8701923076923077 0.016826923076923076 0.028846153846153848
24 0.13942307692307693 0.7764423076923077 0.004807692307692308 0.009615384615384616
4 0.14182692307692307 0.7608173076923077 0.004807692307692308 0.007211538461538462
24 0.13942307692307693 0.6875 0.004807692307692308 0.009615384615384616
4 0.13942307692307693 0.7103365384615384 0.004807692307692308 0.007211538461538462
9 0.13942307692307693 0.5901442307692307 0.028846153846153848 0.05048076923076923
4 0.14302884615384615 0.8209134615384616 0.007211538461538462 0.01201923076923077
19 0.13822115384615385 0.5252403846153846 0.016826923076923076 0.03125
4 0.13581730769230768 0.40024038461538464 0.016826923076923076 0.026442307692307692
4 0.14302884615384615 0.7247596153846154 0.007211538461538462 0.01201923076923077
4 0.14302884615384615 0.7415865384615384 0.007211538461538462 0.01201923076923077
4 0.13701923076923078 0.27163461538461536 0.004807692307692308 0.009615384615384616
24 0.1346153846153846 0.07932692307692307 0.004807692307692308 0.009615384615384616
24 0.1466346153846154 0.6862980769230769 0.004807692307692308 0.007211538461538462
24 0.14903846153846154 0.7776442307692307 0.004807692307692308 0.007211538461538462
24 0.15144230769230768 0.9002403846153846 0.004807692307692308 0.007211538461538462
4 0.14423076923076922 0.27163461538461536 0.004807692307692308 0.009615384615384616
4 0.15144230769230768 0.7415865384615384 0.004807692307692308 0.007211538461538462
24 0.15625 0.7776442307692307 0.004807692307692308 0.007211538461538462
24 0.15384615384615385 0.6875 0.004807692307692308 0.009615384615384616
4 0.15745192307692307 0.8209134615384616 0.016826923076923076 0.026442307692307692
4 0.15625 0.7331730769230769 0.019230769230769232 0.004807692307692308
19 0.14423076923076922 0.09495192307692307 0.125 0.026442307692307692
4 0.15865384615384615 0.8701923076923077 0.014423076923076924 0.028846153846153848
4 0.14903846153846154 0.2620192307692308 0.004807692307692308 0.009615384615384616
4 0.15865384615384615 0.7247596153846154 0.004807692307692308 0.007211538461538462
4 0.15865384615384615 0.7415865384615384 0.004807692307692308 0.007211538461538462
19 0.15745192307692307 0.6430288461538461 0.05048076923076923 0.036057692307692304
4 0.15384615384615385 0.4050480769230769 0.009615384615384616 0.01201923076923077
19 0.1658653846153846 0.9230769230769231 0.04326923076923077 0.009615384615384616
24 0.16346153846153846 0.7764423076923077 0.004807692307692308 0.009615384615384616
24 0.15144230769230768 0.07932692307692307 0.004807692307692308 0.009615384615384616
19 0.1658653846153846 0.8894230769230769 0.04326923076923077 0.009615384615384616
24 0.16346153846153846 0.6862980769230769 0.004807692307692308 0.007211538461538462
24 0.1658653846153846 0.9002403846153846 0.004807692307692308 0.007211538461538462
4 0.16346153846153846 0.7415865384615384 0.004807692307692308 0.007211538461538462
24 0.15625 0.2692307692307692 0.004807692307692308 0.009615384615384616
4 0.16346153846153846 0.7247596153846154 0.004807692307692308 0.007211538461538462
9 0.16105769230769232 0.5348557692307693 0.028846153846153848 0.05048076923076923
19 0.16826923076923078 0.8521634615384616 0.014423076923076924 0.01201923076923077
4 0.16947115384615385 0.8209134615384616 0.007211538461538462 0.01201923076923077
24 0.17067307692307693 0.7776442307692307 0.004807692307692308 0.007211538461538462
24 0.16346153846153846 0.2704326923076923 0.004807692307692308 0.007211538461538462
4 0.16706730769230768 0.5817307692307693 0.016826923076923076 0.028846153846153848
24 0.17067307692307693 0.6862980769230769 0.004807692307692308 0.007211538461538462
24 0.1778846153846154 0.7776442307692307 0.004807692307692308 0.007211538461538462
24 0.1778846153846154 0.6875 0.004807692307692308 0.009615384615384616
24 0.16826923076923078 0.07932692307692307 0.004807692307692308 0.009615384615384616
24 0.18269230769230768 0.9014423076923077 0.004807692307692308 0.009615384615384616
19 0.18389423076923078 0.9699519230769231 0.016826923076923076 0.01201923076923077
19 0.18509615384615385 0.9927884615384616 0.014423076923076924 0.009615384615384616
24 0.18509615384615385 0.9819711538461539 0.004807692307692308 0.007211538461538462
24 0.18389423076923078 0.7776442307692307 0.007211538461538462 0.007211538461538462
24 0.18509615384615385 0.6875 0.004807692307692308 0.009615384615384616
9 0.18990384615384615 0.8209134615384616 0.028846153846153848 0.05048076923076923
4 0.18629807692307693 0.6502403846153846 0.007211538461538462 0.01201923076923077
24 0.19230769230769232 0.7764423076923077 0.004807692307692308 0.009615384615384616
24 0.19230769230769232 0.6875 0.004807692307692308 0.009615384615384616
4 0.18990384615384615 0.5516826923076923 0.004807692307692308 0.007211538461538462
24 0.19471153846153846 0.7584134615384616 0.004807692307692308 0.007211538461538462
4 0.19110576923076922 0.5240384615384616 0.016826923076923076 0.028846153846153848
19 0.1875 0.13701923076923078 0.014423076923076924 0.009615384615384616
19 0.1875 0.15985576923076922 0.014423076923076924 0.01201923076923077
9 0.19951923076923078 0.8701923076923077 0.028846153846153848 0.04807692307692308
9 0.20192307692307693 0.9266826923076923 0.028846153846153848 0.05048076923076923
19 0.19591346153846154 0.5853365384615384 0.016826923076923076 0.01201923076923077
4 0.19110576923076922 0.3918269230769231 0.007211538461538462 0.009615384615384616
9 0.18990384615384615 0.24879807692307693 0.0673076923076923 0.021634615384615384
24 0.18870192307692307 0.14543269230769232 0.007211538461538462 0.007211538461538462
24 0.19230769230769232 0.2692307692307692 0.004807692307692308 0.009615384615384616
24 0.20072115384615385 0.7752403846153846 0.007211538461538462 0.007211538461538462
24 0.19951923076923078 0.6862980769230769 0.004807692307692308 0.007211538461538462
4 0.19831730769230768 0.6105769230769231 0.016826923076923076 0.028846153846153848
19 0.18990384615384615 0.1875 0.03365384615384615 0.014423076923076924
4 0.1971153846153846 0.5516826923076923 0.004807692307692308 0.007211538461538462
14 0.1971153846153846 0.33052884615384615 0.14903846153846154 0.10817307692307693
9 0.19951923076923078 0.4098557692307692 0.0673076923076923 0.021634615384615384
4 0.19951923076923078 0.2692307692307692 0.004807692307692308 0.009615384615384616
24 0.20673076923076922 0.6850961538461539 0.004807692307692308 0.009615384615384616
24 0.20673076923076922 0.7764423076923077 0.004807692307692308 0.009615384615384616
9 0.20793269230769232 0.6502403846153846 0.03125 0.05048076923076923
24 0.21754807692307693 0.6959134615384616 0.01201923076923077 0.002403846153846154
24 0.21754807692307693 0.71875 0.01201923076923077 0.004807692307692308
24 0.21634615384615385 0.7283653846153846 0.014423076923076924 0.004807692307692308
24 0.21634615384615385 0.7403846153846154 0.014423076923076924 0.004807692307692308
24 0.21754807692307693 0.7620192307692307 0.01201923076923077 0.004807692307692308
24 0.21754807692307693 0.7223557692307693 0.01201923076923077 0.002403846153846154
24 0.21754807692307693 0.7355769230769231 0.01201923076923077 0.004807692307692308
24 0.21754807692307693 0.7560096153846154 0.01201923076923077 0.002403846153846154
24 0.21754807692307693 0.7079326923076923 0.01201923076923077 0.002403846153846154
24 0.21995192307692307 0.7451923076923077 0.01201923076923077 0.004807692307692308
24 0.21995192307692307 0.7680288461538461 0.01201923076923077 0.002403846153846154
24 0.21754807692307693 0.7127403846153846 0.01201923076923077 0.002403846153846154
24 0.21995192307692307 0.75 0.01201923076923077 0.004807692307692308
24 0.21995192307692307 0.7728365384615384 0.01201923076923077 0.002403846153846154
24 0.21754807692307693 0.7019230769230769 0.01201923076923077 0.004807692307692308
4 0.21754807692307693 0.609375 0.016826923076923076 0.026442307692307692
9 0.22235576923076922 0.8209134615384616 0.03125 0.05048076923076923
9 0.22115384615384615 0.5637019230769231 0.028846153846153848 0.05048076923076923
19 0.21875 0.5216346153846154 0.019230769230769232 0.03365384615384615
9 0.2283653846153846 0.8689903846153846 0.028846153846153848 0.05048076923076923
9 0.23317307692307693 0.9278846153846154 0.028846153846153848 0.04807692307692308
4 0.23076923076923078 0.6502403846153846 0.014423076923076924 0.026442307692307692
4 0.23557692307692307 0.7331730769230769 0.004807692307692308 0.014423076923076924
4 0.22956730769230768 0.2608173076923077 0.007211538461538462 0.01201923076923077
4 0.23918269230769232 0.6105769230769231 0.016826923076923076 0.028846153846153848
4 0.24519230769230768 0.875 0.004807692307692308 0.009615384615384616
4 0.2439903846153846 0.8521634615384616 0.007211538461538462 0.01201923076923077
4 0.24519230769230768 0.6490384615384616 0.009615384615384616 0.014423076923076924
4 0.24879807692307693 0.828125 0.016826923076923076 0.026442307692307692
4 0.23918269230769232 0.25961538461538464 0.007211538461538462 0.014423076923076924
24 0.2403846153846154 0.23557692307692307 0.004807692307692308 0.009615384615384616
4 0.2536057692307692 0.7956730769230769 0.016826923076923076 0.004807692307692308
9 0.25 0.5637019230769231 0.028846153846153848 0.05048076923076923
9 0.25 0.484375 0.028846153846153848 0.05048076923076923
4 0.2536057692307692 0.7427884615384616 0.016826923076923076 0.028846153846153848
4 0.2548076923076923 0.7716346153846154 0.019230769230769232 0.004807692307692308
24 0.25600961538461536 0.7872596153846154 0.021634615384615384 0.007211538461538462
4 0.2548076923076923 0.8004807692307693 0.019230769230769232 0.004807692307692308
24 0.25600961538461536 0.7800480769230769 0.021634615384615384 0.007211538461538462
4 0.2548076923076923 0.7668269230769231 0.019230769230769232 0.004807692307692308
4 0.25721153846153844 0.7596153846153846 0.019230769230769232 0.004807692307692308
4 0.2548076923076923 0.6069711538461539 0.009615384615384616 0.01201923076923077
4 0.25961538461538464 0.8641826923076923 0.014423076923076924 0.026442307692307692
24 0.24879807692307693 0.23677884615384615 0.007211538461538462 0.007211538461538462
24 0.25 0.24879807692307693 0.004807692307692308 0.007211538461538462
4 0.2512019230769231 0.3918269230769231 0.007211538461538462 0.009615384615384616
4 0.25721153846153844 0.6995192307692307 0.019230769230769232 0.004807692307692308
4 0.25841346153846156 0.7235576923076923 0.01201923076923077 0.004807692307692308
4 0.25841346153846156 0.7067307692307693 0.016826923076923076 0.004807692307692308
4 0.25841346153846156 0.7127403846153846 0.01201923076923077 0.002403846153846154
4 0.26322115384615385 0.9278846153846154 0.016826923076923076 0.028846153846153848
4 0.25841346153846156 0.6514423076923077 0.016826923076923076 0.028846153846153848
24 0.25961538461538464 0.6838942307692307 0.019230769230769232 0.007211538461538462
4 0.2608173076923077 0.6790865384615384 0.016826923076923076 0.002403846153846154
24 0.25961538461538464 0.6935096153846154 0.019230769230769232 0.007211538461538462
4 0.26802884615384615 0.828125 0.016826923076923076 0.026442307692307692
4 0.26802884615384615 0.609375 0.016826923076923076 0.026442307692307692
4 0.2704326923076923 0.6358173076923077 0.007211538461538462 0.01201923076923077
4 0.27884615384615385 0.9314903846153846 0.004807692307692308 0.007211538461538462
4 0.2776442307692308 0.8257211538461539 0.007211538461538462 0.01201923076923077
4 0.27283653846153844 0.40024038461538464 0.016826923076923076 0.026442307692307692
4 0.2800480769230769 0.8617788461538461 0.016826923076923076 0.026442307692307692
4 0.27403846153846156 0.5228365384615384 0.009615384615384616 0.01201923076923077
4 0.2704326923076923 0.27163461538461536 0.007211538461538462 0.014423076923076924
4 0.2776442307692308 0.5600961538461539 0.016826923076923076 0.028846153846153848
4 0.2800480769230769 0.6370192307692307 0.007211538461538462 0.014423076923076924
4 0.2848557692307692 0.8257211538461539 0.007211538461538462 0.01201923076923077
4 0.28846153846153844 0.9314903846153846 0.004807692307692308 0.007211538461538462
24 0.2776442307692308 0.34615384615384615 0.01201923076923077 0.004807692307692308
5 0.2776442307692308 0.23918269230769232 0.04567307692307692 0.036057692307692304
4 0.2800480769230769 0.33413461538461536 0.01201923076923077 0.004807692307692308
4 0.2800480769230769 0.29086538461538464 0.01201923076923077 0.004807692307692308
4 0.28725961538461536 0.6081730769230769 0.016826923076923076 0.028846153846153848
24 0.2776442307692308 0.015625 0.007211538461538462 0.007211538461538462
24 0.2764423076923077 0.030048076923076924 0.004807692307692308 0.007211538461538462
4 0.2920673076923077 0.8257211538461539 0.007211538461538462 0.01201923076923077
4 0.29086538461538464 0.6766826923076923 0.004807692307692308 0.007211538461538462
9 0.2860576923076923 0.48197115384615385 0.028846153846153848 0.05048076923076923
4 0.28966346153846156 0.6382211538461539 0.007211538461538462 0.01201923076923077
4 0.29086538461538464 0.796875 0.004807692307692308 0.007211538461538462
4 0.28846153846153844 0.6598557692307693 0.004807692307692308 0.007211538461538462
4 0.28966346153846156 0.6682692307692307 0.007211538461538462 0.009615384615384616
4 0.2848557692307692 0.3137019230769231 0.007211538461538462 0.01201923076923077
4 0.28725961538461536 0.37259615384615385 0.007211538461538462 0.014423076923076924
24 0.29447115384615385 0.7055288461538461 0.01201923076923077 0.002403846153846154
4 0.2980769230769231 0.796875 0.004807692307692308 0.007211538461538462
4 0.2980769230769231 0.7848557692307693 0.004807692307692308 0.007211538461538462
4 0.2980769230769231 0.8257211538461539 0.004807692307692308 0.007211538461538462
4 0.2956730769230769 0.734375 0.004807692307692308 0.007211538461538462
4 0.296875 0.6766826923076923 0.007211538461538462 0.007211538461538462
24 0.2956730769230769 0.7223557692307693 0.004807692307692308 0.007211538461538462
4 0.2956730769230769 0.6682692307692307 0.004807692307692308 0.009615384615384616
19 0.2956730769230769 0.5853365384615384 0.014423076923076924 0.01201923076923077
24 0.28966346153846156 0.21514423076923078 0.007211538461538462 0.007211538461538462
4 0.2980769230769231 0.6141826923076923 0.004807692307692308 0.007211538461538462
4 0.296875 0.5588942307692307 0.007211538461538462 0.01201923076923077
24 0.29927884615384615 0.7103365384615384 0.01201923076923077 0.002403846153846154
4 0.30408653846153844 0.90625 0.007211538461538462 0.014423076923076924
9 0.2932692307692308 0.2704326923076923 0.03365384615384615 0.01201923076923077
4 0.30408653846153844 0.9290865384615384 0.007211538461538462 0.01201923076923077
9 0.30528846153846156 0.8629807692307693 0.028846153846153848 0.04807692307692308
24 0.3004807692307692 0.6370192307692307 0.009615384615384616 0.014423076923076924
4 0.30408653846153844 0.7487980769230769 0.007211538461538462 0.007211538461538462
24 0.30288461538461536 0.7223557692307693 0.004807692307692308 0.007211538461538462
19 0.3076923076923077 0.9699519230769231 0.019230769230769232 0.01201923076923077
19 0.2956730769230769 0.009615384615384616 0.04807692307692308 0.004807692307692308
19 0.2920673076923077 0.038461538461538464 0.04567307692307692 0.009615384615384616
24 0.30288461538461536 0.6141826923076923 0.004807692307692308 0.007211538461538462
24 0.3076923076923077 0.828125 0.009615384615384616 0.016826923076923076
4 0.3088942307692308 0.6995192307692307 0.007211538461538462 0.009615384615384616
24 0.31009615384615385 0.7223557692307693 0.004807692307692308 0.007211538461538462
4 0.31009615384615385 0.8016826923076923 0.004807692307692308 0.007211538461538462
4 0.3076923076923077 0.6586538461538461 0.004807692307692308 0.009615384615384616
4 0.30408653846153844 0.2932692307692308 0.007211538461538462 0.014423076923076924
24 0.3112980769230769 0.7283653846153846 0.01201923076923077 0.004807692307692308
4 0.3112980769230769 0.6382211538461539 0.007211538461538462 0.01201923076923077
4 0.31490384615384615 0.796875 0.004807692307692308 0.007211538461538462
4 0.31490384615384615 0.7668269230769231 0.004807692307692308 0.009615384615384616
24 0.3173076923076923 0.8269230769230769 0.009615384615384616 0.014423076923076924
9 0.31009615384615385 0.3329326923076923 0.028846153846153848 0.05048076923076923
4 0.3173076923076923 0.6646634615384616 0.004807692307692308 0.007211538461538462
4 0.3137019230769231 0.2956730769230769 0.007211538461538462 0.014423076923076924
24 0.31009615384615385 0.015625 0.004807692307692308 0.007211538461538462
24 0.3245192307692308 0.6394230769230769 0.009615384615384616 0.014423076923076924
4 0.328125 0.8269230769230769 0.007211538461538462 0.014423076923076924
4 0.3269230769230769 0.7391826923076923 0.004807692307692308 0.007211538461538462
24 0.32572115384615385 0.5925480769230769 0.01201923076923077 0.002403846153846154
24 0.32572115384615385 0.5817307692307693 0.01201923076923077 0.004807692307692308
24 0.32572115384615385 0.5877403846153846 0.01201923076923077 0.002403846153846154
24 0.32572115384615385 0.5997596153846154 0.01201923076923077 0.002403846153846154
24 0.32572115384615385 0.5540865384615384 0.01201923076923077 0.002403846153846154
24 0.32572115384615385 0.5661057692307693 0.01201923076923077 0.002403846153846154
24 0.32572115384615385 0.5757211538461539 0.01201923076923077 0.002403846153846154
24 0.32572115384615385 0.5492788461538461 0.01201923076923077 0.002403846153846154
24 0.32572115384615385 0.5612980769230769 0.01201923076923077 0.002403846153846154
24 0.32572115384615385 0.5108173076923077 0.01201923076923077 0.002403846153846154
24 0.32572115384615385 0.5180288461538461 0.01201923076923077 0.002403846153846154
24 0.32572115384615385 0.5396634615384616 0.01201923076923077 0.002403846153846154
24 0.32572115384615385 0.5444711538461539 0.01201923076923077 0.002403846153846154
24 0.32572115384615385 0.5709134615384616 0.01201923076923077 0.002403846153846154
24 0.32572115384615385 0.5228365384615384 0.01201923076923077 0.002403846153846154
24 0.33052884615384615 0.8557692307692307 0.01201923076923077 0.004807692307692308
24 0.3317307692307692 0.9350961538461539 0.014423076923076924 0.004807692307692308
24 0.32572115384615385 0.5048076923076923 0.01201923076923077 0.004807692307692308
24 0.3329326923076923 0.8834134615384616 0.01201923076923077 0.002403846153846154
24 0.3329326923076923 0.9471153846153846 0.01201923076923077 0.004807692307692308
24 0.3329326923076923 0.8701923076923077 0.01201923076923077 0.004807692307692308
24 0.3329326923076923 0.9074519230769231 0.01201923076923077 0.002403846153846154
24 0.3329326923076923 0.9182692307692307 0.01201923076923077 0.004807692307692308
24 0.3329326923076923 0.9411057692307693 0.01201923076923077 0.002403846153846154
24 0.32572115384615385 0.5348557692307693 0.01201923076923077 0.002403846153846154
24 0.3329326923076923 0.875 0.01201923076923077 0.004807692307692308
24 0.3329326923076923 0.8990384615384616 0.01201923076923077 0.004807692307692308
24 0.3329326923076923 0.9038461538461539 0.01201923076923077 0.004807692307692308
24 0.33413461538461536 0.9134615384615384 0.014423076923076924 0.004807692307692308
24 0.3329326923076923 0.9254807692307693 0.01201923076923077 0.004807692307692308
24 0.33413461538461536 0.9302884615384616 0.014423076923076924 0.004807692307692308
24 0.3329326923076923 0.8930288461538461 0.01201923076923077 0.002403846153846154
24 0.3317307692307692 0.8665865384615384 0.014423076923076924 0.002403846153846154
24 0.33413461538461536 0.8870192307692307 0.014423076923076924 0.004807692307692308
24 0.32572115384615385 0.5276442307692307 0.01201923076923077 0.002403846153846154
24 0.3329326923076923 0.8605769230769231 0.01201923076923077 0.004807692307692308
4 0.33052884615384615 0.7127403846153846 0.01201923076923077 0.002403846153846154
4 0.33413461538461536 0.7463942307692307 0.004807692307692308 0.007211538461538462
4 0.33413461538461536 0.7824519230769231 0.004807692307692308 0.007211538461538462
4 0.33774038461538464 0.9831730769230769 0.016826923076923076 0.028846153846153848
4 0.3329326923076923 0.6358173076923077 0.007211538461538462 0.01201923076923077
4 0.33413461538461536 0.6766826923076923 0.004807692307692308 0.007211538461538462
24 0.3329326923076923 0.6045673076923077 0.007211538461538462 0.007211538461538462
4 0.328125 0.2824519230769231 0.016826923076923076 0.026442307692307692
4 0.33774038461538464 0.8269230769230769 0.007211538461538462 0.014423076923076924