23 0.4519230769230769 0.3449519230769231 0.004807692307692308 0.01201923076923077
23 0.43990384615384615 0.3449519230769231 0.004807692307692308 0.01201923076923077
23 0.46153846153846156 0.34615384615384615 0.004807692307692308 0.009615384615384616
23 0.46634615384615385 0.3449519230769231 0.004807692307692308 0.01201923076923077
23 0.40865384615384615 0.3449519230769231 0.004807692307692308 0.01201923076923077
23 0.4230769230769231 0.3449519230769231 0.004807692307692308 0.01201923076923077
23 0.43028846153846156 0.3449519230769231 0.004807692307692308 0.01201923076923077
23 0.44471153846153844 0.3449519230769231 0.004807692307692308 0.01201923076923077
23 0.4567307692307692 0.34615384615384615 0.004807692307692308 0.009615384615384616
23 0.41346153846153844 0.3449519230769231 0.004807692307692308 0.01201923076923077
23 0.4182692307692308 0.3449519230769231 0.004807692307692308 0.01201923076923077
23 0.43509615384615385 0.3449519230769231 0.004807692307692308 0.01201923076923077
23 0.47115384615384615 0.3449519230769231 0.004807692307692308 0.01201923076923077
23 0.47836538461538464 0.3449519230769231 0.004807692307692308 0.01201923076923077
23 0.4879807692307692 0.3449519230769231 0.004807692307692308 0.01201923076923077
23 0.06610576923076923 0.3449519230769231 0.002403846153846154 0.01201923076923077
23 0.49278846153846156 0.3449519230769231 0.004807692307692308 0.01201923076923077
23 0.5 0.3449519230769231 0.004807692307692308 0.01201923076923077
23 0.06009615384615385 0.3449519230769231 0.004807692307692308 0.01201923076923077
23 0.109375 0.3449519230769231 0.002403846153846154 0.01201923076923077
23 0.07572115384615384 0.3449519230769231 0.002403846153846154 0.01201923076923077
23 0.09735576923076923 0.3449519230769231 0.002403846153846154 0.01201923076923077
23 0.08052884615384616 0.3449519230769231 0.002403846153846154 0.01201923076923077
23 0.08653846153846154 0.3449519230769231 0.004807692307692308 0.01201923076923077
23 0.09254807692307693 0.3449519230769231 0.002403846153846154 0.01201923076923077
23 0.10336538461538461 0.3449519230769231 0.004807692307692308 0.01201923076923077
23 0.11298076923076923 0.3449519230769231 0.004807692307692308 0.01201923076923077
23 0.12860576923076922 0.3449519230769231 0.002403846153846154 0.01201923076923077
23 0.07091346153846154 0.3473557692307692 0.002403846153846154 0.01201923076923077
23 0.11778846153846154 0.3473557692307692 0.004807692307692308 0.01201923076923077
23 0.12379807692307693 0.3473557692307692 0.002403846153846154 0.01201923076923077
23 0.13581730769230768 0.3473557692307692 0.002403846153846154 0.01201923076923077
23 0.4831730769230769 0.3473557692307692 0.004807692307692308 0.01201923076923077
23 0.140625 0.3473557692307692 0.002403846153846154 0.01201923076923077
23 0.1502403846153846 0.3473557692307692 0.002403846153846154 0.01201923076923077
23 0.14543269230769232 0.3473557692307692 0.002403846153846154 0.01201923076923077
23 0.15865384615384615 0.35096153846153844 0.009615384615384616 0.004807692307692308
23 0.39903846153846156 0.35336538461538464 0.009615384615384616 0.004807692307692308
23 0.15865384615384615 0.3581730769230769 0.009615384615384616 0.004807692307692308
23 0.056490384615384616 0.3581730769230769 0.007211538461538462 0.004807692307692308
23 0.39903846153846156 0.3605769230769231 0.009615384615384616 0.004807692307692308
6 0.9242788461538461 0.3605769230769231 0.016826923076923076 0.019230769230769232
23 0.5036057692307693 0.3605769230769231 0.007211538461538462 0.004807692307692308
6 0.8353365384615384 0.36177884615384615 0.01201923076923077 0.016826923076923076
23 0.055288461538461536 0.36538461538461536 0.009615384615384616 0.004807692307692308
23 0.15985576923076922 0.36538461538461536 0.007211538461538462 0.004807692307692308
23 0.39903846153846156 0.36778846153846156 0.009615384615384616 0.004807692307692308
23 0.5036057692307693 0.36778846153846156 0.007211538461538462 0.004807692307692308
23 0.056490384615384616 0.37259615384615385 0.007211538461538462 0.004807692307692308
23 0.15865384615384615 0.37259615384615385 0.009615384615384616 0.004807692307692308
23 0.39903846153846156 0.375 0.009615384615384616 0.004807692307692308
23 0.5012019230769231 0.375 0.007211538461538462 0.004807692307692308
23 0.056490384615384616 0.3798076923076923 0.007211538461538462 0.004807692307692308
23 0.15985576923076922 0.3798076923076923 0.007211538461538462 0.004807692307692308
23 0.39903846153846156 0.38221153846153844 0.009615384615384616 0.004807692307692308
23 0.5012019230769231 0.38221153846153844 0.007211538461538462 0.004807692307692308
23 0.056490384615384616 0.3870192307692308 0.007211538461538462 0.004807692307692308
23 0.15865384615384615 0.3870192307692308 0.009615384615384616 0.004807692307692308
3 0.028846153846153848 0.38822115384615385 0.014423076923076924 0.007211538461538462
23 0.018028846153846152 0.3894230769230769 0.007211538461538462 0.004807692307692308
23 0.039663461538461536 0.3894230769230769 0.007211538461538462 0.004807692307692308
23 0.39903846153846156 0.3894230769230769 0.009615384615384616 0.004807692307692308
23 0.5252403846153846 0.3894230769230769 0.007211538461538462 0.004807692307692308
18 0.5492788461538461 0.3894230769230769 0.007211538461538462 0.004807692307692308
23 0.5036057692307693 0.3894230769230769 0.007211538461538462 0.004807692307692308
23 0.056490384615384616 0.3942307692307692 0.007211538461538462 0.004807692307692308
23 0.15985576923076922 0.3942307692307692 0.007211538461538462 0.004807692307692308
23 0.39783653846153844 0.39663461538461536 0.007211538461538462 0.004807692307692308
23 0.5012019230769231 0.39663461538461536 0.007211538461538462 0.004807692307692308
14 0.27524038461538464 0.39903846153846156 0.15625 0.21153846153846154
16 0.53125 0.39903846153846156 0.02403846153846154 0.019230769230769232
6 0.027644230769230768 0.40024038461538464 0.036057692307692304 0.016826923076923076
6 0.5492788461538461 0.4026442307692308 0.01201923076923077 0.016826923076923076
23 0.055288461538461536 0.4014423076923077 0.009615384615384616 0.004807692307692308
23 0.15985576923076922 0.4014423076923077 0.007211538461538462 0.004807692307692308
14 0.45072115384615385 0.40384615384615385 0.07451923076923077 0.09134615384615384
23 0.39903846153846156 0.40384615384615385 0.009615384615384616 0.004807692307692308
23 0.5036057692307693 0.40384615384615385 0.007211538461538462 0.004807692307692308
14 0.10336538461538461 0.40384615384615385 0.07692307692307693 0.09134615384615384
23 0.056490384615384616 0.40865384615384615 0.007211538461538462 0.004807692307692308
23 0.15865384615384615 0.40865384615384615 0.009615384615384616 0.004807692307692308
23 0.39903846153846156 0.4110576923076923 0.009615384615384616 0.004807692307692308
23 0.5036057692307693 0.4110576923076923 0.007211538461538462 0.004807692307692308
23 0.056490384615384616 0.41586538461538464 0.007211538461538462 0.004807692307692308
23 0.15865384615384615 0.41586538461538464 0.009615384615384616 0.004807692307692308
3 0.5396634615384616 0.4170673076923077 0.01201923076923077 0.007211538461538462
23 0.5516826923076923 0.4182692307692308 0.007211538461538462 0.004807692307692308
23 0.39783653846153844 0.4182692307692308 0.007211538461538462 0.004807692307692308
18 0.5228365384615384 0.4182692307692308 0.007211538461538462 0.004807692307692308
23 0.018028846153846152 0.4182692307692308 0.007211538461538462 0.004807692307692308
23 0.042067307692307696 0.4182692307692308 0.007211538461538462 0.004807692307692308
23 0.5036057692307693 0.4182692307692308 0.007211538461538462 0.004807692307692308
16 0.6382211538461539 0.4230769230769231 0.016826923076923076 0.03365384615384615
16 0.6622596153846154 0.4230769230769231 0.01201923076923077 0.03365384615384615
16 0.6526442307692307 0.4230769230769231 0.01201923076923077 0.03365384615384615
16 0.6742788461538461 0.4230769230769231 0.01201923076923077 0.03365384615384615
6 0.6899038461538461 0.4230769230769231 0.019230769230769232 0.03365384615384615
23 0.055288461538461536 0.4230769230769231 0.009615384615384616 0.004807692307692308
23 0.15865384615384615 0.4230769230769231 0.009615384615384616 0.004807692307692308
23 0.39783653846153844 0.4254807692307692 0.007211538461538462 0.004807692307692308
23 0.5036057692307693 0.4254807692307692 0.007211538461538462 0.004807692307692308
16 0.5408653846153846 0.42908653846153844 0.02403846153846154 0.021634615384615384
6 0.5949519230769231 0.43028846153846156 0.01201923076923077 0.019230769230769232
16 0.019230769230769232 0.43028846153846156 0.028846153846153848 0.019230769230769232
6 0.039663461538461536 0.43149038461538464 0.01201923076923077 0.016826923076923076
6 0.5252403846153846 0.43149038461538464 0.01201923076923077 0.016826923076923076
23 0.056490384615384616 0.43028846153846156 0.007211538461538462 0.004807692307692308
23 0.15985576923076922 0.43028846153846156 0.007211538461538462 0.004807692307692308
23 0.39783653846153844 0.4326923076923077 0.007211538461538462 0.004807692307692308
23 0.5036057692307693 0.4326923076923077 0.007211538461538462 0.004807692307692308
23 0.055288461538461536 0.4375 0.009615384615384616 0.004807692307692308
23 0.15985576923076922 0.4375 0.007211538461538462 0.004807692307692308
23 0.39903846153846156 0.43990384615384615 0.009615384615384616 0.004807692307692308
23 0.5036057692307693 0.43990384615384615 0.007211538461538462 0.004807692307692308
23 0.056490384615384616 0.44471153846153844 0.007211538461538462 0.004807692307692308
23 0.15985576923076922 0.44471153846153844 0.007211538461538462 0.004807692307692308
23 0.39903846153846156 0.44711538461538464 0.009615384615384616 0.004807692307692308
23 0.5036057692307693 0.44711538461538464 0.007211538461538462 0.004807692307692308
23 0.15865384615384615 0.4519230769230769 0.009615384615384616 0.004807692307692308
23 0.39903846153846156 0.4543269230769231 0.009615384615384616 0.004807692307692308
23 0.06490384615384616 0.46033653846153844 0.004807692307692308 0.01201923076923077
23 0.07091346153846154 0.46033653846153844 0.002403846153846154 0.01201923076923077
23 0.07572115384615384 0.46033653846153844 0.002403846153846154 0.01201923076923077
23 0.12379807692307693 0.46033653846153844 0.002403846153846154 0.01201923076923077
23 0.140625 0.46033653846153844 0.002403846153846154 0.01201923076923077
23 0.14543269230769232 0.46033653846153844 0.002403846153846154 0.01201923076923077
23 0.06009615384615385 0.46033653846153844 0.004807692307692308 0.01201923076923077
23 0.09735576923076923 0.46033653846153844 0.002403846153846154 0.01201923076923077
23 0.10336538461538461 0.46033653846153844 0.004807692307692308 0.01201923076923077
23 0.10697115384615384 0.46033653846153844 0.002403846153846154 0.01201923076923077
23 0.11298076923076923 0.46033653846153844 0.004807692307692308 0.01201923076923077
23 0.43509615384615385 0.46033653846153844 0.004807692307692308 0.01201923076923077
23 0.4831730769230769 0.46033653846153844 0.004807692307692308 0.01201923076923077
23 0.11778846153846154 0.46033653846153844 0.004807692307692308 0.01201923076923077
23 0.12860576923076922 0.46033653846153844 0.002403846153846154 0.01201923076923077
23 0.1346153846153846 0.46033653846153844 0.004807692307692308 0.01201923076923077
23 0.1502403846153846 0.46033653846153844 0.002403846153846154 0.01201923076923077
23 0.41346153846153844 0.46153846153846156 0.004807692307692308 0.009615384615384616
23 0.43990384615384615 0.46033653846153844 0.004807692307692308 0.01201923076923077
23 0.46634615384615385 0.46033653846153844 0.004807692307692308 0.01201923076923077
23 0.08052884615384616 0.46033653846153844 0.002403846153846154 0.01201923076923077
23 0.08653846153846154 0.46033653846153844 0.004807692307692308 0.01201923076923077
23 0.09254807692307693 0.46033653846153844 0.002403846153846154 0.01201923076923077
23 0.40865384615384615 0.46033653846153844 0.004807692307692308 0.01201923076923077
23 0.4182692307692308 0.46033653846153844 0.004807692307692308 0.01201923076923077
23 0.46153846153846156 0.46033653846153844 0.004807692307692308 0.01201923076923077
23 0.47836538461538464 0.46033653846153844 0.004807692307692308 0.01201923076923077
23 0.4230769230769231 0.46033653846153844 0.004807692307692308 0.01201923076923077
23 0.43028846153846156 0.46033653846153844 0.004807692307692308 0.01201923076923077
23 0.4495192307692308 0.46033653846153844 0.004807692307692308 0.01201923076923077
23 0.47115384615384615 0.46033653846153844 0.004807692307692308 0.01201923076923077
23 0.4879807692307692 0.46033653846153844 0.004807692307692308 0.01201923076923077
23 0.49278846153846156 0.46033653846153844 0.004807692307692308 0.01201923076923077
23 0.44471153846153844 0.46033653846153844 0.004807692307692308 0.01201923076923077
23 0.4567307692307692 0.46033653846153844 0.004807692307692308 0.01201923076923077
23 0.49759615384615385 0.46033653846153844 0.004807692307692308 0.01201923076923077
6 0.7536057692307693 0.47475961538461536 0.036057692307692304 0.016826923076923076
20 0.6201923076923077 0.4807692307692308 0.04326923076923077 0.03365384615384615
6 0.5492788461538461 0.484375 0.01201923076923077 0.021634615384615384
6 0.14182692307692307 0.4879807692307692 0.014423076923076924 0.019230769230769232
23 0.5841346153846154 0.4891826923076923 0.028846153846153848 0.016826923076923076
23 0.6550480769230769 0.4891826923076923 0.026442307692307692 0.016826923076923076
26 0.6899038461538461 0.49759615384615385 0.009615384615384616 0.014423076923076924
14 0.7992788461538461 0.5012019230769231 0.036057692307692304 0.040865384615384616
6 0.40625 0.5096153846153846 0.014423076923076924 0.019230769230769232
29 0.6610576923076923 0.5192307692307693 0.014423076923076924 0.019230769230769232
15 0.26322115384615385 0.5228365384615384 0.007211538461538462 0.021634615384615384
17 0.6430288461538461 0.5252403846153846 0.01201923076923077 0.007211538461538462
23 0.6622596153846154 0.5336538461538461 0.007211538461538462 0.004807692307692308
26 0.6911057692307693 0.5360576923076923 0.01201923076923077 0.014423076923076924
9 0.5697115384615384 0.5504807692307693 0.04807692307692308 0.028846153846153848
9 0.6490384615384616 0.5528846153846154 0.04807692307692308 0.028846153846153848
23 0.06971153846153846 0.5552884615384616 0.009615384615384616 0.004807692307692308
23 0.12980769230769232 0.5576923076923077 0.009615384615384616 0.004807692307692308
3 0.6923076923076923 0.5576923076923077 0.014423076923076924 0.009615384615384616
6 0.026442307692307692 0.5625 0.052884615384615384 0.1875
3 0.12980769230769232 0.5637019230769231 0.014423076923076924 0.007211538461538462
15 0.0673076923076923 0.5649038461538461 0.014423076923076924 0.009615384615384616
23 0.6069711538461539 0.5661057692307693 0.01201923076923077 0.007211538461538462
3 0.6189903846153846 0.5673076923076923 0.007211538461538462 0.004807692307692308
14 0.09975961538461539 0.5721153846153846 0.036057692307692304 0.04326923076923077
23 0.6189903846153846 0.5721153846153846 0.007211538461538462 0.004807692307692308
3 0.12980769230769232 0.5733173076923077 0.014423076923076924 0.007211538461538462
3 0.6802884615384616 0.5769230769230769 0.014423076923076924 0.009615384615384616
15 0.0673076923076923 0.5769230769230769 0.014423076923076924 0.009615384615384616
3 0.6213942307692307 0.5805288461538461 0.01201923076923077 0.007211538461538462
14 0.8004807692307693 0.5817307692307693 0.03365384615384615 0.04326923076923077
3 0.12980769230769232 0.5829326923076923 0.014423076923076924 0.007211538461538462
18 0.6802884615384616 0.5853365384615384 0.009615384615384616 0.007211538461538462
23 0.6189903846153846 0.5865384615384616 0.007211538461538462 0.004807692307692308
3 0.06610576923076923 0.5901442307692307 0.01201923076923077 0.007211538461538462
3 0.6790865384615384 0.5925480769230769 0.01201923076923077 0.007211538461538462
3 0.1310096153846154 0.5925480769230769 0.01201923076923077 0.007211538461538462
3 0.6213942307692307 0.5925480769230769 0.01201923076923077 0.007211538461538462
23 0.6189903846153846 0.6009615384615384 0.007211538461538462 0.004807692307692308
3 0.6983173076923077 0.6033653846153846 0.007211538461538462 0.019230769230769232
3 0.6213942307692307 0.6069711538461539 0.01201923076923077 0.007211538461538462
6 0.7475961538461539 0.6081730769230769 0.02403846153846154 0.13942307692307693
15 0.5733173076923077 0.6117788461538461 0.06009615384615385 0.07932692307692307
14 0.6466346153846154 0.6165865384615384 0.03365384615384615 0.06009615384615385
9 0.6790865384615384 0.6310096153846154 0.021634615384615384 0.06490384615384616
3 0.28125 0.6310096153846154 0.004807692307692308 0.01201923076923077
9 0.29086538461538464 0.6334134615384616 0.009615384615384616 0.03125
3 0.3004807692307692 0.6322115384615384 0.004807692307692308 0.019230769230769232
3 0.6983173076923077 0.6334134615384616 0.007211538461538462 0.021634615384615384
3 0.24759615384615385 0.6346153846153846 0.004807692307692308 0.019230769230769232
9 0.23798076923076922 0.6334134615384616 0.009615384615384616 0.03125
3 0.23197115384615385 0.6334134615384616 0.002403846153846154 0.01201923076923077
6 0.49038461538461536 0.6358173076923077 0.014423076923076924 0.021634615384615384
6 0.37740384615384615 0.6358173076923077 0.014423076923076924 0.016826923076923076
6 0.18990384615384615 0.6370192307692307 0.014423076923076924 0.019230769230769232
5 0.31490384615384615 0.6394230769230769 0.02403846153846154 0.04807692307692308
5 0.2644230769230769 0.6418269230769231 0.02403846153846154 0.04807692307692308
23 0.33413461538461536 0.6586538461538461 0.009615384615384616 0.004807692307692308
23 0.2800480769230769 0.6610576923076923 0.007211538461538462 0.004807692307692308
6 0.7980769230769231 0.6658653846153846 0.014423076923076924 0.019230769230769232
3 0.6189903846153846 0.6766826923076923 0.01201923076923077 0.007211538461538462
23 0.5745192307692307 0.6838942307692307 0.03365384615384615 0.026442307692307692
6 0.171875 0.6983173076923077 0.040865384615384616 0.055288461538461536
6 0.22956730769230768 0.6995192307692307 0.040865384615384616 0.057692307692307696
6 0.6177884615384616 0.7007211538461539 0.03365384615384615 0.03125
23 0.5745192307692307 0.7055288461538461 0.028846153846153848 0.016826923076923076
6 0.3557692307692308 0.7115384615384616 0.1346153846153846 0.03365384615384615
25 0.04326923076923077 0.7115384615384616 0.08653846153846154 0.07211538461538461
6 0.4639423076923077 0.7115384615384616 0.03365384615384615 0.03365384615384615
23 0.12139423076923077 0.7115384615384616 0.007211538461538462 0.004807692307692308
16 0.42908653846153844 0.7127403846153846 0.01201923076923077 0.036057692307692304
16 0.4411057692307692 0.7139423076923077 0.01201923076923077 0.038461538461538464
17 0.10817307692307693 0.7127403846153846 0.009615384615384616 0.007211538461538462
26 0.6923076923076923 0.7139423076923077 0.009615384615384616 0.014423076923076924
3 0.578125 0.7199519230769231 0.01201923076923077 0.007211538461538462
6 0.640625 0.7403846153846154 0.01201923076923077 0.019230769230769232
9 0.5745192307692307 0.7403846153846154 0.04807692307692308 0.028846153846153848
6 0.16105769230769232 0.7560096153846154 0.014423076923076924 0.021634615384615384
6 0.3918269230769231 0.7572115384615384 0.014423076923076924 0.019230769230769232
3 0.6141826923076923 0.7584134615384616 0.01201923076923077 0.007211538461538462
3 0.5757211538461539 0.7608173076923077 0.01201923076923077 0.007211538461538462
6 0.7536057692307693 0.78125 0.01201923076923077 0.13942307692307693
9 0.6033653846153846 0.7980769230769231 0.038461538461538464 0.02403846153846154
9 0.15504807692307693 0.7980769230769231 0.05048076923076923 0.028846153846153848
9 0.37740384615384615 0.8004807692307693 0.038461538461538464 0.02403846153846154
6 0.03365384615384615 0.8100961538461539 0.0625 0.08653846153846154
6 0.7175480769230769 0.8533653846153846 0.016826923076923076 0.019230769230769232
30 0.37740384615384615 0.8605769230769231 0.11538461538461539 0.08173076923076923
30 0.15745192307692307 0.8605769230769231 0.11778846153846154 0.08653846153846154
26 0.23076923076923078 0.8629807692307693 0.009615384615384616 0.014423076923076924
30 0.6021634615384616 0.8629807692307693 0.11298076923076923 0.08653846153846154
26 0.4543269230769231 0.8629807692307693 0.009615384615384616 0.014423076923076924
26 0.6754807692307693 0.8629807692307693 0.009615384615384616 0.014423076923076924
6 0.5036057692307693 0.8762019230769231 0.01201923076923077 0.016826923076923076
6 0.2776442307692308 0.8786057692307693 0.016826923076923076 0.021634615384615384
26 0.030048076923076924 0.8834134615384616 0.016826923076923076 0.021634615384615384
6 0.057692307692307696 0.8930288461538461 0.014423076923076924 0.021634615384615384
3 0.15144230769230768 0.9038461538461539 0.014423076923076924 0.009615384615384616
3 0.37259615384615385 0.9038461538461539 0.014423076923076924 0.009615384615384616
3 0.5985576923076923 0.9050480769230769 0.014423076923076924 0.01201923076923077
29 0.6730769230769231 0.9170673076923077 0.014423076923076924 0.021634615384615384
29 0.2283653846153846 0.9182692307692307 0.014423076923076924 0.019230769230769232
29 0.44471153846153844 0.9206730769230769 0.014423076923076924 0.019230769230769232
23 0.2692307692307692 0.09375 0.004807692307692308 0.009615384615384616
23 0.31009615384615385 0.09254807692307693 0.004807692307692308 0.01201923076923077
23 0.24639423076923078 0.09375 0.002403846153846154 0.009615384615384616
23 0.25721153846153844 0.09375 0.004807692307692308 0.009615384615384616
23 0.2620192307692308 0.09375 0.004807692307692308 0.009615384615384616
23 0.27884615384615385 0.09375 0.004807692307692308 0.009615384615384616
23 0.29086538461538464 0.09254807692307693 0.004807692307692308 0.01201923076923077
23 0.2956730769230769 0.09254807692307693 0.004807692307692308 0.01201923076923077
23 0.30528846153846156 0.09254807692307693 0.004807692307692308 0.01201923076923077
17 0.21153846153846154 0.9290865384615384 0.009615384615384616 0.007211538461538462
9 0.3737980769230769 0.9302884615384616 0.05048076923076923 0.028846153846153848
17 0.6574519230769231 0.9314903846153846 0.01201923076923077 0.007211538461538462
9 0.15384615384615385 0.9302884615384616 0.04807692307692308 0.028846153846153848
23 0.6742788461538461 0.9302884615384616 0.007211538461538462 0.004807692307692308
23 0.2283653846153846 0.9302884615384616 0.009615384615384616 0.004807692307692308
9 0.5985576923076923 0.9314903846153846 0.04807692307692308 0.03125
23 0.25240384615384615 0.09254807692307693 0.004807692307692308 0.01201923076923077
23 0.27403846153846156 0.09375 0.004807692307692308 0.009615384615384616
23 0.2860576923076923 0.09495192307692307 0.004807692307692308 0.01201923076923077
23 0.3004807692307692 0.09495192307692307 0.004807692307692308 0.01201923076923077
17 0.42908653846153844 0.9314903846153846 0.01201923076923077 0.007211538461538462
23 0.44711538461538464 0.9326923076923077 0.009615384615384616 0.004807692307692308
23 0.6742788461538461 0.9350961538461539 0.007211538461538462 0.004807692307692308
23 0.2283653846153846 0.9375 0.009615384615384616 0.004807692307692308
23 0.44711538461538464 0.9375 0.009615384615384616 0.004807692307692308
23 0.32091346153846156 0.09615384615384616 0.007211538461538462 0.004807692307692308
23 0.23317307692307693 0.09615384615384616 0.009615384615384616 0.004807692307692308
23 0.32091346153846156 0.10336538461538461 0.007211538461538462 0.004807692307692308
23 0.234375 0.10336538461538461 0.007211538461538462 0.004807692307692308
23 0.234375 0.11057692307692307 0.007211538461538462 0.004807692307692308
23 0.31971153846153844 0.11057692307692307 0.009615384615384616 0.004807692307692308
6 0.8329326923076923 0.11658653846153846 0.01201923076923077 0.016826923076923076
23 0.32091346153846156 0.11899038461538461 0.007211538461538462 0.007211538461538462
23 0.23317307692307693 0.11778846153846154 0.009615384615384616 0.004807692307692308
23 0.234375 0.125 0.007211538461538462 0.004807692307692308
23 0.32091346153846156 0.125 0.007211538461538462 0.004807692307692308
23 0.234375 0.13221153846153846 0.007211538461538462 0.004807692307692308
23 0.31971153846153844 0.13221153846153846 0.009615384615384616 0.004807692307692308
23 0.23317307692307693 0.13942307692307693 0.009615384615384616 0.004807692307692308
23 0.32091346153846156 0.13942307692307693 0.007211538461538462 0.004807692307692308
0 0.030048076923076924 0.14302884615384615 0.036057692307692304 0.05048076923076923
23 0.23197115384615385 0.1466346153846154 0.007211538461538462 0.004807692307692308
23 0.31971153846153844 0.1466346153846154 0.009615384615384616 0.004807692307692308
23 0.35336538461538464 0.14903846153846154 0.009615384615384616 0.004807692307692308
23 0.37740384615384615 0.14903846153846154 0.009615384615384616 0.004807692307692308
29 0.5276442307692307 0.15384615384615385 0.016826923076923076 0.019230769230769232
23 0.31971153846153844 0.15384615384615385 0.009615384615384616 0.004807692307692308
23 0.23197115384615385 0.15384615384615385 0.007211538461538462 0.004807692307692308
14 0.27403846153846156 0.15745192307692307 0.0673076923076923 0.10336538461538461
17 0.5132211538461539 0.15865384615384615 0.01201923076923077 0.009615384615384616
6 0.3641826923076923 0.16105769230769232 0.036057692307692304 0.019230769230769232
0 0.4795673076923077 0.16105769230769232 0.036057692307692304 0.04807692307692308
23 0.23317307692307693 0.16346153846153846 0.009615384615384616 0.004807692307692308
23 0.31971153846153844 0.16346153846153846 0.009615384615384616 0.004807692307692308
23 0.5300480769230769 0.1658653846153846 0.007211538461538462 0.004807692307692308
23 0.23317307692307693 0.16826923076923078 0.009615384615384616 0.004807692307692308
23 0.32091346153846156 0.17067307692307693 0.007211538461538462 0.004807692307692308
23 0.5300480769230769 0.17067307692307693 0.007211538461538462 0.004807692307692308
6 0.8966346153846154 0.17548076923076922 0.02403846153846154 0.125
23 0.23317307692307693 0.17548076923076922 0.009615384615384616 0.004807692307692308
23 0.32091346153846156 0.1778846153846154 0.007211538461538462 0.004807692307692308
25 0.10336538461538461 0.17908653846153846 0.04807692307692308 0.06490384615384616
23 0.35216346153846156 0.18028846153846154 0.007211538461538462 0.004807692307692308
3 0.36658653846153844 0.17908653846153846 0.01201923076923077 0.007211538461538462
23 0.3786057692307692 0.1814903846153846 0.007211538461538462 0.007211538461538462
23 0.23317307692307693 0.18269230769230768 0.009615384615384616 0.004807692307692308
23 0.31971153846153844 0.18509615384615385 0.009615384615384616 0.004807692307692308
6 0.15865384615384615 0.18509615384615385 0.014423076923076924 0.019230769230769232
23 0.23197115384615385 0.19230769230769232 0.007211538461538462 0.004807692307692308
23 0.31971153846153844 0.19230769230769232 0.009615384615384616 0.004807692307692308
6 0.3641826923076923 0.1935096153846154 0.036057692307692304 0.016826923076923076
6 0.9663461538461539 0.19471153846153846 0.04326923076923077 0.09134615384615384
23 0.23197115384615385 0.1971153846153846 0.007211538461538462 0.004807692307692308
0 0.030048076923076924 0.19951923076923078 0.036057692307692304 0.04807692307692308
23 0.31971153846153844 0.19951923076923078 0.009615384615384616 0.004807692307692308
23 0.32091346153846156 0.20673076923076922 0.007211538461538462 0.004807692307692308
23 0.23197115384615385 0.20673076923076922 0.007211538461538462 0.004807692307692308
23 0.23317307692307693 0.21394230769230768 0.009615384615384616 0.004807692307692308
23 0.31971153846153844 0.21394230769230768 0.009615384615384616 0.004807692307692308
0 0.8473557692307693 0.21634615384615385 0.036057692307692304 0.04807692307692308
6 0.4206730769230769 0.21754807692307693 0.014423076923076924 0.021634615384615384
16 0.8076923076923077 0.21754807692307693 0.019230769230769232 0.036057692307692304
23 0.234375 0.22115384615384615 0.007211538461538462 0.004807692307692308
23 0.31971153846153844 0.21995192307692307 0.009615384615384616 0.007211538461538462
29 0.5288461538461539 0.22956730769230768 0.014423076923076924 0.021634615384615384
17 0.5132211538461539 0.234375 0.01201923076923077 0.007211538461538462
23 0.24519230769230768 0.23677884615384615 0.004807692307692308 0.01201923076923077
23 0.2644230769230769 0.23677884615384615 0.004807692307692308 0.01201923076923077
23 0.25961538461538464 0.23677884615384615 0.004807692307692308 0.01201923076923077
23 0.2764423076923077 0.23677884615384615 0.004807692307692308 0.01201923076923077
23 0.2548076923076923 0.23677884615384615 0.004807692307692308 0.01201923076923077
23 0.27163461538461536 0.23677884615384615 0.004807692307692308 0.01201923076923077
23 0.25 0.23677884615384615 0.004807692307692308 0.01201923076923077
23 0.28125 0.23677884615384615 0.004807692307692308 0.01201923076923077
23 0.2860576923076923 0.23677884615384615 0.004807692307692308 0.01201923076923077
23 0.2920673076923077 0.23677884615384615 0.002403846153846154 0.01201923076923077
23 0.2980769230769231 0.23677884615384615 0.004807692307692308 0.01201923076923077
23 0.3125 0.23677884615384615 0.004807692307692308 0.01201923076923077
23 0.23918269230769232 0.23677884615384615 0.002403846153846154 0.01201923076923077
23 0.30288461538461536 0.23677884615384615 0.004807692307692308 0.01201923076923077
23 0.3076923076923077 0.23677884615384615 0.004807692307692308 0.01201923076923077
0 0.4795673076923077 0.24158653846153846 0.036057692307692304 0.05048076923076923
23 0.5276442307692307 0.24278846153846154 0.007211538461538462 0.004807692307692308
26 0.04326923076923077 0.24278846153846154 0.019230769230769232 0.02403846153846154
6 0.6790865384615384 0.24278846153846154 0.23317307692307693 0.28365384615384615
23 0.5276442307692307 0.24759615384615385 0.007211538461538462 0.004807692307692308
29 0.11778846153846154 0.2692307692307692 0.014423076923076924 0.019230769230769232
29 0.055288461538461536 0.2692307692307692 0.014423076923076924 0.019230769230769232
17 0.037259615384615384 0.2776442307692308 0.01201923076923077 0.007211538461538462
17 0.09975961538461539 0.2776442307692308 0.01201923076923077 0.007211538461538462
23 0.054086538461538464 0.28125 0.007211538461538462 0.004807692307692308
23 0.11658653846153846 0.28125 0.007211538461538462 0.004807692307692308
23 0.055288461538461536 0.2860576923076923 0.009615384615384616 0.004807692307692308
23 0.11778846153846154 0.2860576923076923 0.009615384615384616 0.004807692307692308
17 0.8161057692307693 0.29447115384615385 0.01201923076923077 0.007211538461538462
23 0.8317307692307693 0.29447115384615385 0.009615384615384616 0.007211538461538462
18 0.11778846153846154 0.296875 0.009615384615384616 0.007211538461538462
6 0.41586538461538464 0.3137019230769231 0.014423076923076924 0.021634615384615384
17 0.8161057692307693 0.3161057692307692 0.01201923076923077 0.007211538461538462
23 0.8317307692307693 0.3173076923076923 0.009615384615384616 0.004807692307692308
20 0.9663461538461539 0.31971153846153844 0.04807692307692308 0.0625
6 0.042067307692307696 0.31971153846153844 0.01201923076923077 0.019230769230769232