24 0.6598557692307693 0.45913461538461536 0.01201923076923077 0.004807692307692308
24 0.6574519230769231 0.4495192307692308 0.01201923076923077 0.004807692307692308
24 0.6586538461538461 0.46875 0.009615384615384616 0.004807692307692308
24 0.6574519230769231 0.47596153846153844 0.01201923076923077 0.004807692307692308
24 0.6598557692307693 0.41586538461538464 0.01201923076923077 0.004807692307692308
24 0.6598557692307693 0.4326923076923077 0.01201923076923077 0.004807692307692308
24 0.6598557692307693 0.4375 0.01201923076923077 0.004807692307692308
24 0.6574519230769231 0.4543269230769231 0.01201923076923077 0.004807692307692308
24 0.6586538461538461 0.4639423076923077 0.009615384615384616 0.004807692307692308
24 0.6598557692307693 0.4206730769230769 0.01201923076923077 0.004807692307692308
24 0.6598557692307693 0.42788461538461536 0.01201923076923077 0.004807692307692308
24 0.6598557692307693 0.4423076923076923 0.01201923076923077 0.004807692307692308
24 0.6574519230769231 0.4807692307692308 0.01201923076923077 0.004807692307692308
24 0.6574519230769231 0.4855769230769231 0.01201923076923077 0.004807692307692308
24 0.6550480769230769 0.49759615384615385 0.01201923076923077 0.004807692307692308
24 0.6790865384615384 0.0733173076923077 0.01201923076923077 0.002403846153846154
24 0.6550480769230769 0.5024038461538461 0.01201923076923077 0.004807692307692308
24 0.6550480769230769 0.5072115384615384 0.01201923076923077 0.004807692307692308
24 0.6790865384615384 0.06971153846153846 0.01201923076923077 0.004807692307692308
24 0.6766826923076923 0.11658653846153846 0.01201923076923077 0.002403846153846154
24 0.6766826923076923 0.08533653846153846 0.01201923076923077 0.002403846153846154
24 0.6766826923076923 0.1045673076923077 0.01201923076923077 0.002403846153846154
24 0.6766826923076923 0.09014423076923077 0.01201923076923077 0.002403846153846154
24 0.6766826923076923 0.09615384615384616 0.01201923076923077 0.004807692307692308
24 0.6766826923076923 0.09975961538461539 0.01201923076923077 0.002403846153846154
24 0.6766826923076923 0.11057692307692307 0.01201923076923077 0.004807692307692308
24 0.6766826923076923 0.12259615384615384 0.01201923076923077 0.004807692307692308
24 0.6742788461538461 0.13822115384615385 0.01201923076923077 0.002403846153846154
24 0.6766826923076923 0.078125 0.01201923076923077 0.002403846153846154
24 0.6742788461538461 0.12740384615384615 0.01201923076923077 0.004807692307692308
24 0.6742788461538461 0.13341346153846154 0.01201923076923077 0.002403846153846154
24 0.6742788461538461 0.14302884615384615 0.01201923076923077 0.002403846153846154
24 0.6550480769230769 0.49278846153846156 0.01201923076923077 0.004807692307692308
24 0.6742788461538461 0.14783653846153846 0.01201923076923077 0.002403846153846154
24 0.671875 0.15985576923076922 0.01201923076923077 0.002403846153846154
24 0.671875 0.15264423076923078 0.01201923076923077 0.002403846153846154
24 0.6682692307692307 0.16826923076923078 0.004807692307692308 0.009615384615384616
24 0.6538461538461539 0.40625 0.004807692307692308 0.009615384615384616
24 0.6610576923076923 0.16826923076923078 0.004807692307692308 0.009615384615384616
24 0.6658653846153846 0.06370192307692307 0.004807692307692308 0.007211538461538462
24 0.6466346153846154 0.40625 0.004807692307692308 0.009615384615384616
6 0.6177884615384616 0.9314903846153846 0.019230769230769232 0.016826923076923076
24 0.6418269230769231 0.5108173076923077 0.004807692307692308 0.007211538461538462
6 0.6213942307692307 0.8425480769230769 0.016826923076923076 0.01201923076923077
24 0.6586538461538461 0.0625 0.004807692307692308 0.009615384615384616
24 0.6538461538461539 0.16706730769230768 0.004807692307692308 0.007211538461538462
24 0.6394230769230769 0.40625 0.004807692307692308 0.009615384615384616
24 0.6346153846153846 0.5108173076923077 0.004807692307692308 0.007211538461538462
24 0.6514423076923077 0.06370192307692307 0.004807692307692308 0.007211538461538462
24 0.6466346153846154 0.1658653846153846 0.004807692307692308 0.009615384615384616
24 0.6322115384615384 0.40625 0.004807692307692308 0.009615384615384616
24 0.625 0.5084134615384616 0.004807692307692308 0.007211538461538462
24 0.6442307692307693 0.06370192307692307 0.004807692307692308 0.007211538461538462
24 0.6394230769230769 0.16706730769230768 0.004807692307692308 0.007211538461538462
24 0.625 0.40384615384615385 0.004807692307692308 0.009615384615384616
24 0.6177884615384616 0.5084134615384616 0.004807692307692308 0.007211538461538462
24 0.6370192307692307 0.06129807692307692 0.004807692307692308 0.007211538461538462
24 0.6322115384615384 0.1658653846153846 0.004807692307692308 0.009615384615384616
4 0.6382211538461539 0.036057692307692304 0.007211538461538462 0.014423076923076924
24 0.6370192307692307 0.025240384615384616 0.004807692307692308 0.007211538461538462
24 0.6370192307692307 0.046875 0.004807692307692308 0.007211538461538462
24 0.6177884615384616 0.40384615384615385 0.004807692307692308 0.009615384615384616
24 0.6105769230769231 0.5300480769230769 0.004807692307692308 0.007211538461538462
18 0.6105769230769231 0.5564903846153846 0.004807692307692308 0.007211538461538462
24 0.6105769230769231 0.5084134615384616 0.004807692307692308 0.007211538461538462
24 0.6298076923076923 0.06129807692307692 0.004807692307692308 0.007211538461538462
24 0.625 0.16466346153846154 0.004807692307692308 0.007211538461538462
24 0.6081730769230769 0.4050480769230769 0.004807692307692308 0.007211538461538462
24 0.6033653846153846 0.5060096153846154 0.004807692307692308 0.007211538461538462
14 0.6141826923076923 0.28125 0.21875 0.16826923076923078
16 0.5997596153846154 0.5360576923076923 0.021634615384615384 0.02403846153846154
6 0.625 0.03245192307692308 0.019230769230769232 0.036057692307692304
6 0.5973557692307693 0.5540865384615384 0.016826923076923076 0.01201923076923077
24 0.6225961538461539 0.0625 0.004807692307692308 0.009615384615384616
24 0.6177884615384616 0.16466346153846154 0.004807692307692308 0.007211538461538462
14 0.6009615384615384 0.45552884615384615 0.09615384615384616 0.07932692307692307
24 0.6009615384615384 0.40384615384615385 0.004807692307692308 0.009615384615384616
24 0.5961538461538461 0.5084134615384616 0.004807692307692308 0.007211538461538462
14 0.6177884615384616 0.10817307692307693 0.09615384615384616 0.08173076923076923
24 0.6153846153846154 0.06129807692307692 0.004807692307692308 0.007211538461538462
24 0.6105769230769231 0.16346153846153846 0.004807692307692308 0.009615384615384616
24 0.5961538461538461 0.40384615384615385 0.004807692307692308 0.009615384615384616
24 0.5889423076923077 0.5084134615384616 0.004807692307692308 0.007211538461538462
24 0.6081730769230769 0.06129807692307692 0.004807692307692308 0.007211538461538462
24 0.6033653846153846 0.16346153846153846 0.004807692307692308 0.009615384615384616
4 0.5805288461538461 0.5444711538461539 0.007211538461538462 0.01201923076923077
24 0.5817307692307693 0.5564903846153846 0.004807692307692308 0.007211538461538462
24 0.5865384615384616 0.4026442307692308 0.004807692307692308 0.007211538461538462
18 0.5817307692307693 0.5276442307692307 0.004807692307692308 0.007211538461538462
24 0.6081730769230769 0.02283653846153846 0.004807692307692308 0.007211538461538462
24 0.6057692307692307 0.046875 0.004807692307692308 0.007211538461538462
24 0.5817307692307693 0.5084134615384616 0.004807692307692308 0.007211538461538462
16 0.5721153846153846 0.6418269230769231 0.03365384615384615 0.019230769230769232
16 0.5697115384615384 0.6658653846153846 0.03365384615384615 0.014423076923076924
16 0.5697115384615384 0.65625 0.03365384615384615 0.014423076923076924
16 0.5697115384615384 0.6778846153846154 0.03365384615384615 0.014423076923076924
6 0.5697115384615384 0.6935096153846154 0.03365384615384615 0.021634615384615384
24 0.6009615384615384 0.06009615384615385 0.004807692307692308 0.009615384615384616
24 0.5961538461538461 0.16346153846153846 0.004807692307692308 0.009615384615384616
24 0.5817307692307693 0.4026442307692308 0.004807692307692308 0.007211538461538462
24 0.5745192307692307 0.5060096153846154 0.004807692307692308 0.007211538461538462
16 0.5697115384615384 0.5456730769230769 0.02403846153846154 0.02403846153846154
6 0.5673076923076923 0.5997596153846154 0.019230769230769232 0.01201923076923077
16 0.5973557692307693 0.02403846153846154 0.021634615384615384 0.028846153846153848
6 0.5949519230769231 0.04447115384615385 0.016826923076923076 0.01201923076923077
6 0.5685096153846154 0.5300480769230769 0.016826923076923076 0.01201923076923077
24 0.59375 0.06129807692307692 0.004807692307692308 0.007211538461538462
24 0.5889423076923077 0.1622596153846154 0.004807692307692308 0.007211538461538462
24 0.5721153846153846 0.4026442307692308 0.004807692307692308 0.007211538461538462
24 0.5673076923076923 0.5060096153846154 0.004807692307692308 0.007211538461538462
24 0.5865384615384616 0.06009615384615385 0.004807692307692308 0.009615384615384616
24 0.5817307692307693 0.1622596153846154 0.004807692307692308 0.007211538461538462
24 0.5649038461538461 0.4014423076923077 0.004807692307692308 0.009615384615384616
24 0.5600961538461539 0.5060096153846154 0.004807692307692308 0.007211538461538462
24 0.5793269230769231 0.05889423076923077 0.004807692307692308 0.007211538461538462
24 0.5745192307692307 0.1622596153846154 0.004807692307692308 0.007211538461538462
24 0.5576923076923077 0.4014423076923077 0.004807692307692308 0.009615384615384616
24 0.5528846153846154 0.5060096153846154 0.004807692307692308 0.007211538461538462
24 0.5673076923076923 0.16105769230769232 0.004807692307692308 0.009615384615384616
24 0.5504807692307693 0.4014423076923077 0.004807692307692308 0.009615384615384616
24 0.5637019230769231 0.0673076923076923 0.01201923076923077 0.004807692307692308
24 0.5637019230769231 0.0733173076923077 0.01201923076923077 0.002403846153846154
24 0.5637019230769231 0.078125 0.01201923076923077 0.002403846153846154
24 0.5612980769230769 0.12620192307692307 0.01201923076923077 0.002403846153846154
24 0.5612980769230769 0.14302884615384615 0.01201923076923077 0.002403846153846154
24 0.5588942307692307 0.14783653846153846 0.01201923076923077 0.002403846153846154
24 0.5637019230769231 0.0625 0.01201923076923077 0.004807692307692308
24 0.5612980769230769 0.09975961538461539 0.01201923076923077 0.002403846153846154
24 0.5612980769230769 0.10576923076923077 0.01201923076923077 0.004807692307692308
24 0.5612980769230769 0.109375 0.01201923076923077 0.002403846153846154
24 0.5612980769230769 0.11538461538461539 0.01201923076923077 0.004807692307692308
24 0.5444711538461539 0.4375 0.01201923076923077 0.004807692307692308
24 0.5420673076923077 0.4855769230769231 0.01201923076923077 0.004807692307692308
24 0.5612980769230769 0.1201923076923077 0.01201923076923077 0.004807692307692308
24 0.5588942307692307 0.1310096153846154 0.01201923076923077 0.002403846153846154
24 0.5588942307692307 0.13701923076923078 0.01201923076923077 0.004807692307692308
24 0.5588942307692307 0.15264423076923078 0.01201923076923077 0.002403846153846154
24 0.5456730769230769 0.41586538461538464 0.009615384615384616 0.004807692307692308
24 0.5444711538461539 0.4423076923076923 0.01201923076923077 0.004807692307692308
24 0.5420673076923077 0.46875 0.01201923076923077 0.004807692307692308
24 0.5612980769230769 0.0829326923076923 0.01201923076923077 0.002403846153846154
24 0.5612980769230769 0.0889423076923077 0.01201923076923077 0.004807692307692308
24 0.5612980769230769 0.09495192307692307 0.01201923076923077 0.002403846153846154
24 0.5444711538461539 0.4110576923076923 0.01201923076923077 0.004807692307692308
24 0.5444711538461539 0.4206730769230769 0.01201923076923077 0.004807692307692308
24 0.5420673076923077 0.4639423076923077 0.01201923076923077 0.004807692307692308
24 0.5420673076923077 0.4807692307692308 0.01201923076923077 0.004807692307692308
24 0.5444711538461539 0.4254807692307692 0.01201923076923077 0.004807692307692308
24 0.5444711538461539 0.4326923076923077 0.01201923076923077 0.004807692307692308
24 0.5420673076923077 0.4519230769230769 0.01201923076923077 0.004807692307692308
24 0.5420673076923077 0.4735576923076923 0.01201923076923077 0.004807692307692308
24 0.5420673076923077 0.49038461538461536 0.01201923076923077 0.004807692307692308
24 0.5396634615384616 0.4951923076923077 0.01201923076923077 0.004807692307692308
24 0.5420673076923077 0.44711538461538464 0.01201923076923077 0.004807692307692308
24 0.5420673076923077 0.45913461538461536 0.01201923076923077 0.004807692307692308
24 0.5396634615384616 0.5 0.01201923076923077 0.004807692307692308
6 0.5120192307692307 0.7536057692307693 0.019230769230769232 0.036057692307692304
20 0.515625 0.6213942307692307 0.036057692307692304 0.04567307692307692
6 0.5132211538461539 0.5516826923076923 0.021634615384615384 0.01201923076923077
6 0.5336538461538461 0.14423076923076922 0.019230769230769232 0.014423076923076924
24 0.5072115384615384 0.5841346153846154 0.019230769230769232 0.028846153846153848
24 0.5024038461538461 0.6550480769230769 0.019230769230769232 0.026442307692307692
26 0.49278846153846156 0.6899038461538461 0.014423076923076924 0.009615384615384616
14 0.4855769230769231 0.8004807692307693 0.04326923076923077 0.038461538461538464
6 0.4951923076923077 0.40625 0.019230769230769232 0.014423076923076924
29 0.4735576923076923 0.6610576923076923 0.019230769230769232 0.014423076923076924
15 0.4891826923076923 0.26322115384615385 0.021634615384615384 0.007211538461538462
17 0.4675480769230769 0.640625 0.007211538461538462 0.01201923076923077
24 0.45913461538461536 0.6598557692307693 0.004807692307692308 0.007211538461538462
26 0.4543269230769231 0.6887019230769231 0.014423076923076924 0.01201923076923077
9 0.44591346153846156 0.5661057692307693 0.03125 0.05048076923076923
9 0.4411057692307692 0.6454326923076923 0.03125 0.05048076923076923
24 0.46875 0.0673076923076923 0.004807692307692308 0.009615384615384616
24 0.46153846153846156 0.12740384615384615 0.004807692307692308 0.009615384615384616
4 0.4326923076923077 0.6899038461538461 0.009615384615384616 0.014423076923076924
6 0.4639423076923077 0.028846153846153848 0.19230769230769232 0.057692307692307696
4 0.45552884615384615 0.12740384615384615 0.007211538461538462 0.014423076923076924
15 0.45913461538461536 0.06490384615384616 0.009615384615384616 0.014423076923076924
24 0.42908653846153844 0.6021634615384616 0.007211538461538462 0.01201923076923077
4 0.42788461538461536 0.6141826923076923 0.004807692307692308 0.007211538461538462
14 0.45072115384615385 0.09615384615384616 0.04567307692307692 0.038461538461538464
24 0.4230769230769231 0.6141826923076923 0.004807692307692308 0.007211538461538462
4 0.44591346153846156 0.12740384615384615 0.007211538461538462 0.014423076923076924
4 0.41586538461538464 0.6754807692307693 0.009615384615384616 0.014423076923076924
15 0.44711538461538464 0.0625 0.009615384615384616 0.014423076923076924
4 0.41466346153846156 0.6165865384615384 0.007211538461538462 0.01201923076923077
14 0.4050480769230769 0.7944711538461539 0.04567307692307692 0.036057692307692304
4 0.4362980769230769 0.12740384615384615 0.007211538461538462 0.014423076923076924
18 0.4050480769230769 0.6754807692307693 0.007211538461538462 0.009615384615384616
24 0.40865384615384615 0.6141826923076923 0.004807692307692308 0.007211538461538462
4 0.4338942307692308 0.06370192307692307 0.007211538461538462 0.01201923076923077
4 0.40024038461538464 0.6742788461538461 0.007211538461538462 0.01201923076923077
4 0.42908653846153844 0.12620192307692307 0.007211538461538462 0.01201923076923077
4 0.4026442307692308 0.6165865384615384 0.007211538461538462 0.01201923076923077
24 0.3942307692307692 0.6141826923076923 0.004807692307692308 0.007211538461538462
4 0.3870192307692308 0.6935096153846154 0.019230769230769232 0.007211538461538462
4 0.38822115384615385 0.6165865384615384 0.007211538461538462 0.01201923076923077
6 0.3798076923076923 0.7415865384615384 0.13942307692307693 0.03125
15 0.38461538461538464 0.5661057692307693 0.08173076923076923 0.06490384615384616
14 0.37740384615384615 0.640625 0.0625 0.036057692307692304
9 0.36177884615384615 0.6730769230769231 0.06490384615384616 0.02403846153846154
4 0.38100961538461536 0.2764423076923077 0.01201923076923077 0.004807692307692308
9 0.3786057692307692 0.2824519230769231 0.03125 0.01201923076923077
4 0.3798076923076923 0.2932692307692308 0.019230769230769232 0.004807692307692308
4 0.35697115384615385 0.6911057692307693 0.021634615384615384 0.007211538461538462
4 0.3798076923076923 0.2403846153846154 0.019230769230769232 0.004807692307692308
9 0.38100961538461536 0.23197115384615385 0.03125 0.01201923076923077
4 0.38100961538461536 0.2247596153846154 0.01201923076923077 0.002403846153846154
6 0.36658653846153844 0.4831730769230769 0.021634615384615384 0.014423076923076924
6 0.3713942307692308 0.3701923076923077 0.016826923076923076 0.014423076923076924
6 0.38221153846153844 0.18269230769230768 0.019230769230769232 0.014423076923076924
5 0.3701923076923077 0.3088942307692308 0.04807692307692308 0.026442307692307692
5 0.3701923076923077 0.25841346153846156 0.04807692307692308 0.026442307692307692
24 0.35096153846153844 0.3269230769230769 0.004807692307692308 0.009615384615384616
24 0.35336538461538464 0.27283653846153844 0.004807692307692308 0.007211538461538462
6 0.31971153846153844 0.7884615384615384 0.019230769230769232 0.014423076923076924
4 0.31850961538461536 0.609375 0.007211538461538462 0.01201923076923077
24 0.3125 0.5661057692307693 0.028846153846153848 0.036057692307692304
6 0.31971153846153844 0.16346153846153846 0.057692307692307696 0.04326923076923077
6 0.3161057692307692 0.21875 0.06009615384615385 0.04326923076923077
6 0.2956730769230769 0.6069711538461539 0.03365384615384615 0.036057692307692304
24 0.29086538461538464 0.5649038461538461 0.019230769230769232 0.028846153846153848
6 0.29927884615384615 0.3449519230769231 0.040865384615384616 0.13701923076923078
25 0.3137019230769231 0.039663461538461536 0.07932692307692307 0.07932692307692307
6 0.2920673076923077 0.453125 0.036057692307692304 0.036057692307692304
24 0.31009615384615385 0.11177884615384616 0.004807692307692308 0.007211538461538462
16 0.2920673076923077 0.4182692307692308 0.036057692307692304 0.014423076923076924
16 0.29086538461538464 0.43028846153846156 0.038461538461538464 0.014423076923076924
17 0.3088942307692308 0.0985576923076923 0.007211538461538462 0.009615384615384616
26 0.2764423076923077 0.6802884615384616 0.014423076923076924 0.009615384615384616
4 0.2776442307692308 0.5661057692307693 0.007211538461538462 0.01201923076923077
6 0.2548076923076923 0.6262019230769231 0.019230769230769232 0.01201923076923077
9 0.25841346153846156 0.5637019230769231 0.03125 0.05048076923076923
6 0.26322115384615385 0.14903846153846154 0.021634615384615384 0.014423076923076924
6 0.25 0.3798076923076923 0.019230769230769232 0.014423076923076924
4 0.23677884615384615 0.6021634615384616 0.007211538461538462 0.01201923076923077
4 0.23677884615384615 0.5637019230769231 0.007211538461538462 0.01201923076923077
6 0.20673076923076922 0.7379807692307693 0.13942307692307693 0.019230769230769232
9 0.19831730769230768 0.5877403846153846 0.026442307692307692 0.040865384615384616
9 0.21995192307692307 0.13942307692307693 0.03125 0.052884615384615384
9 0.20793269230769232 0.36177884615384615 0.026442307692307692 0.040865384615384616
6 0.21634615384615385 0.026442307692307692 0.09134615384615384 0.052884615384615384
6 0.13701923076923078 0.6983173076923077 0.019230769230769232 0.016826923076923076
30 0.14903846153846154 0.3581730769230769 0.08653846153846154 0.1201923076923077
30 0.15745192307692307 0.140625 0.09375 0.12259615384615384
26 0.15384615384615385 0.21153846153846154 0.014423076923076924 0.009615384615384616
30 0.1346153846153846 0.5829326923076923 0.09134615384615384 0.11778846153846154
26 0.14182692307692307 0.43509615384615385 0.014423076923076924 0.009615384615384616
26 0.12980769230769232 0.65625 0.014423076923076924 0.009615384615384616
6 0.12379807692307693 0.484375 0.016826923076923076 0.01201923076923077
6 0.13341346153846154 0.25841346153846156 0.021634615384615384 0.016826923076923076
26 0.14302884615384615 0.010817307692307692 0.021634615384615384 0.016826923076923076
6 0.13341346153846154 0.038461538461538464 0.021634615384615384 0.014423076923076924
4 0.11778846153846154 0.13221153846153846 0.009615384615384616 0.014423076923076924
4 0.10336538461538461 0.35096153846153844 0.009615384615384616 0.014423076923076924
4 0.09014423076923077 0.5769230769230769 0.01201923076923077 0.014423076923076924
29 0.07572115384615384 0.6514423076923077 0.021634615384615384 0.014423076923076924
29 0.0985576923076923 0.20673076923076922 0.019230769230769232 0.014423076923076924
29 0.08413461538461539 0.4230769230769231 0.019230769230769232 0.014423076923076924
24 0.9206730769230769 0.29086538461538464 0.009615384615384616 0.004807692307692308
24 0.9170673076923077 0.3317307692307692 0.01201923076923077 0.004807692307692308
24 0.9206730769230769 0.26802884615384615 0.009615384615384616 0.002403846153846154
24 0.9206730769230769 0.27884615384615385 0.009615384615384616 0.004807692307692308
24 0.9206730769230769 0.28365384615384615 0.009615384615384616 0.004807692307692308
24 0.9182692307692307 0.3004807692307692 0.009615384615384616 0.004807692307692308
24 0.9194711538461539 0.3125 0.01201923076923077 0.004807692307692308
24 0.9170673076923077 0.3173076923076923 0.01201923076923077 0.004807692307692308
24 0.9170673076923077 0.3269230769230769 0.01201923076923077 0.004807692307692308
17 0.08774038461538461 0.18990384615384615 0.007211538461538462 0.009615384615384616
9 0.078125 0.35096153846153844 0.03125 0.052884615384615384
17 0.06370192307692307 0.6358173076923077 0.007211538461538462 0.01201923076923077
9 0.09014423076923077 0.13341346153846154 0.03125 0.05048076923076923
24 0.0625 0.6526442307692307 0.004807692307692308 0.007211538461538462
24 0.08413461538461539 0.20673076923076922 0.004807692307692308 0.009615384615384616
9 0.06490384615384616 0.5757211538461539 0.03365384615384615 0.05048076923076923
24 0.9194711538461539 0.27403846153846156 0.01201923076923077 0.004807692307692308
24 0.9182692307692307 0.2956730769230769 0.009615384615384616 0.004807692307692308
24 0.9170673076923077 0.3076923076923077 0.01201923076923077 0.004807692307692308
24 0.9170673076923077 0.32211538461538464 0.01201923076923077 0.004807692307692308
17 0.07572115384615384 0.4050480769230769 0.007211538461538462 0.01201923076923077
24 0.07211538461538461 0.4230769230769231 0.004807692307692308 0.009615384615384616
24 0.057692307692307696 0.6526442307692307 0.004807692307692308 0.007211538461538462
24 0.07932692307692307 0.20673076923076922 0.004807692307692308 0.009615384615384616
24 0.0673076923076923 0.4230769230769231 0.004807692307692308 0.009615384615384616
24 0.9134615384615384 0.3425480769230769 0.004807692307692308 0.007211538461538462
24 0.9182692307692307 0.2548076923076923 0.004807692307692308 0.009615384615384616
24 0.90625 0.3401442307692308 0.004807692307692308 0.007211538461538462
24 0.9110576923076923 0.25600961538461536 0.004807692307692308 0.007211538461538462
24 0.9038461538461539 0.2536057692307692 0.004807692307692308 0.007211538461538462
24 0.8990384615384616 0.34134615384615385 0.004807692307692308 0.009615384615384616
6 0.8665865384615384 0.8521634615384616 0.016826923076923076 0.01201923076923077
24 0.890625 0.3401442307692308 0.007211538461538462 0.007211538461538462
24 0.8966346153846154 0.2548076923076923 0.004807692307692308 0.009615384615384616
24 0.8894230769230769 0.2536057692307692 0.004807692307692308 0.007211538461538462
24 0.8846153846153846 0.3401442307692308 0.004807692307692308 0.007211538461538462
24 0.8822115384615384 0.2536057692307692 0.004807692307692308 0.007211538461538462
24 0.8774038461538461 0.3389423076923077 0.004807692307692308 0.009615384615384616
24 0.875 0.25240384615384615 0.004807692307692308 0.009615384615384616
24 0.8701923076923077 0.3401442307692308 0.004807692307692308 0.007211538461538462
0 0.8822115384615384 0.05048076923076923 0.052884615384615384 0.038461538461538464
24 0.8677884615384616 0.2512019230769231 0.004807692307692308 0.007211538461538462
24 0.8629807692307693 0.3389423076923077 0.004807692307692308 0.009615384615384616
24 0.8605769230769231 0.37259615384615385 0.004807692307692308 0.009615384615384616
24 0.8581730769230769 0.39663461538461536 0.004807692307692308 0.009615384615384616
29 0.8461538461538461 0.546875 0.019230769230769232 0.016826923076923076
24 0.8557692307692307 0.3389423076923077 0.004807692307692308 0.009615384615384616
24 0.8605769230769231 0.2512019230769231 0.004807692307692308 0.007211538461538462
14 0.8533653846153846 0.2932692307692308 0.10576923076923077 0.07211538461538461
17 0.8413461538461539 0.5300480769230769 0.009615384615384616 0.01201923076923077
6 0.8473557692307693 0.38100961538461536 0.021634615384615384 0.036057692307692304
0 0.8401442307692307 0.49759615384615385 0.05048076923076923 0.038461538461538464
24 0.8509615384615384 0.25 0.004807692307692308 0.009615384615384616
24 0.8461538461538461 0.3389423076923077 0.004807692307692308 0.009615384615384616
24 0.8317307692307693 0.546875 0.004807692307692308 0.007211538461538462
24 0.8461538461538461 0.25240384615384615 0.004807692307692308 0.009615384615384616
24 0.8389423076923077 0.33774038461538464 0.004807692307692308 0.007211538461538462
24 0.8269230769230769 0.546875 0.004807692307692308 0.007211538461538462
6 0.8052884615384616 0.9122596153846154 0.125 0.03125
24 0.8389423076923077 0.25 0.004807692307692308 0.009615384615384616
24 0.8317307692307693 0.33774038461538464 0.004807692307692308 0.007211538461538462
25 0.8413461538461539 0.12139423076923077 0.0673076923076923 0.05048076923076923
24 0.8293269230769231 0.36899038461538464 0.004807692307692308 0.007211538461538462
4 0.828125 0.38341346153846156 0.007211538461538462 0.01201923076923077
24 0.8257211538461539 0.3954326923076923 0.007211538461538462 0.007211538461538462
24 0.8317307692307693 0.25 0.004807692307692308 0.009615384615384616
24 0.8245192307692307 0.33653846153846156 0.004807692307692308 0.009615384615384616
6 0.8341346153846154 0.17548076923076922 0.019230769230769232 0.014423076923076924
24 0.8221153846153846 0.24879807692307693 0.004807692307692308 0.007211538461538462
24 0.8173076923076923 0.33653846153846156 0.004807692307692308 0.009615384615384616
6 0.8149038461538461 0.38100961538461536 0.019230769230769232 0.036057692307692304
6 0.78125 0.9771634615384616 0.09615384615384616 0.040865384615384616
24 0.8173076923076923 0.24879807692307693 0.004807692307692308 0.007211538461538462
0 0.8257211538461539 0.04807692307692308 0.05048076923076923 0.038461538461538464
24 0.8125 0.33653846153846156 0.004807692307692308 0.009615384615384616
24 0.8052884615384616 0.33533653846153844 0.004807692307692308 0.007211538461538462
24 0.8076923076923077 0.24879807692307693 0.004807692307692308 0.007211538461538462
24 0.8004807692307693 0.24759615384615385 0.004807692307692308 0.009615384615384616
24 0.7980769230769231 0.33653846153846156 0.004807692307692308 0.009615384615384616
0 0.7680288461538461 0.8605769230769231 0.05048076923076923 0.038461538461538464
6 0.7872596153846154 0.43509615384615385 0.021634615384615384 0.014423076923076924
16 0.7680288461538461 0.8233173076923077 0.036057692307692304 0.021634615384615384
24 0.7932692307692307 0.24879807692307693 0.004807692307692308 0.007211538461538462
24 0.7896634615384616 0.33413461538461536 0.007211538461538462 0.009615384615384616
29 0.7704326923076923 0.5432692307692307 0.021634615384615384 0.014423076923076924
17 0.765625 0.5276442307692307 0.007211538461538462 0.01201923076923077
24 0.7776442307692307 0.25961538461538464 0.01201923076923077 0.004807692307692308
24 0.7752403846153846 0.27884615384615385 0.01201923076923077 0.004807692307692308
24 0.7752403846153846 0.27403846153846156 0.01201923076923077 0.004807692307692308
24 0.7752403846153846 0.29086538461538464 0.01201923076923077 0.004807692307692308
24 0.7752403846153846 0.2692307692307692 0.01201923076923077 0.004807692307692308
24 0.7752403846153846 0.2860576923076923 0.01201923076923077 0.004807692307692308
24 0.7776442307692307 0.2644230769230769 0.01201923076923077 0.004807692307692308
24 0.7752403846153846 0.2956730769230769 0.01201923076923077 0.004807692307692308
24 0.7752403846153846 0.3004807692307692 0.01201923076923077 0.004807692307692308
24 0.7752403846153846 0.30649038461538464 0.01201923076923077 0.002403846153846154
24 0.7752403846153846 0.3125 0.01201923076923077 0.004807692307692308
24 0.7728365384615384 0.3269230769230769 0.01201923076923077 0.004807692307692308
24 0.7776442307692307 0.2536057692307692 0.01201923076923077 0.002403846153846154
24 0.7728365384615384 0.3173076923076923 0.01201923076923077 0.004807692307692308
24 0.7728365384615384 0.32211538461538464 0.01201923076923077 0.004807692307692308
0 0.7620192307692307 0.49278846153846156 0.052884615384615384 0.038461538461538464
24 0.7572115384615384 0.5420673076923077 0.004807692307692308 0.007211538461538462
26 0.7836538461538461 0.056490384615384616 0.02403846153846154 0.021634615384615384
6 0.7487980769230769 0.6935096153846154 0.2956730769230769 0.24759615384615385
24 0.7524038461538461 0.5420673076923077 0.004807692307692308 0.007211538461538462
29 0.7524038461538461 0.12980769230769232 0.019230769230769232 0.014423076923076924
29 0.7548076923076923 0.0673076923076923 0.019230769230769232 0.014423076923076924
17 0.7487980769230769 0.04927884615384615 0.007211538461538462 0.01201923076923077
17 0.7439903846153846 0.11177884615384616 0.007211538461538462 0.01201923076923077
24 0.7427884615384616 0.06610576923076923 0.004807692307692308 0.007211538461538462
24 0.7403846153846154 0.12860576923076922 0.004807692307692308 0.007211538461538462
24 0.7379807692307693 0.0673076923076923 0.004807692307692308 0.009615384615384616
24 0.7355769230769231 0.12980769230769232 0.004807692307692308 0.009615384615384616
17 0.6887019230769231 0.828125 0.007211538461538462 0.01201923076923077
24 0.6887019230769231 0.8413461538461539 0.007211538461538462 0.009615384615384616
18 0.7223557692307693 0.12740384615384615 0.007211538461538462 0.009615384615384616
6 0.6911057692307693 0.4254807692307692 0.021634615384615384 0.014423076923076924
17 0.6670673076923077 0.8257211538461539 0.007211538461538462 0.01201923076923077
24 0.6658653846153846 0.8413461538461539 0.004807692307692308 0.009615384615384616
20 0.65625 0.9735576923076923 0.0673076923076923 0.04807692307692308
6 0.7043269230769231 0.051682692307692304 0.019230769230769232 0.01201923076923077