24 0.640625 0.5829326923076923 0.01201923076923077 0.007211538461538462
24 0.6382211538461539 0.5949519230769231 0.01201923076923077 0.007211538461538462
24 0.6418269230769231 0.5733173076923077 0.009615384615384616 0.007211538461538462
24 0.6430288461538461 0.5685096153846154 0.01201923076923077 0.007211538461538462
24 0.6310096153846154 0.6262019230769231 0.01201923076923077 0.007211538461538462
24 0.6334134615384616 0.609375 0.01201923076923077 0.007211538461538462
24 0.6358173076923077 0.6045673076923077 0.01201923076923077 0.007211538461538462
24 0.6382211538461539 0.5901442307692307 0.01201923076923077 0.007211538461538462
24 0.6418269230769231 0.578125 0.009615384615384616 0.007211538461538462
24 0.6310096153846154 0.6213942307692307 0.01201923076923077 0.007211538461538462
24 0.6334134615384616 0.6141826923076923 0.01201923076923077 0.007211538461538462
24 0.6358173076923077 0.5997596153846154 0.01201923076923077 0.007211538461538462
24 0.6454326923076923 0.5637019230769231 0.01201923076923077 0.007211538461538462
24 0.6454326923076923 0.5588942307692307 0.01201923076923077 0.007211538461538462
24 0.6478365384615384 0.546875 0.01201923076923077 0.007211538461538462
24 0.5540865384615384 0.9591346153846154 0.01201923076923077 0.004807692307692308
24 0.6502403846153846 0.5420673076923077 0.01201923076923077 0.007211538461538462
24 0.6502403846153846 0.5372596153846154 0.01201923076923077 0.007211538461538462
24 0.5516826923076923 0.9651442307692307 0.01201923076923077 0.007211538461538462
24 0.5637019230769231 0.9182692307692307 0.01201923076923077 0.004807692307692308
24 0.5564903846153846 0.9495192307692307 0.01201923076923077 0.004807692307692308
24 0.5612980769230769 0.9278846153846154 0.01201923076923077 0.004807692307692308
24 0.5564903846153846 0.9447115384615384 0.01201923076923077 0.004807692307692308
24 0.5588942307692307 0.9387019230769231 0.01201923076923077 0.007211538461538462
24 0.5588942307692307 0.9326923076923077 0.01201923076923077 0.004807692307692308
24 0.5612980769230769 0.9242788461538461 0.01201923076923077 0.007211538461538462
24 0.5637019230769231 0.9122596153846154 0.01201923076923077 0.007211538461538462
24 0.5685096153846154 0.8966346153846154 0.01201923076923077 0.004807692307692308
24 0.5540865384615384 0.9543269230769231 0.01201923076923077 0.004807692307692308
24 0.5637019230769231 0.9074519230769231 0.01201923076923077 0.007211538461538462
24 0.5661057692307693 0.9014423076923077 0.01201923076923077 0.004807692307692308
24 0.5685096153846154 0.8918269230769231 0.01201923076923077 0.004807692307692308
24 0.6478365384615384 0.5516826923076923 0.01201923076923077 0.007211538461538462
24 0.5685096153846154 0.8870192307692307 0.01201923076923077 0.004807692307692308
24 0.5709134615384616 0.875 0.01201923076923077 0.004807692307692308
24 0.5709134615384616 0.8822115384615384 0.01201923076923077 0.004807692307692308
24 0.5685096153846154 0.8677884615384616 0.007211538461538462 0.009615384615384616
24 0.6213942307692307 0.6322115384615384 0.007211538461538462 0.009615384615384616
24 0.5637019230769231 0.8653846153846154 0.007211538461538462 0.009615384615384616
24 0.5396634615384616 0.9651442307692307 0.007211538461538462 0.007211538461538462
24 0.6141826923076923 0.6322115384615384 0.007211538461538462 0.009615384615384616
6 0.7319711538461539 0.11899038461538461 0.021634615384615384 0.021634615384615384
24 0.6382211538461539 0.5300480769230769 0.007211538461538462 0.007211538461538462
6 0.7115384615384616 0.20673076923076922 0.019230769230769232 0.014423076923076924
24 0.5324519230769231 0.9639423076923077 0.007211538461538462 0.009615384615384616
24 0.5540865384615384 0.8641826923076923 0.007211538461538462 0.007211538461538462
24 0.6069711538461539 0.6298076923076923 0.007211538461538462 0.009615384615384616
24 0.6310096153846154 0.5276442307692307 0.007211538461538462 0.007211538461538462
24 0.5252403846153846 0.9627403846153846 0.007211538461538462 0.007211538461538462
24 0.546875 0.8629807692307693 0.007211538461538462 0.009615384615384616
24 0.5997596153846154 0.6274038461538461 0.007211538461538462 0.009615384615384616
24 0.6237980769230769 0.5276442307692307 0.007211538461538462 0.007211538461538462
24 0.5180288461538461 0.9603365384615384 0.007211538461538462 0.007211538461538462
24 0.5420673076923077 0.859375 0.007211538461538462 0.007211538461538462
24 0.5925480769230769 0.6274038461538461 0.007211538461538462 0.009615384615384616
24 0.6165865384615384 0.5252403846153846 0.007211538461538462 0.007211538461538462
24 0.5108173076923077 0.9603365384615384 0.007211538461538462 0.007211538461538462
24 0.5348557692307693 0.8581730769230769 0.007211538461538462 0.009615384615384616
4 0.5048076923076923 0.984375 0.009615384615384616 0.016826923076923076
24 0.5012019230769231 0.9963942307692307 0.007211538461538462 0.007211538461538462
24 0.5060096153846154 0.9747596153846154 0.007211538461538462 0.007211538461538462
24 0.5853365384615384 0.625 0.007211538461538462 0.009615384615384616
24 0.6141826923076923 0.5012019230769231 0.007211538461538462 0.007211538461538462
18 0.6213942307692307 0.47716346153846156 0.007211538461538462 0.007211538461538462
24 0.609375 0.5228365384615384 0.007211538461538462 0.007211538461538462
24 0.5036057692307693 0.9579326923076923 0.007211538461538462 0.007211538461538462
24 0.5276442307692307 0.8569711538461539 0.007211538461538462 0.007211538461538462
24 0.578125 0.6237980769230769 0.007211538461538462 0.007211538461538462
24 0.6021634615384616 0.5228365384615384 0.007211538461538462 0.007211538461538462
14 0.5480769230769231 0.7415865384615384 0.2403846153846154 0.19951923076923078
16 0.6057692307692307 0.49278846153846156 0.02403846153846154 0.028846153846153848
6 0.49158653846153844 0.9807692307692307 0.026442307692307692 0.03365384615384615
6 0.6081730769230769 0.47596153846153844 0.019230769230769232 0.014423076923076924
24 0.4963942307692308 0.9567307692307693 0.007211538461538462 0.009615384615384616
24 0.5204326923076923 0.8545673076923077 0.007211538461538462 0.007211538461538462
14 0.5841346153846154 0.5709134615384616 0.10576923076923077 0.09375
24 0.5709134615384616 0.6225961538461539 0.007211538461538462 0.009615384615384616
24 0.5949519230769231 0.5204326923076923 0.007211538461538462 0.007211538461538462
14 0.5048076923076923 0.9110576923076923 0.10576923076923077 0.09615384615384616
24 0.4891826923076923 0.9555288461538461 0.007211538461538462 0.007211538461538462
24 0.5132211538461539 0.8533653846153846 0.007211538461538462 0.009615384615384616
24 0.5661057692307693 0.6201923076923077 0.007211538461538462 0.009615384615384616
24 0.5877403846153846 0.5180288461538461 0.007211538461538462 0.007211538461538462
24 0.48197115384615385 0.953125 0.007211538461538462 0.007211538461538462
24 0.5060096153846154 0.8509615384615384 0.007211538461538462 0.009615384615384616
4 0.5889423076923077 0.4807692307692308 0.009615384615384616 0.014423076923076924
24 0.5925480769230769 0.4699519230769231 0.007211538461538462 0.007211538461538462
24 0.5564903846153846 0.6189903846153846 0.007211538461538462 0.007211538461538462
18 0.5853365384615384 0.4963942307692308 0.007211538461538462 0.007211538461538462
24 0.4723557692307692 0.9891826923076923 0.007211538461538462 0.007211538461538462
24 0.47716346153846156 0.9675480769230769 0.007211538461538462 0.007211538461538462
24 0.5805288461538461 0.515625 0.007211538461538462 0.007211538461538462
16 0.6069711538461539 0.38461538461538464 0.036057692307692304 0.02403846153846154
16 0.6141826923076923 0.3605769230769231 0.036057692307692304 0.019230769230769232
16 0.6117788461538461 0.3701923076923077 0.036057692307692304 0.019230769230769232
16 0.6165865384615384 0.3485576923076923 0.036057692307692304 0.019230769230769232
6 0.6189903846153846 0.33533653846153844 0.036057692307692304 0.026442307692307692
24 0.47475961538461536 0.9519230769230769 0.007211538461538462 0.009615384615384616
24 0.4987980769230769 0.8509615384615384 0.007211538461538462 0.009615384615384616
24 0.5516826923076923 0.6165865384615384 0.007211538461538462 0.007211538461538462
24 0.5733173076923077 0.515625 0.007211538461538462 0.007211538461538462
16 0.578125 0.47596153846153844 0.026442307692307692 0.028846153846153848
6 0.5901442307692307 0.42427884615384615 0.021634615384615384 0.016826923076923076
16 0.46033653846153844 0.9831730769230769 0.026442307692307692 0.028846153846153848
6 0.4639423076923077 0.9663461538461539 0.019230769230769232 0.014423076923076924
6 0.5745192307692307 0.49278846153846156 0.019230769230769232 0.014423076923076924
24 0.4675480769230769 0.9507211538461539 0.007211538461538462 0.007211538461538462
24 0.49158653846153844 0.8497596153846154 0.007211538461538462 0.007211538461538462
24 0.5420673076923077 0.6141826923076923 0.007211538461538462 0.007211538461538462
24 0.5661057692307693 0.5132211538461539 0.007211538461538462 0.007211538461538462
24 0.46033653846153844 0.9471153846153846 0.007211538461538462 0.009615384615384616
24 0.484375 0.8473557692307693 0.007211538461538462 0.007211538461538462
24 0.5372596153846154 0.6129807692307693 0.007211538461538462 0.009615384615384616
24 0.5588942307692307 0.5108173076923077 0.007211538461538462 0.007211538461538462
24 0.45552884615384615 0.9459134615384616 0.007211538461538462 0.007211538461538462
24 0.47716346153846156 0.8449519230769231 0.007211538461538462 0.007211538461538462
24 0.5300480769230769 0.6129807692307693 0.007211538461538462 0.009615384615384616
24 0.5516826923076923 0.5108173076923077 0.007211538461538462 0.007211538461538462
24 0.4699519230769231 0.84375 0.007211538461538462 0.009615384615384616
24 0.5228365384615384 0.6105769230769231 0.007211538461538462 0.009615384615384616
24 0.4411057692307692 0.9338942307692307 0.01201923076923077 0.007211538461538462
24 0.44350961538461536 0.9278846153846154 0.01201923076923077 0.004807692307692308
24 0.44591346153846156 0.9230769230769231 0.01201923076923077 0.004807692307692308
24 0.45552884615384615 0.8774038461538461 0.01201923076923077 0.004807692307692308
24 0.46033653846153844 0.8605769230769231 0.01201923076923077 0.004807692307692308
24 0.46033653846153844 0.8557692307692307 0.01201923076923077 0.004807692307692308
24 0.4411057692307692 0.9387019230769231 0.01201923076923077 0.007211538461538462
24 0.4483173076923077 0.9038461538461539 0.01201923076923077 0.004807692307692308
24 0.45072115384615385 0.8978365384615384 0.01201923076923077 0.007211538461538462
24 0.45072115384615385 0.8918269230769231 0.01201923076923077 0.004807692307692308
24 0.453125 0.8858173076923077 0.01201923076923077 0.007211538461538462
24 0.5252403846153846 0.5733173076923077 0.01201923076923077 0.007211538461538462
24 0.5348557692307693 0.5276442307692307 0.01201923076923077 0.007211538461538462
24 0.453125 0.8810096153846154 0.01201923076923077 0.007211538461538462
24 0.45552884615384615 0.8725961538461539 0.01201923076923077 0.004807692307692308
24 0.4579326923076923 0.8665865384615384 0.01201923076923077 0.007211538461538462
24 0.46033653846153844 0.8509615384615384 0.01201923076923077 0.004807692307692308
24 0.5192307692307693 0.5949519230769231 0.009615384615384616 0.007211538461538462
24 0.5252403846153846 0.5685096153846154 0.01201923076923077 0.007211538461538462
24 0.5324519230769231 0.5420673076923077 0.01201923076923077 0.007211538461538462
24 0.44591346153846156 0.9182692307692307 0.01201923076923077 0.004807692307692308
24 0.44591346153846156 0.9122596153846154 0.01201923076923077 0.007211538461538462
24 0.4483173076923077 0.9086538461538461 0.01201923076923077 0.004807692307692308
24 0.5180288461538461 0.5997596153846154 0.01201923076923077 0.007211538461538462
24 0.5204326923076923 0.5901442307692307 0.01201923076923077 0.007211538461538462
24 0.5300480769230769 0.5492788461538461 0.01201923076923077 0.007211538461538462
24 0.5348557692307693 0.5324519230769231 0.01201923076923077 0.007211538461538462
24 0.5228365384615384 0.5853365384615384 0.01201923076923077 0.007211538461538462
24 0.5228365384615384 0.578125 0.01201923076923077 0.007211538461538462
24 0.5276442307692307 0.5588942307692307 0.01201923076923077 0.007211538461538462
24 0.5324519230769231 0.5372596153846154 0.01201923076923077 0.007211538461538462
24 0.5372596153846154 0.5228365384615384 0.01201923076923077 0.007211538461538462
24 0.5372596153846154 0.515625 0.01201923076923077 0.007211538461538462
24 0.5276442307692307 0.5637019230769231 0.01201923076923077 0.007211538461538462
24 0.5300480769230769 0.5516826923076923 0.01201923076923077 0.007211538461538462
24 0.5396634615384616 0.5108173076923077 0.01201923076923077 0.007211538461538462
6 0.5817307692307693 0.25961538461538464 0.02403846153846154 0.038461538461538464
20 0.5480769230769231 0.38822115384615385 0.04326923076923077 0.05048076923076923
6 0.5264423076923077 0.45552884615384615 0.02403846153846154 0.016826923076923076
6 0.4338942307692308 0.8533653846153846 0.021634615384615384 0.019230769230769232
24 0.53125 0.421875 0.02403846153846154 0.03125
24 0.546875 0.35096153846153844 0.021634615384615384 0.028846153846153848
26 0.5444711538461539 0.3161057692307692 0.016826923076923076 0.01201923076923077
14 0.5673076923076923 0.2091346153846154 0.04807692307692308 0.04326923076923077
6 0.4699519230769231 0.5889423076923077 0.021634615384615384 0.019230769230769232
29 0.5180288461538461 0.3389423076923077 0.021634615384615384 0.019230769230769232
15 0.42427884615384615 0.7271634615384616 0.021634615384615384 0.01201923076923077
17 0.5072115384615384 0.3557692307692308 0.009615384615384616 0.014423076923076924
24 0.5060096153846154 0.33533653846153844 0.007211538461538462 0.007211538461538462
26 0.5084134615384616 0.3076923076923077 0.016826923076923076 0.014423076923076924
9 0.46634615384615385 0.4230769230769231 0.038461538461538464 0.052884615384615384
9 0.4831730769230769 0.34375 0.038461538461538464 0.052884615384615384
24 0.34975961538461536 0.9086538461538461 0.007211538461538462 0.009615384615384616
24 0.36177884615384615 0.8485576923076923 0.007211538461538462 0.009615384615384616
4 0.48677884615384615 0.29927884615384615 0.01201923076923077 0.016826923076923076
6 0.3317307692307692 0.9471153846153846 0.1971153846153846 0.09134615384615384
4 0.3557692307692308 0.8473557692307693 0.009615384615384616 0.016826923076923076
15 0.3401442307692308 0.9098557692307693 0.01201923076923077 0.016826923076923076
24 0.46153846153846156 0.38221153846153844 0.009615384615384616 0.014423076923076924
4 0.46274038461538464 0.3713942307692308 0.007211538461538462 0.007211538461538462
14 0.3401442307692308 0.8737980769230769 0.05048076923076923 0.04567307692307692
24 0.4579326923076923 0.36899038461538464 0.007211538461538462 0.007211538461538462
4 0.34615384615384615 0.8449519230769231 0.009615384615384616 0.016826923076923076
4 0.4675480769230769 0.3088942307692308 0.01201923076923077 0.016826923076923076
15 0.328125 0.9074519230769231 0.01201923076923077 0.016826923076923076
4 0.4495192307692308 0.36538461538461536 0.009615384615384616 0.014423076923076924
14 0.4891826923076923 0.18990384615384615 0.05048076923076923 0.04326923076923077
4 0.33653846153846156 0.8425480769230769 0.009615384615384616 0.016826923076923076
18 0.4567307692307692 0.30649038461538464 0.009615384615384616 0.01201923076923077
24 0.44350961538461536 0.36658653846153844 0.007211538461538462 0.007211538461538462
4 0.31490384615384615 0.9038461538461539 0.009615384615384616 0.014423076923076924
4 0.4519230769230769 0.30528846153846156 0.009615384615384616 0.014423076923076924
4 0.3293269230769231 0.8413461538461539 0.009615384615384616 0.014423076923076924
4 0.4375 0.3605769230769231 0.009615384615384616 0.014423076923076924
24 0.42908653846153844 0.3641826923076923 0.007211538461538462 0.007211538461538462
4 0.44471153846153844 0.2848557692307692 0.019230769230769232 0.01201923076923077
4 0.4254807692307692 0.3581730769230769 0.009615384615384616 0.014423076923076924
6 0.45072115384615385 0.23677884615384615 0.14182692307692307 0.055288461538461536
15 0.40865384615384615 0.40625 0.09134615384615384 0.07692307692307693
14 0.4206730769230769 0.3329326923076923 0.0673076923076923 0.04567307692307692
9 0.41346153846153844 0.296875 0.0673076923076923 0.036057692307692304
4 0.3233173076923077 0.6838942307692307 0.01201923076923077 0.007211538461538462
9 0.3245192307692308 0.6766826923076923 0.03365384615384615 0.016826923076923076
4 0.3269230769230769 0.6658653846153846 0.019230769230769232 0.009615384615384616
4 0.41466346153846156 0.2776442307692308 0.021634615384615384 0.01201923076923077
4 0.3125 0.71875 0.019230769230769232 0.009615384615384616
9 0.3125 0.7247596153846154 0.03365384615384615 0.016826923076923076
4 0.3088942307692308 0.7331730769230769 0.01201923076923077 0.004807692307692308
6 0.36778846153846156 0.4807692307692308 0.02403846153846154 0.019230769230769232
6 0.34134615384615385 0.5901442307692307 0.019230769230769232 0.016826923076923076
6 0.29927884615384615 0.7716346153846154 0.021634615384615384 0.019230769230769232
5 0.32211538461538464 0.6490384615384616 0.052884615384615384 0.03365384615384615
5 0.31009615384615385 0.6971153846153846 0.052884615384615384 0.03365384615384615
24 0.3088942307692308 0.6274038461538461 0.007211538461538462 0.009615384615384616
24 0.29447115384615385 0.6790865384615384 0.007211538461538462 0.007211538461538462
6 0.4050480769230769 0.17307692307692307 0.021634615384615384 0.019230769230769232
4 0.3557692307692308 0.34615384615384615 0.009615384615384616 0.014423076923076924
24 0.3389423076923077 0.3870192307692308 0.03365384615384615 0.038461538461538464
6 0.23317307692307693 0.7764423076923077 0.0625 0.052884615384615384
6 0.24639423076923078 0.7211538461538461 0.06490384615384616 0.052884615384615384
6 0.3317307692307692 0.3425480769230769 0.038461538461538464 0.040865384615384616
24 0.3173076923076923 0.38100961538461536 0.02403846153846154 0.03125
6 0.2620192307692308 0.59375 0.0625 0.13942307692307693
25 0.18990384615384615 0.8954326923076923 0.09134615384615384 0.0985576923076923
6 0.28725961538461536 0.4891826923076923 0.040865384615384616 0.040865384615384616
24 0.21033653846153846 0.8209134615384616 0.007211538461538462 0.007211538461538462
16 0.2764423076923077 0.5240384615384616 0.038461538461538464 0.019230769230769232
16 0.2800480769230769 0.5120192307692307 0.040865384615384616 0.019230769230769232
17 0.20432692307692307 0.8353365384615384 0.009615384615384616 0.01201923076923077
26 0.33533653846153844 0.265625 0.016826923076923076 0.01201923076923077
4 0.30288461538461536 0.375 0.009615384615384616 0.014423076923076924
6 0.29927884615384615 0.3112980769230769 0.021634615384615384 0.016826923076923076
9 0.28365384615384615 0.375 0.038461538461538464 0.052884615384615384
6 0.17548076923076922 0.7740384615384616 0.02403846153846154 0.019230769230769232
6 0.22716346153846154 0.5480769230769231 0.021634615384615384 0.019230769230769232
4 0.2764423076923077 0.3317307692307692 0.009615384615384616 0.014423076923076924
4 0.2644230769230769 0.36778846153846156 0.009615384615384616 0.014423076923076924
6 0.28365384615384615 0.18990384615384615 0.13942307692307693 0.04326923076923077
9 0.234375 0.33413461538461536 0.03125 0.04326923076923077
9 0.13221153846153846 0.7704326923076923 0.038461538461538464 0.055288461538461536
9 0.1814903846153846 0.5528846153846154 0.03125 0.04326923076923077
6 0.09495192307692307 0.8858173076923077 0.0985576923076923 0.07932692307692307
6 0.20552884615384615 0.21033653846153846 0.021634615384615384 0.021634615384615384
30 0.12259615384615384 0.5384615384615384 0.10576923076923077 0.12980769230769232
30 0.07211538461538461 0.7524038461538461 0.11057692307692307 0.1346153846153846
26 0.08774038461538461 0.6838942307692307 0.016826923076923076 0.01201923076923077
30 0.17067307692307693 0.31971153846153844 0.11057692307692307 0.12980769230769232
26 0.13822115384615385 0.4651442307692308 0.016826923076923076 0.01201923076923077
26 0.18870192307692307 0.24879807692307693 0.016826923076923076 0.01201923076923077
6 0.1346153846153846 0.41346153846153844 0.019230769230769232 0.014423076923076924
6 0.08173076923076923 0.6310096153846154 0.02403846153846154 0.021634615384615384
26 0.021634615384615384 0.8713942307692307 0.02403846153846154 0.021634615384615384
6 0.019230769230769232 0.84375 0.02403846153846154 0.019230769230769232
4 0.030048076923076924 0.7487980769230769 0.01201923076923077 0.016826923076923076
4 0.078125 0.5348557692307693 0.01201923076923077 0.016826923076923076
4 0.12740384615384615 0.3137019230769231 0.014423076923076924 0.016826923076923076
29 0.1346153846153846 0.23798076923076922 0.02403846153846154 0.019230769230769232
29 0.03245192307692308 0.6706730769230769 0.021634615384615384 0.019230769230769232
29 0.08052884615384616 0.45913461538461536 0.021634615384615384 0.019230769230769232
24 0.8461538461538461 0.8185096153846154 0.009615384615384616 0.007211538461538462
24 0.8545673076923077 0.7776442307692307 0.01201923076923077 0.007211538461538462
24 0.8413461538461539 0.8389423076923077 0.009615384615384616 0.004807692307692308
24 0.84375 0.828125 0.009615384615384616 0.007211538461538462
24 0.84375 0.8233173076923077 0.009615384615384616 0.007211538461538462
24 0.8485576923076923 0.8088942307692307 0.009615384615384616 0.007211538461538462
24 0.8497596153846154 0.796875 0.01201923076923077 0.007211538461538462
24 0.8521634615384616 0.7920673076923077 0.01201923076923077 0.007211538461538462
24 0.8545673076923077 0.7824519230769231 0.01201923076923077 0.007211538461538462
17 0.016826923076923076 0.6862980769230769 0.009615384615384616 0.01201923076923077
9 0.055288461538461536 0.5276442307692307 0.038461538461538464 0.055288461538461536
17 0.11778846153846154 0.25 0.009615384615384616 0.014423076923076924
9 0.01201923076923077 0.7415865384615384 0.02403846153846154 0.055288461538461536
24 0.12139423076923077 0.234375 0.007211538461538462 0.007211538461538462
24 0.020432692307692308 0.6682692307692307 0.007211538461538462 0.009615384615384616
9 0.1045673076923077 0.3076923076923077 0.040865384615384616 0.052884615384615384
24 0.8425480769230769 0.8353365384615384 0.01201923076923077 0.007211538461538462
24 0.8461538461538461 0.8137019230769231 0.009615384615384616 0.007211538461538462
24 0.8473557692307693 0.8016826923076923 0.01201923076923077 0.007211538461538462
24 0.8521634615384616 0.7872596153846154 0.01201923076923077 0.007211538461538462
17 0.06490384615384616 0.4735576923076923 0.009615384615384616 0.014423076923076924
24 0.06610576923076923 0.4567307692307692 0.007211538461538462 0.009615384615384616
24 0.11658653846153846 0.23197115384615385 0.007211538461538462 0.007211538461538462
24 0.013221153846153846 0.6682692307692307 0.007211538461538462 0.009615384615384616
24 0.06129807692307692 0.4543269230769231 0.007211538461538462 0.009615384615384616
24 0.8545673076923077 0.7680288461538461 0.007211538461538462 0.007211538461538462
24 0.8329326923076923 0.8509615384615384 0.007211538461538462 0.009615384615384616
24 0.8473557692307693 0.765625 0.007211538461538462 0.007211538461538462
24 0.828125 0.8497596153846154 0.007211538461538462 0.007211538461538462
24 0.8209134615384616 0.8473557692307693 0.007211538461538462 0.007211538461538462
24 0.8401442307692307 0.7644230769230769 0.007211538461538462 0.009615384615384616
6 0.9495192307692307 0.2644230769230769 0.019230769230769232 0.014423076923076924
24 0.8317307692307693 0.7620192307692307 0.009615384615384616 0.009615384615384616
24 0.8137019230769231 0.8461538461538461 0.007211538461538462 0.009615384615384616
24 0.8064903846153846 0.8449519230769231 0.007211538461538462 0.007211538461538462
24 0.8257211538461539 0.7608173076923077 0.007211538461538462 0.007211538461538462
24 0.7992788461538461 0.8425480769230769 0.007211538461538462 0.007211538461538462
24 0.8185096153846154 0.7596153846153846 0.007211538461538462 0.009615384615384616
24 0.7920673076923077 0.8413461538461539 0.007211538461538462 0.009615384615384616
24 0.8112980769230769 0.7584134615384616 0.007211538461538462 0.007211538461538462
24 0.7848557692307693 0.8401442307692307 0.007211538461538462 0.007211538461538462
24 0.8040865384615384 0.7548076923076923 0.007211538461538462 0.009615384615384616
24 0.8112980769230769 0.7235576923076923 0.007211538461538462 0.009615384615384616
24 0.8161057692307693 0.6995192307692307 0.007211538461538462 0.009615384615384616
29 0.8449519230769231 0.5516826923076923 0.021634615384615384 0.021634615384615384
24 0.796875 0.7548076923076923 0.007211538461538462 0.009615384615384616
24 0.7776442307692307 0.8401442307692307 0.007211538461538462 0.007211538461538462
14 0.7836538461538461 0.796875 0.11538461538461539 0.0889423076923077
17 0.8353365384615384 0.5649038461538461 0.01201923076923077 0.014423076923076924
6 0.8016826923076923 0.7115384615384616 0.026442307692307692 0.038461538461538464
0 0.8257211538461539 0.5973557692307693 0.055288461538461536 0.04567307692307692
24 0.7704326923076923 0.8365384615384616 0.007211538461538462 0.009615384615384616
24 0.7896634615384616 0.7524038461538461 0.007211538461538462 0.009615384615384616
24 0.8329326923076923 0.546875 0.007211538461538462 0.007211538461538462
24 0.7632211538461539 0.8341346153846154 0.007211538461538462 0.009615384615384616
24 0.7824519230769231 0.7512019230769231 0.007211538461538462 0.007211538461538462
24 0.828125 0.546875 0.007211538461538462 0.007211538461538462
6 0.9074519230769231 0.18870192307692307 0.12740384615384615 0.05048076923076923
24 0.7560096153846154 0.8341346153846154 0.007211538461538462 0.009615384615384616
24 0.7752403846153846 0.7487980769230769 0.007211538461538462 0.007211538461538462
25 0.7247596153846154 0.9591346153846154 0.07451923076923077 0.0625
24 0.7800480769230769 0.7175480769230769 0.007211538461538462 0.007211538461538462
4 0.7836538461538461 0.7043269230769231 0.009615384615384616 0.014423076923076924
24 0.7836538461538461 0.6899038461538461 0.009615384615384616 0.009615384615384616
24 0.7487980769230769 0.8341346153846154 0.007211538461538462 0.009615384615384616
24 0.7680288461538461 0.7475961538461539 0.007211538461538462 0.009615384615384616
6 0.7319711538461539 0.9038461538461539 0.021634615384615384 0.019230769230769232
24 0.7415865384615384 0.8305288461538461 0.007211538461538462 0.007211538461538462
24 0.7608173076923077 0.7451923076923077 0.007211538461538462 0.009615384615384616
6 0.7692307692307693 0.7043269230769231 0.02403846153846154 0.038461538461538464
6 0.9050480769230769 0.11538461538461539 0.0985576923076923 0.0625
24 0.734375 0.8305288461538461 0.007211538461538462 0.007211538461538462
24 0.7536057692307693 0.7451923076923077 0.007211538461538462 0.009615384615384616
24 0.7463942307692307 0.7415865384615384 0.007211538461538462 0.007211538461538462
24 0.7271634615384616 0.828125 0.007211538461538462 0.007211538461538462
24 0.7199519230769231 0.8269230769230769 0.007211538461538462 0.009615384615384616
24 0.7391826923076923 0.7403846153846154 0.007211538461538462 0.009615384615384616
0 0.8569711538461539 0.22716346153846154 0.055288461538461536 0.04567307692307692
6 0.7596153846153846 0.6418269230769231 0.02403846153846154 0.019230769230769232
16 0.8461538461538461 0.265625 0.038461538461538464 0.026442307692307692
24 0.7127403846153846 0.8233173076923077 0.007211538461538462 0.007211538461538462
24 0.7331730769230769 0.7391826923076923 0.009615384615384616 0.01201923076923077
29 0.7716346153846154 0.5336538461538461 0.02403846153846154 0.019230769230769232
17 0.7620192307692307 0.5480769230769231 0.009615384615384616 0.014423076923076924
24 0.6983173076923077 0.8088942307692307 0.01201923076923077 0.007211538461538462
24 0.703125 0.7896634615384616 0.01201923076923077 0.007211538461538462
24 0.703125 0.7944711538461539 0.01201923076923077 0.007211538461538462
24 0.7055288461538461 0.7776442307692307 0.01201923076923077 0.007211538461538462
24 0.7007211538461539 0.7992788461538461 0.01201923076923077 0.007211538461538462
24 0.7055288461538461 0.7824519230769231 0.01201923076923077 0.007211538461538462
24 0.7007211538461539 0.8040865384615384 0.01201923076923077 0.007211538461538462
24 0.7079326923076923 0.7728365384615384 0.01201923076923077 0.007211538461538462
24 0.7079326923076923 0.7680288461538461 0.01201923076923077 0.007211538461538462
24 0.7103365384615384 0.7644230769230769 0.01201923076923077 0.004807692307692308
24 0.7103365384615384 0.7584134615384616 0.01201923076923077 0.007211538461538462
24 0.7151442307692307 0.7415865384615384 0.01201923076923077 0.007211538461538462
24 0.6983173076923077 0.8149038461538461 0.01201923076923077 0.004807692307692308
24 0.7127403846153846 0.7536057692307693 0.01201923076923077 0.007211538461538462
24 0.7127403846153846 0.7463942307692307 0.01201923076923077 0.007211538461538462
0 0.75 0.578125 0.057692307692307696 0.04567307692307692
24 0.7584134615384616 0.5324519230769231 0.007211538461538462 0.007211538461538462
26 0.6502403846153846 0.9951923076923077 0.03125 0.004807692307692308
6 0.7920673076923077 0.38341346153846156 0.3293269230769231 0.29086538461538464
24 0.7536057692307693 0.5300480769230769 0.007211538461538462 0.007211538461538462
29 0.640625 0.9254807692307693 0.021634615384615384 0.019230769230769232
29 0.6262019230769231 0.9879807692307693 0.021634615384615384 0.019230769230769232
17 0.6141826923076923 0.9951923076923077 0.01201923076923077 0.004807692307692308
17 0.6274038461538461 0.9399038461538461 0.009615384615384616 0.014423076923076924
24 0.6141826923076923 0.984375 0.007211538461538462 0.007211538461538462
24 0.6286057692307693 0.9242788461538461 0.007211538461538462 0.007211538461538462
24 0.609375 0.9831730769230769 0.007211538461538462 0.009615384615384616
24 0.6237980769230769 0.9230769230769231 0.007211538461538462 0.009615384615384616
17 0.7716346153846154 0.23798076923076922 0.009615384615384616 0.014423076923076924
24 0.7740384615384616 0.2247596153846154 0.009615384615384616 0.01201923076923077
18 0.6129807692307693 0.9194711538461539 0.009615384615384616 0.01201923076923077
6 0.6634615384615384 0.625 0.02403846153846154 0.019230769230769232
17 0.75 0.23317307692307693 0.009615384615384616 0.014423076923076924
24 0.7536057692307693 0.21875 0.007211538461538462 0.009615384615384616
20 0.78125 0.08774038461538461 0.07211538461538461 0.06009615384615385
6 0.5733173076923077 0.9891826923076923 0.021634615384615384 0.016826923076923076