19 0.8966346153846154 0.33653846153846156 0.02403846153846154 0.08653846153846154
6 0.9507211538461539 0.3401442307692308 0.026442307692307692 0.10817307692307693
19 0.5685096153846154 0.34615384615384615 0.01201923076923077 0.019230769230769232
6 0.4266826923076923 0.37259615384615385 0.2283653846153846 0.28846153846153844
19 0.10096153846153846 0.4074519230769231 0.03365384615384615 0.06009615384615385
19 0.578125 0.4098557692307692 0.01201923076923077 0.05048076923076923
19 0.21033653846153846 0.41225961538461536 0.01201923076923077 0.016826923076923076
19 0.7764423076923077 0.45552884615384615 0.10096153846153846 0.03125
19 0.48677884615384615 0.5372596153846154 0.01201923076923077 0.016826923076923076
19 0.46274038461538464 0.5492788461538461 0.01201923076923077 0.016826923076923076
3 0.2403846153846154 0.056490384615384616 0.004807692307692308 0.016826923076923076
19 0.3918269230769231 0.5697115384615384 0.10096153846153846 0.019230769230769232
3 0.22956730769230768 0.057692307692307696 0.007211538461538462 0.019230769230769232
22 0.9507211538461539 0.578125 0.01201923076923077 0.021634615384615384
3 0.24639423076923078 0.06009615384615385 0.002403846153846154 0.009615384615384616
9 0.46033653846153844 0.5961538461538461 0.03125 0.0625
9 0.49759615384615385 0.5973557692307693 0.028846153846153848 0.06009615384615385
22 0.9519230769230769 0.609375 0.014423076923076924 0.021634615384615384
9 0.4074519230769231 0.6286057692307693 0.04567307692307692 0.040865384615384616
9 0.6213942307692307 0.6382211538461539 0.04567307692307692 0.040865384615384616
3 0.5853365384615384 0.6430288461538461 0.002403846153846154 0.01201923076923077
23 0.43149038461538464 0.6442307692307693 0.007211538461538462 0.004807692307692308
19 0.7391826923076923 0.6502403846153846 0.01201923076923077 0.016826923076923076
9 0.6983173076923077 0.6502403846153846 0.04567307692307692 0.040865384615384616
23 0.4675480769230769 0.6538461538461539 0.007211538461538462 0.004807692307692308
22 0.9507211538461539 0.6550480769230769 0.01201923076923077 0.021634615384615384
3 0.41466346153846156 0.65625 0.007211538461538462 0.004807692307692308
23 0.484375 0.6586538461538461 0.007211538461538462 0.004807692307692308
3 0.5276442307692307 0.6610576923076923 0.002403846153846154 0.009615384615384616
23 0.5372596153846154 0.6598557692307693 0.002403846153846154 0.01201923076923077
23 0.5324519230769231 0.6622596153846154 0.002403846153846154 0.01201923076923077
23 0.5180288461538461 0.6634615384615384 0.007211538461538462 0.004807692307692308
3 0.4987980769230769 0.6634615384615384 0.007211538461538462 0.019230769230769232
3 0.5084134615384616 0.6634615384615384 0.007211538461538462 0.019230769230769232
3 0.5661057692307693 0.6634615384615384 0.007211538461538462 0.019230769230769232
3 0.5576923076923077 0.6646634615384616 0.004807692307692308 0.016826923076923076
23 0.45552884615384615 0.6658653846153846 0.007211538461538462 0.004807692307692308
23 0.4639423076923077 0.6658653846153846 0.009615384615384616 0.004807692307692308
23 0.44471153846153844 0.6658653846153846 0.009615384615384616 0.004807692307692308
23 0.47716346153846156 0.6658653846153846 0.007211538461538462 0.004807692307692308
3 0.41466346153846156 0.6706730769230769 0.007211538461538462 0.004807692307692308
3 0.4230769230769231 0.6694711538461539 0.004807692307692308 0.016826923076923076
3 0.6165865384615384 0.6742788461538461 0.01201923076923077 0.007211538461538462
18 0.5949519230769231 0.6862980769230769 0.002403846153846154 0.01201923076923077
3 0.6141826923076923 0.6875 0.007211538461538462 0.004807692307692308
23 0.4254807692307692 0.6947115384615384 0.009615384615384616 0.004807692307692308
3 0.4519230769230769 0.6995192307692307 0.004807692307692308 0.009615384615384616
3 0.4699519230769231 0.6983173076923077 0.002403846153846154 0.01201923076923077
3 0.48197115384615385 0.7007211538461539 0.002403846153846154 0.01201923076923077
9 0.65625 0.7007211538461539 0.04326923076923077 0.040865384615384616
18 0.6021634615384616 0.703125 0.002403846153846154 0.01201923076923077
3 0.6899038461538461 0.7067307692307693 0.014423076923076924 0.009615384615384616
3 0.41225961538461536 0.7091346153846154 0.007211538461538462 0.004807692307692308
18 0.5973557692307693 0.7103365384615384 0.002403846153846154 0.01201923076923077
3 0.5540865384615384 0.7115384615384616 0.007211538461538462 0.004807692307692308
3 0.5108173076923077 0.7127403846153846 0.002403846153846154 0.016826923076923076
3 0.5348557692307693 0.7151442307692307 0.002403846153846154 0.01201923076923077
3 0.6887019230769231 0.7199519230769231 0.01201923076923077 0.007211538461538462
18 0.5973557692307693 0.7223557692307693 0.002403846153846154 0.01201923076923077
3 0.48677884615384615 0.7235576923076923 0.007211538461538462 0.004807692307692308
3 0.35336538461538464 0.7259615384615384 0.009615384615384616 0.004807692307692308
3 0.5348557692307693 0.7271634615384616 0.002403846153846154 0.01201923076923077
3 0.5204326923076923 0.7271634615384616 0.002403846153846154 0.01201923076923077
3 0.3737980769230769 0.7271634615384616 0.01201923076923077 0.007211538461538462
3 0.3942307692307692 0.7259615384615384 0.009615384615384616 0.004807692307692308
3 0.4963942307692308 0.7283653846153846 0.007211538461538462 0.004807692307692308
18 0.6021634615384616 0.7319711538461539 0.002403846153846154 0.01201923076923077
3 0.5480769230769231 0.7319711538461539 0.004807692307692308 0.01201923076923077
19 0.265625 0.7331730769230769 0.01201923076923077 0.019230769230769232
3 0.5108173076923077 0.734375 0.002403846153846154 0.016826923076923076
18 0.6117788461538461 0.734375 0.002403846153846154 0.01201923076923077
3 0.47475961538461536 0.7355769230769231 0.007211538461538462 0.004807692307692308
3 0.5588942307692307 0.7355769230769231 0.007211538461538462 0.004807692307692308
3 0.49759615384615385 0.7391826923076923 0.004807692307692308 0.01201923076923077
18 0.5949519230769231 0.7415865384615384 0.002403846153846154 0.01201923076923077
3 0.48197115384615385 0.7475961538461539 0.007211538461538462 0.004807692307692308
3 0.5228365384615384 0.7475961538461539 0.007211538461538462 0.004807692307692308
3 0.5420673076923077 0.7487980769230769 0.007211538461538462 0.007211538461538462
3 0.4951923076923077 0.7512019230769231 0.004807692307692308 0.01201923076923077
3 0.6706730769230769 0.75 0.014423076923076924 0.009615384615384616
3 0.5300480769230769 0.7512019230769231 0.002403846153846154 0.01201923076923077
18 0.5925480769230769 0.7512019230769231 0.002403846153846154 0.01201923076923077
3 0.5108173076923077 0.7512019230769231 0.002403846153846154 0.016826923076923076
18 0.6021634615384616 0.7536057692307693 0.002403846153846154 0.01201923076923077
3 0.5396634615384616 0.7536057692307693 0.007211538461538462 0.007211538461538462
3 0.48197115384615385 0.7548076923076923 0.007211538461538462 0.004807692307692308
3 0.5012019230769231 0.7548076923076923 0.007211538461538462 0.004807692307692308
3 0.47115384615384615 0.7560096153846154 0.004807692307692308 0.01201923076923077
3 0.515625 0.7572115384615384 0.002403846153846154 0.009615384615384616
3 0.5204326923076923 0.7584134615384616 0.002403846153846154 0.01201923076923077
3 0.5252403846153846 0.7584134615384616 0.002403846153846154 0.01201923076923077
3 0.49038461538461536 0.7572115384615384 0.004807692307692308 0.009615384615384616
3 0.5348557692307693 0.7584134615384616 0.002403846153846154 0.01201923076923077
3 0.5516826923076923 0.7584134615384616 0.002403846153846154 0.01201923076923077
3 0.6382211538461539 0.7596153846153846 0.007211538461538462 0.004807692307692308
18 0.5973557692307693 0.7608173076923077 0.002403846153846154 0.01201923076923077
3 0.421875 0.7608173076923077 0.01201923076923077 0.007211538461538462
3 0.4951923076923077 0.7644230769230769 0.004807692307692308 0.009615384615384616
3 0.49759615384615385 0.7632211538461539 0.004807692307692308 0.01201923076923077
3 0.5372596153846154 0.7668269230769231 0.007211538461538462 0.004807692307692308
3 0.5168269230769231 0.7680288461538461 0.004807692307692308 0.01201923076923077
3 0.5036057692307693 0.7680288461538461 0.002403846153846154 0.01201923076923077
3 0.5108173076923077 0.7704326923076923 0.002403846153846154 0.016826923076923076
3 0.5204326923076923 0.7704326923076923 0.002403846153846154 0.01201923076923077
18 0.5925480769230769 0.7704326923076923 0.002403846153846154 0.01201923076923077
3 0.49158653846153844 0.7716346153846154 0.007211538461538462 0.004807692307692308
3 0.5372596153846154 0.7716346153846154 0.007211538461538462 0.004807692307692308
3 0.5276442307692307 0.7716346153846154 0.007211538461538462 0.004807692307692308
3 0.4230769230769231 0.7728365384615384 0.014423076923076924 0.007211538461538462
3 0.6286057692307693 0.7764423076923077 0.007211538461538462 0.004807692307692308
3 0.5757211538461539 0.7764423076923077 0.007211538461538462 0.004807692307692308
18 0.5997596153846154 0.7776442307692307 0.002403846153846154 0.01201923076923077
3 0.6538461538461539 0.7788461538461539 0.014423076923076924 0.009615384615384616
3 0.47716346153846156 0.7800480769230769 0.01201923076923077 0.007211538461538462
3 0.4891826923076923 0.7800480769230769 0.01201923076923077 0.007211538461538462
3 0.5012019230769231 0.7800480769230769 0.01201923076923077 0.007211538461538462
3 0.515625 0.7824519230769231 0.01201923076923077 0.007211538461538462
3 0.5300480769230769 0.7824519230769231 0.01201923076923077 0.007211538461538462
3 0.5420673076923077 0.7824519230769231 0.01201923076923077 0.007211538461538462
18 0.5949519230769231 0.7872596153846154 0.002403846153846154 0.01201923076923077
3 0.4254807692307692 0.7884615384615384 0.014423076923076924 0.009615384615384616
3 0.48197115384615385 0.7908653846153846 0.007211538461538462 0.004807692307692308
3 0.49158653846153844 0.7908653846153846 0.007211538461538462 0.004807692307692308
3 0.5108173076923077 0.7920673076923077 0.002403846153846154 0.016826923076923076
3 0.5036057692307693 0.7944711538461539 0.002403846153846154 0.01201923076923077
3 0.515625 0.7944711538461539 0.002403846153846154 0.01201923076923077
3 0.5300480769230769 0.7932692307692307 0.002403846153846154 0.009615384615384616
3 0.6538461538461539 0.7956730769230769 0.014423076923076924 0.009615384615384616
3 0.5228365384615384 0.7956730769230769 0.007211538461538462 0.004807692307692308
18 0.5925480769230769 0.7992788461538461 0.002403846153846154 0.01201923076923077
3 0.42427884615384615 0.7992788461538461 0.01201923076923077 0.007211538461538462
3 0.49759615384615385 0.7992788461538461 0.004807692307692308 0.01201923076923077
3 0.4951923076923077 0.7992788461538461 0.004807692307692308 0.01201923076923077
3 0.39783653846153844 0.8004807692307693 0.007211538461538462 0.004807692307692308
3 0.4855769230769231 0.8064903846153846 0.004807692307692308 0.01201923076923077
3 0.5036057692307693 0.8064903846153846 0.002403846153846154 0.01201923076923077
3 0.5516826923076923 0.8064903846153846 0.002403846153846154 0.01201923076923077
3 0.5348557692307693 0.8064903846153846 0.002403846153846154 0.01201923076923077
3 0.5180288461538461 0.8076923076923077 0.007211538461538462 0.004807692307692308
3 0.5396634615384616 0.8100961538461539 0.007211538461538462 0.004807692307692308
3 0.5096153846153846 0.8112980769230769 0.004807692307692308 0.016826923076923076
3 0.6742788461538461 0.8112980769230769 0.01201923076923077 0.007211538461538462
3 0.4891826923076923 0.8112980769230769 0.002403846153846154 0.01201923076923077
3 0.5300480769230769 0.8112980769230769 0.002403846153846154 0.01201923076923077
3 0.5252403846153846 0.8112980769230769 0.002403846153846154 0.01201923076923077
3 0.49759615384615385 0.8112980769230769 0.004807692307692308 0.01201923076923077
18 0.5925480769230769 0.8137019230769231 0.002403846153846154 0.01201923076923077
18 0.6021634615384616 0.8137019230769231 0.002403846153846154 0.01201923076923077
3 0.5180288461538461 0.8149038461538461 0.007211538461538462 0.004807692307692308
3 0.5396634615384616 0.8149038461538461 0.007211538461538462 0.004807692307692308
3 0.5588942307692307 0.8221153846153846 0.007211538461538462 0.004807692307692308
3 0.6382211538461539 0.8245192307692307 0.007211538461538462 0.004807692307692308
3 0.4266826923076923 0.8257211538461539 0.002403846153846154 0.01201923076923077
3 0.47115384615384615 0.8305288461538461 0.004807692307692308 0.01201923076923077
3 0.5480769230769231 0.8305288461538461 0.004807692307692308 0.01201923076923077
18 0.59375 0.8317307692307693 0.004807692307692308 0.014423076923076924
18 0.609375 0.8329326923076923 0.002403846153846154 0.01201923076923077
3 0.4987980769230769 0.8341346153846154 0.007211538461538462 0.004807692307692308
3 0.5372596153846154 0.8341346153846154 0.007211538461538462 0.004807692307692308
3 0.5060096153846154 0.8353365384615384 0.007211538461538462 0.01201923076923077
3 0.5661057692307693 0.8377403846153846 0.002403846153846154 0.01201923076923077
3 0.6382211538461539 0.8413461538461539 0.007211538461538462 0.004807692307692308
3 0.484375 0.8425480769230769 0.002403846153846154 0.01201923076923077
18 0.6021634615384616 0.8449519230769231 0.002403846153846154 0.01201923076923077
18 0.5925480769230769 0.8449519230769231 0.002403846153846154 0.01201923076923077
3 0.5348557692307693 0.8473557692307693 0.002403846153846154 0.01201923076923077
9 0.38341346153846156 0.8509615384615384 0.04567307692307692 0.038461538461538464
3 0.484375 0.8557692307692307 0.002403846153846154 0.009615384615384616
3 0.6021634615384616 0.8545673076923077 0.01201923076923077 0.007211538461538462
3 0.5180288461538461 0.8569711538461539 0.002403846153846154 0.01201923076923077
3 0.6286057692307693 0.8581730769230769 0.007211538461538462 0.004807692307692308
3 0.421875 0.8617788461538461 0.01201923076923077 0.007211538461538462
3 0.5 0.8665865384615384 0.004807692307692308 0.016826923076923076
3 0.6286057692307693 0.8653846153846154 0.007211538461538462 0.004807692307692308
3 0.6009615384615384 0.8677884615384616 0.014423076923076924 0.009615384615384616
3 0.4230769230769231 0.8725961538461539 0.014423076923076924 0.009615384615384616
3 0.38341346153846156 0.875 0.007211538461538462 0.004807692307692308
3 0.4026442307692308 0.8774038461538461 0.007211538461538462 0.004807692307692308
18 0.5925480769230769 0.8810096153846154 0.002403846153846154 0.01201923076923077
3 0.42427884615384615 0.8822115384615384 0.007211538461538462 0.004807692307692308
3 0.39783653846153844 0.8846153846153846 0.007211538461538462 0.004807692307692308
3 0.49158653846153844 0.8918269230769231 0.007211538461538462 0.004807692307692308
3 0.41947115384615385 0.8942307692307693 0.007211538461538462 0.004807692307692308
3 0.640625 0.8930288461538461 0.002403846153846154 0.01201923076923077
3 0.4411057692307692 0.8966346153846154 0.007211538461538462 0.004807692307692308
18 0.5877403846153846 0.8990384615384616 0.007211538461538462 0.004807692307692308
3 0.5132211538461539 0.9002403846153846 0.007211538461538462 0.021634615384615384
9 0.6153846153846154 0.9002403846153846 0.04326923076923077 0.040865384615384616
23 0.49158653846153844 0.9002403846153846 0.002403846153846154 0.01201923076923077
3 0.5300480769230769 0.9002403846153846 0.002403846153846154 0.016826923076923076
23 0.4951923076923077 0.9026442307692307 0.004807692307692308 0.01201923076923077
3 0.42788461538461536 0.9026442307692307 0.004807692307692308 0.01201923076923077
3 0.546875 0.9038461538461539 0.007211538461538462 0.019230769230769232
3 0.5733173076923077 0.9026442307692307 0.007211538461538462 0.021634615384615384
3 0.5661057692307693 0.9026442307692307 0.002403846153846154 0.016826923076923076
3 0.4110576923076923 0.9050480769230769 0.014423076923076924 0.007211538461538462
3 0.47475961538461536 0.9134615384615384 0.007211538461538462 0.004807692307692308
3 0.4651442307692308 0.9134615384615384 0.007211538461538462 0.004807692307692308
3 0.48677884615384615 0.9134615384615384 0.007211538461538462 0.004807692307692308
3 0.40024038461538464 0.9230769230769231 0.007211538461538462 0.004807692307692308
23 0.46274038461538464 0.921875 0.002403846153846154 0.01201923076923077
23 0.4675480769230769 0.9230769230769231 0.002403846153846154 0.009615384615384616
23 0.4699519230769231 0.921875 0.002403846153846154 0.01201923076923077
23 0.47475961538461536 0.9230769230769231 0.002403846153846154 0.009615384615384616
23 0.4879807692307692 0.9230769230769231 0.004807692307692308 0.009615384615384616
3 0.4423076923076923 0.9254807692307693 0.004807692307692308 0.009615384615384616
23 0.5108173076923077 0.9254807692307693 0.002403846153846154 0.009615384615384616
23 0.5036057692307693 0.9242788461538461 0.002403846153846154 0.01201923076923077
23 0.5204326923076923 0.9278846153846154 0.002403846153846154 0.009615384615384616
23 0.4651442307692308 0.9326923076923077 0.007211538461538462 0.004807692307692308
23 0.46634615384615385 0.9423076923076923 0.004807692307692308 0.009615384615384616
23 0.46274038461538464 0.9411057692307693 0.002403846153846154 0.01201923076923077
19 0.3088942307692308 0.9423076923076923 0.01201923076923077 0.04807692307692308
19 0.4338942307692308 0.9435096153846154 0.01201923076923077 0.03125
19 0.4543269230769231 0.9435096153846154 0.009615384615384616 0.03125
3 0.4651442307692308 0.9519230769230769 0.007211538461538462 0.004807692307692308
9 0.390625 0.9603365384615384 0.04567307692307692 0.040865384615384616
19 0.7319711538461539 0.9747596153846154 0.01201923076923077 0.016826923076923076
9 0.6682692307692307 0.9759615384615384 0.04326923076923077 0.04326923076923077
3 0.5588942307692307 0.14783653846153846 0.002403846153846154 0.01201923076923077
3 0.5661057692307693 0.1502403846153846 0.002403846153846154 0.016826923076923076
3 0.23317307692307693 0.15264423076923078 0.004807692307692308 0.016826923076923076
3 0.2403846153846154 0.15264423076923078 0.004807692307692308 0.01201923076923077
3 0.5757211538461539 0.15144230769230768 0.007211538461538462 0.019230769230769232
3 0.22235576923076922 0.15384615384615385 0.007211538461538462 0.019230769230769232
19 0.25841346153846156 0.23197115384615385 0.01201923076923077 0.04567307692307692
19 0.11177884615384616 0.31850961538461536 0.0889423076923077 0.03125
19 0.22596153846153846 0.3317307692307692 0.014423076923076924 0.03365384615384615