6 0.44711538461538464 0.9266826923076923 0.04326923076923077 0.016826923076923076
24 0.4362980769230769 0.6754807692307693 0.007211538461538462 0.009615384615384616
24 0.42427884615384615 0.45552884615384615 0.007211538461538462 0.007211538461538462
24 0.4110576923076923 0.16346153846153846 0.014423076923076924 0.004807692307692308
17 0.4519230769230769 0.8870192307692307 0.04807692307692308 0.014423076923076924
29 0.4387019230769231 0.578125 0.026442307692307692 0.016826923076923076
24 0.4375 0.5504807692307693 0.014423076923076924 0.004807692307692308
24 0.4266826923076923 0.3545673076923077 0.007211538461538462 0.007211538461538462
4 0.4387019230769231 0.5432692307692307 0.016826923076923076 0.004807692307692308
24 0.4375 0.4338942307692308 0.014423076923076924 0.002403846153846154
4 0.4375 0.4254807692307692 0.014423076923076924 0.004807692307692308
18 0.04807692307692308 0.5625 0.014423076923076924 0.004807692307692308
24 0.45072115384615385 0.6634615384615384 0.01201923076923077 0.004807692307692308
24 0.45072115384615385 0.6550480769230769 0.01201923076923077 0.002403846153846154
4 0.44711538461538464 0.5588942307692307 0.014423076923076924 0.002403846153846154
4 0.4495192307692308 0.6490384615384616 0.014423076923076924 0.004807692307692308
4 0.44711538461538464 0.5661057692307693 0.014423076923076924 0.002403846153846154
4 0.4375 0.34134615384615385 0.014423076923076924 0.004807692307692308
4 0.4567307692307692 0.6766826923076923 0.014423076923076924 0.002403846153846154
4 0.4567307692307692 0.6730769230769231 0.014423076923076924 0.004807692307692308
4 0.46875 0.9002403846153846 0.014423076923076924 0.002403846153846154
24 0.4675480769230769 0.8954326923076923 0.016826923076923076 0.002403846153846154
24 0.44471153846153844 0.44350961538461536 0.014423076923076924 0.002403846153846154
24 0.43990384615384615 0.328125 0.014423076923076924 0.002403846153846154
4 0.44711538461538464 0.4483173076923077 0.014423076923076924 0.002403846153846154
24 0.04807692307692308 0.5793269230769231 0.014423076923076924 0.004807692307692308
24 0.04807692307692308 0.5721153846153846 0.014423076923076924 0.004807692307692308
4 0.44711538461538464 0.45552884615384615 0.014423076923076924 0.002403846153846154
24 0.4579326923076923 0.5733173076923077 0.007211538461538462 0.007211538461538462
24 0.44591346153846156 0.33413461538461536 0.01201923076923077 0.004807692307692308
24 0.46274038461538464 0.5480769230769231 0.01201923076923077 0.004807692307692308
6 0.44711538461538464 0.23918269230769232 0.1778846153846154 0.021634615384615384
24 0.4807692307692308 0.8762019230769231 0.014423076923076924 0.002403846153846154
4 0.4807692307692308 0.8665865384615384 0.014423076923076924 0.002403846153846154
6 0.48197115384615385 0.7716346153846154 0.026442307692307692 0.028846153846153848
24 0.4963942307692308 0.9038461538461539 0.026442307692307692 0.009615384615384616
24 0.4675480769230769 0.35336538461538464 0.026442307692307692 0.009615384615384616
24 0.47836538461538464 0.5721153846153846 0.02403846153846154 0.009615384615384616
24 0.4855769230769231 0.6850961538461539 0.02403846153846154 0.009615384615384616
9 0.4891826923076923 0.7043269230769231 0.06490384615384616 0.019230769230769232
24 0.47596153846153844 0.46153846153846156 0.02403846153846154 0.009615384615384616
24 0.46274038461538464 0.21995192307692307 0.007211538461538462 0.007211538461538462
17 0.4651442307692308 0.16105769230769232 0.04567307692307692 0.014423076923076924
14 0.48677884615384615 0.5564903846153846 0.04567307692307692 0.016826923076923076
9 0.48197115384615385 0.4831730769230769 0.06490384615384616 0.019230769230769232
9 0.47596153846153844 0.375 0.0625 0.019230769230769232
24 0.4879807692307692 0.5408653846153846 0.02403846153846154 0.009615384615384616
9 0.4891826923076923 0.5889423076923077 0.06490384615384616 0.019230769230769232
9 0.5084134615384616 0.9230769230769231 0.06490384615384616 0.019230769230769232
14 0.4951923076923077 0.6670673076923077 0.04807692307692308 0.016826923076923076
24 0.4951923076923077 0.6538461538461539 0.02403846153846154 0.009615384615384616
14 0.4795673076923077 0.33774038461538464 0.04567307692307692 0.016826923076923076
14 0.5084134615384616 0.8882211538461539 0.04567307692307692 0.016826923076923076
6 0.5 0.7271634615384616 0.04326923076923077 0.016826923076923076
24 0.47836538461538464 0.3245192307692308 0.02403846153846154 0.009615384615384616
24 0.48677884615384615 0.43028846153846156 0.026442307692307692 0.009615384615384616
24 0.5108173076923077 0.8762019230769231 0.026442307692307692 0.007211538461538462
14 0.4891826923076923 0.44350961538461536 0.04567307692307692 0.016826923076923076
6 0.49278846153846156 0.5036057692307693 0.04326923076923077 0.016826923076923076
6 0.48677884615384615 0.3918269230769231 0.040865384615384616 0.014423076923076924
6 0.5 0.609375 0.04326923076923077 0.016826923076923076
0 0.47716346153846156 0.0889423076923077 0.10336538461538461 0.0673076923076923
6 0.49038461538461536 0.19471153846153846 0.038461538461538464 0.014423076923076924
24 0.5288461538461539 0.9014423076923077 0.02403846153846154 0.009615384615384616
24 0.5 0.35096153846153844 0.02403846153846154 0.009615384615384616
24 0.5192307692307693 0.6802884615384616 0.02403846153846154 0.009615384615384616
24 0.5072115384615384 0.45913461538461536 0.02403846153846154 0.009615384615384616
24 0.5120192307692307 0.5721153846153846 0.02403846153846154 0.009615384615384616
24 0.5132211538461539 0.5456730769230769 0.01201923076923077 0.004807692307692308
24 0.5228365384615384 0.65625 0.01201923076923077 0.004807692307692308
24 0.5060096153846154 0.328125 0.01201923076923077 0.002403846153846154
24 0.5336538461538461 0.8677884615384616 0.014423076923076924 0.004807692307692308
24 0.5108173076923077 0.4338942307692308 0.01201923076923077 0.002403846153846154
24 0.5012019230769231 0.15865384615384615 0.01201923076923077 0.004807692307692308
18 0.5504807692307693 0.625 0.04326923076923077 0.02403846153846154
18 0.5649038461538461 0.8509615384615384 0.04326923076923077 0.02403846153846154
16 0.5300480769230769 0.19230769230769232 0.040865384615384616 0.019230769230769232
18 0.5360576923076923 0.2980769230769231 0.04326923076923077 0.02403846153846154
18 0.5480769230769231 0.5144230769230769 0.04326923076923077 0.02403846153846154
18 0.5420673076923077 0.4098557692307692 0.040865384615384616 0.021634615384615384
6 0.06490384615384616 0.7043269230769231 0.0625 0.038461538461538464
9 0.056490384615384616 0.5192307692307693 0.021634615384615384 0.02403846153846154
6 0.5504807692307693 0.15144230769230768 0.02403846153846154 0.014423076923076924
4 0.5625 0.3641826923076923 0.03365384615384615 0.01201923076923077
4 0.5625 0.32091346153846156 0.03365384615384615 0.01201923076923077
4 0.5721153846153846 0.47836538461538464 0.03365384615384615 0.009615384615384616
4 0.5685096153846154 0.4362980769230769 0.036057692307692304 0.01201923076923077
4 0.5745192307692307 0.5396634615384616 0.03365384615384615 0.01201923076923077
4 0.578125 0.5829326923076923 0.036057692307692304 0.01201923076923077
4 0.5961538461538461 0.9194711538461539 0.03365384615384615 0.01201923076923077
4 0.59375 0.8762019230769231 0.03365384615384615 0.01201923076923077
4 0.5841346153846154 0.6983173076923077 0.03365384615384615 0.01201923076923077
4 0.5841346153846154 0.6550480769230769 0.03365384615384615 0.01201923076923077
24 0.578125 0.29447115384615385 0.007211538461538462 0.007211538461538462
24 0.5829326923076923 0.28725961538461536 0.01201923076923077 0.002403846153846154
24 0.5997596153846154 0.6286057692307693 0.007211538461538462 0.007211538461538462
24 0.5829326923076923 0.30288461538461536 0.016826923076923076 0.004807692307692308
24 0.5733173076923077 0.0733173076923077 0.01201923076923077 0.002403846153846154
24 0.5757211538461539 0.08413461538461539 0.01201923076923077 0.004807692307692308
24 0.5757211538461539 0.09615384615384616 0.01201923076923077 0.004807692307692308
24 0.6021634615384616 0.6225961538461539 0.021634615384615384 0.004807692307692308
4 0.5853365384615384 0.29447115384615385 0.007211538461538462 0.007211538461538462
24 0.6057692307692307 0.6358173076923077 0.02403846153846154 0.007211538461538462
24 0.5925480769230769 0.4098557692307692 0.007211538461538462 0.007211538461538462
24 0.5973557692307693 0.4170673076923077 0.01201923076923077 0.002403846153846154
24 0.5973557692307693 0.4026442307692308 0.01201923076923077 0.002403846153846154
4 0.6081730769230769 0.6286057692307693 0.004807692307692308 0.007211538461538462
24 0.6045673076923077 0.5120192307692307 0.007211538461538462 0.009615384615384616
4 0.6021634615384616 0.4098557692307692 0.007211538461538462 0.007211538461538462
24 0.6069711538461539 0.5192307692307693 0.01201923076923077 0.004807692307692308
24 0.6069711538461539 0.5012019230769231 0.01201923076923077 0.002403846153846154
26 0.6225961538461539 0.8112980769230769 0.028846153846153848 0.021634615384615384
26 0.6225961538461539 0.7776442307692307 0.028846153846153848 0.021634615384615384
4 0.6117788461538461 0.5108173076923077 0.007211538461538462 0.007211538461538462
14 0.6105769230769231 0.3449519230769231 0.057692307692307696 0.04567307692307692
14 0.6153846153846154 0.4579326923076923 0.057692307692307696 0.04567307692307692
4 0.609375 0.31850961538461536 0.021634615384615384 0.007211538461538462
4 0.6165865384615384 0.4326923076923077 0.021634615384615384 0.004807692307692308
4 0.6213942307692307 0.5348557692307693 0.021634615384615384 0.007211538461538462
14 0.6418269230769231 0.9002403846153846 0.057692307692307696 0.04567307692307692
14 0.6225961538461539 0.5625 0.057692307692307696 0.04807692307692308
4 0.640625 0.8725961538461539 0.021634615384615384 0.004807692307692308
4 0.6286057692307693 0.6526442307692307 0.021634615384615384 0.007211538461538462
14 0.6322115384615384 0.6778846153846154 0.057692307692307696 0.04807692307692308
24 0.6262019230769231 0.1622596153846154 0.007211538461538462 0.007211538461538462
24 0.6310096153846154 0.17067307692307693 0.01201923076923077 0.004807692307692308
24 0.6322115384615384 0.15264423076923078 0.014423076923076924 0.002403846153846154
4 0.6442307692307693 0.34975961538461536 0.009615384615384616 0.01201923076923077
4 0.6490384615384616 0.46033653846153844 0.009615384615384616 0.01201923076923077
25 0.6322115384615384 0.08052884615384616 0.08173076923076923 0.055288461538461536
4 0.6742788461538461 0.9026442307692307 0.01201923076923077 0.01201923076923077
4 0.6574519230769231 0.5661057692307693 0.01201923076923077 0.01201923076923077
4 0.6370192307692307 0.1622596153846154 0.004807692307692308 0.007211538461538462
4 0.6634615384615384 0.6814903846153846 0.009615384615384616 0.01201923076923077
9 0.6778846153846154 0.22355769230769232 0.07692307692307693 0.03365384615384615
6 0.6802884615384616 0.2692307692307692 0.038461538461538464 0.014423076923076924
6 0.6778846153846154 0.13942307692307693 0.02403846153846154 0.014423076923076924
9 0.6971153846153846 0.34375 0.038461538461538464 0.052884615384615384
9 0.7043269230769231 0.4567307692307692 0.038461538461538464 0.052884615384615384
24 0.6887019230769231 0.18028846153846154 0.026442307692307692 0.009615384615384616
9 0.7115384615384616 0.5625 0.038461538461538464 0.052884615384615384
9 0.7283653846153846 0.8978365384615384 0.038461538461538464 0.05048076923076923
14 0.6911057692307693 0.16706730769230768 0.04567307692307692 0.016826923076923076
9 0.71875 0.6778846153846154 0.038461538461538464 0.052884615384615384
4 0.6923076923076923 0.14903846153846154 0.014423076923076924 0.004807692307692308
6 0.7055288461538461 0.41586538461538464 0.040865384615384616 0.014423076923076924
24 0.6923076923076923 0.15625 0.014423076923076924 0.004807692307692308
6 0.7007211538461539 0.30649038461538464 0.040865384615384616 0.016826923076923076
17 0.6959134615384616 0.19110576923076922 0.04567307692307692 0.01201923076923077
6 0.7139423076923077 0.5228365384615384 0.04326923076923077 0.016826923076923076
6 0.7331730769230769 0.859375 0.038461538461538464 0.016826923076923076
6 0.7223557692307693 0.6430288461538461 0.040865384615384616 0.016826923076923076
24 0.734375 0.7836538461538461 0.026442307692307692 0.009615384615384616
18 0.7319711538461539 0.7692307692307693 0.026442307692307692 0.009615384615384616
24 0.7319711538461539 0.7451923076923077 0.026442307692307692 0.009615384615384616
24 0.7295673076923077 0.7307692307692307 0.026442307692307692 0.009615384615384616
24 0.7319711538461539 0.7560096153846154 0.026442307692307692 0.007211538461538462
6 0.7367788461538461 0.8161057692307693 0.040865384615384616 0.016826923076923076
16 0.7103365384615384 0.1346153846153846 0.040865384615384616 0.019230769230769232
4 0.7536057692307693 0.8822115384615384 0.007211538461538462 0.009615384615384616
6 0.75 0.6045673076923077 0.02403846153846154 0.016826923076923076
4 0.7307692307692307 0.20432692307692307 0.014423076923076924 0.004807692307692308
7 0.7704326923076923 0.7848557692307693 0.026442307692307692 0.016826923076923076
7 0.7680288461538461 0.765625 0.026442307692307692 0.016826923076923076
7 0.7680288461538461 0.7487980769230769 0.026442307692307692 0.016826923076923076
4 0.7463942307692307 0.18990384615384615 0.021634615384615384 0.004807692307692308
9 0.7536057692307693 0.23918269230769232 0.055288461538461536 0.04567307692307692
24 0.7668269230769231 0.1502403846153846 0.07211538461538461 0.06490384615384616
6 0.8185096153846154 0.8858173076923077 0.026442307692307692 0.016826923076923076
19 0.7860576923076923 0.19591346153846154 0.04326923076923077 0.016826923076923076
17 0.8064903846153846 0.5528846153846154 0.05048076923076923 0.014423076923076924
17 0.8100961538461539 0.6225961538461539 0.04807692307692308 0.014423076923076924
17 0.8137019230769231 0.6923076923076923 0.04567307692307692 0.014423076923076924
17 0.8076923076923077 0.4831730769230769 0.04807692307692308 0.014423076923076924
17 0.8028846153846154 0.4110576923076923 0.04807692307692308 0.014423076923076924
17 0.8004807692307693 0.33653846153846156 0.04807692307692308 0.014423076923076924
0 0.7920673076923077 0.07211538461538461 0.10817307692307693 0.0673076923076923
24 0.8245192307692307 0.6322115384615384 0.014423076923076924 0.004807692307692308
4 0.8269230769230769 0.6418269230769231 0.014423076923076924 0.004807692307692308
24 0.8269230769230769 0.6490384615384616 0.014423076923076924 0.004807692307692308
24 0.8233173076923077 0.5625 0.01201923076923077 0.004807692307692308
4 0.8233173076923077 0.5673076923076923 0.01201923076923077 0.004807692307692308
24 0.8257211538461539 0.5793269230769231 0.01201923076923077 0.004807692307692308
24 0.8317307692307693 0.7019230769230769 0.014423076923076924 0.004807692307692308
4 0.08653846153846154 0.5817307692307693 0.02403846153846154 0.009615384615384616
24 0.8221153846153846 0.49038461538461536 0.014423076923076924 0.004807692307692308
4 0.8245192307692307 0.4963942307692308 0.014423076923076924 0.002403846153846154
24 0.8245192307692307 0.5072115384615384 0.014423076923076924 0.004807692307692308
24 0.8209134615384616 0.41947115384615385 0.016826923076923076 0.002403846153846154
4 0.8221153846153846 0.42427884615384615 0.014423076923076924 0.002403846153846154
24 0.8221153846153846 0.4375 0.014423076923076924 0.004807692307692308
24 0.8197115384615384 0.3629807692307692 0.014423076923076924 0.004807692307692308
4 0.8197115384615384 0.35216346153846156 0.014423076923076924 0.002403846153846154
24 0.8197115384615384 0.3473557692307692 0.014423076923076924 0.002403846153846154
24 0.8413461538461539 0.7079326923076923 0.014423076923076924 0.002403846153846154
16 0.0733173076923077 0.33533653846153844 0.040865384615384616 0.016826923076923076
13 0.8197115384615384 0.13942307692307693 0.0625 0.057692307692307696
4 0.8257211538461539 0.1935096153846154 0.007211538461538462 0.007211538461538462
14 0.08653846153846154 0.5168269230769231 0.02403846153846154 0.014423076923076924
9 0.09495192307692307 0.6177884615384616 0.05048076923076923 0.04807692307692308
6 0.8677884615384616 0.23798076923076922 0.1778846153846154 0.04807692307692308
16 0.08653846153846154 0.4807692307692308 0.04326923076923077 0.014423076923076924
6 0.8713942307692307 0.2776442307692308 0.17548076923076922 0.05048076923076923
0 0.9002403846153846 0.5456730769230769 0.10336538461538461 0.0625
0 0.9074519230769231 0.6875 0.10336538461538461 0.0625
0 0.8954326923076923 0.47475961538461536 0.10336538461538461 0.06490384615384616
0 0.9050480769230769 0.6153846153846154 0.10336538461538461 0.0625
0 0.8930288461538461 0.4014423076923077 0.10336538461538461 0.0625
0 0.8918269230769231 0.3317307692307692 0.10576923076923077 0.0625
4 0.09014423076923077 0.5060096153846154 0.01201923076923077 0.002403846153846154
4 0.09134615384615384 0.4987980769230769 0.014423076923076924 0.002403846153846154
6 0.09014423076923077 0.46033653846153844 0.040865384615384616 0.016826923076923076
17 0.9326923076923077 0.7596153846153846 0.04807692307692308 0.014423076923076924
17 0.9302884615384616 0.7331730769230769 0.04807692307692308 0.014423076923076924
17 0.9350961538461539 0.8076923076923077 0.04807692307692308 0.014423076923076924
17 0.9326923076923077 0.7836538461538461 0.04807692307692308 0.014423076923076924
6 0.9026442307692307 0.18990384615384615 0.12740384615384615 0.052884615384615384
25 0.9350961538461539 0.12259615384615384 0.08653846153846154 0.07211538461538461
4 0.10216346153846154 0.5348557692307693 0.007211538461538462 0.007211538461538462
6 0.10336538461538461 0.3329326923076923 0.019230769230769232 0.01201923076923077
4 0.11538461538461539 0.5132211538461539 0.014423076923076924 0.002403846153846154
15 0.11538461538461539 0.5048076923076923 0.02403846153846154 0.009615384615384616
4 0.11538461538461539 0.5180288461538461 0.014423076923076924 0.002403846153846154
4 0.11298076923076923 0.49158653846153844 0.014423076923076924 0.002403846153846154
4 0.1141826923076923 0.4987980769230769 0.016826923076923076 0.002403846153846154
9 0.11778846153846154 0.5384615384615384 0.019230769230769232 0.02403846153846154
4 0.1201923076923077 0.4795673076923077 0.009615384615384616 0.01201923076923077
6 0.140625 0.7584134615384616 0.026442307692307692 0.016826923076923076
4 0.125 0.3329326923076923 0.014423076923076924 0.002403846153846154
4 0.1466346153846154 0.6646634615384616 0.014423076923076924 0.002403846153846154
24 0.14182692307692307 0.5540865384615384 0.014423076923076924 0.002403846153846154
4 0.15144230769230768 0.5168269230769231 0.014423076923076924 0.004807692307692308
15 0.15384615384615385 0.47596153846153844 0.02403846153846154 0.009615384615384616
4 0.17548076923076922 0.8401442307692307 0.02403846153846154 0.01201923076923077
5 0.15985576923076922 0.5348557692307693 0.06009615384615385 0.026442307692307692
4 0.1658653846153846 0.5985576923076923 0.019230769230769232 0.004807692307692308
4 0.16706730769230768 0.6177884615384616 0.021634615384615384 0.004807692307692308
4 0.16706730769230768 0.5841346153846154 0.021634615384615384 0.004807692307692308
4 0.16826923076923078 0.5913461538461539 0.014423076923076924 0.004807692307692308
4 0.16826923076923078 0.6081730769230769 0.014423076923076924 0.004807692307692308
14 0.17067307692307693 0.6526442307692307 0.0625 0.016826923076923076
4 0.16947115384615385 0.5625 0.01201923076923077 0.004807692307692308
29 0.18870192307692307 0.8713942307692307 0.055288461538461536 0.05048076923076923
0 0.1935096153846154 0.9771634615384616 0.055288461538461536 0.040865384615384616
4 0.1814903846153846 0.5528846153846154 0.026442307692307692 0.009615384615384616
9 0.20072115384615385 0.8209134615384616 0.055288461538461536 0.026442307692307692
24 0.18990384615384615 0.6009615384615384 0.014423076923076924 0.004807692307692308
24 0.18990384615384615 0.5913461538461539 0.014423076923076924 0.004807692307692308
24 0.19110576923076922 0.6129807692307693 0.01201923076923077 0.004807692307692308
24 0.18990384615384615 0.5961538461538461 0.014423076923076924 0.004807692307692308
24 0.18990384615384615 0.609375 0.014423076923076924 0.002403846153846154
24 0.18990384615384615 0.6033653846153846 0.014423076923076924 0.004807692307692308
24 0.1875 0.5829326923076923 0.014423076923076924 0.002403846153846154
24 0.18870192307692307 0.5877403846153846 0.016826923076923076 0.002403846153846154
24 0.18990384615384615 0.5637019230769231 0.014423076923076924 0.002403846153846154
24 0.18990384615384615 0.5600961538461539 0.014423076923076924 0.004807692307692308
4 0.20552884615384615 0.8389423076923077 0.01201923076923077 0.009615384615384616
18 0.021634615384615384 0.5649038461538461 0.014423076923076924 0.004807692307692308
29 0.2091346153846154 0.7884615384615384 0.02403846153846154 0.019230769230769232
8 0.18389423076923078 0.20673076923076922 0.016826923076923076 0.019230769230769232
24 0.1971153846153846 0.4579326923076923 0.004807692307692308 0.007211538461538462
26 0.22115384615384615 0.8521634615384616 0.014423076923076924 0.007211538461538462
4 0.21875 0.8016826923076923 0.019230769230769232 0.007211538461538462
4 0.18509615384615385 0.17908653846153846 0.019230769230769232 0.007211538461538462
24 0.20192307692307693 0.4651442307692308 0.014423076923076924 0.002403846153846154
24 0.20072115384615385 0.45072115384615385 0.01201923076923077 0.002403846153846154
4 0.20432692307692307 0.4579326923076923 0.004807692307692308 0.007211538461538462
6 0.21875 0.6971153846153846 0.0673076923076923 0.038461538461538464
5 0.234375 0.9278846153846154 0.14182692307692307 0.057692307692307696
4 0.23918269230769232 0.9963942307692307 0.021634615384615384 0.002403846153846154
4 0.19831730769230768 0.21033653846153846 0.01201923076923077 0.01201923076923077
4 0.19831730769230768 0.1971153846153846 0.01201923076923077 0.009615384615384616
24 0.21995192307692307 0.5480769230769231 0.007211538461538462 0.009615384615384616
24 0.02283653846153846 0.5204326923076923 0.007211538461538462 0.007211538461538462
4 0.020432692307692308 0.48197115384615385 0.007211538461538462 0.007211538461538462
24 0.2247596153846154 0.6262019230769231 0.007211538461538462 0.007211538461538462
4 0.22716346153846154 0.6382211538461539 0.007211538461538462 0.007211538461538462
4 0.02283653846153846 0.49158653846153844 0.007211538461538462 0.007211538461538462
9 0.24278846153846154 0.8737980769230769 0.057692307692307696 0.026442307692307692
24 0.22596153846153846 0.546875 0.004807692307692308 0.007211538461538462
4 0.22596153846153846 0.5324519230769231 0.004807692307692308 0.007211538461538462
24 0.2091346153846154 0.1778846153846154 0.02403846153846154 0.009615384615384616
4 0.24278846153846154 0.8569711538461539 0.02403846153846154 0.01201923076923077
24 0.24278846153846154 0.8473557692307693 0.02403846153846154 0.01201923076923077
24 0.24278846153846154 0.8377403846153846 0.02403846153846154 0.01201923076923077
4 0.21033653846153846 0.21033653846153846 0.01201923076923077 0.01201923076923077
24 0.24278846153846154 0.828125 0.02403846153846154 0.01201923076923077
15 0.24278846153846154 0.8100961538461539 0.02403846153846154 0.02403846153846154
24 0.2403846153846154 0.7944711538461539 0.02403846153846154 0.01201923076923077
24 0.24158653846153846 0.7848557692307693 0.026442307692307692 0.01201923076923077
24 0.23197115384615385 0.6237980769230769 0.007211538461538462 0.007211538461538462
4 0.02283653846153846 0.5012019230769231 0.007211538461538462 0.007211538461538462
9 0.2283653846153846 0.5048076923076923 0.052884615384615384 0.04807692307692308
14 0.2283653846153846 0.4639423076923077 0.028846153846153848 0.019230769230769232
28 0.21875 0.1466346153846154 0.0673076923076923 0.038461538461538464
14 0.24519230769230768 0.5817307692307693 0.08173076923076923 0.0625
18 0.22115384615384615 0.08533653846153846 0.02403846153846154 0.01201923076923077
24 0.22115384615384615 0.11177884615384616 0.02403846153846154 0.01201923076923077
9 0.26322115384615385 0.8954326923076923 0.036057692307692304 0.016826923076923076
24 0.24879807692307693 0.6237980769230769 0.007211538461538462 0.007211538461538462
14 0.23076923076923078 0.20673076923076922 0.028846153846153848 0.019230769230769232
4 0.26322115384615385 0.8485576923076923 0.01201923076923077 0.009615384615384616
6 0.2439903846153846 0.40865384615384615 0.11778846153846154 0.03365384615384615
24 0.23317307692307693 0.17548076923076922 0.02403846153846154 0.009615384615384616
4 0.2668269230769231 0.8257211538461539 0.019230769230769232 0.007211538461538462
24 0.25841346153846156 0.6730769230769231 0.016826923076923076 0.004807692307692308
4 0.22956730769230768 0.11899038461538461 0.007211538461538462 0.007211538461538462
24 0.2283653846153846 0.09615384615384616 0.014423076923076924 0.014423076923076924
24 0.25600961538461536 0.6237980769230769 0.007211538461538462 0.007211538461538462
6 0.22716346153846154 0.056490384615384616 0.12740384615384615 0.07932692307692307
4 0.24879807692307693 0.46274038461538464 0.007211538461538462 0.007211538461538462
4 0.027644230769230768 0.5288461538461539 0.01201923076923077 0.004807692307692308
24 0.2536057692307692 0.546875 0.007211538461538462 0.007211538461538462
18 0.2704326923076923 0.8341346153846154 0.021634615384615384 0.009615384615384616
4 0.23557692307692307 0.18629807692307693 0.019230769230769232 0.007211538461538462
18 0.27403846153846156 0.8569711538461539 0.019230769230769232 0.007211538461538462
4 0.26322115384615385 0.6358173076923077 0.007211538461538462 0.007211538461538462
14 0.27163461538461536 0.8052884615384616 0.028846153846153848 0.019230769230769232
4 0.025240384615384616 0.5108173076923077 0.01201923076923077 0.002403846153846154
24 0.2776442307692308 0.8473557692307693 0.01201923076923077 0.01201923076923077
24 0.265625 0.6225961538461539 0.007211538461538462 0.009615384615384616
24 0.2608173076923077 0.5456730769230769 0.007211538461538462 0.009615384615384616
8 0.2800480769230769 0.875 0.016826923076923076 0.019230769230769232
25 0.28846153846153844 0.9759615384615384 0.09615384615384616 0.04326923076923077
4 0.2644230769230769 0.5300480769230769 0.009615384615384616 0.01201923076923077
24 0.27283653846153844 0.6213942307692307 0.007211538461538462 0.007211538461538462
24 0.2776442307692308 0.6730769230769231 0.01201923076923077 0.004807692307692308
24 0.28966346153846156 0.8473557692307693 0.01201923076923077 0.01201923076923077
6 0.27163461538461536 0.5120192307692307 0.02403846153846154 0.02403846153846154
4 0.2932692307692308 0.9002403846153846 0.019230769230769232 0.007211538461538462
18 0.030048076923076924 0.5552884615384616 0.007211538461538462 0.009615384615384616
18 0.2932692307692308 0.8545673076923077 0.019230769230769232 0.007211538461538462
4 0.2956730769230769 0.8918269230769231 0.014423076923076924 0.004807692307692308
24 0.25961538461538464 0.21634615384615385 0.02403846153846154 0.009615384615384616
24 0.2620192307692308 0.22716346153846154 0.02403846153846154 0.01201923076923077
15 0.2608173076923077 0.20072115384615385 0.021634615384615384 0.021634615384615384
4 0.2920673076923077 0.8016826923076923 0.01201923076923077 0.01201923076923077
18 0.2956730769230769 0.8329326923076923 0.02403846153846154 0.01201923076923077
24 0.30288461538461536 0.8713942307692307 0.02403846153846154 0.01201923076923077
4 0.3016826923076923 0.8473557692307693 0.01201923076923077 0.01201923076923077
4 0.31009615384615385 0.9302884615384616 0.014423076923076924 0.014423076923076924
4 0.31009615384615385 0.9158653846153846 0.014423076923076924 0.014423076923076924
4 0.30408653846153844 0.8149038461538461 0.01201923076923077 0.009615384615384616
4 0.30408653846153844 0.8016826923076923 0.01201923076923077 0.01201923076923077
24 0.030048076923076924 0.4963942307692308 0.007211538461538462 0.007211538461538462
4 0.2776442307692308 0.1622596153846154 0.01201923076923077 0.01201923076923077
4 0.3173076923076923 0.8269230769230769 0.019230769230769232 0.004807692307692308
24 0.30528846153846156 0.5889423076923077 0.014423076923076924 0.004807692307692308
24 0.30288461538461536 0.5733173076923077 0.014423076923076924 0.002403846153846154
24 0.30288461538461536 0.5528846153846154 0.014423076923076924 0.004807692307692308
4 0.28365384615384615 0.21033653846153846 0.019230769230769232 0.007211538461538462
24 0.3076923076923077 0.6105769230769231 0.014423076923076924 0.004807692307692308
24 0.30649038461538464 0.5973557692307693 0.01201923076923077 0.002403846153846154
24 0.30528846153846156 0.5709134615384616 0.014423076923076924 0.002403846153846154
24 0.30288461538461536 0.5612980769230769 0.014423076923076924 0.002403846153846154
24 0.30408653846153844 0.578125 0.01201923076923077 0.002403846153846154
24 0.30288461538461536 0.5492788461538461 0.014423076923076924 0.002403846153846154
24 0.28365384615384615 0.17307692307692307 0.02403846153846154 0.009615384615384616
24 0.30649038461538464 0.5925480769230769 0.01201923076923077 0.002403846153846154
24 0.30528846153846156 0.5853365384615384 0.014423076923076924 0.002403846153846154
24 0.30528846153846156 0.5817307692307693 0.014423076923076924 0.004807692307692308
24 0.30528846153846156 0.5661057692307693 0.014423076923076924 0.002403846153846154
24 0.30288461538461536 0.5588942307692307 0.014423076923076924 0.002403846153846154
24 0.30528846153846156 0.6009615384615384 0.014423076923076924 0.004807692307692308
24 0.30649038461538464 0.6057692307692307 0.016826923076923076 0.004807692307692308
8 0.31971153846153844 0.8401442307692307 0.019230769230769232 0.021634615384615384
8 0.31971153846153844 0.8028846153846154 0.019230769230769232 0.019230769230769232
29 0.29086538461538464 0.22355769230769232 0.02403846153846154 0.019230769230769232
6 0.3173076923076923 0.6923076923076923 0.0625 0.038461538461538464
4 0.33653846153846156 0.9939903846153846 0.019230769230769232 0.007211538461538462
24 0.030048076923076924 0.47475961538461536 0.007211538461538462 0.007211538461538462
20 0.3088942307692308 0.44471153846153844 0.07932692307692307 0.028846153846153848
14 0.2980769230769231 0.15745192307692307 0.02403846153846154 0.021634615384615384
9 0.3161057692307692 0.47475961538461536 0.08413461538461539 0.026442307692307692
9 0.3016826923076923 0.18870192307692307 0.055288461538461536 0.026442307692307692
9 0.29927884615384615 0.13581730769230768 0.055288461538461536 0.026442307692307692
24 0.31971153846153844 0.4951923076923077 0.04807692307692308 0.014423076923076924
15 0.3233173076923077 0.5144230769230769 0.055288461538461536 0.02403846153846154
24 0.03245192307692308 0.484375 0.01201923076923077 0.002403846153846154
24 0.03245192307692308 0.4891826923076923 0.01201923076923077 0.002403846153846154
4 0.3293269230769231 0.6033653846153846 0.014423076923076924 0.004807692307692308
4 0.3293269230769231 0.5865384615384616 0.014423076923076924 0.004807692307692308
4 0.328125 0.5576923076923077 0.01201923076923077 0.004807692307692308
4 0.3293269230769231 0.5745192307692307 0.014423076923076924 0.004807692307692308
4 0.3293269230769231 0.5625 0.014423076923076924 0.004807692307692308
4 0.328125 0.5480769230769231 0.01201923076923077 0.004807692307692308
14 0.3473557692307692 0.8882211538461539 0.0889423076923077 0.055288461538461536
4 0.33052884615384615 0.5408653846153846 0.021634615384615384 0.004807692307692308
4 0.34615384615384615 0.8605769230769231 0.014423076923076924 0.004807692307692308
18 0.03365384615384615 0.5336538461538461 0.009615384615384616 0.009615384615384616
8 0.3485576923076923 0.8389423076923077 0.019230769230769232 0.019230769230769232
4 0.3485576923076923 0.8533653846153846 0.019230769230769232 0.004807692307692308
4 0.3485576923076923 0.8245192307692307 0.019230769230769232 0.004807692307692308
4 0.33774038461538464 0.59375 0.026442307692307692 0.009615384615384616
9 0.3401442307692308 0.6298076923076923 0.07932692307692307 0.03365384615384615
26 0.31490384615384615 0.1201923076923077 0.014423076923076924 0.009615384615384616
25 0.3641826923076923 0.9747596153846154 0.06009615384615385 0.04567307692307692
4 0.32572115384615385 0.1658653846153846 0.026442307692307692 0.009615384615384616
4 0.3269230769230769 0.15745192307692307 0.02403846153846154 0.01201923076923077
4 0.3641826923076923 0.8581730769230769 0.01201923076923077 0.004807692307692308
6 0.375 0.9326923076923077 0.02403846153846154 0.02403846153846154
4 0.37259615384615385 0.8509615384615384 0.019230769230769232 0.004807692307692308
24 0.03485576923076923 0.4963942307692308 0.007211538461538462 0.007211538461538462
26 0.3798076923076923 0.8677884615384616 0.014423076923076924 0.009615384615384616
24 0.036057692307692304 0.47475961538461536 0.004807692307692308 0.007211538461538462
6 0.39302884615384615 0.5901442307692307 0.021634615384615384 0.01201923076923077
17 0.375 0.1658653846153846 0.04807692307692308 0.014423076923076924
17 0.40625 0.5600961538461539 0.04807692307692308 0.014423076923076924
17 0.40384615384615385 0.4375 0.04807692307692308 0.014423076923076924
29 0.4170673076923077 0.6790865384615384 0.026442307692307692 0.016826923076923076
17 0.41586538461538464 0.6610576923076923 0.04807692307692308 0.014423076923076924
29 0.4074519230769231 0.4567307692307692 0.026442307692307692 0.014423076923076924
4 0.41586538461538464 0.5685096153846154 0.014423076923076924 0.002403846153846154
29 0.40625 0.35216346153846156 0.02403846153846154 0.016826923076923076
17 0.40865384615384615 0.33413461538461536 0.04807692307692308 0.014423076923076924