4 0.5901442307692307 0.3088942307692308 0.007211538461538462 0.007211538461538462
4 0.4699519230769231 0.33774038461538464 0.007211538461538462 0.007211538461538462
24 0.7067307692307693 0.28365384615384615 0.004807692307692308 0.009615384615384616
24 0.6838942307692307 0.29086538461538464 0.007211538461538462 0.009615384615384616
9 0.421875 0.35336538461538464 0.026442307692307692 0.019230769230769232
6 0.3942307692307692 0.36177884615384615 0.019230769230769232 0.021634615384615384
24 0.8269230769230769 0.2620192307692308 0.004807692307692308 0.009615384615384616
24 0.8173076923076923 0.2668269230769231 0.004807692307692308 0.009615384615384616
24 0.8365384615384616 0.2620192307692308 0.004807692307692308 0.009615384615384616
24 0.8605769230769231 0.25721153846153844 0.004807692307692308 0.009615384615384616
24 0.4026442307692308 0.36177884615384615 0.007211538461538462 0.01201923076923077
4 0.4362980769230769 0.3545673076923077 0.007211538461538462 0.01201923076923077
4 0.4411057692307692 0.3545673076923077 0.007211538461538462 0.01201923076923077
18 0.8713942307692307 0.25841346153846156 0.007211538461538462 0.01201923076923077
24 0.4699519230769231 0.35697115384615385 0.007211538461538462 0.007211538461538462
14 0.5348557692307693 0.3449519230769231 0.13221153846153846 0.16105769230769232
4 0.4723557692307692 0.36177884615384615 0.007211538461538462 0.007211538461538462
4 0.5949519230769231 0.33774038461538464 0.007211538461538462 0.007211538461538462
24 0.8389423076923077 0.28365384615384615 0.004807692307692308 0.009615384615384616
24 0.47475961538461536 0.36899038461538464 0.007211538461538462 0.007211538461538462
24 0.859375 0.28125 0.007211538461538462 0.009615384615384616
17 0.6899038461538461 0.32091346153846156 0.019230769230769232 0.040865384615384616
17 0.7163461538461539 0.3137019230769231 0.019230769230769232 0.040865384615384616
4 0.5973557692307693 0.3425480769230769 0.007211538461538462 0.007211538461538462
24 0.47475961538461536 0.3737980769230769 0.007211538461538462 0.007211538461538462
24 0.390625 0.3942307692307692 0.007211538461538462 0.009615384615384616
4 0.47716346153846156 0.3786057692307692 0.007211538461538462 0.007211538461538462
5 0.42788461538461536 0.39302884615384615 0.04326923076923077 0.055288461538461536
4 0.5973557692307693 0.35697115384615385 0.007211538461538462 0.007211538461538462
4 0.47836538461538464 0.3870192307692308 0.009615384615384616 0.009615384615384616
6 0.39302884615384615 0.4074519230769231 0.016826923076923076 0.016826923076923076
24 0.4543269230769231 0.39783653846153844 0.004807692307692308 0.01201923076923077
4 0.609375 0.36658653846153844 0.016826923076923076 0.01201923076923077
4 0.4807692307692308 0.40625 0.014423076923076924 0.009615384615384616
20 0.8581730769230769 0.32211538461538464 0.057692307692307696 0.07211538461538461
4 0.6021634615384616 0.38341346153846156 0.007211538461538462 0.007211538461538462
16 0.39783653846153844 0.4326923076923077 0.021634615384615384 0.038461538461538464
6 0.7536057692307693 0.34975961538461536 0.016826923076923076 0.021634615384615384
4 0.5144230769230769 0.43509615384615385 0.004807692307692308 0.009615384615384616
19 0.21153846153846154 0.5048076923076923 0.11057692307692307 0.057692307692307696
4 0.5552884615384616 0.42788461538461536 0.004807692307692308 0.009615384615384616
4 0.5528846153846154 0.43149038461538464 0.004807692307692308 0.01201923076923077
24 0.5673076923076923 0.42908653846153844 0.004807692307692308 0.01201923076923077
4 0.5444711538461539 0.43509615384615385 0.01201923076923077 0.019230769230769232
18 0.4074519230769231 0.4675480769230769 0.007211538461538462 0.01201923076923077
24 0.8557692307692307 0.3641826923076923 0.004807692307692308 0.01201923076923077
9 0.44350961538461536 0.46274038461538464 0.040865384615384616 0.06490384615384616
4 0.5901442307692307 0.42788461538461536 0.01201923076923077 0.019230769230769232
9 0.48197115384615385 0.453125 0.040865384615384616 0.06490384615384616
9 0.6274038461538461 0.42908653846153844 0.04326923076923077 0.06490384615384616
24 0.5841346153846154 0.453125 0.004807692307692308 0.01201923076923077
24 0.5721153846153846 0.4579326923076923 0.004807692307692308 0.01201923076923077
24 0.5504807692307693 0.46274038461538464 0.004807692307692308 0.01201923076923077
24 0.5456730769230769 0.4651442307692308 0.004807692307692308 0.01201923076923077
18 0.24879807692307693 0.5348557692307693 0.007211538461538462 0.007211538461538462
24 0.2608173076923077 0.5324519230769231 0.007211538461538462 0.007211538461538462
24 0.8689903846153846 0.40625 0.016826923076923076 0.014423076923076924
14 0.8125 0.4182692307692308 0.02403846153846154 0.02403846153846154
14 0.8341346153846154 0.41586538461538464 0.02403846153846154 0.02403846153846154
24 0.4074519230769231 0.5168269230769231 0.007211538461538462 0.009615384615384616
24 0.41346153846153844 0.5168269230769231 0.004807692307692308 0.009615384615384616
18 0.43028846153846156 0.5108173076923077 0.004807692307692308 0.01201923076923077
9 0.8545673076923077 0.4170673076923077 0.021634615384615384 0.03125
4 0.1875 0.5733173076923077 0.014423076923076924 0.021634615384615384
4 0.8725961538461539 0.41947115384615385 0.014423076923076924 0.01201923076923077
9 0.27884615384615385 0.5576923076923077 0.052884615384615384 0.04807692307692308
0 0.052884615384615384 0.6105769230769231 0.052884615384615384 0.04807692307692308
29 0.15745192307692307 0.5865384615384616 0.06009615384615385 0.052884615384615384
4 0.8353365384615384 0.43028846153846156 0.01201923076923077 0.009615384615384616
4 0.8149038461538461 0.4362980769230769 0.014423076923076924 0.01201923076923077
19 0.8978365384615384 0.4182692307692308 0.03125 0.052884615384615384
9 0.21033653846153846 0.5877403846153846 0.03125 0.05048076923076923
4 0.8100961538461539 0.4495192307692308 0.014423076923076924 0.009615384615384616
4 0.5793269230769231 0.5036057692307693 0.004807692307692308 0.01201923076923077
4 0.5745192307692307 0.5060096153846154 0.004807692307692308 0.01201923076923077
4 0.19471153846153846 0.5949519230769231 0.014423076923076924 0.01201923076923077
4 0.8389423076923077 0.44591346153846156 0.009615384615384616 0.016826923076923076
4 0.9086538461538461 0.42908653846153844 0.009615384615384616 0.016826923076923076
4 0.8485576923076923 0.44591346153846156 0.014423076923076924 0.021634615384615384
24 0.859375 0.4423076923076923 0.01201923076923077 0.019230769230769232
24 0.8701923076923077 0.4411057692307692 0.014423076923076924 0.021634615384615384
4 0.5697115384615384 0.5108173076923077 0.009615384615384616 0.016826923076923076
4 0.5865384615384616 0.5060096153846154 0.009615384615384616 0.016826923076923076
4 0.5588942307692307 0.5144230769230769 0.01201923076923077 0.019230769230769232
15 0.828125 0.453125 0.021634615384615384 0.03125
4 0.5949519230769231 0.5072115384615384 0.01201923076923077 0.019230769230769232
29 0.24158653846153846 0.5889423076923077 0.021634615384615384 0.02403846153846154
26 0.8774038461538461 0.44471153846153844 0.009615384615384616 0.014423076923076924
6 0.5144230769230769 0.5300480769230769 0.019230769230769232 0.021634615384615384
26 0.18269230769230768 0.6081730769230769 0.009615384615384616 0.014423076923076924
4 0.23197115384615385 0.5961538461538461 0.007211538461538462 0.014423076923076924
24 0.8100961538461539 0.4651442307692308 0.014423076923076924 0.021634615384615384
18 0.43149038461538464 0.5552884615384616 0.07932692307692307 0.07692307692307693
5 0.10817307692307693 0.6310096153846154 0.07211538461538461 0.11778846153846154
4 0.8221153846153846 0.46875 0.009615384615384616 0.009615384615384616
4 0.04326923076923077 0.6478365384615384 0.009615384615384616 0.016826923076923076
6 0.5396634615384616 0.5348557692307693 0.016826923076923076 0.021634615384615384
14 0.8485576923076923 0.46634615384615385 0.02403846153846154 0.02403846153846154
4 0.8365384615384616 0.46875 0.009615384615384616 0.009615384615384616
4 0.8245192307692307 0.47836538461538464 0.009615384615384616 0.009615384615384616
9 0.16466346153846154 0.6310096153846154 0.03125 0.05048076923076923
24 0.19951923076923078 0.6237980769230769 0.014423076923076924 0.021634615384615384
24 0.21153846153846154 0.6213942307692307 0.014423076923076924 0.021634615384615384
4 0.18269230769230768 0.6286057692307693 0.014423076923076924 0.021634615384615384
24 0.19230769230769232 0.6262019230769231 0.014423076923076924 0.021634615384615384
15 0.22596153846153846 0.6177884615384616 0.02403846153846154 0.02403846153846154
24 0.25240384615384615 0.6117788461538461 0.014423076923076924 0.021634615384615384
24 0.24278846153846154 0.6141826923076923 0.014423076923076924 0.021634615384615384
24 0.8149038461538461 0.484375 0.014423076923076924 0.021634615384615384
6 0.7235576923076923 0.5084134615384616 0.04326923076923077 0.055288461538461536
6 0.5865384615384616 0.546875 0.019230769230769232 0.021634615384615384
6 0.5697115384615384 0.5492788461538461 0.019230769230769232 0.021634615384615384
6 0.6382211538461539 0.5348557692307693 0.016826923076923076 0.021634615384615384
15 0.8389423076923077 0.4891826923076923 0.019230769230769232 0.03125
6 0.6057692307692307 0.5420673076923077 0.019230769230769232 0.021634615384615384
6 0.6538461538461539 0.5324519230769231 0.019230769230769232 0.021634615384615384
6 0.6213942307692307 0.5384615384615384 0.016826923076923076 0.02403846153846154
9 0.1466346153846154 0.6478365384615384 0.02403846153846154 0.03125
18 0.20552884615384615 0.6370192307692307 0.01201923076923077 0.009615384615384616
4 0.1935096153846154 0.6418269230769231 0.01201923076923077 0.014423076923076924
6 0.3401442307692308 0.6081730769230769 0.04567307692307692 0.057692307692307696
4 0.8485576923076923 0.49158653846153844 0.009615384615384616 0.016826923076923076
4 0.8233173076923077 0.5 0.01201923076923077 0.009615384615384616
4 0.21514423076923078 0.6394230769230769 0.007211538461538462 0.014423076923076924
24 0.49759615384615385 0.578125 0.004807692307692308 0.01201923076923077
18 0.18629807692307693 0.6514423076923077 0.007211538461538462 0.014423076923076924
14 0.234375 0.6394230769230769 0.021634615384615384 0.02403846153846154
4 0.8125 0.5084134615384616 0.009615384615384616 0.016826923076923076
24 0.19591346153846154 0.6514423076923077 0.01201923076923077 0.009615384615384616
18 0.6995192307692307 0.5348557692307693 0.009615384615384616 0.016826923076923076
25 0.06850961538461539 0.6826923076923077 0.06009615384615385 0.08173076923076923
15 0.8725961538461539 0.49759615384615385 0.038461538461538464 0.052884615384615384
8 0.16947115384615385 0.6610576923076923 0.021634615384615384 0.019230769230769232
24 0.20793269230769232 0.6550480769230769 0.01201923076923077 0.016826923076923076
24 0.19831730769230768 0.6610576923076923 0.01201923076923077 0.009615384615384616
4 0.1466346153846154 0.6742788461538461 0.009615384615384616 0.016826923076923076
4 0.5228365384615384 0.5877403846153846 0.007211538461538462 0.007211538461538462
4 0.15264423076923078 0.6742788461538461 0.007211538461538462 0.01201923076923077
18 0.18870192307692307 0.6658653846153846 0.007211538461538462 0.014423076923076924
8 0.84375 0.5168269230769231 0.014423076923076924 0.028846153846153848
4 0.2403846153846154 0.65625 0.014423076923076924 0.014423076923076924
24 0.7043269230769231 0.5504807692307693 0.004807692307692308 0.009615384615384616
24 0.5360576923076923 0.5913461538461539 0.004807692307692308 0.009615384615384616
4 0.8533653846153846 0.5180288461538461 0.009615384615384616 0.016826923076923076
24 0.17548076923076922 0.6766826923076923 0.014423076923076924 0.021634615384615384
4 0.19951923076923078 0.671875 0.014423076923076924 0.01201923076923077
24 0.7932692307692307 0.5348557692307693 0.014423076923076924 0.021634615384615384
15 0.8052884615384616 0.5300480769230769 0.019230769230769232 0.03125
4 0.5252403846153846 0.5973557692307693 0.007211538461538462 0.007211538461538462
18 0.21033653846153846 0.6706730769230769 0.01201923076923077 0.009615384615384616
24 0.32572115384615385 0.6430288461538461 0.007211538461538462 0.01201923076923077
4 0.11899038461538461 0.6923076923076923 0.016826923076923076 0.014423076923076924
4 0.13341346153846154 0.6899038461538461 0.016826923076923076 0.014423076923076924
5 0.49278846153846156 0.6069711538461539 0.04326923076923077 0.040865384615384616
4 0.24278846153846154 0.6646634615384616 0.014423076923076924 0.01201923076923077
4 0.8173076923076923 0.5324519230769231 0.009615384615384616 0.016826923076923076
9 0.9206730769230769 0.5144230769230769 0.03365384615384615 0.04807692307692308
24 0.8353365384615384 0.5360576923076923 0.01201923076923077 0.019230769230769232
18 0.7067307692307693 0.5673076923076923 0.009615384615384616 0.019230769230769232
4 0.21875 0.6790865384615384 0.009615384615384616 0.016826923076923076
8 0.20552884615384615 0.6826923076923077 0.021634615384615384 0.019230769230769232
9 0.5276442307692307 0.6105769230769231 0.026442307692307692 0.019230769230769232
24 0.328125 0.6574519230769231 0.007211538461538462 0.01201923076923077
8 0.2439903846153846 0.6778846153846154 0.021634615384615384 0.019230769230769232
4 0.06009615384615385 0.7247596153846154 0.009615384615384616 0.016826923076923076
26 0.90625 0.53125 0.009615384615384616 0.014423076923076924
9 0.8545673076923077 0.5444711538461539 0.021634615384615384 0.03125
14 0.16466346153846154 0.7115384615384616 0.06490384615384616 0.07692307692307693
6 0.7403846153846154 0.5805288461538461 0.04326923076923077 0.055288461538461536
4 0.19110576923076922 0.7067307692307693 0.007211538461538462 0.009615384615384616
4 0.8894230769230769 0.546875 0.009615384615384616 0.016826923076923076
9 0.875 0.5528846153846154 0.03365384615384615 0.04807692307692308
4 0.1971153846153846 0.7079326923076923 0.009615384615384616 0.016826923076923076
8 0.21033653846153846 0.7055288461538461 0.021634615384615384 0.016826923076923076
4 0.22596153846153846 0.703125 0.009615384615384616 0.016826923076923076
4 0.9206730769230769 0.5432692307692307 0.014423076923076924 0.014423076923076924
14 0.9038461538461539 0.5504807692307693 0.02403846153846154 0.02403846153846154
24 0.578125 0.6237980769230769 0.007211538461538462 0.007211538461538462
24 0.5516826923076923 0.6310096153846154 0.007211538461538462 0.007211538461538462
24 0.5637019230769231 0.6286057692307693 0.007211538461538462 0.007211538461538462
6 0.29447115384615385 0.6935096153846154 0.016826923076923076 0.021634615384615384
25 0.08173076923076923 0.7415865384615384 0.052884615384615384 0.055288461538461536
24 0.8293269230769231 0.5709134615384616 0.014423076923076924 0.021634615384615384
29 0.8401442307692307 0.5673076923076923 0.021634615384615384 0.02403846153846154
6 0.35697115384615385 0.6838942307692307 0.04567307692307692 0.055288461538461536
24 0.8545673076923077 0.5697115384615384 0.01201923076923077 0.019230769230769232
4 0.19591346153846154 0.7235576923076923 0.007211538461538462 0.009615384615384616
24 0.5516826923076923 0.6430288461538461 0.007211538461538462 0.007211538461538462
4 0.9230769230769231 0.5576923076923077 0.014423076923076924 0.014423076923076924
6 0.125 0.7451923076923077 0.028846153846153848 0.02403846153846154
4 0.203125 0.7283653846153846 0.007211538461538462 0.014423076923076924
4 0.5096153846153846 0.6574519230769231 0.009615384615384616 0.016826923076923076
4 0.5276442307692307 0.6538461538461539 0.01201923076923077 0.019230769230769232
26 0.18870192307692307 0.7355769230769231 0.01201923076923077 0.014423076923076924
24 0.5492788461538461 0.6550480769230769 0.007211538461538462 0.007211538461538462
24 0.5637019230769231 0.6526442307692307 0.007211538461538462 0.007211538461538462
24 0.5877403846153846 0.6502403846153846 0.007211538461538462 0.007211538461538462
24 0.5757211538461539 0.6550480769230769 0.007211538461538462 0.007211538461538462
18 0.4362980769230769 0.7103365384615384 0.007211538461538462 0.01201923076923077
24 0.5997596153846154 0.6766826923076923 0.007211538461538462 0.007211538461538462
24 0.6057692307692307 0.6911057692307693 0.004807692307692308 0.01201923076923077
18 0.44350961538461536 0.7319711538461539 0.007211538461538462 0.01201923076923077
18 0.45072115384615385 0.7319711538461539 0.007211538461538462 0.01201923076923077
18 0.44591346153846156 0.7439903846153846 0.007211538461538462 0.01201923076923077
6 0.7716346153846154 0.6754807692307693 0.019230769230769232 0.02403846153846154
18 0.4387019230769231 0.7536057692307693 0.007211538461538462 0.01201923076923077
18 0.453125 0.7584134615384616 0.007211538461538462 0.01201923076923077
24 0.6129807692307693 0.7319711538461539 0.004807692307692308 0.01201923076923077
18 0.45552884615384615 0.7704326923076923 0.007211538461538462 0.01201923076923077
18 0.44350961538461536 0.7752403846153846 0.007211538461538462 0.01201923076923077
18 0.4579326923076923 0.7824519230769231 0.007211538461538462 0.01201923076923077
18 0.4483173076923077 0.7896634615384616 0.007211538461538462 0.01201923076923077
14 0.5420673076923077 0.7704326923076923 0.18509615384615385 0.22355769230769232
18 0.46274038461538464 0.7896634615384616 0.007211538461538462 0.01201923076923077
18 0.4579326923076923 0.7944711538461539 0.007211538461538462 0.01201923076923077
18 0.4543269230769231 0.8016826923076923 0.009615384615384616 0.007211538461538462
18 0.46274038461538464 0.8040865384615384 0.007211538461538462 0.01201923076923077
18 0.46033653846153844 0.8137019230769231 0.007211538461538462 0.01201923076923077
18 0.4699519230769231 0.8209134615384616 0.007211538461538462 0.01201923076923077
18 0.4651442307692308 0.8293269230769231 0.007211538461538462 0.014423076923076924
6 0.8641826923076923 0.7415865384615384 0.0889423076923077 0.25240384615384615
6 0.9254807692307693 0.7283653846153846 0.09134615384615384 0.2548076923076923
18 0.4723557692307692 0.8377403846153846 0.007211538461538462 0.01201923076923077
6 0.2091346153846154 0.8834134615384616 0.09615384615384616 0.2283653846153846
6 0.28125 0.875 0.09615384615384616 0.24519230769230768
6 0.39783653846153844 0.8617788461538461 0.04567307692307692 0.055288461538461536
24 0.43149038461538464 0.890625 0.007211538461538462 0.01201923076923077
18 0.421875 0.8942307692307693 0.016826923076923076 0.019230769230769232
18 0.5444711538461539 0.8786057692307693 0.007211538461538462 0.01201923076923077
4 0.6165865384615384 0.8641826923076923 0.007211538461538462 0.007211538461538462
24 0.5877403846153846 0.8689903846153846 0.007211538461538462 0.007211538461538462
4 0.6237980769230769 0.8617788461538461 0.007211538461538462 0.007211538461538462
4 0.6069711538461539 0.8665865384615384 0.007211538461538462 0.007211538461538462
4 0.5961538461538461 0.8713942307692307 0.004807692307692308 0.01201923076923077
4 0.5805288461538461 0.8737980769230769 0.007211538461538462 0.01201923076923077
18 0.5552884615384616 0.8810096153846154 0.009615384615384616 0.007211538461538462
24 0.6117788461538461 0.8713942307692307 0.007211538461538462 0.007211538461538462
24 0.6310096153846154 0.8665865384615384 0.007211538461538462 0.007211538461538462
24 0.6225961538461539 0.8689903846153846 0.004807692307692308 0.01201923076923077
24 0.6201923076923077 0.8725961538461539 0.004807692307692308 0.009615384615384616
18 0.5769230769230769 0.8810096153846154 0.009615384615384616 0.007211538461538462
24 0.6141826923076923 0.8762019230769231 0.007211538461538462 0.007211538461538462
24 0.6334134615384616 0.8713942307692307 0.007211538461538462 0.007211538461538462
24 0.5336538461538461 0.8990384615384616 0.004807692307692308 0.009615384615384616
24 0.5408653846153846 0.8990384615384616 0.004807692307692308 0.009615384615384616
18 0.5516826923076923 0.8978365384615384 0.007211538461538462 0.01201923076923077
6 0.41466346153846156 0.9362980769230769 0.04567307692307692 0.055288461538461536
9 0.5949519230769231 0.8978365384615384 0.026442307692307692 0.016826923076923076
4 0.5372596153846154 0.9302884615384616 0.01201923076923077 0.019230769230769232
16 0.7728365384615384 0.8786057692307693 0.021634615384615384 0.040865384615384616
14 0.5997596153846154 0.921875 0.016826923076923076 0.021634615384615384
9 0.5024038461538461 0.9435096153846154 0.052884615384615384 0.05048076923076923
4 0.6105769230769231 0.9194711538461539 0.004807692307692308 0.01201923076923077
4 0.6177884615384616 0.9194711538461539 0.004807692307692308 0.01201923076923077
6 0.6538461538461539 0.9122596153846154 0.02403846153846154 0.036057692307692304
16 0.6346153846153846 0.9158653846153846 0.019230769230769232 0.038461538461538464
4 0.5853365384615384 0.9338942307692307 0.007211538461538462 0.007211538461538462
30 0.6141826923076923 0.9375 0.01201923076923077 0.019230769230769232
4 0.6057692307692307 0.9399038461538461 0.004807692307692308 0.009615384615384616
4 0.6021634615384616 0.9435096153846154 0.007211538461538462 0.01201923076923077
4 0.6201923076923077 0.9387019230769231 0.004807692307692308 0.01201923076923077
4 0.625 0.9362980769230769 0.004807692307692308 0.01201923076923077
9 0.5805288461538461 0.9471153846153846 0.026442307692307692 0.019230769230769232
6 0.7788461538461539 0.9038461538461539 0.014423076923076924 0.014423076923076924
4 0.6394230769230769 0.9375 0.014423076923076924 0.009615384615384616
6 0.3713942307692308 0.9951923076923077 0.021634615384615384 0.004807692307692308
4 0.78125 0.9158653846153846 0.004807692307692308 0.009615384615384616
4 0.46274038461538464 0.9939903846153846 0.007211538461538462 0.01201923076923077
24 0.5697115384615384 0.96875 0.004807692307692308 0.009615384615384616
4 0.6069711538461539 0.96875 0.007211538461538462 0.009615384615384616
15 0.6478365384615384 0.9615384615384616 0.01201923076923077 0.019230769230769232
4 0.5276442307692307 0.9915865384615384 0.01201923076923077 0.01201923076923077
4 0.5132211538461539 0.9939903846153846 0.01201923076923077 0.007211538461538462
4 0.5444711538461539 0.9903846153846154 0.01201923076923077 0.014423076923076924
4 0.5360576923076923 0.9927884615384616 0.009615384615384616 0.009615384615384616
4 0.5228365384615384 0.9951923076923077 0.007211538461538462 0.004807692307692308
4 0.5625 0.9927884615384616 0.004807692307692308 0.009615384615384616
6 0.5 0.09375 0.40384615384615385 0.13942307692307693
6 0.7776442307692307 0.13581730769230768 0.007211538461538462 0.01201923076923077
0 0.6694711538461539 0.18629807692307693 0.04567307692307692 0.055288461538461536
9 0.5973557692307693 0.23197115384615385 0.040865384615384616 0.06490384615384616
4 0.49158653846153844 0.26802884615384615 0.007211538461538462 0.016826923076923076
9 0.46033653846153844 0.27403846153846156 0.016826923076923076 0.03365384615384615
4 0.5012019230769231 0.2644230769230769 0.01201923076923077 0.019230769230769232
4 0.5576923076923077 0.2536057692307692 0.009615384615384616 0.016826923076923076
4 0.5204326923076923 0.26322115384615385 0.007211538461538462 0.016826923076923076
4 0.5528846153846154 0.25600961538461536 0.004807692307692308 0.01201923076923077
26 0.39783653846153844 0.2932692307692308 0.04567307692307692 0.057692307692307696
4 0.5096153846153846 0.26802884615384615 0.004807692307692308 0.01201923076923077
4 0.5144230769230769 0.2668269230769231 0.004807692307692308 0.009615384615384616
6 0.8377403846153846 0.2091346153846154 0.0889423076923077 0.08173076923076923
24 0.8485576923076923 0.2091346153846154 0.004807692307692308 0.009615384615384616
24 0.8389423076923077 0.21153846153846154 0.004807692307692308 0.009615384615384616
4 0.46274038461538464 0.30408653846153844 0.007211538461538462 0.007211538461538462
24 0.5853365384615384 0.28966346153846156 0.007211538461538462 0.007211538461538462
24 0.46033653846153844 0.31850961538461536 0.007211538461538462 0.007211538461538462
6 0.8269230769230769 0.23798076923076922 0.09615384615384616 0.052884615384615384
4 0.46033653846153844 0.33052884615384615 0.016826923076923076 0.01201923076923077
6 0.055288461538461536 0.42908653846153844 0.11057692307692307 0.21394230769230768
16 0.7223557692307693 0.2764423076923077 0.021634615384615384 0.038461538461538464