19 0.9026442307692307 0.35096153846153844 0.026442307692307692 0.08653846153846154
6 0.9555288461538461 0.35697115384615385 0.03125 0.10817307692307693
19 0.5733173076923077 0.3485576923076923 0.01201923076923077 0.019230769230769232
6 0.43149038461538464 0.36899038461538464 0.23798076923076922 0.2956730769230769
19 0.1045673076923077 0.39302884615384615 0.036057692307692304 0.06009615384615385
19 0.5817307692307693 0.41225961538461536 0.014423076923076924 0.05048076923076923
19 0.21514423076923078 0.4026442307692308 0.01201923076923077 0.016826923076923076
19 0.7764423076923077 0.46634615384615385 0.10096153846153846 0.03365384615384615
19 0.48677884615384615 0.5372596153846154 0.01201923076923077 0.016826923076923076
19 0.46274038461538464 0.5492788461538461 0.01201923076923077 0.016826923076923076
4 0.2548076923076923 0.046875 0.004807692307692308 0.016826923076923076
19 0.3894230769230769 0.5661057692307693 0.10096153846153846 0.021634615384615384
4 0.24639423076923078 0.04807692307692308 0.007211538461538462 0.019230769230769232
23 0.9483173076923077 0.5925480769230769 0.01201923076923077 0.021634615384615384
4 0.26322115384615385 0.05048076923076923 0.002403846153846154 0.009615384615384616
9 0.4567307692307692 0.5961538461538461 0.03365384615384615 0.0625
9 0.49399038461538464 0.5973557692307693 0.03125 0.06009615384615385
23 0.9471153846153846 0.6237980769230769 0.014423076923076924 0.021634615384615384
9 0.4014423076923077 0.625 0.04807692307692308 0.04326923076923077
9 0.6153846153846154 0.6418269230769231 0.04807692307692308 0.04326923076923077
4 0.5805288461538461 0.6454326923076923 0.002403846153846154 0.01201923076923077
24 0.4266826923076923 0.6418269230769231 0.007211538461538462 0.004807692307692308
19 0.734375 0.6574519230769231 0.01201923076923077 0.016826923076923076
9 0.6947115384615384 0.65625 0.04807692307692308 0.04326923076923077
24 0.46274038461538464 0.6514423076923077 0.007211538461538462 0.004807692307692308
23 0.9435096153846154 0.6694711538461539 0.01201923076923077 0.021634615384615384
4 0.4098557692307692 0.6538461538461539 0.007211538461538462 0.004807692307692308
24 0.4795673076923077 0.65625 0.007211538461538462 0.004807692307692308
4 0.5204326923076923 0.6610576923076923 0.002403846153846154 0.009615384615384616
24 0.5324519230769231 0.6622596153846154 0.002403846153846154 0.01201923076923077
24 0.5276442307692307 0.6622596153846154 0.002403846153846154 0.01201923076923077
24 0.5132211538461539 0.6634615384615384 0.007211538461538462 0.004807692307692308
4 0.49158653846153844 0.6634615384615384 0.007211538461538462 0.019230769230769232
4 0.5036057692307693 0.6634615384615384 0.007211538461538462 0.019230769230769232
4 0.5588942307692307 0.6658653846153846 0.007211538461538462 0.019230769230769232
4 0.5504807692307693 0.6670673076923077 0.004807692307692308 0.016826923076923076
24 0.4483173076923077 0.6658653846153846 0.007211538461538462 0.004807692307692308
24 0.4567307692307692 0.6658653846153846 0.009615384615384616 0.004807692307692308
24 0.4375 0.6634615384615384 0.009615384615384616 0.004807692307692308
24 0.4723557692307692 0.6658653846153846 0.007211538461538462 0.004807692307692308
4 0.4074519230769231 0.6658653846153846 0.007211538461538462 0.004807692307692308
4 0.4182692307692308 0.6670673076923077 0.004807692307692308 0.016826923076923076
4 0.609375 0.6790865384615384 0.01201923076923077 0.007211538461538462
18 0.5901442307692307 0.6911057692307693 0.002403846153846154 0.01201923076923077
4 0.6069711538461539 0.6923076923076923 0.007211538461538462 0.004807692307692308
24 0.4182692307692308 0.6923076923076923 0.009615384615384616 0.004807692307692308
4 0.44471153846153844 0.6971153846153846 0.004807692307692308 0.009615384615384616
4 0.46274038461538464 0.6983173076923077 0.002403846153846154 0.01201923076923077
4 0.47475961538461536 0.6983173076923077 0.002403846153846154 0.01201923076923077
9 0.6478365384615384 0.7067307692307693 0.04567307692307692 0.04326923076923077
18 0.5949519230769231 0.7079326923076923 0.002403846153846154 0.01201923076923077
4 0.6826923076923077 0.7115384615384616 0.014423076923076924 0.009615384615384616
4 0.4050480769230769 0.7043269230769231 0.007211538461538462 0.004807692307692308
18 0.5901442307692307 0.7151442307692307 0.002403846153846154 0.01201923076923077
4 0.546875 0.7139423076923077 0.007211538461538462 0.004807692307692308
4 0.5036057692307693 0.7127403846153846 0.002403846153846154 0.016826923076923076
4 0.5276442307692307 0.7151442307692307 0.002403846153846154 0.01201923076923077
4 0.6814903846153846 0.7247596153846154 0.01201923076923077 0.007211538461538462
18 0.5877403846153846 0.7271634615384616 0.002403846153846154 0.01201923076923077
4 0.4795673076923077 0.7235576923076923 0.007211538461538462 0.004807692307692308
4 0.34615384615384615 0.7211538461538461 0.009615384615384616 0.004807692307692308
4 0.5252403846153846 0.7271634615384616 0.002403846153846154 0.01201923076923077
4 0.5132211538461539 0.7271634615384616 0.002403846153846154 0.01201923076923077
4 0.36658653846153844 0.7223557692307693 0.01201923076923077 0.007211538461538462
4 0.38461538461538464 0.7235576923076923 0.009615384615384616 0.004807692307692308
4 0.4891826923076923 0.7283653846153846 0.007211538461538462 0.004807692307692308
18 0.5925480769230769 0.7367788461538461 0.002403846153846154 0.01201923076923077
4 0.5384615384615384 0.734375 0.004807692307692308 0.01201923076923077
19 0.25600961538461536 0.7259615384615384 0.01201923076923077 0.019230769230769232
4 0.5012019230769231 0.734375 0.002403846153846154 0.016826923076923076
18 0.6021634615384616 0.7391826923076923 0.002403846153846154 0.01201923076923077
4 0.4651442307692308 0.7355769230769231 0.007211538461538462 0.004807692307692308
4 0.5492788461538461 0.7379807692307693 0.007211538461538462 0.004807692307692308
4 0.49038461538461536 0.7391826923076923 0.004807692307692308 0.01201923076923077
18 0.5877403846153846 0.7463942307692307 0.002403846153846154 0.01201923076923077
4 0.47475961538461536 0.7475961538461539 0.007211538461538462 0.004807692307692308
4 0.515625 0.75 0.007211538461538462 0.004807692307692308
4 0.5324519230769231 0.7487980769230769 0.007211538461538462 0.007211538461538462
4 0.4855769230769231 0.7512019230769231 0.004807692307692308 0.01201923076923077
4 0.6634615384615384 0.7572115384615384 0.014423076923076924 0.009615384615384616
4 0.5204326923076923 0.7512019230769231 0.002403846153846154 0.01201923076923077
18 0.5829326923076923 0.7560096153846154 0.002403846153846154 0.01201923076923077
4 0.5012019230769231 0.7512019230769231 0.002403846153846154 0.016826923076923076
18 0.5949519230769231 0.7560096153846154 0.002403846153846154 0.01201923076923077
4 0.5324519230769231 0.7560096153846154 0.007211538461538462 0.007211538461538462
4 0.47475961538461536 0.7524038461538461 0.007211538461538462 0.004807692307692308
4 0.49158653846153844 0.7548076923076923 0.007211538461538462 0.004807692307692308
4 0.4639423076923077 0.7560096153846154 0.004807692307692308 0.01201923076923077
4 0.5084134615384616 0.7572115384615384 0.002403846153846154 0.009615384615384616
4 0.5132211538461539 0.7584134615384616 0.002403846153846154 0.01201923076923077
4 0.5180288461538461 0.7584134615384616 0.002403846153846154 0.01201923076923077
4 0.4807692307692308 0.7572115384615384 0.004807692307692308 0.009615384615384616
4 0.5252403846153846 0.7584134615384616 0.002403846153846154 0.01201923076923077
4 0.5444711538461539 0.7584134615384616 0.002403846153846154 0.01201923076923077
4 0.6286057692307693 0.7644230769230769 0.007211538461538462 0.004807692307692308
18 0.5877403846153846 0.7632211538461539 0.002403846153846154 0.01201923076923077
4 0.41225961538461536 0.7584134615384616 0.01201923076923077 0.007211538461538462
4 0.4855769230769231 0.7644230769230769 0.004807692307692308 0.009615384615384616
4 0.4879807692307692 0.7632211538461539 0.004807692307692308 0.01201923076923077
4 0.5276442307692307 0.7668269230769231 0.007211538461538462 0.004807692307692308
4 0.5072115384615384 0.7680288461538461 0.004807692307692308 0.01201923076923077
4 0.49399038461538464 0.7680288461538461 0.002403846153846154 0.01201923076923077
4 0.5012019230769231 0.7704326923076923 0.002403846153846154 0.016826923076923076
4 0.5108173076923077 0.7704326923076923 0.002403846153846154 0.01201923076923077
18 0.5829326923076923 0.7752403846153846 0.002403846153846154 0.01201923076923077
4 0.48197115384615385 0.7716346153846154 0.007211538461538462 0.004807692307692308
4 0.5276442307692307 0.7740384615384616 0.007211538461538462 0.004807692307692308
4 0.5180288461538461 0.7740384615384616 0.007211538461538462 0.004807692307692308
4 0.41346153846153844 0.7704326923076923 0.014423076923076924 0.007211538461538462
4 0.6189903846153846 0.78125 0.007211538461538462 0.004807692307692308
4 0.5661057692307693 0.7788461538461539 0.007211538461538462 0.004807692307692308
18 0.5901442307692307 0.7824519230769231 0.002403846153846154 0.01201923076923077
4 0.6442307692307693 0.7836538461538461 0.014423076923076924 0.009615384615384616
4 0.4675480769230769 0.7800480769230769 0.01201923076923077 0.007211538461538462
4 0.4795673076923077 0.7800480769230769 0.01201923076923077 0.007211538461538462
4 0.49158653846153844 0.7800480769230769 0.01201923076923077 0.007211538461538462
4 0.5060096153846154 0.7824519230769231 0.01201923076923077 0.007211538461538462
4 0.5204326923076923 0.7824519230769231 0.01201923076923077 0.007211538461538462
4 0.5324519230769231 0.7824519230769231 0.01201923076923077 0.007211538461538462
18 0.5853365384615384 0.7896634615384616 0.002403846153846154 0.01201923076923077
4 0.41586538461538464 0.7860576923076923 0.014423076923076924 0.009615384615384616
4 0.4723557692307692 0.7884615384615384 0.007211538461538462 0.004807692307692308
4 0.48197115384615385 0.7908653846153846 0.007211538461538462 0.004807692307692308
4 0.5012019230769231 0.7920673076923077 0.002403846153846154 0.016826923076923076
4 0.49158653846153844 0.7944711538461539 0.002403846153846154 0.01201923076923077
4 0.5060096153846154 0.7944711538461539 0.002403846153846154 0.01201923076923077
4 0.5180288461538461 0.7956730769230769 0.002403846153846154 0.009615384615384616
4 0.6418269230769231 0.8004807692307693 0.014423076923076924 0.009615384615384616
4 0.5132211538461539 0.7980769230769231 0.007211538461538462 0.004807692307692308
18 0.5829326923076923 0.8016826923076923 0.002403846153846154 0.01201923076923077
4 0.41466346153846156 0.796875 0.01201923076923077 0.007211538461538462
4 0.4879807692307692 0.7992788461538461 0.004807692307692308 0.01201923076923077
4 0.4831730769230769 0.7992788461538461 0.004807692307692308 0.01201923076923077
4 0.38822115384615385 0.7956730769230769 0.007211538461538462 0.004807692307692308
4 0.4735576923076923 0.8040865384615384 0.004807692307692308 0.01201923076923077
4 0.49158653846153844 0.8064903846153846 0.002403846153846154 0.01201923076923077
4 0.5420673076923077 0.8064903846153846 0.002403846153846154 0.01201923076923077
4 0.5228365384615384 0.8064903846153846 0.002403846153846154 0.01201923076923077
4 0.5084134615384616 0.8076923076923077 0.007211538461538462 0.004807692307692308
4 0.5300480769230769 0.8100961538461539 0.007211538461538462 0.004807692307692308
4 0.5 0.8112980769230769 0.004807692307692308 0.016826923076923076
4 0.6622596153846154 0.8161057692307693 0.01201923076923077 0.007211538461538462
4 0.4795673076923077 0.8112980769230769 0.002403846153846154 0.01201923076923077
4 0.5180288461538461 0.8137019230769231 0.002403846153846154 0.01201923076923077
4 0.5132211538461539 0.8137019230769231 0.002403846153846154 0.01201923076923077
4 0.4879807692307692 0.8112980769230769 0.004807692307692308 0.01201923076923077
18 0.5829326923076923 0.8185096153846154 0.002403846153846154 0.01201923076923077
18 0.5901442307692307 0.8185096153846154 0.002403846153846154 0.01201923076923077
4 0.5060096153846154 0.8149038461538461 0.007211538461538462 0.004807692307692308
4 0.5300480769230769 0.8173076923076923 0.007211538461538462 0.004807692307692308
4 0.546875 0.8245192307692307 0.007211538461538462 0.004807692307692308
4 0.6286057692307693 0.8293269230769231 0.007211538461538462 0.004807692307692308
4 0.4170673076923077 0.8233173076923077 0.002403846153846154 0.01201923076923077
4 0.45913461538461536 0.828125 0.004807692307692308 0.01201923076923077
4 0.5360576923076923 0.8305288461538461 0.004807692307692308 0.01201923076923077
18 0.5817307692307693 0.8341346153846154 0.004807692307692308 0.014423076923076924
18 0.5973557692307693 0.8353365384615384 0.002403846153846154 0.01201923076923077
4 0.48677884615384615 0.8341346153846154 0.007211538461538462 0.004807692307692308
4 0.5252403846153846 0.8341346153846154 0.007211538461538462 0.004807692307692308
4 0.49399038461538464 0.8353365384615384 0.007211538461538462 0.01201923076923077
4 0.5540865384615384 0.8401442307692307 0.002403846153846154 0.01201923076923077
4 0.6262019230769231 0.8461538461538461 0.007211538461538462 0.004807692307692308
4 0.4723557692307692 0.8401442307692307 0.002403846153846154 0.01201923076923077
18 0.5901442307692307 0.8497596153846154 0.002403846153846154 0.01201923076923077
18 0.5805288461538461 0.8497596153846154 0.002403846153846154 0.01201923076923077
4 0.5228365384615384 0.8497596153846154 0.002403846153846154 0.01201923076923077
9 0.37259615384615385 0.8473557692307693 0.04807692307692308 0.040865384615384616
4 0.4723557692307692 0.8533653846153846 0.002403846153846154 0.009615384615384616
4 0.5901442307692307 0.859375 0.01201923076923077 0.007211538461538462
4 0.5060096153846154 0.8569711538461539 0.002403846153846154 0.01201923076923077
4 0.6165865384615384 0.8629807692307693 0.007211538461538462 0.004807692307692308
4 0.4098557692307692 0.859375 0.01201923076923077 0.007211538461538462
4 0.4879807692307692 0.8665865384615384 0.004807692307692308 0.016826923076923076
4 0.6165865384615384 0.8701923076923077 0.007211538461538462 0.004807692307692308
4 0.5889423076923077 0.8725961538461539 0.014423076923076924 0.009615384615384616
4 0.40865384615384615 0.8701923076923077 0.014423076923076924 0.009615384615384616
4 0.36899038461538464 0.8701923076923077 0.007211538461538462 0.004807692307692308
4 0.390625 0.8725961538461539 0.007211538461538462 0.004807692307692308
18 0.578125 0.8834134615384616 0.002403846153846154 0.01201923076923077
4 0.41225961538461536 0.8798076923076923 0.007211538461538462 0.004807692307692308
4 0.3858173076923077 0.8798076923076923 0.007211538461538462 0.004807692307692308
4 0.4795673076923077 0.8918269230769231 0.007211538461538462 0.004807692307692308
4 0.4074519230769231 0.8894230769230769 0.007211538461538462 0.004807692307692308
4 0.6286057692307693 0.8978365384615384 0.002403846153846154 0.01201923076923077
4 0.42908653846153844 0.8942307692307693 0.007211538461538462 0.004807692307692308
18 0.5733173076923077 0.9014423076923077 0.007211538461538462 0.004807692307692308
4 0.4987980769230769 0.9002403846153846 0.007211538461538462 0.021634615384615384
9 0.6021634615384616 0.9038461538461539 0.04567307692307692 0.04326923076923077
24 0.47716346153846156 0.9002403846153846 0.002403846153846154 0.01201923076923077
4 0.515625 0.9026442307692307 0.002403846153846154 0.016826923076923076
24 0.4807692307692308 0.9026442307692307 0.004807692307692308 0.01201923076923077
4 0.41346153846153844 0.9002403846153846 0.004807692307692308 0.01201923076923077
4 0.5324519230769231 0.9038461538461539 0.007211538461538462 0.019230769230769232
4 0.5588942307692307 0.9050480769230769 0.007211538461538462 0.021634615384615384
4 0.5516826923076923 0.9050480769230769 0.002403846153846154 0.016826923076923076
4 0.39663461538461536 0.9026442307692307 0.014423076923076924 0.007211538461538462
4 0.46033653846153844 0.9110576923076923 0.007211538461538462 0.004807692307692308
4 0.45072115384615385 0.9110576923076923 0.007211538461538462 0.004807692307692308
4 0.4723557692307692 0.9134615384615384 0.007211538461538462 0.004807692307692308
4 0.3858173076923077 0.9182692307692307 0.007211538461538462 0.004807692307692308
24 0.4483173076923077 0.921875 0.002403846153846154 0.01201923076923077
24 0.453125 0.9206730769230769 0.002403846153846154 0.009615384615384616
24 0.45552884615384615 0.921875 0.002403846153846154 0.01201923076923077
24 0.46033653846153844 0.9206730769230769 0.002403846153846154 0.009615384615384616
24 0.4735576923076923 0.9206730769230769 0.004807692307692308 0.009615384615384616
4 0.42788461538461536 0.9230769230769231 0.004807692307692308 0.009615384615384616
24 0.4963942307692308 0.9254807692307693 0.002403846153846154 0.009615384615384616
24 0.4891826923076923 0.9242788461538461 0.002403846153846154 0.01201923076923077
24 0.5060096153846154 0.9278846153846154 0.002403846153846154 0.009615384615384616
24 0.45072115384615385 0.9302884615384616 0.007211538461538462 0.004807692307692308
24 0.4519230769230769 0.9399038461538461 0.004807692307692308 0.009615384615384616
24 0.4483173076923077 0.9411057692307693 0.002403846153846154 0.01201923076923077
19 0.2932692307692308 0.9350961538461539 0.014423076923076924 0.04807692307692308
19 0.4170673076923077 0.9411057692307693 0.01201923076923077 0.03125
19 0.4375 0.9411057692307693 0.009615384615384616 0.03125
4 0.4483173076923077 0.9495192307692307 0.007211538461538462 0.004807692307692308
9 0.375 0.9567307692307693 0.04807692307692308 0.04326923076923077
19 0.7151442307692307 0.9819711538461539 0.01201923076923077 0.016826923076923076
9 0.6514423076923077 0.9783653846153846 0.04807692307692308 0.038461538461538464
4 0.5709134615384616 0.1502403846153846 0.002403846153846154 0.01201923076923077
4 0.578125 0.15264423076923078 0.002403846153846154 0.016826923076923076
4 0.24519230769230768 0.14302884615384615 0.004807692307692308 0.016826923076923076
4 0.25240384615384615 0.14302884615384615 0.004807692307692308 0.01201923076923077
4 0.5877403846153846 0.15384615384615385 0.007211538461538462 0.019230769230769232
4 0.234375 0.14423076923076922 0.007211538461538462 0.019230769230769232
19 0.2692307692307692 0.22235576923076922 0.014423076923076924 0.04567307692307692
19 0.11899038461538461 0.30528846153846156 0.0889423076923077 0.03365384615384615
19 0.23317307692307693 0.32211538461538464 0.014423076923076924 0.03365384615384615