19 0.5252403846153846 0.8088942307692307 0.06971153846153846 0.03125
19 0.5673076923076923 0.8978365384615384 0.02403846153846154 0.016826923076923076
19 0.5853365384615384 0.8389423076923077 0.026442307692307692 0.019230769230769232
19 0.5492788461538461 0.5240384615384616 0.17067307692307693 0.09615384615384616
19 0.5769230769230769 0.6358173076923077 0.17307692307692307 0.0985576923076923
19 0.5264423076923077 0.421875 0.17307692307692307 0.0985576923076923
19 0.5 0.30649038461538464 0.17307692307692307 0.0985576923076923
26 0.4675480769230769 0.17307692307692307 0.03125 0.02403846153846154
19 0.44711538461538464 0.0889423076923077 0.17307692307692307 0.10096153846153846
26 0.47716346153846156 0.20673076923076922 0.03125 0.02403846153846154
19 0.6911057692307693 0.8798076923076923 0.0889423076923077 0.052884615384615384
9 0.0889423076923077 0.6634615384615384 0.08653846153846154 0.04807692307692308
19 0.6766826923076923 0.6838942307692307 0.03125 0.021634615384615384
19 0.7319711538461539 0.8076923076923077 0.04567307692307692 0.02403846153846154
19 0.6670673076923077 0.5300480769230769 0.05048076923076923 0.026442307692307692
19 0.6959134615384616 0.6394230769230769 0.05048076923076923 0.028846153846153848
19 0.6454326923076923 0.42427884615384615 0.05048076923076923 0.026442307692307692
19 0.5649038461538461 0.09014423076923077 0.052884615384615384 0.026442307692307692
19 0.6201923076923077 0.30408653846153844 0.052884615384615384 0.026442307692307692
19 0.5805288461538461 0.13341346153846154 0.05048076923076923 0.026442307692307692
19 0.6586538461538461 0.33533653846153844 0.03365384615384615 0.021634615384615384
4 0.06971153846153846 0.5456730769230769 0.014423076923076924 0.004807692307692308
19 0.8173076923076923 0.859375 0.02403846153846154 0.016826923076923076
19 0.6478365384615384 0.038461538461538464 0.03125 0.02403846153846154
24 0.8509615384615384 0.8509615384615384 0.014423076923076924 0.004807692307692308
19 0.03485576923076923 0.6646634615384616 0.021634615384615384 0.036057692307692304
19 0.8858173076923077 0.7848557692307693 0.05048076923076923 0.08413461538461539
19 0.875 0.6370192307692307 0.1875 0.10576923076923077
9 0.09134615384615384 0.5817307692307693 0.08653846153846154 0.04807692307692308
19 0.9086538461538461 0.7043269230769231 0.08653846153846154 0.0625
4 0.08173076923076923 0.5288461538461539 0.02403846153846154 0.009615384615384616
4 0.10336538461538461 0.6129807692307693 0.02403846153846154 0.009615384615384616
24 0.8209134615384616 0.14182692307692307 0.016826923076923076 0.009615384615384616
4 0.8197115384615384 0.13701923076923078 0.014423076923076924 0.004807692307692308
4 0.8076923076923077 0.08533653846153846 0.014423076923076924 0.007211538461538462
4 0.8137019230769231 0.11057692307692307 0.01201923076923077 0.004807692307692308
4 0.8004807692307693 0.05889423076923077 0.014423076923076924 0.007211538461538462
24 0.8016826923076923 0.0625 0.016826923076923076 0.009615384615384616
24 0.8161057692307693 0.1141826923076923 0.016826923076923076 0.007211538461538462
24 0.8088942307692307 0.09014423076923077 0.016826923076923076 0.007211538461538462
19 0.9783653846153846 0.7475961538461539 0.03365384615384615 0.04326923076923077
4 0.08413461538461539 0.5168269230769231 0.014423076923076924 0.004807692307692308
4 0.09375 0.5576923076923077 0.02403846153846154 0.009615384615384616
4 0.078125 0.49399038461538464 0.021634615384615384 0.01201923076923077
4 0.09134615384615384 0.5408653846153846 0.014423076923076924 0.004807692307692308
4 0.1141826923076923 0.625 0.026442307692307692 0.014423076923076924
4 0.0889423076923077 0.5096153846153846 0.009615384615384616 0.009615384615384616
9 0.08052884615384616 0.40625 0.06490384615384616 0.057692307692307696
24 0.10336538461538461 0.5048076923076923 0.014423076923076924 0.004807692307692308
4 0.10336538461538461 0.4951923076923077 0.014423076923076924 0.004807692307692308
24 0.11057692307692307 0.5216346153846154 0.014423076923076924 0.004807692307692308
24 0.10817307692307693 0.5168269230769231 0.014423076923076924 0.004807692307692308
24 0.10576923076923077 0.5096153846153846 0.014423076923076924 0.004807692307692308
24 0.10817307692307693 0.5120192307692307 0.014423076923076924 0.004807692307692308
24 0.10336538461538461 0.5024038461538461 0.014423076923076924 0.004807692307692308
24 0.1201923076923077 0.5408653846153846 0.014423076923076924 0.004807692307692308
24 0.1201923076923077 0.5456730769230769 0.014423076923076924 0.004807692307692308
24 0.11778846153846154 0.5336538461538461 0.014423076923076924 0.004807692307692308
24 0.11538461538461539 0.5240384615384616 0.014423076923076924 0.004807692307692308
24 0.11658653846153846 0.5288461538461539 0.01201923076923077 0.004807692307692308
24 0.11778846153846154 0.5360576923076923 0.014423076923076924 0.004807692307692308
24 0.12139423076923077 0.484375 0.007211538461538462 0.007211538461538462
24 0.12860576923076922 0.48197115384615385 0.007211538461538462 0.007211538461538462
4 0.13701923076923078 0.5120192307692307 0.014423076923076924 0.004807692307692308
4 0.13701923076923078 0.4807692307692308 0.009615384615384616 0.009615384615384616
24 0.1502403846153846 0.5204326923076923 0.007211538461538462 0.007211538461538462
24 0.15625 0.5024038461538461 0.014423076923076924 0.004807692307692308
24 0.16105769230769232 0.5288461538461539 0.014423076923076924 0.004807692307692308
24 0.15384615384615385 0.49759615384615385 0.014423076923076924 0.004807692307692308
24 0.16105769230769232 0.5240384615384616 0.014423076923076924 0.004807692307692308
24 0.15985576923076922 0.5192307692307693 0.01201923076923077 0.004807692307692308
24 0.15384615384615385 0.4879807692307692 0.014423076923076924 0.004807692307692308
23 0.06129807692307692 0.12379807692307693 0.03125 0.021634615384615384
24 0.14182692307692307 0.4375 0.009615384615384616 0.009615384615384616
24 0.14302884615384615 0.44591346153846156 0.007211538461538462 0.007211538461538462
24 0.15144230769230768 0.44471153846153844 0.009615384615384616 0.009615384615384616
24 0.1502403846153846 0.4362980769230769 0.007211538461538462 0.007211538461538462
4 0.16466346153846154 0.4735576923076923 0.021634615384615384 0.009615384615384616
19 0.1971153846153846 0.5733173076923077 0.028846153846153848 0.03125
24 0.1875 0.5240384615384616 0.014423076923076924 0.004807692307692308
24 0.18509615384615385 0.5192307692307693 0.014423076923076924 0.004807692307692308
24 0.18509615384615385 0.5144230769230769 0.014423076923076924 0.004807692307692308
24 0.18269230769230768 0.49038461538461536 0.014423076923076924 0.004807692307692308
24 0.18269230769230768 0.4951923076923077 0.014423076923076924 0.004807692307692308
24 0.18028846153846154 0.4831730769230769 0.014423076923076924 0.004807692307692308
23 0.10216346153846154 0.1141826923076923 0.03125 0.021634615384615384
4 0.21153846153846154 0.5360576923076923 0.028846153846153848 0.014423076923076924
4 0.20072115384615385 0.48197115384615385 0.016826923076923076 0.007211538461538462
4 0.20432692307692307 0.49759615384615385 0.014423076923076924 0.004807692307692308
4 0.20432692307692307 0.49399038461538464 0.014423076923076924 0.007211538461538462
4 0.20793269230769232 0.5024038461538461 0.021634615384615384 0.009615384615384616
9 0.0625 0.7127403846153846 0.052884615384615384 0.055288461538461536
19 0.2548076923076923 0.6225961538461539 0.0673076923076923 0.038461538461538464
4 0.23798076923076922 0.5096153846153846 0.014423076923076924 0.004807692307692308
4 0.23557692307692307 0.49278846153846156 0.014423076923076924 0.004807692307692308
4 0.234375 0.45913461538461536 0.026442307692307692 0.014423076923076924
4 0.2439903846153846 0.4831730769230769 0.021634615384615384 0.009615384615384616
9 0.23076923076923078 0.43509615384615385 0.08653846153846154 0.04807692307692308
4 0.2403846153846154 0.46875 0.02403846153846154 0.009615384615384616
23 0.16105769230769232 0.0985576923076923 0.028846153846153848 0.019230769230769232
19 0.2980769230769231 0.46033653846153844 0.02403846153846154 0.016826923076923076
19 0.2548076923076923 0.1141826923076923 0.04807692307692308 0.026442307692307692
9 0.020432692307692308 0.4362980769230769 0.040865384615384616 0.06009615384615385
4 0.4266826923076923 0.7139423076923077 0.016826923076923076 0.009615384615384616
19 0.45552884615384615 0.7824519230769231 0.18990384615384615 0.06009615384615385
24 0.4879807692307692 0.8990384615384616 0.014423076923076924 0.004807692307692308
19 0.3329326923076923 0.25240384615384615 0.036057692307692304 0.03365384615384615
19 0.36778846153846156 0.28966346153846156 0.052884615384615384 0.026442307692307692
19 0.4254807692307692 0.5096153846153846 0.052884615384615384 0.02403846153846154
19 0.45552884615384615 0.6201923076923077 0.05048076923076923 0.02403846153846154
19 0.4014423076923077 0.4050480769230769 0.04807692307692308 0.021634615384615384