19 0.10697115384615384 0.3293269230769231 0.026442307692307692 0.08653846153846154
6 0.052884615384615384 0.3329326923076923 0.028846153846153848 0.10817307692307693
19 0.4362980769230769 0.34375 0.01201923076923077 0.019230769230769232
6 0.578125 0.37259615384615385 0.23317307692307693 0.2932692307692308
19 0.9014423076923077 0.41466346153846156 0.03365384615384615 0.06009615384615385
19 0.42427884615384615 0.4074519230769231 0.01201923076923077 0.05048076923076923
19 0.7920673076923077 0.4170673076923077 0.01201923076923077 0.016826923076923076
19 0.22596153846153846 0.4519230769230769 0.10096153846153846 0.03365384615384615
19 0.5132211538461539 0.5372596153846154 0.01201923076923077 0.016826923076923076
19 0.5372596153846154 0.5516826923076923 0.01201923076923077 0.016826923076923076
4 0.7692307692307693 0.06129807692307692 0.004807692307692308 0.016826923076923076
19 0.6081730769230769 0.5709134615384616 0.10096153846153846 0.021634615384615384
4 0.7776442307692307 0.0625 0.007211538461538462 0.019230769230769232
23 0.04927884615384615 0.5685096153846154 0.01201923076923077 0.021634615384615384
4 0.7608173076923077 0.06490384615384616 0.002403846153846154 0.009615384615384616
9 0.5396634615384616 0.5985576923076923 0.03125 0.0625
9 0.5024038461538461 0.5973557692307693 0.028846153846153848 0.06009615384615385
23 0.04807692307692308 0.5997596153846154 0.014423076923076924 0.021634615384615384
9 0.5925480769230769 0.6286057692307693 0.04567307692307692 0.040865384615384616
9 0.3786057692307692 0.6358173076923077 0.04567307692307692 0.040865384615384616
4 0.41225961538461536 0.6430288461538461 0.002403846153846154 0.01201923076923077
24 0.5661057692307693 0.6442307692307693 0.007211538461538462 0.004807692307692308
19 0.25841346153846156 0.6454326923076923 0.01201923076923077 0.016826923076923076
9 0.29927884615384615 0.6454326923076923 0.04567307692307692 0.040865384615384616
24 0.5300480769230769 0.6538461538461539 0.007211538461538462 0.004807692307692308
23 0.04927884615384615 0.6454326923076923 0.01201923076923077 0.021634615384615384
4 0.5853365384615384 0.6586538461538461 0.007211538461538462 0.004807692307692308
24 0.5132211538461539 0.6586538461538461 0.007211538461538462 0.004807692307692308
4 0.4723557692307692 0.6610576923076923 0.002403846153846154 0.009615384615384616
24 0.46033653846153844 0.6598557692307693 0.002403846153846154 0.01201923076923077
24 0.4651442307692308 0.6622596153846154 0.002403846153846154 0.01201923076923077
24 0.4795673076923077 0.6634615384615384 0.007211538461538462 0.004807692307692308
4 0.5012019230769231 0.6634615384615384 0.007211538461538462 0.019230769230769232
4 0.4891826923076923 0.6634615384615384 0.007211538461538462 0.019230769230769232
4 0.4338942307692308 0.6634615384615384 0.007211538461538462 0.019230769230769232
4 0.4423076923076923 0.6622596153846154 0.004807692307692308 0.016826923076923076
24 0.5444711538461539 0.6682692307692307 0.007211538461538462 0.004807692307692308
24 0.5360576923076923 0.6682692307692307 0.009615384615384616 0.004807692307692308
24 0.5552884615384616 0.6682692307692307 0.009615384615384616 0.004807692307692308
24 0.5204326923076923 0.6658653846153846 0.007211538461538462 0.004807692307692308
4 0.5853365384615384 0.6706730769230769 0.007211538461538462 0.004807692307692308
4 0.5745192307692307 0.671875 0.004807692307692308 0.016826923076923076
4 0.38100961538461536 0.671875 0.01201923076923077 0.007211538461538462
18 0.4026442307692308 0.6862980769230769 0.002403846153846154 0.01201923076923077
4 0.38341346153846156 0.6850961538461539 0.007211538461538462 0.004807692307692308
24 0.5721153846153846 0.6971153846153846 0.009615384615384616 0.004807692307692308
4 0.5456730769230769 0.6995192307692307 0.004807692307692308 0.009615384615384616
4 0.5276442307692307 0.6983173076923077 0.002403846153846154 0.01201923076923077
4 0.515625 0.7007211538461539 0.002403846153846154 0.01201923076923077
9 0.34134615384615385 0.6983173076923077 0.04326923076923077 0.040865384615384616
18 0.3954326923076923 0.703125 0.002403846153846154 0.01201923076923077
4 0.3076923076923077 0.7019230769230769 0.014423076923076924 0.009615384615384616
4 0.5853365384615384 0.7091346153846154 0.007211538461538462 0.004807692307692308
18 0.40024038461538464 0.7103365384615384 0.002403846153846154 0.01201923076923077
4 0.44350961538461536 0.7115384615384616 0.007211538461538462 0.004807692307692308
4 0.48677884615384615 0.7127403846153846 0.002403846153846154 0.016826923076923076
4 0.46274038461538464 0.7127403846153846 0.002403846153846154 0.01201923076923077
4 0.3088942307692308 0.7151442307692307 0.01201923076923077 0.007211538461538462
18 0.40024038461538464 0.7223557692307693 0.002403846153846154 0.01201923076923077
4 0.5108173076923077 0.7235576923076923 0.007211538461538462 0.004807692307692308
4 0.6442307692307693 0.7283653846153846 0.009615384615384616 0.004807692307692308
4 0.46274038461538464 0.7247596153846154 0.002403846153846154 0.01201923076923077
4 0.47716346153846156 0.7271634615384616 0.002403846153846154 0.01201923076923077
4 0.6237980769230769 0.7295673076923077 0.01201923076923077 0.007211538461538462
4 0.6033653846153846 0.7283653846153846 0.009615384615384616 0.004807692307692308
4 0.5012019230769231 0.7283653846153846 0.007211538461538462 0.004807692307692308
18 0.3954326923076923 0.7319711538461539 0.002403846153846154 0.01201923076923077
4 0.4495192307692308 0.7319711538461539 0.004807692307692308 0.01201923076923077
19 0.7319711538461539 0.7379807692307693 0.01201923076923077 0.019230769230769232
4 0.48677884615384615 0.734375 0.002403846153846154 0.016826923076923076
18 0.3858173076923077 0.7319711538461539 0.002403846153846154 0.01201923076923077
4 0.5228365384615384 0.7355769230769231 0.007211538461538462 0.004807692307692308
4 0.4387019230769231 0.7355769230769231 0.007211538461538462 0.004807692307692308
4 0.5 0.7391826923076923 0.004807692307692308 0.01201923076923077
18 0.4026442307692308 0.7415865384615384 0.002403846153846154 0.01201923076923077
4 0.5132211538461539 0.7475961538461539 0.007211538461538462 0.004807692307692308
4 0.4723557692307692 0.7475961538461539 0.007211538461538462 0.004807692307692308
4 0.45552884615384615 0.7463942307692307 0.007211538461538462 0.007211538461538462
4 0.5024038461538461 0.7512019230769231 0.004807692307692308 0.01201923076923077
4 0.3245192307692308 0.7475961538461539 0.014423076923076924 0.009615384615384616
4 0.4675480769230769 0.7512019230769231 0.002403846153846154 0.01201923076923077
18 0.4050480769230769 0.7512019230769231 0.002403846153846154 0.01201923076923077
4 0.48677884615384615 0.7512019230769231 0.002403846153846154 0.016826923076923076
18 0.39302884615384615 0.7512019230769231 0.002403846153846154 0.01201923076923077
4 0.45552884615384615 0.7536057692307693 0.007211538461538462 0.007211538461538462
4 0.5132211538461539 0.7548076923076923 0.007211538461538462 0.004807692307692308
4 0.4963942307692308 0.7548076923076923 0.007211538461538462 0.004807692307692308
4 0.5240384615384616 0.7560096153846154 0.004807692307692308 0.01201923076923077
4 0.4795673076923077 0.7572115384615384 0.002403846153846154 0.009615384615384616
4 0.47475961538461536 0.7584134615384616 0.002403846153846154 0.01201923076923077
4 0.4699519230769231 0.7584134615384616 0.002403846153846154 0.01201923076923077
4 0.5072115384615384 0.7572115384615384 0.004807692307692308 0.009615384615384616
4 0.46274038461538464 0.7560096153846154 0.002403846153846154 0.01201923076923077
4 0.44350961538461536 0.7560096153846154 0.002403846153846154 0.01201923076923077
4 0.35697115384615385 0.7572115384615384 0.007211538461538462 0.004807692307692308
18 0.39783653846153844 0.7584134615384616 0.002403846153846154 0.01201923076923077
4 0.5733173076923077 0.7632211538461539 0.01201923076923077 0.007211538461538462
4 0.5024038461538461 0.7644230769230769 0.004807692307692308 0.009615384615384616
4 0.49759615384615385 0.7632211538461539 0.004807692307692308 0.01201923076923077
4 0.46033653846153844 0.7644230769230769 0.007211538461538462 0.004807692307692308
4 0.4807692307692308 0.7680288461538461 0.004807692307692308 0.01201923076923077
4 0.49399038461538464 0.7680288461538461 0.002403846153846154 0.01201923076923077
4 0.48677884615384615 0.7704326923076923 0.002403846153846154 0.016826923076923076
4 0.47475961538461536 0.7704326923076923 0.002403846153846154 0.01201923076923077
18 0.4026442307692308 0.7704326923076923 0.002403846153846154 0.01201923076923077
4 0.5036057692307693 0.7716346153846154 0.007211538461538462 0.004807692307692308
4 0.46033653846153844 0.7716346153846154 0.007211538461538462 0.004807692307692308
4 0.4699519230769231 0.7716346153846154 0.007211538461538462 0.004807692307692308
4 0.5721153846153846 0.7728365384615384 0.014423076923076924 0.007211538461538462
4 0.36899038461538464 0.7740384615384616 0.007211538461538462 0.004807692307692308
4 0.41947115384615385 0.7764423076923077 0.007211538461538462 0.004807692307692308
18 0.3954326923076923 0.7776442307692307 0.002403846153846154 0.01201923076923077
4 0.34375 0.7764423076923077 0.014423076923076924 0.009615384615384616
4 0.5204326923076923 0.7800480769230769 0.01201923076923077 0.007211538461538462
4 0.5060096153846154 0.7800480769230769 0.01201923076923077 0.007211538461538462
4 0.49399038461538464 0.7800480769230769 0.01201923076923077 0.007211538461538462
4 0.4795673076923077 0.7824519230769231 0.01201923076923077 0.007211538461538462
4 0.4675480769230769 0.7824519230769231 0.01201923076923077 0.007211538461538462
4 0.453125 0.7800480769230769 0.01201923076923077 0.007211538461538462
18 0.40024038461538464 0.7848557692307693 0.002403846153846154 0.01201923076923077
4 0.5721153846153846 0.7884615384615384 0.014423076923076924 0.009615384615384616
4 0.5132211538461539 0.7908653846153846 0.007211538461538462 0.004807692307692308
4 0.5036057692307693 0.7908653846153846 0.007211538461538462 0.004807692307692308
4 0.48677884615384615 0.7920673076923077 0.002403846153846154 0.016826923076923076
4 0.49399038461538464 0.7944711538461539 0.002403846153846154 0.01201923076923077
4 0.4795673076923077 0.7944711538461539 0.002403846153846154 0.01201923076923077
4 0.4675480769230769 0.7932692307692307 0.002403846153846154 0.009615384615384616
4 0.34375 0.7932692307692307 0.014423076923076924 0.009615384615384616
4 0.4723557692307692 0.7956730769230769 0.007211538461538462 0.004807692307692308
18 0.4026442307692308 0.796875 0.002403846153846154 0.01201923076923077
4 0.5709134615384616 0.7992788461538461 0.01201923076923077 0.007211538461538462
4 0.49759615384615385 0.7992788461538461 0.004807692307692308 0.01201923076923077
4 0.5024038461538461 0.7992788461538461 0.004807692307692308 0.01201923076923077
4 0.5973557692307693 0.8004807692307693 0.007211538461538462 0.004807692307692308
4 0.5120192307692307 0.8064903846153846 0.004807692307692308 0.01201923076923077
4 0.49399038461538464 0.8064903846153846 0.002403846153846154 0.01201923076923077
4 0.44350961538461536 0.8040865384615384 0.002403846153846154 0.01201923076923077
4 0.46274038461538464 0.8040865384615384 0.002403846153846154 0.01201923076923077
4 0.47716346153846156 0.8076923076923077 0.007211538461538462 0.004807692307692308
4 0.45552884615384615 0.8076923076923077 0.007211538461538462 0.004807692307692308
4 0.4855769230769231 0.8112980769230769 0.004807692307692308 0.016826923076923076
4 0.3233173076923077 0.8064903846153846 0.01201923076923077 0.007211538461538462
4 0.5060096153846154 0.8112980769230769 0.002403846153846154 0.01201923076923077
4 0.4651442307692308 0.8112980769230769 0.002403846153846154 0.01201923076923077
4 0.4699519230769231 0.8112980769230769 0.002403846153846154 0.01201923076923077
4 0.49759615384615385 0.8112980769230769 0.004807692307692308 0.01201923076923077
18 0.4026442307692308 0.8137019230769231 0.002403846153846154 0.01201923076923077
18 0.39302884615384615 0.8112980769230769 0.002403846153846154 0.01201923076923077
4 0.47716346153846156 0.8149038461538461 0.007211538461538462 0.004807692307692308
4 0.45552884615384615 0.8149038461538461 0.007211538461538462 0.004807692307692308
4 0.4362980769230769 0.8197115384615384 0.007211538461538462 0.004807692307692308
4 0.35697115384615385 0.8221153846153846 0.007211538461538462 0.004807692307692308
4 0.5685096153846154 0.828125 0.002403846153846154 0.01201923076923077
4 0.5240384615384616 0.8305288461538461 0.004807692307692308 0.01201923076923077
4 0.44711538461538464 0.828125 0.004807692307692308 0.01201923076923077
18 0.4014423076923077 0.8293269230769231 0.004807692307692308 0.014423076923076924
18 0.3858173076923077 0.8305288461538461 0.002403846153846154 0.01201923076923077
4 0.4963942307692308 0.8341346153846154 0.007211538461538462 0.004807692307692308
4 0.4579326923076923 0.8317307692307693 0.007211538461538462 0.004807692307692308
4 0.4891826923076923 0.8353365384615384 0.007211538461538462 0.01201923076923077
4 0.42908653846153844 0.8353365384615384 0.002403846153846154 0.01201923076923077
4 0.35697115384615385 0.8389423076923077 0.007211538461538462 0.004807692307692308
4 0.5108173076923077 0.8425480769230769 0.002403846153846154 0.01201923076923077
18 0.39302884615384615 0.8425480769230769 0.002403846153846154 0.01201923076923077
18 0.4026442307692308 0.8449519230769231 0.002403846153846154 0.01201923076923077
4 0.46033653846153844 0.8473557692307693 0.002403846153846154 0.01201923076923077
9 0.6117788461538461 0.8533653846153846 0.04567307692307692 0.038461538461538464
4 0.5108173076923077 0.8557692307692307 0.002403846153846154 0.009615384615384616
4 0.39302884615384615 0.8521634615384616 0.01201923076923077 0.007211538461538462
4 0.47716346153846156 0.8569711538461539 0.002403846153846154 0.01201923076923077
4 0.36658653846153844 0.8557692307692307 0.007211538461538462 0.004807692307692308
4 0.5733173076923077 0.8641826923076923 0.01201923076923077 0.007211538461538462
4 0.4951923076923077 0.8665865384615384 0.004807692307692308 0.016826923076923076
4 0.36658653846153844 0.8629807692307693 0.007211538461538462 0.004807692307692308
4 0.3942307692307692 0.8653846153846154 0.014423076923076924 0.009615384615384616
4 0.5721153846153846 0.875 0.014423076923076924 0.009615384615384616
4 0.6117788461538461 0.8774038461538461 0.007211538461538462 0.004807692307692308
4 0.5925480769230769 0.8774038461538461 0.007211538461538462 0.004807692307692308
18 0.4026442307692308 0.8786057692307693 0.002403846153846154 0.01201923076923077
4 0.5685096153846154 0.8822115384615384 0.007211538461538462 0.004807692307692308
4 0.5949519230769231 0.8846153846153846 0.007211538461538462 0.004807692307692308
4 0.5012019230769231 0.8918269230769231 0.007211538461538462 0.004807692307692308
4 0.5733173076923077 0.8942307692307693 0.007211538461538462 0.004807692307692308
4 0.35216346153846156 0.890625 0.002403846153846154 0.01201923076923077
4 0.5516826923076923 0.8966346153846154 0.007211538461538462 0.004807692307692308
18 0.4074519230769231 0.8966346153846154 0.007211538461538462 0.004807692307692308
4 0.48197115384615385 0.9002403846153846 0.007211538461538462 0.021634615384615384
9 0.37740384615384615 0.8978365384615384 0.04326923076923077 0.040865384615384616
24 0.5036057692307693 0.9002403846153846 0.002403846153846154 0.01201923076923077
4 0.46274038461538464 0.9002403846153846 0.002403846153846154 0.016826923076923076
24 0.5 0.9026442307692307 0.004807692307692308 0.01201923076923077
4 0.5649038461538461 0.9026442307692307 0.004807692307692308 0.01201923076923077
4 0.44591346153846156 0.9014423076923077 0.007211538461538462 0.019230769230769232
4 0.41947115384615385 0.9026442307692307 0.007211538461538462 0.021634615384615384
4 0.4266826923076923 0.9026442307692307 0.002403846153846154 0.016826923076923076
4 0.5817307692307693 0.9074519230769231 0.014423076923076924 0.007211538461538462
4 0.5204326923076923 0.9134615384615384 0.007211538461538462 0.004807692307692308
4 0.5276442307692307 0.9134615384615384 0.007211538461538462 0.004807692307692308
4 0.5060096153846154 0.9134615384615384 0.007211538461538462 0.004807692307692308
4 0.5925480769230769 0.9230769230769231 0.007211538461538462 0.004807692307692308
24 0.5300480769230769 0.921875 0.002403846153846154 0.01201923076923077
24 0.5276442307692307 0.9230769230769231 0.002403846153846154 0.009615384615384616
24 0.5228365384615384 0.921875 0.002403846153846154 0.01201923076923077
24 0.5180288461538461 0.9230769230769231 0.002403846153846154 0.009615384615384616
24 0.5072115384615384 0.9230769230769231 0.004807692307692308 0.009615384615384616
4 0.5504807692307693 0.9254807692307693 0.004807692307692308 0.009615384615384616
24 0.484375 0.9254807692307693 0.002403846153846154 0.009615384615384616
24 0.4891826923076923 0.9242788461538461 0.002403846153846154 0.01201923076923077
24 0.47475961538461536 0.9278846153846154 0.002403846153846154 0.009615384615384616
24 0.5276442307692307 0.9326923076923077 0.007211538461538462 0.004807692307692308
24 0.5264423076923077 0.9423076923076923 0.004807692307692308 0.009615384615384616
24 0.5300480769230769 0.9411057692307693 0.002403846153846154 0.01201923076923077
19 0.6862980769230769 0.9471153846153846 0.01201923076923077 0.04807692307692308
19 0.5612980769230769 0.9459134615384616 0.01201923076923077 0.03125
19 0.5408653846153846 0.9459134615384616 0.009615384615384616 0.03125
4 0.5276442307692307 0.9519230769230769 0.007211538461538462 0.004807692307692308
9 0.6021634615384616 0.9627403846153846 0.04567307692307692 0.040865384615384616
19 0.2608173076923077 0.9723557692307693 0.01201923076923077 0.016826923076923076
9 0.3245192307692308 0.9735576923076923 0.04326923076923077 0.04326923076923077
4 0.4483173076923077 0.14783653846153846 0.002403846153846154 0.01201923076923077
4 0.4411057692307692 0.1502403846153846 0.002403846153846154 0.016826923076923076
4 0.7740384615384616 0.15745192307692307 0.004807692307692308 0.016826923076923076
4 0.7668269230769231 0.15745192307692307 0.004807692307692308 0.01201923076923077
4 0.43149038461538464 0.15144230769230768 0.007211538461538462 0.019230769230769232
4 0.7848557692307693 0.15865384615384615 0.007211538461538462 0.019230769230769232
19 0.7463942307692307 0.23677884615384615 0.01201923076923077 0.04567307692307692
19 0.8930288461538461 0.3245192307692308 0.0889423076923077 0.03365384615384615
19 0.7764423076923077 0.33653846153846156 0.014423076923076924 0.03365384615384615