19 0.5264423076923077 0.8100961538461539 0.0673076923076923 0.019230769230769232
19 0.4963942307692308 0.9038461538461539 0.021634615384615384 0.014423076923076924
19 0.47115384615384615 0.8473557692307693 0.02403846153846154 0.016826923076923076
19 0.4579326923076923 0.5324519230769231 0.1658653846153846 0.07451923076923077
19 0.44471153846153844 0.6454326923076923 0.16826923076923078 0.07451923076923077
19 0.46153846153846156 0.4266826923076923 0.16826923076923078 0.07451923076923077
19 0.47115384615384615 0.3088942307692308 0.16826923076923078 0.07451923076923077
26 0.48197115384615385 0.17067307692307693 0.03125 0.019230769230769232
19 0.49038461538461536 0.08413461538461539 0.16826923076923078 0.07692307692307693
26 0.47716346153846156 0.20432692307692307 0.03125 0.019230769230769232
19 0.37259615384615385 0.9050480769230769 0.08653846153846154 0.040865384615384616
9 0.9314903846153846 0.5973557692307693 0.08413461538461539 0.036057692307692304
19 0.3557692307692308 0.7103365384615384 0.028846153846153848 0.016826923076923076
19 0.32211538461538464 0.8413461538461539 0.04326923076923077 0.019230769230769232
19 0.3389423076923077 0.5576923076923077 0.04807692307692308 0.019230769230769232
19 0.328125 0.6670673076923077 0.05048076923076923 0.021634615384615384
19 0.34375 0.44711538461538464 0.04807692307692308 0.019230769230769232
19 0.3737980769230769 0.10576923076923077 0.05048076923076923 0.019230769230769232
19 0.35216346153846156 0.3269230769230769 0.05048076923076923 0.019230769230769232
19 0.36538461538461536 0.14903846153846154 0.04807692307692308 0.019230769230769232
19 0.31850961538461536 0.36177884615384615 0.03125 0.016826923076923076
4 0.9326923076923077 0.47596153846153844 0.014423076923076924 0.004807692307692308
19 0.2439903846153846 0.90625 0.021634615384615384 0.014423076923076924
19 0.2848557692307692 0.0673076923076923 0.03125 0.019230769230769232
24 0.2091346153846154 0.9014423076923077 0.014423076923076924 0.004807692307692308
19 0.9867788461538461 0.5889423076923077 0.016826923076923076 0.03365384615384615
19 0.16346153846153846 0.8413461538461539 0.038461538461538464 0.08173076923076923
19 0.15144230769230768 0.6935096153846154 0.18269230769230768 0.07932692307692307
9 0.9170673076923077 0.5180288461538461 0.08413461538461539 0.036057692307692304
19 0.12980769230769232 0.7644230769230769 0.08173076923076923 0.052884615384615384
4 0.9182692307692307 0.46274038461538464 0.02403846153846154 0.007211538461538462
4 0.9110576923076923 0.5492788461538461 0.02403846153846154 0.007211538461538462
24 0.12860576923076922 0.19591346153846154 0.016826923076923076 0.007211538461538462
4 0.12740384615384615 0.18990384615384615 0.014423076923076924 0.004807692307692308
4 0.13221153846153846 0.13822115384615385 0.014423076923076924 0.007211538461538462
4 0.1310096153846154 0.16466346153846154 0.01201923076923077 0.002403846153846154
4 0.1346153846153846 0.109375 0.014423076923076924 0.007211538461538462
24 0.13341346153846154 0.11658653846153846 0.016826923076923076 0.007211538461538462
24 0.12860576923076922 0.16826923076923078 0.016826923076923076 0.004807692307692308
24 0.1310096153846154 0.14423076923076922 0.016826923076923076 0.004807692307692308
19 0.06850961538461539 0.8209134615384616 0.026442307692307692 0.040865384615384616
4 0.9158653846153846 0.4519230769230769 0.014423076923076924 0.004807692307692308
4 0.9110576923076923 0.49399038461538464 0.02403846153846154 0.007211538461538462
4 0.9170673076923077 0.42788461538461536 0.021634615384615384 0.009615384615384616
4 0.9110576923076923 0.47596153846153844 0.014423076923076924 0.004807692307692308
4 0.9026442307692307 0.5625 0.026442307692307692 0.009615384615384616
4 0.9074519230769231 0.44591346153846156 0.007211538461538462 0.007211538461538462
9 0.9026442307692307 0.3425480769230769 0.06009615384615385 0.05048076923076923
24 0.8918269230769231 0.4423076923076923 0.014423076923076924 0.004807692307692308
4 0.8918269230769231 0.4326923076923077 0.014423076923076924 0.004807692307692308
24 0.8894230769230769 0.45913461538461536 0.014423076923076924 0.004807692307692308
24 0.8918269230769231 0.4543269230769231 0.014423076923076924 0.004807692307692308
24 0.8918269230769231 0.44711538461538464 0.014423076923076924 0.004807692307692308
24 0.8918269230769231 0.4519230769230769 0.014423076923076924 0.004807692307692308
24 0.8918269230769231 0.43990384615384615 0.014423076923076924 0.004807692307692308
24 0.8846153846153846 0.4807692307692308 0.014423076923076924 0.004807692307692308
24 0.8822115384615384 0.4855769230769231 0.014423076923076924 0.004807692307692308
24 0.8846153846153846 0.4735576923076923 0.014423076923076924 0.004807692307692308
24 0.8846153846153846 0.4639423076923077 0.014423076923076924 0.004807692307692308
24 0.8858173076923077 0.4675480769230769 0.01201923076923077 0.002403846153846154
24 0.8846153846153846 0.47596153846153844 0.014423076923076924 0.004807692307692308
24 0.8725961538461539 0.42427884615384615 0.004807692307692308 0.007211538461538462
24 0.8653846153846154 0.42427884615384615 0.004807692307692308 0.007211538461538462
4 0.8605769230769231 0.4543269230769231 0.014423076923076924 0.004807692307692308
4 0.8569711538461539 0.42427884615384615 0.007211538461538462 0.007211538461538462
24 0.8509615384615384 0.4651442307692308 0.004807692307692308 0.007211538461538462
24 0.8413461538461539 0.4495192307692308 0.014423076923076924 0.004807692307692308
24 0.8389423076923077 0.47596153846153844 0.014423076923076924 0.004807692307692308
24 0.8413461538461539 0.44471153846153844 0.014423076923076924 0.004807692307692308
6 0.7932692307692307 0.9891826923076923 0.07211538461538461 0.016826923076923076
24 0.8389423076923077 0.47115384615384615 0.014423076923076924 0.004807692307692308
24 0.8401442307692307 0.4651442307692308 0.01201923076923077 0.002403846153846154
24 0.8413461538461539 0.43509615384615385 0.014423076923076924 0.004807692307692308
23 0.875 0.06129807692307692 0.028846153846153848 0.016826923076923076
24 0.8473557692307693 0.38341346153846156 0.007211538461538462 0.007211538461538462
24 0.84375 0.390625 0.004807692307692308 0.007211538461538462
24 0.8353365384615384 0.390625 0.007211538461538462 0.007211538461538462
24 0.8365384615384616 0.38100961538461536 0.004807692307692308 0.007211538461538462
4 0.828125 0.41947115384615385 0.021634615384615384 0.007211538461538462
19 0.8112980769230769 0.5240384615384616 0.026442307692307692 0.028846153846153848
24 0.8149038461538461 0.4735576923076923 0.014423076923076924 0.004807692307692308
24 0.8149038461538461 0.46875 0.014423076923076924 0.004807692307692308
24 0.8149038461538461 0.4639423076923077 0.014423076923076924 0.004807692307692308
24 0.8125 0.43990384615384615 0.014423076923076924 0.004807692307692308
24 0.8125 0.44471153846153844 0.014423076923076924 0.004807692307692308
24 0.8125 0.4326923076923077 0.014423076923076924 0.004807692307692308
23 0.8341346153846154 0.056490384615384616 0.028846153846153848 0.016826923076923076
4 0.7932692307692307 0.49038461538461536 0.028846153846153848 0.009615384615384616
4 0.7944711538461539 0.43509615384615385 0.016826923076923076 0.004807692307692308
4 0.7908653846153846 0.4519230769230769 0.014423076923076924 0.004807692307692308
4 0.7932692307692307 0.4483173076923077 0.014423076923076924 0.007211538461538462
4 0.7896634615384616 0.45552884615384615 0.021634615384615384 0.007211538461538462
9 0.9663461538461539 0.6394230769230769 0.04807692307692308 0.04807692307692308
19 0.7608173076923077 0.5817307692307693 0.06490384615384616 0.028846153846153848
4 0.7620192307692307 0.46875 0.014423076923076924 0.004807692307692308
4 0.7620192307692307 0.4519230769230769 0.014423076923076924 0.004807692307692308
4 0.7584134615384616 0.41586538461538464 0.026442307692307692 0.009615384615384616
4 0.7512019230769231 0.44350961538461536 0.021634615384615384 0.007211538461538462
9 0.7560096153846154 0.39302884615384615 0.08413461538461539 0.036057692307692304
4 0.7524038461538461 0.42908653846153844 0.02403846153846154 0.007211538461538462
23 0.7728365384615384 0.051682692307692304 0.026442307692307692 0.016826923076923076
19 0.6959134615384616 0.42788461538461536 0.021634615384615384 0.014423076923076924
19 0.9867788461538461 0.29447115384615385 0.026442307692307692 0.016826923076923076
19 0.6826923076923077 0.08052884615384616 0.04807692307692308 0.021634615384615384
9 0.9723557692307693 0.3581730769230769 0.05048076923076923 0.052884615384615384
4 0.6069711538461539 0.6983173076923077 0.016826923076923076 0.007211538461538462
19 0.5889423076923077 0.7728365384615384 0.19230769230769232 0.03125
24 0.5769230769230769 0.8918269230769231 0.014423076923076924 0.004807692307692308
19 0.6274038461538461 0.2283653846153846 0.03365384615384615 0.028846153846153848
19 0.5973557692307693 0.27163461538461536 0.05048076923076923 0.019230769230769232
19 0.5757211538461539 0.4987980769230769 0.05048076923076923 0.016826923076923076
19 0.5649038461538461 0.6117788461538461 0.04807692307692308 0.016826923076923076
19 0.5829326923076923 0.390625 0.04567307692307692 0.016826923076923076