3 0.3449519230769231 0.4026442307692308 0.01201923076923077 0.05048076923076923
3 0.38822115384615385 0.4026442307692308 0.01201923076923077 0.05048076923076923
3 0.36899038461538464 0.4026442307692308 0.01201923076923077 0.05048076923076923
23 0.18389423076923078 0.43149038461538464 0.01201923076923077 0.05048076923076923
17 0.07451923076923077 0.43149038461538464 0.04326923076923077 0.036057692307692304
18 0.2932692307692308 0.4326923076923077 0.028846153846153848 0.0673076923076923
23 0.21033653846153846 0.43149038461538464 0.01201923076923077 0.05048076923076923
29 0.24519230769230768 0.43149038461538464 0.04326923076923077 0.055288461538461536
26 0.34975961538461536 0.46875 0.007211538461538462 0.014423076923076924
26 0.390625 0.4699519230769231 0.007211538461538462 0.016826923076923076
17 0.07451923076923077 0.46875 0.04326923076923077 0.038461538461538464
26 0.3641826923076923 0.46875 0.007211538461538462 0.014423076923076924
26 0.4050480769230769 0.46875 0.007211538461538462 0.014423076923076924
26 0.3762019230769231 0.46875 0.007211538461538462 0.014423076923076924
26 0.33413461538461536 0.47115384615384615 0.009615384615384616 0.014423076923076924
26 0.33533653846153844 0.49038461538461536 0.007211538461538462 0.014423076923076924
26 0.36177884615384615 0.49038461538461536 0.007211538461538462 0.014423076923076924
26 0.37740384615384615 0.49158653846153844 0.009615384615384616 0.016826923076923076
26 0.390625 0.49038461538461536 0.007211538461538462 0.014423076923076924
26 0.34975961538461536 0.49278846153846156 0.007211538461538462 0.014423076923076924
26 0.4050480769230769 0.49278846153846156 0.007211538461538462 0.014423076923076924
0 0.13221153846153846 0.49158653846153844 0.038461538461538464 0.11298076923076923
17 0.07451923076923077 0.5060096153846154 0.04326923076923077 0.036057692307692304
6 0.7740384615384616 0.5348557692307693 0.27403846153846156 0.7908653846153846
17 0.07451923076923077 0.5444711538461539 0.04326923076923077 0.036057692307692304
26 0.28125 0.5564903846153846 0.009615384615384616 0.01201923076923077
26 0.2932692307692308 0.5576923076923077 0.009615384615384616 0.014423076923076924
26 0.46033653846153844 0.5588942307692307 0.007211538461538462 0.01201923076923077
26 0.44711538461538464 0.5588942307692307 0.009615384615384616 0.01201923076923077
26 0.2932692307692308 0.5805288461538461 0.009615384615384616 0.01201923076923077
26 0.2824519230769231 0.5805288461538461 0.007211538461538462 0.01201923076923077
26 0.45913461538461536 0.5805288461538461 0.009615384615384616 0.01201923076923077
26 0.44711538461538464 0.5817307692307693 0.009615384615384616 0.014423076923076924
17 0.07451923076923077 0.5817307692307693 0.04326923076923077 0.038461538461538464
22 0.12740384615384615 0.5997596153846154 0.028846153846153848 0.06009615384615385
26 0.2932692307692308 0.6021634615384616 0.009615384615384616 0.01201923076923077
3 0.48677884615384615 0.6021634615384616 0.01201923076923077 0.05048076923076923
26 0.2800480769230769 0.6009615384615384 0.007211538461538462 0.014423076923076924
26 0.44591346153846156 0.6021634615384616 0.007211538461538462 0.01201923076923077
26 0.45913461538461536 0.6045673076923077 0.009615384615384616 0.01201923076923077
14 0.3701923076923077 0.6141826923076923 0.11538461538461539 0.18028846153846154
17 0.07451923076923077 0.6201923076923077 0.04326923076923077 0.038461538461538464
26 0.2932692307692308 0.6225961538461539 0.009615384615384616 0.014423076923076924
26 0.45913461538461536 0.6237980769230769 0.009615384615384616 0.01201923076923077
26 0.2800480769230769 0.6237980769230769 0.007211538461538462 0.01201923076923077
26 0.44711538461538464 0.6237980769230769 0.009615384615384616 0.01201923076923077
26 0.28125 0.6466346153846154 0.009615384615384616 0.014423076923076924
26 0.2932692307692308 0.6466346153846154 0.009615384615384616 0.014423076923076924
26 0.44591346153846156 0.6466346153846154 0.007211538461538462 0.014423076923076924
26 0.45913461538461536 0.6454326923076923 0.009615384615384616 0.01201923076923077
18 0.1622596153846154 0.6670673076923077 0.021634615384615384 0.06971153846153846
18 0.18389423076923078 0.6670673076923077 0.021634615384615384 0.06971153846153846
23 0.13942307692307693 0.6682692307692307 0.014423076923076924 0.052884615384615384
26 0.2932692307692308 0.6682692307692307 0.009615384615384616 0.014423076923076924
26 0.2800480769230769 0.6682692307692307 0.007211538461538462 0.014423076923076924
26 0.46153846153846156 0.6694711538461539 0.009615384615384616 0.01201923076923077
26 0.44711538461538464 0.6706730769230769 0.009615384615384616 0.014423076923076924
17 0.11899038461538461 0.6730769230769231 0.021634615384615384 0.0625
26 0.33653846153846156 0.734375 0.009615384615384616 0.01201923076923077
26 0.34975961538461536 0.734375 0.007211538461538462 0.01201923076923077
26 0.3629807692307692 0.734375 0.009615384615384616 0.01201923076923077
26 0.37740384615384615 0.734375 0.009615384615384616 0.01201923076923077
26 0.4050480769230769 0.7355769230769231 0.007211538461538462 0.014423076923076924
26 0.390625 0.7355769230769231 0.007211538461538462 0.014423076923076924
16 0.5973557692307693 0.7379807692307693 0.06009615384615385 0.04807692307692308
23 0.1622596153846154 0.7439903846153846 0.01201923076923077 0.05048076923076923
23 0.18389423076923078 0.7439903846153846 0.01201923076923077 0.05048076923076923
18 0.2956730769230769 0.7475961538461539 0.028846153846153848 0.0673076923076923
14 0.23918269230769232 0.7475961538461539 0.07451923076923077 0.14903846153846154
26 0.33413461538461536 0.7560096153846154 0.009615384615384616 0.01201923076923077
26 0.3629807692307692 0.7548076923076923 0.009615384615384616 0.014423076923076924
26 0.40384615384615385 0.7572115384615384 0.009615384615384616 0.014423076923076924
26 0.3485576923076923 0.7560096153846154 0.009615384615384616 0.01201923076923077
26 0.37740384615384615 0.7560096153846154 0.009615384615384616 0.01201923076923077
26 0.390625 0.7560096153846154 0.007211538461538462 0.01201923076923077
23 0.5877403846153846 0.7908653846153846 0.01201923076923077 0.04807692307692308
23 0.6141826923076923 0.7920673076923077 0.01201923076923077 0.05048076923076923
6 0.07451923076923077 0.8088942307692307 0.11538461538461539 0.2091346153846154
17 0.19110576923076922 0.8257211538461539 0.021634615384615384 0.06971153846153846
7 0.29927884615384615 0.8317307692307693 0.040865384615384616 0.052884615384615384
23 0.22355769230769232 0.8485576923076923 0.019230769230769232 0.014423076923076924
3 0.15625 0.8653846153846154 0.009615384615384616 0.04807692307692308
23 0.33774038461538464 0.8665865384615384 0.01201923076923077 0.05048076923076923
0 0.4074519230769231 0.8774038461538461 0.11298076923076923 0.11538461538461539
0 0.5348557692307693 0.8822115384615384 0.11298076923076923 0.11538461538461539
23 0.29927884615384615 0.8894230769230769 0.03125 0.019230769230769232
9 0.25961538461538464 0.9026442307692307 0.019230769230769232 0.0889423076923077
23 0.21033653846153846 0.9098557692307693 0.01201923076923077 0.05048076923076923
23 0.18870192307692307 0.9098557692307693 0.01201923076923077 0.05048076923076923
3 0.23197115384615385 0.9110576923076923 0.01201923076923077 0.052884615384615384
26 0.15504807692307693 0.9206730769230769 0.021634615384615384 0.03365384615384615
6 0.5228365384615384 0.15625 0.2283653846153846 0.16346153846153846
6 0.21995192307692307 0.15865384615384615 0.37259615384615385 0.15865384615384615
23 0.18389423076923078 0.2776442307692308 0.01201923076923077 0.05048076923076923
23 0.2127403846153846 0.27884615384615385 0.01201923076923077 0.052884615384615384
23 0.23918269230769232 0.28125 0.01201923076923077 0.052884615384615384
23 0.26802884615384615 0.2800480769230769 0.01201923076923077 0.05048076923076923
23 0.5444711538461539 0.2800480769230769 0.01201923076923077 0.05048076923076923
23 0.4891826923076923 0.2800480769230769 0.01201923076923077 0.05048076923076923
23 0.5180288461538461 0.2800480769230769 0.01201923076923077 0.05048076923076923
5 0.3629807692307692 0.32572115384615385 0.14903846153846154 0.08413461538461539
17 0.0733173076923077 0.3545673076923077 0.040865384615384616 0.036057692307692304
22 0.12860576923076922 0.3798076923076923 0.03125 0.057692307692307696
17 0.0733173076923077 0.39302884615384615 0.040865384615384616 0.036057692307692304