4 0.4074519230769231 0.6586538461538461 0.05048076923076923 0.014423076923076924
4 0.4050480769230769 0.6177884615384616 0.05048076923076923 0.014423076923076924
4 0.4074519230769231 0.6370192307692307 0.05048076923076923 0.014423076923076924
24 0.44350961538461536 0.8197115384615384 0.05048076923076923 0.014423076923076924
17 0.44711538461538464 0.9290865384615384 0.038461538461538464 0.04567307692307692
18 0.43990384615384615 0.7103365384615384 0.0673076923076923 0.03125
24 0.4411057692307692 0.7932692307692307 0.05048076923076923 0.014423076923076924
29 0.43990384615384615 0.7584134615384616 0.057692307692307696 0.04567307692307692
26 0.4735576923076923 0.6526442307692307 0.014423076923076924 0.007211538461538462
26 0.4723557692307692 0.6117788461538461 0.016826923076923076 0.007211538461538462
17 0.484375 0.9290865384615384 0.040865384615384616 0.04567307692307692
26 0.4735576923076923 0.6382211538461539 0.014423076923076924 0.007211538461538462
26 0.4735576923076923 0.5973557692307693 0.014423076923076924 0.007211538461538462
26 0.4735576923076923 0.6262019230769231 0.014423076923076924 0.007211538461538462
26 0.47596153846153844 0.6682692307692307 0.014423076923076924 0.009615384615384616
26 0.49759615384615385 0.6646634615384616 0.014423076923076924 0.007211538461538462
26 0.4951923076923077 0.6382211538461539 0.014423076923076924 0.007211538461538462
26 0.4963942307692308 0.6225961538461539 0.016826923076923076 0.009615384615384616
26 0.4951923076923077 0.609375 0.014423076923076924 0.007211538461538462
26 0.49759615384615385 0.6526442307692307 0.014423076923076924 0.007211538461538462
26 0.4951923076923077 0.5973557692307693 0.014423076923076924 0.007211538461538462
0 0.5048076923076923 0.8701923076923077 0.11538461538461539 0.04326923076923077
17 0.5216346153846154 0.9266826923076923 0.038461538461538464 0.04567307692307692
6 0.5252403846153846 0.22716346153846154 0.8004807692307693 0.3004807692307692
17 0.5576923076923077 0.9266826923076923 0.038461538461538464 0.04567307692307692
26 0.5637019230769231 0.71875 0.01201923076923077 0.009615384615384616
26 0.5649038461538461 0.7043269230769231 0.014423076923076924 0.009615384615384616
26 0.5588942307692307 0.5396634615384616 0.01201923076923077 0.007211538461538462
26 0.5612980769230769 0.5528846153846154 0.01201923076923077 0.009615384615384616
26 0.5877403846153846 0.7043269230769231 0.01201923076923077 0.009615384615384616
26 0.5877403846153846 0.7175480769230769 0.01201923076923077 0.007211538461538462
26 0.5805288461538461 0.5384615384615384 0.01201923076923077 0.009615384615384616
26 0.5841346153846154 0.5528846153846154 0.014423076923076924 0.009615384615384616
17 0.5973557692307693 0.9242788461538461 0.040865384615384616 0.04567307692307692
23 0.6141826923076923 0.8689903846153846 0.06009615384615385 0.03125
26 0.609375 0.7043269230769231 0.01201923076923077 0.009615384615384616
4 0.6021634615384616 0.5096153846153846 0.05048076923076923 0.014423076923076924
26 0.6081730769230769 0.7175480769230769 0.014423076923076924 0.007211538461538462
26 0.6045673076923077 0.5516826923076923 0.01201923076923077 0.007211538461538462
26 0.6045673076923077 0.5384615384615384 0.01201923076923077 0.009615384615384616
14 0.6189903846153846 0.6262019230769231 0.18509615384615385 0.12259615384615384
17 0.6334134615384616 0.921875 0.040865384615384616 0.04567307692307692
26 0.6298076923076923 0.7019230769230769 0.014423076923076924 0.009615384615384616
26 0.6262019230769231 0.5360576923076923 0.01201923076923077 0.009615384615384616
26 0.6310096153846154 0.7151442307692307 0.01201923076923077 0.007211538461538462
26 0.6262019230769231 0.5504807692307693 0.01201923076923077 0.009615384615384616
26 0.6538461538461539 0.7163461538461539 0.014423076923076924 0.009615384615384616
26 0.6538461538461539 0.7019230769230769 0.014423076923076924 0.009615384615384616
26 0.6466346153846154 0.5492788461538461 0.014423076923076924 0.007211538461538462
26 0.6478365384615384 0.5360576923076923 0.01201923076923077 0.009615384615384616
18 0.6790865384615384 0.8341346153846154 0.06971153846153846 0.02403846153846154
18 0.6790865384615384 0.8100961538461539 0.06971153846153846 0.02403846153846154
24 0.6802884615384616 0.8545673076923077 0.052884615384615384 0.016826923076923076
26 0.6754807692307693 0.7019230769230769 0.014423076923076924 0.009615384615384616
26 0.6754807692307693 0.7151442307692307 0.014423076923076924 0.007211538461538462
26 0.6694711538461539 0.5336538461538461 0.01201923076923077 0.009615384615384616
26 0.6706730769230769 0.5480769230769231 0.014423076923076924 0.009615384615384616
17 0.6850961538461539 0.8774038461538461 0.0625 0.02403846153846154
26 0.7391826923076923 0.65625 0.01201923076923077 0.009615384615384616
26 0.7391826923076923 0.6430288461538461 0.01201923076923077 0.007211538461538462
26 0.7391826923076923 0.6298076923076923 0.01201923076923077 0.009615384615384616
26 0.7391826923076923 0.6153846153846154 0.01201923076923077 0.009615384615384616
26 0.7379807692307693 0.5877403846153846 0.014423076923076924 0.007211538461538462
26 0.7403846153846154 0.6021634615384616 0.014423076923076924 0.007211538461538462
16 0.734375 0.3942307692307692 0.05048076923076923 0.0625
24 0.7560096153846154 0.8317307692307693 0.05048076923076923 0.014423076923076924
24 0.7560096153846154 0.8100961538461539 0.05048076923076923 0.014423076923076924
18 0.7548076923076923 0.6983173076923077 0.0673076923076923 0.03125
14 0.7560096153846154 0.7536057692307693 0.15144230769230768 0.07932692307692307
26 0.7608173076923077 0.6586538461538461 0.01201923076923077 0.009615384615384616
26 0.7596153846153846 0.6298076923076923 0.014423076923076924 0.009615384615384616
26 0.7596153846153846 0.5889423076923077 0.014423076923076924 0.009615384615384616
26 0.7608173076923077 0.6418269230769231 0.01201923076923077 0.009615384615384616
26 0.7608173076923077 0.6153846153846154 0.01201923076923077 0.009615384615384616
26 0.7608173076923077 0.6021634615384616 0.01201923076923077 0.007211538461538462
24 0.7884615384615384 0.40384615384615385 0.04807692307692308 0.014423076923076924
24 0.7896634615384616 0.37740384615384615 0.05048076923076923 0.014423076923076924
6 0.8233173076923077 0.9146634615384616 0.21394230769230768 0.12259615384615384
17 0.8353365384615384 0.7980769230769231 0.06971153846153846 0.02403846153846154
7 0.8377403846153846 0.6899038461538461 0.055288461538461536 0.04326923076923077
24 0.8581730769230769 0.7644230769230769 0.014423076923076924 0.019230769230769232
4 0.8774038461538461 0.8329326923076923 0.04807692307692308 0.01201923076923077
24 0.8737980769230769 0.6514423076923077 0.05048076923076923 0.014423076923076924
0 0.8798076923076923 0.5805288461538461 0.1201923076923077 0.11778846153846154
0 0.8798076923076923 0.453125 0.1201923076923077 0.11778846153846154
24 0.8966346153846154 0.6887019230769231 0.019230769230769232 0.03125
9 0.9098557692307693 0.7271634615384616 0.0889423076923077 0.021634615384615384
24 0.9194711538461539 0.7764423076923077 0.05048076923076923 0.014423076923076924
24 0.921875 0.7980769230769231 0.05048076923076923 0.014423076923076924
4 0.9206730769230769 0.7548076923076923 0.052884615384615384 0.014423076923076924
26 0.9326923076923077 0.8305288461538461 0.03365384615384615 0.021634615384615384
6 0.15504807692307693 0.4891826923076923 0.17067307692307693 0.23317307692307693
6 0.16706730769230768 0.7920673076923077 0.17067307692307693 0.37740384615384615
24 0.28966346153846156 0.8245192307692307 0.05048076923076923 0.014423076923076924
24 0.28846153846153844 0.7956730769230769 0.052884615384615384 0.014423076923076924
24 0.29086538461538464 0.7692307692307693 0.052884615384615384 0.014423076923076924
24 0.28966346153846156 0.7403846153846154 0.05048076923076923 0.014423076923076924
24 0.2800480769230769 0.4639423076923077 0.05048076923076923 0.014423076923076924
24 0.2800480769230769 0.5192307692307693 0.05048076923076923 0.014423076923076924
24 0.2800480769230769 0.49038461538461536 0.05048076923076923 0.014423076923076924
5 0.33052884615384615 0.6454326923076923 0.0889423076923077 0.15144230769230768
17 0.3701923076923077 0.9326923076923077 0.038461538461538464 0.04326923076923077
23 0.3918269230769231 0.875 0.057692307692307696 0.03365384615384615
17 0.40865384615384615 0.9326923076923077 0.038461538461538464 0.04326923076923077