4 0.6117788461538461 0.6454326923076923 0.05048076923076923 0.016826923076923076
4 0.609375 0.6045673076923077 0.05048076923076923 0.016826923076923076
4 0.609375 0.6237980769230769 0.05048076923076923 0.016826923076923076
24 0.5973557692307693 0.8112980769230769 0.05048076923076923 0.016826923076923076
17 0.6069711538461539 0.9194711538461539 0.040865384615384616 0.04567307692307692
18 0.5877403846153846 0.7019230769230769 0.06971153846153846 0.03365384615384615
24 0.5949519230769231 0.7848557692307693 0.05048076923076923 0.016826923076923076
29 0.5913461538461539 0.7475961538461539 0.057692307692307696 0.04807692307692308
26 0.5456730769230769 0.6490384615384616 0.014423076923076924 0.009615384615384616
26 0.5420673076923077 0.6057692307692307 0.016826923076923076 0.009615384615384616
17 0.5697115384615384 0.921875 0.04326923076923077 0.04567307692307692
26 0.5432692307692307 0.6346153846153846 0.014423076923076924 0.009615384615384616
26 0.5408653846153846 0.5913461538461539 0.014423076923076924 0.009615384615384616
26 0.5432692307692307 0.6201923076923077 0.014423076923076924 0.009615384615384616
26 0.5456730769230769 0.6622596153846154 0.014423076923076924 0.01201923076923077
26 0.5240384615384616 0.6634615384615384 0.014423076923076924 0.009615384615384616
26 0.5216346153846154 0.6370192307692307 0.014423076923076924 0.009615384615384616
26 0.5204326923076923 0.6213942307692307 0.016826923076923076 0.01201923076923077
26 0.5192307692307693 0.6081730769230769 0.014423076923076924 0.009615384615384616
26 0.5216346153846154 0.6514423076923077 0.014423076923076924 0.009615384615384616
26 0.5168269230769231 0.5961538461538461 0.014423076923076924 0.009615384615384616
0 0.5408653846153846 0.8677884615384616 0.11538461538461539 0.04807692307692308
17 0.5324519230769231 0.9266826923076923 0.040865384615384616 0.04567307692307692
6 0.43990384615384615 0.23197115384615385 0.8125 0.3389423076923077
17 0.49399038461538464 0.9290865384615384 0.040865384615384616 0.04567307692307692
26 0.46274038461538464 0.7235576923076923 0.01201923076923077 0.009615384615384616
26 0.46153846153846156 0.7127403846153846 0.014423076923076924 0.01201923076923077
26 0.44591346153846156 0.546875 0.01201923076923077 0.007211538461538462
26 0.4483173076923077 0.5600961538461539 0.01201923076923077 0.009615384615384616
26 0.4387019230769231 0.7139423076923077 0.01201923076923077 0.009615384615384616
26 0.4411057692307692 0.7247596153846154 0.01201923076923077 0.007211538461538462
26 0.42427884615384615 0.5480769230769231 0.01201923076923077 0.009615384615384616
26 0.4254807692307692 0.5612980769230769 0.014423076923076924 0.01201923076923077
17 0.4567307692307692 0.9338942307692307 0.04326923076923077 0.04567307692307692
23 0.4326923076923077 0.8798076923076923 0.0625 0.03365384615384615
26 0.4170673076923077 0.7163461538461539 0.01201923076923077 0.009615384615384616
4 0.40024038461538464 0.5228365384615384 0.05048076923076923 0.016826923076923076
26 0.4182692307692308 0.7283653846153846 0.014423076923076924 0.009615384615384616
26 0.4026442307692308 0.5637019230769231 0.01201923076923077 0.007211538461538462
26 0.4026442307692308 0.5504807692307693 0.01201923076923077 0.009615384615384616
14 0.40024038461538464 0.6394230769230769 0.18990384615384615 0.12980769230769232
17 0.4182692307692308 0.9362980769230769 0.04326923076923077 0.04567307692307692
26 0.39663461538461536 0.7175480769230769 0.014423076923076924 0.01201923076923077
26 0.38100961538461536 0.5528846153846154 0.01201923076923077 0.009615384615384616
26 0.3954326923076923 0.7295673076923077 0.01201923076923077 0.007211538461538462
26 0.38100961538461536 0.5649038461538461 0.01201923076923077 0.009615384615384616
26 0.375 0.7319711538461539 0.014423076923076924 0.01201923076923077
26 0.37259615384615385 0.7199519230769231 0.014423076923076924 0.01201923076923077
26 0.3605769230769231 0.5673076923076923 0.014423076923076924 0.009615384615384616
26 0.359375 0.5528846153846154 0.01201923076923077 0.009615384615384616
18 0.36538461538461536 0.8521634615384616 0.07211538461538461 0.026442307692307692
18 0.3605769230769231 0.8305288461538461 0.07211538461538461 0.026442307692307692
24 0.36538461538461536 0.875 0.052884615384615384 0.019230769230769232
26 0.35336538461538464 0.7199519230769231 0.014423076923076924 0.01201923076923077
26 0.35096153846153844 0.7355769230769231 0.014423076923076924 0.009615384615384616
26 0.33533653846153844 0.5552884615384616 0.01201923076923077 0.009615384615384616
26 0.33653846153846156 0.5685096153846154 0.014423076923076924 0.01201923076923077
17 0.36177884615384615 0.8978365384615384 0.06490384615384616 0.026442307692307692
26 0.2824519230769231 0.6850961538461539 0.01201923076923077 0.009615384615384616
26 0.2800480769230769 0.671875 0.01201923076923077 0.007211538461538462
26 0.2800480769230769 0.6586538461538461 0.01201923076923077 0.009615384615384616
26 0.2776442307692308 0.6442307692307693 0.01201923076923077 0.009615384615384616
26 0.2764423076923077 0.6177884615384616 0.014423076923076924 0.009615384615384616
26 0.2764423076923077 0.6322115384615384 0.014423076923076924 0.009615384615384616
16 0.25721153846153844 0.42427884615384615 0.052884615384615384 0.06490384615384616
24 0.28725961538461536 0.859375 0.05048076923076923 0.016826923076923076
24 0.2848557692307692 0.8377403846153846 0.05048076923076923 0.016826923076923076
18 0.27283653846153844 0.7259615384615384 0.06971153846153846 0.03365384615384615
14 0.27884615384615385 0.7836538461538461 0.15384615384615385 0.08653846153846154
26 0.2608173076923077 0.6875 0.01201923076923077 0.009615384615384616
26 0.25961538461538464 0.6598557692307693 0.014423076923076924 0.01201923076923077
26 0.2548076923076923 0.6189903846153846 0.014423076923076924 0.01201923076923077
26 0.25841346153846156 0.6730769230769231 0.01201923076923077 0.009615384615384616
26 0.25600961538461536 0.6466346153846154 0.01201923076923077 0.009615384615384616
26 0.25600961538461536 0.6334134615384616 0.01201923076923077 0.007211538461538462
24 0.20432692307692307 0.4387019230769231 0.04807692307692308 0.016826923076923076
24 0.20072115384615385 0.41225961538461536 0.05048076923076923 0.016826923076923076
6 0.23076923076923078 0.9411057692307693 0.22115384615384615 0.11298076923076923
17 0.20432692307692307 0.8377403846153846 0.07211538461538461 0.026442307692307692
7 0.18870192307692307 0.7295673076923077 0.055288461538461536 0.04567307692307692
24 0.17668269230769232 0.8052884615384616 0.016826923076923076 0.019230769230769232
4 0.1658653846153846 0.875 0.04807692307692308 0.014423076923076924
24 0.1502403846153846 0.6959134615384616 0.05048076923076923 0.016826923076923076
0 0.1346153846153846 0.6262019230769231 0.125 0.12259615384615384
0 0.11778846153846154 0.4987980769230769 0.125 0.12259615384615384
24 0.1310096153846154 0.7355769230769231 0.021634615384615384 0.03365384615384615
9 0.12259615384615384 0.7752403846153846 0.09134615384615384 0.026442307692307692
24 0.11899038461538461 0.8257211538461539 0.05048076923076923 0.016826923076923076
24 0.11899038461538461 0.8473557692307693 0.05048076923076923 0.016826923076923076
4 0.11538461538461539 0.8040865384615384 0.052884615384615384 0.016826923076923076
26 0.11177884615384616 0.8798076923076923 0.036057692307692304 0.02403846153846154
6 0.8413461538461539 0.4483173076923077 0.18269230769230768 0.24278846153846154
6 0.8665865384615384 0.75 0.18990384615384615 0.38461538461538464
24 0.7487980769230769 0.796875 0.05048076923076923 0.016826923076923076
24 0.7451923076923077 0.7680288461538461 0.052884615384615384 0.016826923076923076
24 0.7427884615384616 0.7415865384615384 0.052884615384615384 0.016826923076923076
24 0.7391826923076923 0.7127403846153846 0.05048076923076923 0.016826923076923076
24 0.7151442307692307 0.4387019230769231 0.05048076923076923 0.016826923076923076
24 0.7199519230769231 0.49399038461538464 0.05048076923076923 0.016826923076923076
24 0.7175480769230769 0.4651442307692308 0.05048076923076923 0.016826923076923076
5 0.6850961538461539 0.6237980769230769 0.09615384615384616 0.15625
17 0.6826923076923077 0.9134615384615384 0.038461538461538464 0.04326923076923077
23 0.6550480769230769 0.859375 0.06009615384615385 0.036057692307692304
17 0.6442307692307693 0.9182692307692307 0.038461538461538464 0.04326923076923077