24 0.7816558441558441 0.3051829268292683 0.006493506493506494 0.00975609756097561
22 0.4526176948051948 0.30609756097560975 0.002637987012987013 0.00853658536585366
22 0.447849025974026 0.30625 0.006493506493506494 0.009451219512195122
22 0.4554586038961039 0.30640243902439024 0.002232142857142857 0.009146341463414634
22 0.45819805194805197 0.3065548780487805 0.002840909090909091 0.008841463414634146
22 0.4128449675324675 0.3086890243902439 0.002637987012987013 0.008841463414634146
22 0.6254058441558441 0.31387195121951217 0.006493506493506494 0.004573170731707317
24 0.7815543831168831 0.3155487804878049 0.00588474025974026 0.010365853658536586
22 0.6364650974025974 0.31722560975609754 0.002232142857142857 0.009451219512195122
2 0.6500608766233766 0.3173780487804878 0.002637987012987013 0.009146341463414634
22 0.645799512987013 0.317530487804878 0.003043831168831169 0.009451219512195122
9 0.6669713879870129 0.31825 0.016572646103896103 0.023085365853658536
24 0.4481534090909091 0.31905487804878047 0.006696428571428571 0.010060975609756098
24 0.4550527597402597 0.31905487804878047 0.006696428571428571 0.009451219512195122
22 0.7064732142857143 0.31905487804878047 0.003043831168831169 0.009451219512195122
22 0.7012987012987013 0.31920731707317074 0.002840909090909091 0.00975609756097561
22 0.625101461038961 0.3202743902439024 0.006696428571428571 0.0039634146341463415
24 0.7296063311688312 0.325 0.007102272727272727 0.010365853658536586
22 0.41243912337662336 0.3259146341463415 0.009537337662337662 0.003658536585365854
22 0.43455762987012986 0.3271341463414634 0.006290584415584416 0.00426829268292683
24 0.78125 0.3271341463414634 0.006493506493506494 0.01097560975609756
2 0.6362621753246753 0.32759146341463413 0.002232142857142857 0.008841463414634146
22 0.6392045454545454 0.32759146341463413 0.002840909090909091 0.008841463414634146
22 0.43922483766233766 0.32957317073170733 0.002637987012987013 0.00853658536585366
22 0.41233766233766234 0.3307926829268293 0.009334415584415584 0.00548780487804878
22 0.4346590909090909 0.3315548780487805 0.006087662337662338 0.0039634146341463415
24 0.7362012987012987 0.33490853658536585 0.007305194805194805 0.008841463414634146
24 0.750101461038961 0.3353658536585366 0.007102272727272727 0.00975609756097561
22 0.7568993506493507 0.3359756097560976 0.002435064935064935 0.00975609756097561
24 0.78125 0.3388719512195122 0.006899350649350649 0.010670731707317074
22 0.674310064935065 0.3411585365853659 0.006493506493506494 0.003658536585365854
14 0.762987012987013 0.34207317073170734 0.009334415584415584 0.01951219512195122
2 0.6443790584415584 0.34222560975609756 0.00588474025974026 0.004573170731707317
24 0.7281858766233766 0.34375 0.007102272727272727 0.010060975609756098
24 0.718952922077922 0.344359756097561 0.007305194805194805 0.010670731707317074
22 0.6740056818181818 0.34573170731707314 0.006290584415584416 0.003658536585365854
2 0.6686282467532467 0.34984756097560976 0.006087662337662338 0.0039634146341463415
15 0.7757711038961039 0.34984756097560976 0.0036525974025974025 0.011280487804878048
22 0.78125 0.35030487804878047 0.002435064935064935 0.00975609756097561
29 0.706424512987013 0.3520426829268293 0.015527597402597402 0.047378048780487805
2 0.7245332792207793 0.35289634146341464 0.006290584415584416 0.0039634146341463415
22 0.7182426948051948 0.3559451219512195 0.002232142857142857 0.010060975609756098
6 0.7376734983766234 0.3564969512195122 0.009437905844155844 0.03372560975609756
22 0.7587256493506493 0.3583841463414634 0.002435064935064935 0.009451219512195122
2 0.674411525974026 0.36051829268292684 0.006290584415584416 0.003353658536585366
22 0.6742086038961039 0.3646341463414634 0.00588474025974026 0.003658536585365854
9 0.6633989448051948 0.36806859756097565 0.015515422077922076 0.020283536585365854
22 0.7615452516233766 0.3687560975609756 0.004015827922077922 0.010073170731707317
22 0.7586150568181818 0.37090548780487803 0.002619724025974026 0.008884146341463416
22 0.674512987012987 0.37164634146341463 0.005681818181818182 0.00426829268292683
15 0.5554991883116883 0.3803353658536585 0.002232142857142857 0.009451219512195122
15 0.5490056818181818 0.380640243902439 0.002637987012987013 0.009451219512195122
15 0.5517451298701299 0.3807926829268293 0.002435064935064935 0.009146341463414634
29 0.7785004058441558 0.3813185975609756 0.013575487012987015 0.03336890243902439
22 0.5604707792207793 0.3826219512195122 0.005681818181818182 0.003658536585365854
9 0.7427627840909091 0.38617225609756095 0.014746347402597403 0.022344512195121954
2 0.674310064935065 0.3878048780487805 0.005681818181818182 0.003658536585365854
15 0.5580357142857143 0.3960365853658537 0.002840909090909091 0.00853658536585366
15 0.5510349025974026 0.3961890243902439 0.002637987012987013 0.008231707317073171
2 0.5538758116883117 0.3961890243902439 0.002637987012987013 0.008231707317073171
24 0.7413758116883117 0.4036585365853659 0.007102272727272727 0.010365853658536586
15 0.562297077922078 0.40807926829268293 0.0036525974025974025 0.0125
2 0.6740056818181818 0.411890243902439 0.00588474025974026 0.00426829268292683
6 0.6894277597402597 0.41753048780487806 0.014407467532467532 0.26128048780487806
2 0.6740056818181818 0.4198170731707317 0.006290584415584416 0.00426829268292683
15 0.5505275974025974 0.4304878048780488 0.002435064935064935 0.009146341463414634
2 0.5533685064935064 0.4304878048780488 0.002840909090909091 0.00853658536585366
15 0.557224025974026 0.4304878048780488 0.002435064935064935 0.00853658536585366
22 0.6739042207792207 0.43567073170731707 0.006087662337662338 0.00426829268292683
22 0.6739042207792207 0.4405487804878049 0.006087662337662338 0.004878048780487805
2 0.6237824675324676 0.44192073170731705 0.002840909090909091 0.008841463414634146
22 0.6088676948051948 0.4420731707317073 0.002232142857142857 0.009146341463414634
22 0.612012987012987 0.4423780487804878 0.002840909090909091 0.00853658536585366
15 0.5506290584415584 0.44359756097560976 0.002637987012987013 0.009146341463414634
2 0.5537743506493507 0.44359756097560976 0.002435064935064935 0.00853658536585366
15 0.5579342532467533 0.44375 0.002637987012987013 0.008841463414634146
24 0.6167816558441559 0.44710365853658535 0.007102272727272727 0.009451219512195122
2 0.6735998376623377 0.4513719512195122 0.00588474025974026 0.004573170731707317
2 0.622260551948052 0.45198170731707316 0.003043831168831169 0.009451219512195122
24 0.7451298701298701 0.45701219512195124 0.006493506493506494 0.01097560975609756
22 0.7338676948051948 0.45746951219512194 0.003043831168831169 0.010060975609756098
15 0.6261160714285714 0.4582317073170732 0.0038555194805194805 0.012195121951219513
2 0.6295657467532467 0.45975609756097563 0.002637987012987013 0.00975609756097561
2 0.6325081168831169 0.45990853658536585 0.002435064935064935 0.009451219512195122
2 0.6357548701298701 0.46021341463414633 0.002029220779220779 0.008841463414634146
22 0.6389001623376623 0.4603658536585366 0.003043831168831169 0.00975609756097561
24 0.7808441558441559 0.46265243902439024 0.006493506493506494 0.010670731707317074
24 0.7698863636363636 0.4628048780487805 0.006493506493506494 0.010365853658536586
9 0.5533664772727273 0.4692362804878049 0.018664772727272728 0.025667682926829267
9 0.5729119318181818 0.4694390243902439 0.01757711038961039 0.023634146341463415
2 0.7704951298701299 0.4725609756097561 0.005681818181818182 0.00426829268292683
2 0.781452922077922 0.47530487804878047 0.006087662337662338 0.00426829268292683
22 0.6735998376623377 0.47560975609756095 0.006696428571428571 0.00426829268292683
24 0.744622564935065 0.47591463414634144 0.006696428571428571 0.01097560975609756
2 0.7705965909090909 0.4798780487804878 0.005478896103896104 0.00426829268292683
22 0.6738027597402597 0.48064024390243903 0.006290584415584416 0.004573170731707317
4 0.781452922077922 0.4814024390243902 0.006087662337662338 0.00426829268292683
24 0.8165584415584416 0.4873475609756098 0.006899350649350649 0.010060975609756098
22 0.8244724025974026 0.4873475609756098 0.002840909090909091 0.010060975609756098
29 0.6655357142857143 0.4881737804878049 0.006801948051948053 0.00927439024390244
22 0.6734983766233766 0.48826219512195124 0.006087662337662338 0.004573170731707317
22 0.46273234577922073 0.48935060975609757 0.0058218344155844155 0.003701219512195122
7 0.5888403003246753 0.4896875 0.010066964285714285 0.006814024390243903
22 0.48163555194805197 0.4897865853658537 0.00588474025974026 0.00274390243902439
6 0.7237215909090909 0.4897865853658537 0.018465909090909092 0.23079268292682928
6 0.760247564935065 0.4897865853658537 0.018871753246753248 0.23140243902439026
29 0.6365716314935065 0.4902439024390244 0.032071834415584415 0.031097560975609756
2 0.42243607954545453 0.49043902439024395 0.0023396915584415583 0.007097560975609756
6 0.7965706168831169 0.49100609756097563 0.01968344155844156 0.22896341463414635
24 0.4465513392857143 0.4919435975609756 0.006333198051948052 0.008277439024390244
24 0.4534070616883117 0.49221341463414636 0.006651785714285714 0.008817073170731708
2 0.4580965909090909 0.4923780487804878 0.002637987012987013 0.009146341463414634
22 0.48579545454545453 0.4923780487804878 0.002029220779220779 0.00853658536585366
2 0.43556412337662337 0.49229420731707313 0.003433441558441559 0.010807926829268294
24 0.46953530844155844 0.49251829268292685 0.006440746753246753 0.008817073170731708
2 0.47564935064935066 0.49314024390243905 0.005681818181818182 0.0039634146341463415
2 0.48163555194805197 0.49329268292682926 0.00588474025974026 0.003048780487804878
22 0.5111607142857143 0.49344512195121953 0.002435064935064935 0.008841463414634146
24 0.4994926948051948 0.49359756097560975 0.006696428571428571 0.00975609756097561
24 0.5063920454545454 0.49359756097560975 0.006290584415584416 0.00975609756097561
29 0.46293831168831173 0.49552591463414636 0.006233766233766234 0.008125
7 0.44023944805194803 0.49557926829268295 0.005073051948051948 0.016158536585365854
22 0.47564935064935066 0.4969512195121951 0.005681818181818182 0.003658536585365854
22 0.781452922077922 0.4971036585365854 0.006087662337662338 0.0039634146341463415
22 0.481838474025974 0.4972560975609756 0.00588474025974026 0.003658536585365854
22 0.7107609577922078 0.49915701219512193 0.0022849025974025976 0.008070121951219512
15 0.49198457792207795 0.499390243902439 0.005478896103896104 0.003048780487804878
22 0.6713676948051948 0.4995426829268293 0.003043831168831169 0.010060975609756098
22 0.6747159090909091 0.4995426829268293 0.002840909090909091 0.010060975609756098
29 0.6657193587662338 0.4996067073170732 0.005951704545454545 0.008969512195121952
15 0.5635866477272727 0.5005045731707317 0.036264204545454544 0.033326219512195124
22 0.43192471590909093 0.5009710365853658 0.007924107142857142 0.004381097560975609
22 0.46315746753246756 0.5018231707317073 0.005454545454545454 0.0036463414634146343
22 0.6480316558441559 0.5032012195121951 0.006290584415584416 0.004573170731707317
22 0.6480316558441559 0.5076219512195121 0.006290584415584416 0.00426829268292683
22 0.453125 0.510670731707317 0.004464285714285714 0.012804878048780487
22 0.6674502840909091 0.5106585365853659 0.0029200487012987016 0.009121951219512196
2 0.44835633116883117 0.5108231707317074 0.004261363636363636 0.011890243902439025
9 0.6599512987012986 0.5123932926829269 0.013490259740259742 0.021128048780487803
14 0.4161931818181818 0.5129573170731707 0.023944805194805196 0.031402439024390244
14 0.43735491071428567 0.5134344512195123 0.01675527597402597 0.018942073170731707
22 0.6417410714285714 0.5147865853658536 0.007102272727272727 0.0039634146341463415
22 0.510247564935065 0.5157012195121952 0.004261363636363636 0.013109756097560975
22 0.6200405844155844 0.5166859756097562 0.005909090909090909 0.0034939024390243903
22 0.5390817775974026 0.5175411585365854 0.009170048701298701 0.005204268292682927
14 0.6303561282467532 0.5185960365853658 0.01314732142857143 0.022557926829268292
22 0.6416396103896104 0.5196646341463415 0.007305194805194805 0.004573170731707317
7 0.4514255275974026 0.520452743902439 0.009588068181818182 0.006759146341463415
9 0.7773985389610389 0.5207774390243902 0.013806818181818182 0.022652439024390243
22 0.6741710633116883 0.5211387195121951 0.0025629058441558445 0.009350609756097562
22 0.670924310064935 0.5213704268292683 0.0025629058441558445 0.009204268292682928
22 0.668010349025974 0.5216875 0.002822646103896104 0.009228658536585365
2 0.5390635146103896 0.5225015243902439 0.005886769480519481 0.004149390243902439
22 0.6417410714285714 0.524390243902439 0.007508116883116883 0.004878048780487805
29 0.6198031655844155 0.525672256097561 0.005434253246753247 0.007442073170731707
22 0.6417410714285714 0.5294207317073171 0.007102272727272727 0.005182926829268293
29 0.6605610795454545 0.5296814024390244 0.006998782467532468 0.010582317073170732
22 0.43563108766233766 0.5306859756097562 0.003161525974025974 0.011371951219512195
2 0.43117187500000004 0.5306173780487805 0.003983360389610389 0.012454268292682927
22 0.43898031655844155 0.5307652439024391 0.002554788961038961 0.009091463414634146
22 0.6745383522727273 0.531015243902439 0.0024857954545454545 0.008371951219512196
22 0.41279829545454544 0.5314405487804879 0.004979707792207792 0.003125
22 0.41823559253246756 0.531422256097561 0.005302353896103896 0.0030884146341463416
29 0.6672514204545454 0.5315091463414634 0.006580762987012987 0.009969512195121951
22 0.6153612012987013 0.531859756097561 0.0034496753246753245 0.010060975609756098
22 0.4235592532467533 0.531890243902439 0.005803571428571429 0.0034146341463414634
29 0.5706219561688312 0.5321753048780488 0.032071834415584415 0.028374999999999997
22 0.40608360389610393 0.5321859756097561 0.0021022727272727274 0.007664634146341463
22 0.5009963474025974 0.5325289634146342 0.018632305194805195 0.04920426829268292
22 0.4084750405844156 0.5323368902439024 0.0024208603896103895 0.00735670731707317
29 0.477247362012987 0.5330137195121951 0.01942978896103896 0.04529573170731707
29 0.6199604301948052 0.5349161585365854 0.005342938311688312 0.009466463414634146
29 0.6263037743506494 0.5364649390243903 0.00666599025974026 0.009515243902439024
22 0.6333198051948052 0.5367378048780488 0.005275974025974026 0.0039634146341463415
22 0.6395089285714286 0.5367378048780488 0.006290584415584416 0.0039634146341463415
22 0.645900974025974 0.5367378048780488 0.006087662337662338 0.003353658536585366
9 0.535422077922078 0.5387393292682927 0.01767857142857143 0.025649390243902438
2 0.7696834415584416 0.5390243902439025 0.007305194805194805 0.003658536585365854
22 0.7803368506493507 0.5397865853658537 0.00588474025974026 0.004573170731707317
29 0.6746905438311688 0.5418643292682928 0.00684862012987013 0.009338414634146341
29 0.6675152191558441 0.5420975609756097 0.006702516233766234 0.009804878048780486
2 0.7334618506493507 0.5434451219512195 0.005073051948051948 0.004573170731707317
29 0.7805397727272727 0.5467987804878048 0.006290584415584416 0.009451219512195122
15 0.4519328327922078 0.5498628048780487 0.021154626623376624 0.05765243902439024
9 0.4303074269480519 0.5525625 0.016864853896103895 0.027685975609756098
22 0.7802353896103896 0.5533536585365854 0.006493506493506494 0.00426829268292683
6 0.8215300324675324 0.555640243902439 0.019277597402597404 0.12957317073170732
2 0.7804383116883117 0.558079268292683 0.006087662337662338 0.004573170731707317
29 0.5705935470779221 0.5609192073170732 0.03160917207792208 0.02610670731707317
22 0.7801339285714286 0.5628048780487804 0.006290584415584416 0.00426829268292683
22 0.48396915584415584 0.5663109756097561 0.004464285714285714 0.013109756097560975
29 0.5390513392857144 0.5671737804878049 0.031430600649350646 0.02703048780487805
22 0.4805194805194805 0.5676829268292682 0.002029220779220779 0.00975609756097561
24 0.6299685470779222 0.5728003048780488 0.005878652597402597 0.009625
9 0.4963210227272727 0.5740746951219512 0.01739853896103896 0.02863719512195122
9 0.5139245129870129 0.5741387195121951 0.01648538961038961 0.02754573170731707
9 0.4291649756493507 0.5808932926829268 0.01620332792207792 0.028249999999999997
29 0.6260917207792208 0.5894649390243902 0.021258116883116886 0.021003048780487806
13 0.5918222402597403 0.5900914634146341 0.007913961038961038 0.02652439024390244
15 0.7735836038961038 0.590094512195122 0.0069886363636363635 0.005189024390243903
13 0.5997362012987013 0.5905487804878049 0.007102272727272727 0.02621951219512195
6 0.780684862012987 0.5954314024390244 0.0069866071428571425 0.028057926829268293
2 0.7753652597402597 0.5967987804878049 0.006087662337662338 0.0039634146341463415
22 0.7751623376623377 0.6010670731707317 0.006493506493506494 0.004573170731707317
6 0.5279017857142857 0.603810975609756 0.07771915584415584 0.028353658536585367
15 0.5789366883116883 0.6048780487804878 0.008116883116883116 0.006097560975609756
22 0.6201298701298701 0.6064024390243903 0.002435064935064935 0.009146341463414634
22 0.6228693181818182 0.6064024390243903 0.002637987012987013 0.00853658536585366
15 0.5914163961038961 0.6082317073170732 0.007913961038961038 0.006707317073170732
24 0.6347402597402597 0.6085365853658536 0.006899350649350649 0.009146341463414634
22 0.6712662337662337 0.6091463414634146 0.002029220779220779 0.00975609756097561
22 0.6686282467532467 0.6092987804878048 0.002029220779220779 0.009451219512195122
15 0.679586038961039 0.6096036585365854 0.007711038961038961 0.005182926829268293
22 0.5788352272727273 0.6112804878048781 0.009537337662337662 0.006097560975609756
22 0.5788352272727273 0.6114329268292683 0.009131493506493506 0.0064024390243902435
14 0.43381696428571426 0.6116996951219512 0.02307224025974026 0.030716463414634146
7 0.4197382305194805 0.6116935975609756 0.0046550324675324675 0.016070121951219513
24 0.6103896103896104 0.6152439024390244 0.008928571428571428 0.020121951219512196
9 0.46739448051948057 0.6157103658536586 0.010681818181818181 0.014957317073170733
22 0.674512987012987 0.6167682926829269 0.002029220779220779 0.00853658536585366
22 0.6775568181818182 0.6169207317073171 0.002029220779220779 0.007621951219512195
22 0.622260551948052 0.6173780487804879 0.0038555194805194805 0.012804878048780487
2 0.6308847402597403 0.618140243902439 0.006087662337662338 0.0039634146341463415
22 0.515463676948052 0.6213384146341463 0.0021124188311688313 0.007920731707317073
29 0.5204291801948052 0.6212317073170732 0.006361607142857143 0.008926829268292684
24 0.4929991883116883 0.6213414634146341 0.007102272727272727 0.00975609756097561
22 0.5253064123376624 0.6217835365853659 0.00231737012987013 0.008201219512195122
24 0.502637987012987 0.6216463414634147 0.006899350649350649 0.009146341463414634
2 0.6308847402597403 0.6217987804878049 0.005681818181818182 0.0039634146341463415
22 0.6164772727272727 0.6219512195121951 0.002029220779220779 0.009146341463414634
22 0.5284090909090909 0.6221036585365853 0.002840909090909091 0.008841463414634146
22 0.6191152597402597 0.6221036585365853 0.002029220779220779 0.009451219512195122
22 0.7254464285714286 0.6234756097560976 0.004058441558441558 0.013414634146341463
24 0.7322443181818182 0.6242378048780488 0.007508116883116883 0.009451219512195122
4 0.41044439935064936 0.6256615853658537 0.007171266233766235 0.008640243902439025
24 0.4179180194805195 0.6263719512195122 0.007102272727272727 0.009451219512195122
13 0.5398741883116883 0.6271341463414634 0.007102272727272727 0.018292682926829267
7 0.4510957792207792 0.630030487804878 0.004464285714285714 0.015548780487804878
7 0.4559659090909091 0.6303353658536586 0.00487012987012987 0.015548780487804878
7 0.4609375 0.6304878048780488 0.004667207792207792 0.01524390243902439
7 0.4656047077922078 0.6321646341463415 0.0034496753246753245 0.011890243902439025
22 0.8037743506493507 0.6324695121951219 0.002435064935064935 0.008841463414634146
2 0.8061079545454546 0.6326219512195121 0.002232142857142857 0.00853658536585366
2 0.8014407467532467 0.6327743902439025 0.002232142857142857 0.008231707317073171
22 0.8086444805194806 0.6327743902439025 0.002435064935064935 0.008841463414634146
24 0.5765016233766234 0.6336890243902439 0.008928571428571428 0.020426829268292684
24 0.5244521103896104 0.6342987804878049 0.006696428571428571 0.009451219512195122
24 0.5175527597402597 0.6344512195121951 0.006696428571428571 0.00975609756097561
22 0.5322646103896104 0.6344512195121951 0.002840909090909091 0.009146341463414634
24 0.4929991883116883 0.6346036585365854 0.006696428571428571 0.010060975609756098
22 0.7504058441558441 0.6346036585365854 0.006493506493506494 0.0039634146341463415
24 0.502536525974026 0.6347560975609756 0.006696428571428571 0.00975609756097561
22 0.6814123376623377 0.6365853658536585 0.006087662337662338 0.003658536585365854
15 0.6949066558441559 0.6365853658536585 0.00588474025974026 0.003658536585365854
2 0.7896712662337663 0.6365853658536585 0.005478896103896104 0.003658536585365854
15 0.6880073051948052 0.6367378048780488 0.006290584415584416 0.0039634146341463415
7 0.471286525974026 0.6382621951219513 0.005073051948051948 0.016158536585365854
15 0.4158887987012987 0.6394817073170732 0.002637987012987013 0.008231707317073171
15 0.42359983766233766 0.6394817073170732 0.003043831168831169 0.008231707317073171
15 0.4197443181818182 0.6397865853658536 0.002232142857142857 0.008841463414634146
15 0.4273538961038961 0.6397865853658536 0.002435064935064935 0.008231707317073171
2 0.7896712662337663 0.6400914634146342 0.005478896103896104 0.00274390243902439
22 0.6813108766233766 0.6402439024390244 0.00588474025974026 0.003658536585365854
15 0.4081777597402597 0.6405487804878048 0.0038555194805194805 0.011585365853658536
2 0.6950081168831169 0.6410060975609756 0.005681818181818182 0.0039634146341463415
22 0.7231128246753247 0.6413109756097561 0.006696428571428571 0.0039634146341463415
2 0.6882102272727273 0.6416158536585366 0.007913961038961038 0.0064024390243902435
22 0.4511972402597403 0.6431402439024391 0.003043831168831169 0.008841463414634146
22 0.45413961038961037 0.6431402439024391 0.002029220779220779 0.008231707317073171
2 0.7895698051948052 0.6432926829268293 0.005681818181818182 0.003658536585365854
4 0.48275162337662336 0.6434451219512195 0.007305194805194805 0.009451219512195122
2 0.4637784090909091 0.6435975609756097 0.002637987012987013 0.009146341463414634
22 0.46732954545454547 0.6435975609756097 0.002435064935064935 0.009146341463414634
15 0.5419034090909091 0.6435975609756097 0.0038555194805194805 0.012195121951219513
22 0.6813108766233766 0.6439024390243903 0.00588474025974026 0.003658536585365854
6 0.7823660714285714 0.6439024390243903 0.00872564935064935 0.04024390243902439
4 0.4928977272727273 0.6440548780487805 0.006493506493506494 0.008841463414634146
4 0.502435064935065 0.6442073170731707 0.006087662337662338 0.00853658536585366
14 0.7359983766233766 0.6446646341463415 0.01948051948051948 0.029573170731707316
6 0.771002435064935 0.6446646341463415 0.011566558441558442 0.041158536585365856
22 0.5107548701298701 0.6448170731707317 0.002435064935064935 0.00853658536585366
22 0.525974025974026 0.6448170731707317 0.002435064935064935 0.009146341463414634
22 0.5293222402597403 0.6451219512195122 0.002637987012987013 0.009146341463414634
2 0.5324675324675324 0.6451219512195122 0.002840909090909091 0.00853658536585366
22 0.5357142857142857 0.6451219512195122 0.002840909090909091 0.00853658536585366
2 0.5385551948051948 0.6452743902439024 0.002435064935064935 0.008231707317073171
2 0.6948051948051948 0.6458841463414634 0.006087662337662338 0.0039634146341463415
22 0.6813108766233766 0.6477134146341463 0.00588474025974026 0.003353658536585366
22 0.8170657467532467 0.6477134146341463 0.006290584415584416 0.003353658536585366
2 0.7896712662337663 0.6480182926829269 0.00588474025974026 0.0039634146341463415
6 0.578125 0.6486280487804879 0.023944805194805196 0.007621951219512195
2 0.6882102272727273 0.6489329268292683 0.007508116883116883 0.0064024390243902435
9 0.7053064123376623 0.6491905487804878 0.012885551948051948 0.01667378048780488
22 0.7893668831168831 0.6515243902439024 0.005681818181818182 0.003048780487804878
22 0.8170657467532467 0.6516768292682927 0.006290584415584416 0.003353658536585366
22 0.6812094155844156 0.651829268292683 0.006087662337662338 0.00426829268292683
14 0.8033685064935064 0.6525914634146341 0.019886363636363636 0.030182926829268292
2 0.5518465909090909 0.6530487804878049 0.002637987012987013 0.00975609756097561
2 0.5458603896103896 0.6532012195121951 0.002840909090909091 0.009451219512195122
22 0.5488027597402597 0.6532012195121951 0.002232142857142857 0.010060975609756098
2 0.7893668831168831 0.655030487804878 0.005681818181818182 0.0039634146341463415
2 0.6814123376623377 0.6554878048780488 0.005681818181818182 0.003048780487804878
15 0.6879058441558441 0.6554878048780488 0.006087662337662338 0.003658536585365854
22 0.7893668831168831 0.6591463414634147 0.006493506493506494 0.0024390243902439024
2 0.6816152597402597 0.6594512195121951 0.005681818181818182 0.00426829268292683
15 0.6878043831168831 0.6594512195121951 0.006290584415584416 0.00426829268292683
9 0.6946022727272727 0.6597560975609756 0.006493506493506494 0.003658536585365854
2 0.7893668831168831 0.6625 0.006087662337662338 0.003658536585365854
22 0.5457589285714286 0.6637195121951219 0.002232142857142857 0.00853658536585366
22 0.5481939935064936 0.6640243902439025 0.002232142857142857 0.00853658536585366
22 0.5506290584415584 0.6641768292682927 0.002232142857142857 0.008231707317073171
22 0.5532670454545454 0.6641768292682927 0.002232142857142857 0.008841463414634146
22 0.5558035714285714 0.6641768292682927 0.002435064935064935 0.008231707317073171
22 0.5582386363636364 0.6643292682926829 0.002029220779220779 0.00853658536585366
22 0.7895698051948052 0.6666158536585366 0.006087662337662338 0.0039634146341463415
9 0.7053794642857143 0.667282012195122 0.013031655844155844 0.016271341463414635
2 0.7118506493506493 0.6682926829268293 0.006493506493506494 0.003658536585365854
6 0.6153612012987013 0.6684451219512195 0.03591720779220779 0.07835365853658537
22 0.7190543831168831 0.6685975609756097 0.006290584415584416 0.00426829268292683
9 0.7843952922077922 0.6689024390243903 0.011566558441558442 0.015853658536585366
2 0.7299107142857143 0.6699695121951219 0.002435064935064935 0.008841463414634146
22 0.7325487012987013 0.6701219512195122 0.002029220779220779 0.00853658536585366
2 0.7351866883116883 0.6702743902439025 0.002840909090909091 0.008231707317073171
22 0.750101461038961 0.6704268292682927 0.002232142857142857 0.009146341463414634
2 0.747463474025974 0.6705792682926829 0.002637987012987013 0.009451219512195122
22 0.752739448051948 0.6705792682926829 0.002232142857142857 0.008841463414634146
22 0.7118506493506493 0.6721036585365854 0.006493506493506494 0.003353658536585366
2 0.718952922077922 0.6725609756097561 0.006087662337662338 0.00426829268292683
22 0.8090503246753247 0.6731707317073171 0.002435064935064935 0.009146341463414634
22 0.8115868506493507 0.6731707317073171 0.002232142857142857 0.009146341463414634
22 0.5551948051948052 0.6734756097560975 0.002029220779220779 0.007926829268292683
22 0.5457589285714286 0.6736280487804878 0.002232142857142857 0.008841463414634146
22 0.551948051948052 0.6737804878048781 0.002435064935064935 0.00853658536585366
22 0.5488027597402597 0.6739329268292683 0.002637987012987013 0.008231707317073171
22 0.5577313311688312 0.6739329268292683 0.002637987012987013 0.008231707317073171
22 0.7120535714285714 0.6759146341463415 0.006493506493506494 0.003658536585365854
6 0.5761972402597403 0.6791158536585366 0.025771103896103896 0.05274390243902439
2 0.6987621753246753 0.6797256097560975 0.006290584415584416 0.004573170731707317
15 0.7052556818181818 0.6800304878048781 0.00588474025974026 0.004573170731707317
2 0.7120535714285714 0.6800304878048781 0.006087662337662338 0.003353658536585366
6 0.4180194805194805 0.6817073170731708 0.026785714285714284 0.06951219512195123
14 0.786424512987013 0.6827743902439024 0.011972402597402598 0.011280487804878048
6 0.6550324675324676 0.6835365853658537 0.028409090909090908 0.07621951219512195
22 0.7119521103896104 0.6835365853658537 0.006290584415584416 0.003048780487804878
22 0.8063108766233766 0.6839939024390244 0.0018262987012987013 0.008841463414634146
2 0.6988636363636364 0.6861280487804878 0.006087662337662338 0.004573170731707317
15 0.7052556818181818 0.6861280487804878 0.00588474025974026 0.004573170731707317
6 0.49076704545454547 0.6865853658536586 0.10693993506493507 0.0701219512195122
22 0.7146915584415584 0.6875 0.01176948051948052 0.003658536585365854
6 0.6341314935064936 0.12759146341463415 0.08928571428571429 0.028353658536585367
22 0.45221185064935066 0.1298780487804878 0.003043831168831169 0.009146341463414634
6 0.7880712256493506 0.1300076219512195 0.014454139610389612 0.008185975609756098
22 0.6894277597402597 0.13185975609756098 0.006696428571428571 0.004573170731707317
22 0.7141842532467533 0.13201219512195123 0.003043831168831169 0.01097560975609756
22 0.5568181818181818 0.13216463414634147 0.006087662337662338 0.00274390243902439
2 0.549310064935065 0.1323170731707317 0.006493506493506494 0.00426829268292683
22 0.562601461038961 0.1323170731707317 0.005478896103896104 0.003658536585365854
6 0.8075903003246753 0.1333719512195122 0.02305397727272727 0.013085365853658538
24 0.408887987012987 0.1353658536585366 0.006493506493506494 0.00975609756097561
14 0.7026176948051948 0.13582317073170733 0.016030844155844156 0.019817073170731708
22 0.46256087662337664 0.13597560975609757 0.006290584415584416 0.00426829268292683
22 0.6894277597402597 0.13597560975609757 0.006696428571428571 0.003658536585365854
22 0.5567167207792207 0.13689024390243903 0.00588474025974026 0.003658536585365854
22 0.5625 0.13689024390243903 0.00487012987012987 0.003658536585365854
2 0.5492086038961039 0.13704268292682928 0.006290584415584416 0.0039634146341463415
9 0.5159293831168831 0.13795731707317074 0.010349025974025974 0.014939024390243902
22 0.788192978896104 0.1397545731707317 0.0025223214285714285 0.008167682926829269
22 0.7858614042207792 0.13995274390243903 0.002729301948051948 0.009173780487804878
22 0.6894277597402597 0.14009146341463416 0.006696428571428571 0.0039634146341463415
22 0.7833624188311687 0.14002439024390242 0.002601461038961039 0.009317073170731707
29 0.792523336038961 0.14039024390243904 0.005501217532467532 0.009439024390243902
2 0.4624594155844156 0.14085365853658535 0.005681818181818182 0.003658536585365854
2 0.5570211038961039 0.14192073170731706 0.005681818181818182 0.003353658536585366
22 0.4083806818181818 0.14298780487804877 0.006290584415584416 0.00426829268292683
14 0.4901582792207792 0.1445121951219512 0.03632305194805195 0.048170731707317074
22 0.8018465909090909 0.14466463414634145 0.002637987012987013 0.007621951219512195
22 0.8154423701298701 0.14496951219512194 0.003043831168831169 0.008231707317073171
2 0.557224025974026 0.14527439024390243 0.006087662337662338 0.003353658536585366
22 0.4622564935064935 0.14603658536585365 0.006087662337662338 0.00426829268292683
2 0.549310064935065 0.1461890243902439 0.006087662337662338 0.003353658536585366
22 0.40848214285714285 0.1475609756097561 0.006493506493506494 0.003658536585365854
22 0.5645292207792207 0.1486280487804878 0.006087662337662338 0.004573170731707317
22 0.6834364853896103 0.14985213414634146 0.00648336038961039 0.003972560975609756
22 0.7830793425324675 0.15094817073170733 0.0024411525974025973 0.008603658536585365
29 0.7879251217532468 0.15086585365853658 0.006045048701298701 0.009658536585365854
22 0.7924107142857143 0.1510670731707317 0.002840909090909091 0.009451219512195122
22 0.40848214285714285 0.15182926829268292 0.006087662337662338 0.00426829268292683
7 0.770900974025974 0.15228658536585366 0.011363636363636364 0.008231707317073171
24 0.557426948051948 0.1527439024390244 0.006899350649350649 0.01097560975609756
2 0.5647321428571429 0.1527439024390244 0.006087662337662338 0.004878048780487805
15 0.7246347402597403 0.15365853658536585 0.008116883116883116 0.006707317073170732
24 0.7112418831168831 0.15411585365853658 0.006899350649350649 0.011280487804878048
22 0.4159902597402597 0.15457317073170732 0.006087662337662338 0.00426829268292683
22 0.40868506493506496 0.15670731707317073 0.006087662337662338 0.00426829268292683
2 0.5645292207792207 0.1573170731707317 0.006087662337662338 0.00426829268292683
6 0.6287540584415584 0.1573170731707317 0.10328733766233766 0.023170731707317073
2 0.5118709415584416 0.15807926829268293 0.00588474025974026 0.0039634146341463415
22 0.4158887987012987 0.1597560975609756 0.006290584415584416 0.003658536585365854
24 0.4622564935064935 0.16082317073170732 0.006087662337662338 0.010060975609756098
22 0.4083806818181818 0.1611280487804878 0.00588474025974026 0.0039634146341463415
2 0.5645292207792207 0.16128048780487805 0.006087662337662338 0.003658536585365854
22 0.7113433441558441 0.16173780487804879 0.006696428571428571 0.003353658536585366
14 0.5342938311688312 0.16189024390243903 0.021915584415584416 0.05060975609756098
22 0.5119724025974026 0.16234756097560976 0.006493506493506494 0.0039634146341463415
24 0.557325487012987 0.16341463414634147 0.006290584415584416 0.01097560975609756
22 0.5492086038961039 0.1649390243902439 0.006696428571428571 0.003658536585365854
2 0.5643262987012987 0.1649390243902439 0.005681818181818182 0.003658536585365854
15 0.7262581168831169 0.1649390243902439 0.004058441558441558 0.012804878048780487
22 0.4160917207792208 0.1652439024390244 0.00588474025974026 0.003658536585365854
24 0.7689732142857143 0.16585365853658537 0.007508116883116883 0.00975609756097561
22 0.4083806818181818 0.16615853658536586 0.006290584415584416 0.003658536585365854
24 0.700588474025974 0.16615853658536586 0.006696428571428571 0.01097560975609756
2 0.5194805194805194 0.16646341463414635 0.006087662337662338 0.004878048780487805
24 0.6905438311688312 0.16722560975609757 0.006899350649350649 0.010670731707317074
15 0.7436079545454546 0.16814024390243903 0.008319805194805194 0.0064024390243902435
24 0.711140422077922 0.1690548780487805 0.007102272727272727 0.011280487804878048
2 0.5096387987012987 0.169359756097561 0.003043831168831169 0.008841463414634146
2 0.513189935064935 0.169359756097561 0.002840909090909091 0.008231707317073171
2 0.5644277597402597 0.16966463414634148 0.006290584415584416 0.004573170731707317
22 0.5491071428571429 0.1701219512195122 0.006899350649350649 0.003658536585365854
22 0.4083806818181818 0.17073170731707318 0.006290584415584416 0.00426829268292683
22 0.4159902597402597 0.17073170731707318 0.006087662337662338 0.003658536585365854
14 0.43861607142857145 0.17088414634146343 0.033076298701298704 0.06737804878048781
24 0.46256087662337664 0.17134146341463416 0.006290584415584416 0.010365853658536586
22 0.5194805194805194 0.17134146341463416 0.005681818181818182 0.00426829268292683
2 0.760247564935065 0.17347560975609755 0.003043831168831169 0.009146341463414634
24 0.557122564935065 0.174390243902439 0.006696428571428571 0.010365853658536586
2 0.5643262987012987 0.174390243902439 0.006087662337662338 0.00426829268292683
22 0.5490056818181818 0.17484756097560974 0.006696428571428571 0.004573170731707317
22 0.5116680194805194 0.17530487804878048 0.006290584415584416 0.003658536585365854
7 0.572932224025974 0.17559298780487806 0.0046306818181818185 0.015210365853658536
22 0.40848214285714285 0.17560975609756097 0.006087662337662338 0.003658536585365854
24 0.7689732142857143 0.17591463414634145 0.007102272727272727 0.00975609756097561
22 0.4159902597402597 0.1760670731707317 0.006087662337662338 0.0039634146341463415
4 0.4914772727272727 0.17667682926829267 0.006493506493506494 0.010060975609756098
2 0.7450284090909091 0.17682926829268292 0.002232142857142857 0.009146341463414634
22 0.7233157467532467 0.17728658536585365 0.006696428571428571 0.004573170731707317
2 0.5644277597402597 0.17865853658536585 0.006290584415584416 0.00426829268292683
24 0.700487012987013 0.17911585365853658 0.007305194805194805 0.010670731707317074
22 0.5115665584415584 0.1795731707317073 0.006899350649350649 0.003048780487804878
24 0.6903409090909091 0.1801829268292683 0.007305194805194805 0.01097560975609756
22 0.4083806818181818 0.18033536585365853 0.006290584415584416 0.0039634146341463415
22 0.41578733766233766 0.18109756097560975 0.006493506493506494 0.00426829268292683
22 0.5568181818181818 0.18170731707317073 0.006493506493506494 0.004878048780487805
22 0.6828327922077922 0.18201219512195121 0.006493506493506494 0.004878048780487805
22 0.5116680194805194 0.18292682926829268 0.006290584415584416 0.003048780487804878
2 0.5645292207792207 0.18323170731707317 0.006087662337662338 0.003658536585365854
22 0.46185064935064934 0.18353658536585366 0.002840909090909091 0.00975609756097561
22 0.7600446428571429 0.18353658536585366 0.002637987012987013 0.00975609756097561
22 0.46499594155844154 0.18384146341463414 0.002637987012987013 0.00975609756097561
22 0.4083806818181818 0.18521341463414634 0.006290584415584416 0.004573170731707317
22 0.41578733766233766 0.18551829268292683 0.006493506493506494 0.0039634146341463415
14 0.4786931818181818 0.18597560975609756 0.019074675324675324 0.03719512195121951
2 0.7454342532467533 0.1861280487804878 0.003043831168831169 0.008841463414634146
6 0.6285511363636364 0.18628048780487805 0.10409902597402597 0.020121951219512196
2 0.5117694805194806 0.18658536585365854 0.006087662337662338 0.003658536585365854
22 0.5567167207792207 0.18658536585365854 0.006696428571428571 0.004878048780487805
2 0.5645292207792207 0.18795731707317073 0.005681818181818182 0.004573170731707317
22 0.682325487012987 0.18948170731707317 0.007102272727272727 0.004573170731707317
22 0.5191761363636364 0.1899390243902439 0.006290584415584416 0.004878048780487805
24 0.700385551948052 0.1899390243902439 0.007102272727272727 0.010365853658536586
22 0.4083806818181818 0.19009146341463415 0.006290584415584416 0.0039634146341463415
22 0.5117694805194806 0.19039634146341464 0.006087662337662338 0.0039634146341463415
6 0.5012175324675324 0.19085365853658537 0.008928571428571428 0.03475609756097561
24 0.7687702922077922 0.19085365853658537 0.007102272727272727 0.00975609756097561
22 0.5569196428571429 0.19146341463414634 0.006290584415584416 0.003658536585365854
7 0.5725527597402598 0.19209603658536586 0.004683441558441558 0.01589939024390244
4 0.49117288961038963 0.19207317073170732 0.006696428571428571 0.01097560975609756
22 0.682426948051948 0.1940548780487805 0.007305194805194805 0.003353658536585366
22 0.4083806818181818 0.19451219512195123 0.006290584415584416 0.003658536585365854
9 0.549614448051948 0.19451219512195123 0.009537337662337662 0.012804878048780487
22 0.4158887987012987 0.1948170731707317 0.006290584415584416 0.00426829268292683
24 0.6903409090909091 0.1951219512195122 0.007305194805194805 0.01097560975609756
2 0.7772930194805194 0.19588414634146342 0.006290584415584416 0.0039634146341463415
22 0.565036525974026 0.19603658536585367 0.006290584415584416 0.003658536585365854
2 0.5578327922077922 0.1975609756097561 0.008116883116883116 0.00548780487804878
22 0.700588474025974 0.1978658536585366 0.006696428571428571 0.004878048780487805
22 0.4082792207792208 0.1992378048780488 0.006087662337662338 0.0039634146341463415
22 0.4158887987012987 0.19954268292682928 0.006290584415584416 0.0039634146341463415
2 0.564935064935065 0.2003048780487805 0.005681818181818182 0.00426829268292683
22 0.7774959415584416 0.200609756097561 0.006696428571428571 0.00426829268292683
24 0.6826298701298701 0.20182926829268294 0.006899350649350649 0.011585365853658536
22 0.6077516233766234 0.2030487804878049 0.006493506493506494 0.00426829268292683
22 0.7486810064935064 0.20335365853658535 0.002637987012987013 0.00975609756097561
22 0.4158887987012987 0.20411585365853657 0.006290584415584416 0.0039634146341463415
22 0.4080762987012987 0.20442073170731706 0.006087662337662338 0.0039634146341463415
14 0.799411525974026 0.20579268292682926 0.01359577922077922 0.032926829268292684
2 0.7278814935064936 0.20640243902439023 0.002840909090909091 0.009146341463414634
2 0.734172077922078 0.20640243902439023 0.002435064935064935 0.00853658536585366
2 0.7373173701298701 0.20640243902439023 0.003043831168831169 0.00853658536585366
2 0.7306209415584416 0.20655487804878048 0.002637987012987013 0.008841463414634146
22 0.7620738636363636 0.20655487804878048 0.00588474025974026 0.0039634146341463415
22 0.41578733766233766 0.20853658536585365 0.006087662337662338 0.003658536585365854
22 0.4080762987012987 0.20884146341463414 0.006087662337662338 0.003658536585365854
22 0.7772930194805194 0.20929878048780487 0.006696428571428571 0.004573170731707317
24 0.689935064935065 0.2094512195121951 0.006493506493506494 0.01097560975609756
9 0.5555438311688311 0.2119420731707317 0.014496753246753246 0.023884146341463415
22 0.7428977272727273 0.21265243902439024 0.002840909090909091 0.009451219512195122
22 0.7485795454545454 0.21371951219512195 0.002435064935064935 0.00975609756097561
22 0.760450487012987 0.21371951219512195 0.002637987012987013 0.009146341463414634
22 0.7633928571428571 0.2138719512195122 0.002840909090909091 0.009451219512195122
2 0.7312297077922078 0.21539634146341463 0.002637987012987013 0.008841463414634146
2 0.737114448051948 0.21539634146341463 0.002637987012987013 0.008841463414634146
2 0.7339691558441559 0.21554878048780488 0.002435064935064935 0.00853658536585366
2 0.7399553571428571 0.21570121951219512 0.002637987012987013 0.008841463414634146
6 0.4121347402597403 0.2184451219512195 0.01461038961038961 0.015548780487804878
24 0.4351663961038961 0.21859756097560976 0.006696428571428571 0.010365853658536586
24 0.4496753246753247 0.21935975609756098 0.006493506493506494 0.008841463414634146
24 0.6792816558441559 0.21966463414634146 0.006696428571428571 0.010670731707317074
14 0.6576704545454546 0.2198170731707317 0.013392857142857142 0.01524390243902439
24 0.4564732142857143 0.21996951219512195 0.006290584415584416 0.008841463414634146
24 0.463474025974026 0.2201219512195122 0.006493506493506494 0.007926829268292683
24 0.47047483766233766 0.22027439024390244 0.006696428571428571 0.007621951219512195
24 0.48711444805194803 0.22027439024390244 0.006696428571428571 0.008231707317073171
24 0.6898336038961039 0.22027439024390244 0.006696428571428571 0.010670731707317074
24 0.4804180194805195 0.22042682926829268 0.006290584415584416 0.00853658536585366
24 0.4942167207792208 0.22042682926829268 0.007102272727272727 0.00853658536585366
24 0.5016233766233766 0.22057926829268293 0.006493506493506494 0.008231707317073171
24 0.5085227272727273 0.22088414634146342 0.006493506493506494 0.008231707317073171
24 0.515625 0.2211890243902439 0.006087662337662338 0.008231707317073171
24 0.5223214285714286 0.2211890243902439 0.006493506493506494 0.007621951219512195
24 0.5290178571428571 0.2211890243902439 0.006087662337662338 0.008231707317073171
24 0.5439326298701299 0.2214939024390244 0.006696428571428571 0.008231707317073171
24 0.5362215909090909 0.22179878048780488 0.006696428571428571 0.008231707317073171
24 0.5738636363636364 0.22195121951219512 0.006899350649350649 0.007926829268292683
22 0.7428977272727273 0.22195121951219512 0.002435064935064935 0.009146341463414634
24 0.5816761363636364 0.2222560975609756 0.006290584415584416 0.007926829268292683
24 0.5654423701298701 0.22240853658536586 0.007913961038961038 0.008841463414634146
24 0.5882711038961039 0.2225609756097561 0.007305194805194805 0.007926829268292683
24 0.601663961038961 0.2225609756097561 0.006087662337662338 0.007926829268292683
24 0.5951704545454546 0.22271341463414634 0.006493506493506494 0.008231707317073171
24 0.622463474025974 0.22271341463414634 0.007102272727272727 0.008231707317073171
24 0.6084618506493507 0.2228658536585366 0.006696428571428571 0.007926829268292683
24 0.6154626623376623 0.2228658536585366 0.006899350649350649 0.007926829268292683
24 0.643262987012987 0.2228658536585366 0.006899350649350649 0.007926829268292683
24 0.6296672077922078 0.22301829268292683 0.006493506493506494 0.007621951219512195
24 0.6364650974025974 0.22301829268292683 0.006696428571428571 0.007621951219512195
22 0.760450487012987 0.22378048780487805 0.002637987012987013 0.00975609756097561
2 0.7633928571428571 0.2239329268292683 0.002840909090909091 0.008841463414634146
22 0.7484780844155844 0.22469512195121952 0.003043831168831169 0.00975609756097561
22 0.7669439935064936 0.22469512195121952 0.002637987012987013 0.00975609756097561
22 0.7699878246753247 0.22484756097560976 0.002637987012987013 0.009451219512195122
24 0.7819602272727273 0.22698170731707318 0.006696428571428571 0.010670731707317074
22 0.7428977272727273 0.23201219512195123 0.002840909090909091 0.00975609756097561
7 0.40980113636363635 0.2342987804878049 0.002232142857142857 0.009451219512195122
6 0.552252435064935 0.2342987804878049 0.27982954545454547 0.02530487804878049
24 0.7728287337662337 0.23460365853658535 0.006696428571428571 0.010060975609756098
24 0.7820616883116883 0.2375 0.006493506493506494 0.010365853658536586
14 0.7991071428571429 0.24009146341463414 0.012175324675324676 0.024695121951219513
22 0.7727272727272727 0.2420731707317073 0.006493506493506494 0.00426829268292683
24 0.6804991883116883 0.24329268292682926 0.00588474025974026 0.011585365853658536
22 0.6854707792207793 0.2434451219512195 0.002840909090909091 0.0125
22 0.6879058441558441 0.2434451219512195 0.002029220779220779 0.011890243902439025
22 0.6907467532467533 0.2434451219512195 0.002435064935064935 0.011280487804878048
2 0.773336038961039 0.24923780487804878 0.006087662337662338 0.004573170731707317
24 0.7815543831168831 0.2530487804878049 0.006696428571428571 0.01097560975609756
6 0.5538758116883117 0.25640243902439025 0.2765827922077922 0.03353658536585366
15 0.7002840909090909 0.2605182926829268 0.004058441558441558 0.0125
22 0.7748579545454546 0.2736280487804878 0.006696428571428571 0.004573170731707317
22 0.7815543831168831 0.2736280487804878 0.006290584415584416 0.004573170731707317
24 0.7001826298701299 0.27378048780487807 0.007508116883116883 0.010365853658536586
22 0.632711038961039 0.27484756097560975 0.002840909090909091 0.011890243902439025
14 0.7389407467532467 0.27515243902439024 0.05945616883116883 0.08871951219512195
22 0.6502637987012987 0.27652439024390246 0.002637987012987013 0.00975609756097561
22 0.6765422077922078 0.280640243902439 0.006087662337662338 0.0039634146341463415
22 0.6832386363636364 0.2809451219512195 0.006087662337662338 0.004573170731707317
22 0.7887581168831169 0.2823170731707317 0.002435064935064935 0.00975609756097561
22 0.7913961038961039 0.2823170731707317 0.002435064935064935 0.009146341463414634
24 0.783685064935065 0.28307926829268293 0.006493506493506494 0.010670731707317074
22 0.4291801948051948 0.2839939024390244 0.002840909090909091 0.009451219512195122
22 0.43242694805194803 0.2839939024390244 0.002840909090909091 0.009451219512195122
22 0.4353693181818182 0.2839939024390244 0.002232142857142857 0.009451219512195122
22 0.43861607142857145 0.2842987804878049 0.002637987012987013 0.009451219512195122
9 0.46614650974025973 0.2844588414634146 0.014679383116883117 0.020746951219512193
9 0.5916507711038962 0.28864786585365854 0.01406452922077922 0.021807926829268295
24 0.6730925324675324 0.2896341463414634 0.006899350649350649 0.010365853658536586
22 0.44490665584415584 0.29573170731707316 0.002637987012987013 0.009146341463414634
14 0.43394886363636365 0.3022865853658537 0.01278409090909091 0.024695121951219513