14 0.8317307692307693 0.38341346153846156 0.019230769230769232 0.026442307692307692
3 0.7884615384615384 0.3713942307692308 0.004807692307692308 0.007211538461538462
3 0.7920673076923077 0.37259615384615385 0.002403846153846154 0.004807692307692308
3 0.7956730769230769 0.3737980769230769 0.004807692307692308 0.007211538461538462
7 0.5276442307692307 0.30649038461538464 0.01201923076923077 0.01201923076923077
3 0.7608173076923077 0.36538461538461536 0.002403846153846154 0.004807692307692308
3 0.7980769230769231 0.3737980769230769 0.004807692307692308 0.007211538461538462
23 0.5372596153846154 0.3088942307692308 0.01201923076923077 0.01201923076923077
3 0.7548076923076923 0.3641826923076923 0.004807692307692308 0.007211538461538462
3 0.7644230769230769 0.36658653846153844 0.004807692307692308 0.007211538461538462
3 0.7572115384615384 0.3641826923076923 0.004807692307692308 0.007211538461538462
3 0.8389423076923077 0.390625 0.004807692307692308 0.007211538461538462
23 0.8509615384615384 0.3942307692307692 0.004807692307692308 0.004807692307692308
14 0.6370192307692307 0.3425480769230769 0.019230769230769232 0.021634615384615384
14 0.6610576923076923 0.35096153846153844 0.019230769230769232 0.02403846153846154
23 0.8485576923076923 0.4014423076923077 0.004807692307692308 0.004807692307692308
3 0.6466346153846154 0.3545673076923077 0.004807692307692308 0.007211538461538462
3 0.6694711538461539 0.3605769230769231 0.002403846153846154 0.004807692307692308
14 0.7872596153846154 0.390625 0.026442307692307692 0.03125
14 0.7512019230769231 0.38341346153846156 0.026442307692307692 0.03125
23 0.8485576923076923 0.40625 0.004807692307692308 0.004807692307692308
26 0.5949519230769231 0.3449519230769231 0.007211538461538462 0.01201923076923077
6 0.8701923076923077 0.41346153846153844 0.0625 0.16346153846153846
3 0.49759615384615385 0.3233173076923077 0.019230769230769232 0.026442307692307692
3 0.5324519230769231 0.33052884615384615 0.021634615384615384 0.026442307692307692
15 0.5144230769230769 0.3293269230769231 0.014423076923076924 0.009615384615384616
23 0.37259615384615385 0.2956730769230769 0.004807692307692308 0.004807692307692308
23 0.8461538461538461 0.41346153846153844 0.004807692307692308 0.004807692307692308
3 0.796875 0.4014423076923077 0.002403846153846154 0.004807692307692308
3 0.7608173076923077 0.3942307692307692 0.002403846153846154 0.004807692307692308
3 0.6959134615384616 0.37740384615384615 0.007211538461538462 0.009615384615384616
23 0.84375 0.4182692307692308 0.004807692307692308 0.004807692307692308
23 0.37259615384615385 0.30288461538461536 0.004807692307692308 0.004807692307692308
3 0.5997596153846154 0.3605769230769231 0.002403846153846154 0.004807692307692308
23 0.7127403846153846 0.3894230769230769 0.007211538461538462 0.014423076923076924
23 0.7199519230769231 0.390625 0.007211538461538462 0.01201923076923077
23 0.7055288461538461 0.38822115384615385 0.007211538461538462 0.01201923076923077
3 0.7860576923076923 0.4098557692307692 0.004807692307692308 0.007211538461538462
3 0.5492788461538461 0.35096153846153844 0.002403846153846154 0.004807692307692308
3 0.7800480769230769 0.40865384615384615 0.002403846153846154 0.004807692307692308
3 0.7824519230769231 0.40865384615384615 0.002403846153846154 0.004807692307692308
3 0.7908653846153846 0.4098557692307692 0.004807692307692308 0.007211538461538462
3 0.7463942307692307 0.39903846153846156 0.002403846153846154 0.004807692307692308
3 0.75 0.40024038461538464 0.004807692307692308 0.007211538461538462
3 0.7548076923076923 0.4026442307692308 0.004807692307692308 0.007211538461538462
3 0.7439903846153846 0.40024038461538464 0.007211538461538462 0.007211538461538462
23 0.8413461538461539 0.4254807692307692 0.004807692307692308 0.004807692307692308
23 0.3701923076923077 0.3076923076923077 0.004807692307692308 0.004807692307692308
14 0.8221153846153846 0.421875 0.019230769230769232 0.026442307692307692
3 0.625 0.3762019230769231 0.004807692307692308 0.007211538461538462
3 0.5048076923076923 0.3473557692307692 0.004807692307692308 0.007211538461538462
14 0.3918269230769231 0.31850961538461536 0.019230769230769232 0.026442307692307692
23 0.36778846153846156 0.31490384615384615 0.004807692307692308 0.004807692307692308
23 0.8413461538461539 0.4326923076923077 0.004807692307692308 0.004807692307692308
3 0.8269230769230769 0.42908653846153844 0.004807692307692308 0.007211538461538462
23 0.7824519230769231 0.4182692307692308 0.002403846153846154 0.004807692307692308
23 0.7776442307692307 0.4182692307692308 0.002403846153846154 0.004807692307692308
23 0.7860576923076923 0.41947115384615385 0.004807692307692308 0.007211538461538462
23 0.7451923076923077 0.4098557692307692 0.004807692307692308 0.007211538461538462
23 0.7403846153846154 0.4098557692307692 0.004807692307692308 0.007211538461538462
23 0.7487980769230769 0.4110576923076923 0.002403846153846154 0.004807692307692308
23 0.75 0.41225961538461536 0.004807692307692308 0.007211538461538462
23 0.7836538461538461 0.41947115384615385 0.004807692307692308 0.007211538461538462
14 0.6875 0.3954326923076923 0.02403846153846154 0.03125
3 0.7163461538461539 0.4050480769230769 0.004807692307692308 0.007211538461538462
14 0.7079326923076923 0.4050480769230769 0.01201923076923077 0.01201923076923077
3 0.39903846153846156 0.328125 0.004807692307692308 0.007211538461538462
23 0.8413461538461539 0.43990384615384615 0.004807692307692308 0.004807692307692308
23 0.36778846153846156 0.32211538461538464 0.004807692307692308 0.004807692307692308
3 0.6225961538461539 0.38822115384615385 0.004807692307692308 0.007211538461538462
3 0.6766826923076923 0.40384615384615385 0.002403846153846154 0.004807692307692308
14 0.5372596153846154 0.36899038461538464 0.016826923076923076 0.026442307692307692
23 0.36538461538461536 0.3269230769230769 0.004807692307692308 0.004807692307692308
23 0.8389423076923077 0.44711538461538464 0.004807692307692308 0.004807692307692308
23 0.6466346153846154 0.40024038461538464 0.009615384615384616 0.01201923076923077
3 0.5432692307692307 0.3786057692307692 0.004807692307692308 0.007211538461538462
23 0.3629807692307692 0.33413461538461536 0.004807692307692308 0.004807692307692308
23 0.8365384615384616 0.4543269230769231 0.004807692307692308 0.004807692307692308
23 0.7211538461538461 0.42788461538461536 0.004807692307692308 0.004807692307692308
3 0.7043269230769231 0.4254807692307692 0.019230769230769232 0.019230769230769232
23 0.6838942307692307 0.41947115384615385 0.007211538461538462 0.01201923076923077
23 0.6766826923076923 0.4182692307692308 0.007211538461538462 0.014423076923076924
23 0.3629807692307692 0.34134615384615385 0.004807692307692308 0.004807692307692308
23 0.8365384615384616 0.45913461538461536 0.004807692307692308 0.004807692307692308
3 0.6586538461538461 0.4170673076923077 0.004807692307692308 0.007211538461538462
3 0.6634615384615384 0.421875 0.004807692307692308 0.007211538461538462
23 0.8341346153846154 0.46634615384615385 0.004807692307692308 0.004807692307692308
23 0.3605769230769231 0.3485576923076923 0.004807692307692308 0.004807692307692308
14 0.8125 0.46153846153846156 0.019230769230769232 0.02403846153846154
14 0.6442307692307693 0.421875 0.019230769230769232 0.026442307692307692
14 0.5 0.38822115384615385 0.019230769230769232 0.026442307692307692
14 0.3798076923076923 0.3581730769230769 0.019230769230769232 0.02403846153846154
3 0.47596153846153844 0.38341346153846156 0.004807692307692308 0.007211538461538462
23 0.3581730769230769 0.35336538461538464 0.004807692307692308 0.004807692307692308
14 0.5817307692307693 0.4098557692307692 0.08173076923076923 0.10336538461538461
23 0.8317307692307693 0.4735576923076923 0.004807692307692308 0.004807692307692308
3 0.8185096153846154 0.46875 0.002403846153846154 0.004807692307692308
3 0.6814903846153846 0.43509615384615385 0.007211538461538462 0.009615384615384616
7 0.7007211538461539 0.4411057692307692 0.01201923076923077 0.01201923076923077
3 0.6538461538461539 0.43149038461538464 0.004807692307692308 0.007211538461538462
14 0.5288461538461539 0.40024038461538464 0.014423076923076924 0.026442307692307692
3 0.5072115384615384 0.39783653846153844 0.004807692307692308 0.007211538461538462
14 0.4543269230769231 0.38461538461538464 0.052884615384615384 0.0673076923076923
23 0.3581730769230769 0.3605769230769231 0.004807692307692308 0.004807692307692308
3 0.3894230769230769 0.36899038461538464 0.004807692307692308 0.007211538461538462
23 0.8317307692307693 0.47836538461538464 0.004807692307692308 0.004807692307692308
3 0.5360576923076923 0.41225961538461536 0.004807692307692308 0.007211538461538462
23 0.8293269230769231 0.4855769230769231 0.004807692307692308 0.004807692307692308
23 0.3557692307692308 0.36778846153846156 0.004807692307692308 0.004807692307692308
14 0.7439903846153846 0.46634615384615385 0.06009615384615385 0.0673076923076923
23 0.3557692307692308 0.375 0.004807692307692308 0.004807692307692308
23 0.8269230769230769 0.49278846153846156 0.004807692307692308 0.004807692307692308
3 0.7716346153846154 0.4795673076923077 0.004807692307692308 0.007211538461538462
14 0.6730769230769231 0.4567307692307692 0.019230769230769232 0.028846153846153848
23 0.35336538461538464 0.3798076923076923 0.004807692307692308 0.004807692307692308
14 0.6370192307692307 0.453125 0.019230769230769232 0.026442307692307692
3 0.5432692307692307 0.43149038461538464 0.004807692307692308 0.007211538461538462
3 0.6610576923076923 0.46033653846153844 0.004807692307692308 0.007211538461538462
14 0.49278846153846156 0.41947115384615385 0.019230769230769232 0.026442307692307692
23 0.35096153846153844 0.3870192307692308 0.004807692307692308 0.004807692307692308
6 0.328125 0.38341346153846156 0.06490384615384616 0.19471153846153846
3 0.6430288461538461 0.46634615384615385 0.002403846153846154 0.004807692307692308
3 0.49759615384615385 0.43149038461538464 0.004807692307692308 0.007211538461538462
23 0.35096153846153844 0.3942307692307692 0.004807692307692308 0.004807692307692308
14 0.37259615384615385 0.39903846153846156 0.019230769230769232 0.02403846153846154
23 0.6754807692307693 0.47716346153846156 0.004807692307692308 0.007211538461538462
23 0.6694711538461539 0.4795673076923077 0.007211538461538462 0.01201923076923077
23 0.6646634615384616 0.47716346153846156 0.007211538461538462 0.01201923076923077
3 0.3786057692307692 0.40865384615384615 0.002403846153846154 0.004807692307692308
23 0.3485576923076923 0.4014423076923077 0.004807692307692308 0.004807692307692308
23 0.7536057692307693 0.5036057692307693 0.01201923076923077 0.01201923076923077
3 0.5913461538461539 0.46634615384615385 0.004807692307692308 0.004807692307692308
23 0.34615384615384615 0.40865384615384615 0.004807692307692308 0.004807692307692308
26 0.8004807692307693 0.5204326923076923 0.009615384615384616 0.007211538461538462
23 0.34615384615384615 0.41466346153846156 0.004807692307692308 0.002403846153846154
3 0.44711538461538464 0.4411057692307692 0.004807692307692308 0.007211538461538462
23 0.34375 0.4206730769230769 0.004807692307692308 0.004807692307692308
3 0.6983173076923077 0.5108173076923077 0.007211538461538462 0.007211538461538462
26 0.640625 0.4963942307692308 0.007211538461538462 0.007211538461538462
3 0.5961538461538461 0.4891826923076923 0.004807692307692308 0.007211538461538462
23 0.34134615384615385 0.4254807692307692 0.004807692307692308 0.004807692307692308
14 0.7572115384615384 0.5300480769230769 0.019230769230769232 0.026442307692307692
3 0.4735576923076923 0.46153846153846156 0.004807692307692308 0.004807692307692308
14 0.6201923076923077 0.49759615384615385 0.019230769230769232 0.02403846153846154
3 0.5096153846153846 0.4735576923076923 0.004807692307692308 0.004807692307692308
6 0.7175480769230769 0.5264423076923077 0.040865384615384616 0.02403846153846154
14 0.3629807692307692 0.43990384615384615 0.019230769230769232 0.02403846153846154
23 0.34134615384615385 0.4326923076923077 0.004807692307692308 0.004807692307692308
3 0.7620192307692307 0.5420673076923077 0.004807692307692308 0.007211538461538462
3 0.6274038461538461 0.5084134615384616 0.004807692307692308 0.007211538461538462
3 0.3701923076923077 0.44591346153846156 0.004807692307692308 0.007211538461538462
23 0.3389423076923077 0.43990384615384615 0.004807692307692308 0.004807692307692308
26 0.3894230769230769 0.4543269230769231 0.009615384615384616 0.009615384615384616
23 0.33653846153846156 0.44711538461538464 0.004807692307692308 0.004807692307692308
3 0.5745192307692307 0.5072115384615384 0.004807692307692308 0.004807692307692308
23 0.6610576923076923 0.5336538461538461 0.004807692307692308 0.004807692307692308
3 0.625 0.5264423076923077 0.004807692307692308 0.004807692307692308
23 0.33413461538461536 0.4543269230769231 0.004807692307692308 0.004807692307692308
14 0.46033653846153844 0.49038461538461536 0.06009615384615385 0.0625
23 0.33413461538461536 0.45913461538461536 0.004807692307692308 0.004807692307692308
14 0.7475961538461539 0.5637019230769231 0.019230769230769232 0.026442307692307692
6 0.8185096153846154 0.5817307692307693 0.08413461538461539 0.1778846153846154
14 0.3557692307692308 0.46875 0.019230769230769232 0.02403846153846154
3 0.484375 0.5012019230769231 0.007211538461538462 0.007211538461538462
3 0.6754807692307693 0.5516826923076923 0.004807692307692308 0.007211538461538462
23 0.3317307692307692 0.46634615384615385 0.004807692307692308 0.004807692307692308
3 0.7548076923076923 0.5733173076923077 0.004807692307692308 0.007211538461538462
3 0.4326923076923077 0.49399038461538464 0.004807692307692308 0.007211538461538462
3 0.3629807692307692 0.4795673076923077 0.004807692307692308 0.007211538461538462
23 0.3293269230769231 0.4735576923076923 0.004807692307692308 0.004807692307692308
14 0.5 0.5192307692307693 0.019230769230769232 0.02403846153846154
3 0.5901442307692307 0.5420673076923077 0.007211538461538462 0.007211538461538462
23 0.3233173076923077 0.4795673076923077 0.01201923076923077 0.01201923076923077
23 0.6802884615384616 0.5709134615384616 0.004807692307692308 0.007211538461538462
23 0.6766826923076923 0.5697115384615384 0.002403846153846154 0.004807692307692308
3 0.5072115384615384 0.5300480769230769 0.004807692307692308 0.007211538461538462
3 0.4423076923076923 0.5192307692307693 0.004807692307692308 0.004807692307692308
23 0.3233173076923077 0.4879807692307692 0.01201923076923077 0.009615384615384616
14 0.7403846153846154 0.5961538461538461 0.019230769230769232 0.02403846153846154
3 0.5228365384615384 0.5432692307692307 0.002403846153846154 0.004807692307692308
23 0.6778846153846154 0.5829326923076923 0.004807692307692308 0.007211538461538462
23 0.6730769230769231 0.5805288461538461 0.004807692307692308 0.007211538461538462
14 0.6334134615384616 0.578125 0.08413461538461539 0.10817307692307693
3 0.7475961538461539 0.6069711538461539 0.004807692307692308 0.007211538461538462
23 0.6706730769230769 0.5925480769230769 0.004807692307692308 0.007211538461538462
23 0.6754807692307693 0.59375 0.004807692307692308 0.009615384615384616
14 0.5504807692307693 0.5673076923076923 0.09134615384615384 0.1346153846153846
23 0.7463942307692307 0.6213942307692307 0.007211538461538462 0.01201923076923077
23 0.6682692307692307 0.6021634615384616 0.004807692307692308 0.007211538461538462
23 0.671875 0.6033653846153846 0.002403846153846154 0.004807692307692308
3 0.4879807692307692 0.5576923076923077 0.004807692307692308 0.004807692307692308
3 0.4182692307692308 0.5408653846153846 0.004807692307692308 0.004807692307692308
3 0.4543269230769231 0.5552884615384616 0.004807692307692308 0.004807692307692308
14 0.7331730769230769 0.6298076923076923 0.019230769230769232 0.02403846153846154
23 0.6658653846153846 0.6141826923076923 0.004807692307692308 0.007211538461538462
23 0.6682692307692307 0.6141826923076923 0.004807692307692308 0.007211538461538462
23 0.7692307692307693 0.6466346153846154 0.009615384615384616 0.009615384615384616
23 0.7560096153846154 0.6418269230769231 0.01201923076923077 0.009615384615384616
3 0.7403846153846154 0.6382211538461539 0.004807692307692308 0.007211538461538462
23 0.6634615384615384 0.6237980769230769 0.004807692307692308 0.007211538461538462
23 0.6658653846153846 0.6237980769230769 0.004807692307692308 0.007211538461538462
3 0.5925480769230769 0.6069711538461539 0.007211538461538462 0.007211538461538462
23 0.7367788461538461 0.6466346153846154 0.002403846153846154 0.004807692307692308
23 0.7295673076923077 0.6466346153846154 0.002403846153846154 0.004807692307692308
3 0.7127403846153846 0.6418269230769231 0.002403846153846154 0.004807692307692308
23 0.7235576923076923 0.6454326923076923 0.004807692307692308 0.007211538461538462
3 0.5072115384615384 0.5973557692307693 0.004807692307692308 0.007211538461538462
3 0.6394230769230769 0.6322115384615384 0.004807692307692308 0.004807692307692308
23 0.7596153846153846 0.6610576923076923 0.004807692307692308 0.004807692307692308
14 0.4387019230769231 0.5829326923076923 0.06009615384615385 0.06490384615384616
3 0.7355769230769231 0.6574519230769231 0.004807692307692308 0.007211538461538462
3 0.7235576923076923 0.6526442307692307 0.004807692307692308 0.007211538461538462
3 0.7295673076923077 0.65625 0.002403846153846154 0.004807692307692308
23 0.765625 0.6646634615384616 0.007211538461538462 0.01201923076923077
3 0.6514423076923077 0.6394230769230769 0.004807692307692308 0.004807692307692308
3 0.46274038461538464 0.5961538461538461 0.002403846153846154 0.004807692307692308
3 0.4110576923076923 0.5877403846153846 0.004807692307692308 0.007211538461538462
23 0.7608173076923077 0.6790865384615384 0.007211538461538462 0.01201923076923077
14 0.7475961538461539 0.6766826923076923 0.019230769230769232 0.026442307692307692
26 0.3954326923076923 0.5913461538461539 0.01201923076923077 0.009615384615384616
14 0.7235576923076923 0.6730769230769231 0.019230769230769232 0.02403846153846154
7 0.7824519230769231 0.6911057692307693 0.021634615384615384 0.036057692307692304
3 0.5432692307692307 0.6370192307692307 0.004807692307692308 0.004807692307692308
3 0.7283653846153846 0.6814903846153846 0.004807692307692308 0.007211538461538462
3 0.7548076923076923 0.6887019230769231 0.004807692307692308 0.007211538461538462
3 0.40384615384615385 0.6009615384615384 0.004807692307692308 0.004807692307692308
23 0.65625 0.6658653846153846 0.004807692307692308 0.004807692307692308
23 0.5649038461538461 0.6418269230769231 0.004807692307692308 0.004807692307692308
23 0.6346153846153846 0.6610576923076923 0.004807692307692308 0.004807692307692308
23 0.6225961538461539 0.65625 0.004807692307692308 0.004807692307692308
23 0.5889423076923077 0.6490384615384616 0.004807692307692308 0.004807692307692308
23 0.5985576923076923 0.6538461538461539 0.004807692307692308 0.004807692307692308
3 0.4326923076923077 0.6129807692307693 0.004807692307692308 0.004807692307692308
23 0.65625 0.6706730769230769 0.004807692307692308 0.004807692307692308
23 0.6201923076923077 0.6610576923076923 0.004807692307692308 0.004807692307692308
23 0.6346153846153846 0.6658653846153846 0.004807692307692308 0.004807692307692308
23 0.5625 0.6466346153846154 0.004807692307692308 0.004807692307692308
23 0.5985576923076923 0.65625 0.004807692307692308 0.004807692307692308
23 0.5865384615384616 0.6538461538461539 0.004807692307692308 0.004807692307692308
14 0.6442307692307693 0.671875 0.019230769230769232 0.021634615384615384
14 0.6081730769230769 0.6622596153846154 0.019230769230769232 0.021634615384615384
14 0.5745192307692307 0.6550480769230769 0.019230769230769232 0.021634615384615384
23 0.65625 0.6754807692307693 0.004807692307692308 0.004807692307692308
23 0.5865384615384616 0.6586538461538461 0.004807692307692308 0.004807692307692308
23 0.5600961538461539 0.65625 0.004807692307692308 0.004807692307692308
23 0.6538461538461539 0.6802884615384616 0.004807692307692308 0.004807692307692308
23 0.625 0.6766826923076923 0.004807692307692308 0.007211538461538462
23 0.6298076923076923 0.6766826923076923 0.004807692307692308 0.007211538461538462
23 0.5841346153846154 0.6670673076923077 0.004807692307692308 0.007211538461538462
23 0.5600961538461539 0.6634615384615384 0.004807692307692308 0.004807692307692308
26 0.7211538461538461 0.7019230769230769 0.009615384615384616 0.009615384615384616
3 0.6394230769230769 0.6826923076923077 0.004807692307692308 0.004807692307692308
3 0.6033653846153846 0.6754807692307693 0.004807692307692308 0.004807692307692308
23 0.5889423076923077 0.671875 0.004807692307692308 0.007211538461538462
23 0.5913461538461539 0.6742788461538461 0.004807692307692308 0.007211538461538462
3 0.5697115384615384 0.6682692307692307 0.004807692307692308 0.004807692307692308
26 0.4110576923076923 0.6394230769230769 0.009615384615384616 0.009615384615384616
23 0.453125 0.6586538461538461 0.007211538461538462 0.009615384615384616
23 0.45552884615384615 0.6586538461538461 0.007211538461538462 0.009615384615384616
3 0.4855769230769231 0.671875 0.038461538461538464 0.03125
23 0.38100961538461536 0.6550480769230769 0.01201923076923077 0.01201923076923077
23 0.39302884615384615 0.6586538461538461 0.01201923076923077 0.009615384615384616
23 0.4170673076923077 0.6646634615384616 0.03125 0.021634615384615384
15 0.5048076923076923 0.6923076923076923 0.019230769230769232 0.028846153846153848
3 0.515625 0.6947115384615384 0.007211538461538462 0.014423076923076924
7 0.49278846153846156 0.6923076923076923 0.009615384615384616 0.019230769230769232
23 0.6658653846153846 0.7391826923076923 0.004807692307692308 0.007211538461538462
23 0.6370192307692307 0.7307692307692307 0.004807692307692308 0.004807692307692308
3 0.6418269230769231 0.734375 0.004807692307692308 0.007211538461538462
6 0.5625 0.7175480769230769 0.04807692307692308 0.055288461538461536
7 0.3701923076923077 0.6742788461538461 0.014423076923076924 0.021634615384615384
14 0.6538461538461539 0.7439903846153846 0.02403846153846154 0.036057692307692304
3 0.6634615384615384 0.7463942307692307 0.004807692307692308 0.007211538461538462
23 0.6346153846153846 0.7403846153846154 0.004807692307692308 0.004807692307692308
7 0.6262019230769231 0.7439903846153846 0.01201923076923077 0.01201923076923077
3 0.6394230769230769 0.7487980769230769 0.004807692307692308 0.007211538461538462
15 0.46274038461538464 0.7043269230769231 0.055288461538461536 0.0625
23 0.49399038461538464 0.7139423076923077 0.01201923076923077 0.009615384615384616
23 0.6634615384615384 0.7560096153846154 0.004807692307692308 0.007211538461538462
23 0.6322115384615384 0.75 0.004807692307692308 0.004807692307692308
23 0.5060096153846154 0.7247596153846154 0.016826923076923076 0.01201923076923077
3 0.4098557692307692 0.7055288461538461 0.04567307692307692 0.06009615384615385
29 0.49158653846153844 0.7295673076923077 0.01201923076923077 0.01201923076923077
23 0.36899038461538464 0.7007211538461539 0.01201923076923077 0.01201923076923077
7 0.38221153846153844 0.703125 0.014423076923076924 0.021634615384615384
7 0.484375 0.7283653846153846 0.007211538461538462 0.009615384615384616
23 0.5012019230769231 0.734375 0.01201923076923077 0.01201923076923077
6 0.7115384615384616 0.7920673076923077 0.0673076923076923 0.1466346153846154
6 0.3173076923076923 0.7007211538461539 0.0625 0.1466346153846154
3 0.6322115384615384 0.7872596153846154 0.019230769230769232 0.026442307692307692
3 0.6514423076923077 0.7908653846153846 0.019230769230769232 0.028846153846153848
13 0.46875 0.7692307692307693 0.014423076923076924 0.019230769230769232
3 0.4230769230769231 0.7584134615384616 0.014423076923076924 0.021634615384615384
7 0.4014423076923077 0.7536057692307693 0.028846153846153848 0.026442307692307692
3 0.44471153846153844 0.7716346153846154 0.03365384615384615 0.04326923076923077
3 0.34134615384615385 0.75 0.019230769230769232 0.028846153846153848
3 0.47836538461538464 0.7932692307692307 0.02403846153846154 0.028846153846153848
14 0.5456730769230769 0.8161057692307693 0.019230769230769232 0.026442307692307692
14 0.5216346153846154 0.8100961538461539 0.019230769230769232 0.02403846153846154
14 0.5024038461538461 0.8052884615384616 0.019230769230769232 0.02403846153846154
23 0.38822115384615385 0.7824519230769231 0.036057692307692304 0.026442307692307692
3 0.5504807692307693 0.8233173076923077 0.004807692307692308 0.007211538461538462
3 0.53125 0.8197115384615384 0.004807692307692308 0.009615384615384616
3 0.5072115384615384 0.8137019230769231 0.004807692307692308 0.007211538461538462
6 0.5697115384615384 0.8509615384615384 0.052884615384615384 0.03365384615384615
6 0.4206730769230769 0.8185096153846154 0.052884615384615384 0.036057692307692304
23 0.8629807692307693 0.34615384615384615 0.004807692307692308 0.004807692307692308
23 0.8004807692307693 0.3329326923076923 0.004807692307692308 0.007211538461538462
3 0.7884615384615384 0.328125 0.004807692307692308 0.007211538461538462
3 0.7956730769230769 0.33052884615384615 0.004807692307692308 0.007211538461538462
3 0.7620192307692307 0.3233173076923077 0.004807692307692308 0.007211538461538462
23 0.7728365384615384 0.3269230769230769 0.002403846153846154 0.004807692307692308
23 0.7836538461538461 0.328125 0.004807692307692308 0.007211538461538462
23 0.7908653846153846 0.3293269230769231 0.004807692307692308 0.009615384615384616
23 0.7644230769230769 0.32572115384615385 0.004807692307692308 0.007211538461538462
23 0.7548076923076923 0.32211538461538464 0.004807692307692308 0.009615384615384616
3 0.7788461538461539 0.328125 0.004807692307692308 0.007211538461538462
3 0.7524038461538461 0.32091346153846156 0.004807692307692308 0.007211538461538462
3 0.7692307692307693 0.32572115384615385 0.004807692307692308 0.007211538461538462
23 0.8497596153846154 0.3473557692307692 0.01201923076923077 0.01201923076923077
6 0.4182692307692308 0.24278846153846154 0.0673076923076923 0.04326923076923077
23 0.8605769230769231 0.35336538461538464 0.004807692307692308 0.004807692307692308
6 0.484375 0.2644230769230769 0.026442307692307692 0.03365384615384615
7 0.7752403846153846 0.3389423076923077 0.007211538461538462 0.009615384615384616
7 0.7403846153846154 0.3293269230769231 0.009615384615384616 0.014423076923076924
7 0.7596153846153846 0.33413461538461536 0.009615384615384616 0.014423076923076924
7 0.75 0.3329326923076923 0.009615384615384616 0.01201923076923077
7 0.7668269230769231 0.33653846153846156 0.009615384615384616 0.014423076923076924
7 0.7836538461538461 0.3401442307692308 0.009615384615384616 0.01201923076923077
7 0.7932692307692307 0.34375 0.009615384615384616 0.014423076923076924
23 0.8581730769230769 0.3605769230769231 0.004807692307692308 0.004807692307692308
7 0.7307692307692307 0.3293269230769231 0.009615384615384616 0.014423076923076924
23 0.8449519230769231 0.359375 0.01201923076923077 0.01201923076923077
23 0.5444711538461539 0.28725961538461536 0.01201923076923077 0.01201923076923077
23 0.8581730769230769 0.36538461538461536 0.004807692307692308 0.004807692307692308
23 0.8557692307692307 0.37259615384615385 0.004807692307692308 0.004807692307692308
23 0.5420673076923077 0.29927884615384615 0.01201923076923077 0.01201923076923077
26 0.6105769230769231 0.31490384615384615 0.009615384615384616 0.009615384615384616
14 0.5721153846153846 0.30649038461538464 0.0625 0.055288461538461536
23 0.796875 0.3629807692307692 0.002403846153846154 0.004807692307692308
23 0.7944711538461539 0.3629807692307692 0.002403846153846154 0.004807692307692308
23 0.8004807692307693 0.3641826923076923 0.004807692307692308 0.007211538461538462
23 0.7596153846153846 0.3545673076923077 0.004807692307692308 0.007211538461538462
23 0.7908653846153846 0.36177884615384615 0.004807692307692308 0.007211538461538462
23 0.7620192307692307 0.3557692307692308 0.004807692307692308 0.009615384615384616
23 0.7668269230769231 0.35697115384615385 0.004807692307692308 0.007211538461538462
23 0.7572115384615384 0.3545673076923077 0.004807692307692308 0.007211538461538462
23 0.8533653846153846 0.3798076923076923 0.004807692307692308 0.004807692307692308
3 0.5048076923076923 0.29447115384615385 0.019230769230769232 0.026442307692307692
15 0.47596153846153844 0.28966346153846156 0.009615384615384616 0.016826923076923076
15 0.4831730769230769 0.29086538461538464 0.009615384615384616 0.019230769230769232
23 0.8533653846153846 0.3870192307692308 0.004807692307692308 0.004807692307692308