23 0.3016826923076923 0.7908653846153846 0.007211538461538462 0.004807692307692308
3 0.30408653846153844 0.7956730769230769 0.007211538461538462 0.004807692307692308
3 0.30288461538461536 0.7764423076923077 0.004807692307692308 0.004807692307692308
3 0.30649038461538464 0.7740384615384616 0.007211538461538462 0.004807692307692308
3 0.3088942307692308 0.7884615384615384 0.007211538461538462 0.004807692307692308
3 0.3112980769230769 0.7860576923076923 0.007211538461538462 0.004807692307692308
23 0.3137019230769231 0.7836538461538461 0.007211538461538462 0.004807692307692308
14 0.31490384615384615 0.7668269230769231 0.02403846153846154 0.014423076923076924
29 0.31490384615384615 0.7536057692307693 0.009615384615384616 0.007211538461538462
23 0.3137019230769231 0.7908653846153846 0.007211538461538462 0.004807692307692308
3 0.31490384615384615 0.78125 0.009615384615384616 0.004807692307692308
23 0.31971153846153844 0.7860576923076923 0.004807692307692308 0.004807692307692308
13 0.31971153846153844 0.8125 0.019230769230769232 0.009615384615384616
23 0.32091346153846156 0.7836538461538461 0.007211538461538462 0.004807692307692308
29 0.32211538461538464 0.7475961538461539 0.009615384615384616 0.004807692307692308
13 0.3245192307692308 0.8064903846153846 0.009615384615384616 0.007211538461538462
29 0.3245192307692308 0.7788461538461539 0.009615384615384616 0.004807692307692308
3 0.32572115384615385 0.7572115384615384 0.007211538461538462 0.004807692307692308
3 0.3245192307692308 0.7572115384615384 0.004807692307692308 0.004807692307692308
3 0.32572115384615385 0.8028846153846154 0.007211538461538462 0.004807692307692308
3 0.3293269230769231 0.7572115384615384 0.004807692307692308 0.004807692307692308
3 0.328125 0.8004807692307693 0.007211538461538462 0.004807692307692308
23 0.3293269230769231 0.7764423076923077 0.004807692307692308 0.004807692307692308
3 0.3293269230769231 0.7620192307692307 0.004807692307692308 0.004807692307692308
23 0.33052884615384615 0.7548076923076923 0.007211538461538462 0.004807692307692308
23 0.33052884615384615 0.7524038461538461 0.007211538461538462 0.004807692307692308
23 0.33052884615384615 0.7980769230769231 0.007211538461538462 0.004807692307692308
23 0.3317307692307692 0.7620192307692307 0.004807692307692308 0.004807692307692308
3 0.3317307692307692 0.7764423076923077 0.004807692307692308 0.004807692307692308
23 0.3329326923076923 0.75 0.007211538461538462 0.004807692307692308
29 0.33413461538461536 0.7692307692307693 0.009615384615384616 0.004807692307692308
23 0.3329326923076923 0.7980769230769231 0.007211538461538462 0.004807692307692308
3 0.33653846153846156 0.7836538461538461 0.009615384615384616 0.004807692307692308
29 0.33774038461538464 0.7932692307692307 0.01201923076923077 0.004807692307692308
23 0.3401442307692308 0.7884615384615384 0.007211538461538462 0.004807692307692308
29 0.34134615384615385 0.7632211538461539 0.009615384615384616 0.007211538461538462
3 0.3449519230769231 0.7860576923076923 0.007211538461538462 0.004807692307692308
7 0.34615384615384615 0.75 0.009615384615384616 0.004807692307692308
14 0.35096153846153844 0.7740384615384616 0.02403846153846154 0.014423076923076924
23 0.35336538461538464 0.7235576923076923 0.004807692307692308 0.004807692307692308
28 0.3557692307692308 0.6514423076923077 0.07211538461538461 0.052884615384615384
23 0.3557692307692308 0.7211538461538461 0.004807692307692308 0.004807692307692308
23 0.3605769230769231 0.7283653846153846 0.004807692307692308 0.004807692307692308
23 0.3605769230769231 0.7572115384615384 0.004807692307692308 0.004807692307692308
23 0.3629807692307692 0.71875 0.009615384615384616 0.004807692307692308
23 0.3629807692307692 0.7259615384615384 0.004807692307692308 0.004807692307692308
23 0.3629807692307692 0.7548076923076923 0.004807692307692308 0.004807692307692308
23 0.3641826923076923 0.7163461538461539 0.007211538461538462 0.004807692307692308
23 0.36778846153846156 0.7139423076923077 0.009615384615384616 0.004807692307692308
23 0.36778846153846156 0.7524038461538461 0.004807692307692308 0.004807692307692308
29 0.36778846153846156 0.7307692307692307 0.009615384615384616 0.004807692307692308
23 0.3701923076923077 0.7235576923076923 0.004807692307692308 0.004807692307692308
23 0.3713942307692308 0.7115384615384616 0.007211538461538462 0.004807692307692308
23 0.3713942307692308 0.75 0.007211538461538462 0.004807692307692308
23 0.3737980769230769 0.7211538461538461 0.007211538461538462 0.004807692307692308
23 0.3762019230769231 0.7163461538461539 0.007211538461538462 0.004807692307692308
23 0.3786057692307692 0.7139423076923077 0.007211538461538462 0.004807692307692308
23 0.3786057692307692 0.7067307692307693 0.007211538461538462 0.004807692307692308
23 0.38100961538461536 0.7259615384615384 0.007211538461538462 0.004807692307692308
29 0.38221153846153844 0.7007211538461539 0.009615384615384616 0.007211538461538462
23 0.38221153846153844 0.7235576923076923 0.004807692307692308 0.004807692307692308
23 0.38461538461538464 0.7211538461538461 0.004807692307692308 0.004807692307692308
23 0.3870192307692308 0.71875 0.004807692307692308 0.004807692307692308
23 0.38822115384615385 0.7307692307692307 0.007211538461538462 0.004807692307692308
23 0.3894230769230769 0.7115384615384616 0.009615384615384616 0.004807692307692308
29 0.3894230769230769 0.6959134615384616 0.009615384615384616 0.007211538461538462
23 0.390625 0.7283653846153846 0.007211538461538462 0.004807692307692308
23 0.39302884615384615 0.6923076923076923 0.007211538461538462 0.004807692307692308
29 0.3918269230769231 0.7067307692307693 0.009615384615384616 0.004807692307692308
23 0.39302884615384615 0.7259615384615384 0.007211538461538462 0.004807692307692308
23 0.3954326923076923 0.7235576923076923 0.007211538461538462 0.004807692307692308
7 0.39663461538461536 0.6899038461538461 0.009615384615384616 0.004807692307692308
23 0.39903846153846156 0.7211538461538461 0.009615384615384616 0.004807692307692308
29 0.39903846153846156 0.703125 0.009615384615384616 0.007211538461538462
23 0.4014423076923077 0.6875 0.004807692307692308 0.004807692307692308
3 0.4014423076923077 0.6730769230769231 0.009615384615384616 0.004807692307692308
23 0.4026442307692308 0.6850961538461539 0.007211538461538462 0.004807692307692308
23 0.4026442307692308 0.71875 0.007211538461538462 0.004807692307692308
23 0.4050480769230769 0.7163461538461539 0.007211538461538462 0.004807692307692308
3 0.40625 0.6706730769230769 0.009615384615384616 0.004807692307692308
23 0.40625 0.6971153846153846 0.004807692307692308 0.004807692307692308
3 0.4110576923076923 0.6682692307692307 0.009615384615384616 0.004807692307692308
29 0.40865384615384615 0.7115384615384616 0.009615384615384616 0.004807692307692308
7 0.40865384615384615 0.6947115384615384 0.009615384615384616 0.004807692307692308
23 0.4110576923076923 0.7283653846153846 0.009615384615384616 0.004807692307692308
23 0.4110576923076923 0.6923076923076923 0.004807692307692308 0.004807692307692308
3 0.41346153846153844 0.6658653846153846 0.009615384615384616 0.004807692307692308
23 0.41346153846153844 0.7259615384615384 0.009615384615384616 0.004807692307692308
29 0.41346153846153844 0.7055288461538461 0.009615384615384616 0.007211538461538462
23 0.41346153846153844 0.6899038461538461 0.009615384615384616 0.004807692307692308
3 0.41586538461538464 0.6610576923076923 0.009615384615384616 0.004807692307692308
23 0.4170673076923077 0.7211538461538461 0.007211538461538462 0.004807692307692308
23 0.41947115384615385 0.7019230769230769 0.007211538461538462 0.004807692307692308
3 0.4206730769230769 0.6586538461538461 0.009615384615384616 0.004807692307692308
3 0.4206730769230769 0.6995192307692307 0.009615384615384616 0.004807692307692308
29 0.4206730769230769 0.7175480769230769 0.009615384615384616 0.007211538461538462
23 0.42427884615384615 0.6971153846153846 0.007211538461538462 0.004807692307692308
23 0.4266826923076923 0.6947115384615384 0.007211538461538462 0.004807692307692308
29 0.42788461538461536 0.7115384615384616 0.009615384615384616 0.004807692307692308
7 0.43028846153846156 0.6923076923076923 0.009615384615384616 0.004807692307692308
3 0.43149038461538464 0.7091346153846154 0.007211538461538462 0.004807692307692308
23 0.4326923076923077 0.7067307692307693 0.009615384615384616 0.004807692307692308
23 0.4362980769230769 0.7043269230769231 0.007211538461538462 0.004807692307692308
28 0.4423076923076923 0.5793269230769231 0.0673076923076923 0.04807692307692308
23 0.43990384615384615 0.7019230769230769 0.009615384615384616 0.004807692307692308
7 0.4423076923076923 0.6995192307692307 0.009615384615384616 0.004807692307692308
29 0.44711538461538464 0.6550480769230769 0.02403846153846154 0.016826923076923076
3 0.4579326923076923 0.6875 0.007211538461538462 0.004807692307692308
29 0.484375 0.625 0.026442307692307692 0.014423076923076924
3 0.4879807692307692 0.6610576923076923 0.04807692307692308 0.038461538461538464
3 0.5048076923076923 0.6225961538461539 0.009615384615384616 0.004807692307692308
3 0.5084134615384616 0.6201923076923077 0.007211538461538462 0.004807692307692308
28 0.5120192307692307 0.5192307692307693 0.07211538461538461 0.052884615384615384
3 0.5192307692307693 0.6033653846153846 0.004807692307692308 0.004807692307692308
3 0.5228365384615384 0.6009615384615384 0.007211538461538462 0.004807692307692308
29 0.5276442307692307 0.5889423076923077 0.026442307692307692 0.019230769230769232
3 0.5336538461538461 0.625 0.052884615384615384 0.038461538461538464
3 0.5612980769230769 0.5697115384615384 0.007211538461538462 0.004807692307692308
3 0.5649038461538461 0.5673076923076923 0.004807692307692308 0.004807692307692308
3 0.5697115384615384 0.5540865384615384 0.028846153846153848 0.016826923076923076
28 0.5973557692307693 0.44711538461538464 0.06490384615384616 0.052884615384615384
3 0.6141826923076923 0.5192307692307693 0.026442307692307692 0.019230769230769232
3 0.6274038461538461 0.5456730769230769 0.009615384615384616 0.004807692307692308
29 0.6538461538461539 0.48677884615384615 0.028846153846153848 0.016826923076923076
29 0.6586538461538461 0.5192307692307693 0.052884615384615384 0.038461538461538464
28 0.6634615384615384 0.390625 0.07211538461538461 0.05048076923076923
3 0.6778846153846154 0.49278846153846156 0.009615384615384616 0.004807692307692308
3 0.6838942307692307 0.46875 0.007211538461538462 0.004807692307692308
3 0.6899038461538461 0.46634615384615385 0.004807692307692308 0.004807692307692308
29 0.6911057692307693 0.4543269230769231 0.026442307692307692 0.019230769230769232
3 0.6923076923076923 0.47836538461538464 0.009615384615384616 0.004807692307692308
3 0.7235576923076923 0.4375 0.009615384615384616 0.004807692307692308
3 0.7259615384615384 0.4326923076923077 0.009615384615384616 0.004807692307692308
29 0.7295673076923077 0.421875 0.026442307692307692 0.016826923076923076
3 0.7319711538461539 0.4567307692307692 0.05048076923076923 0.04326923076923077
28 0.7487980769230769 0.31850961538461536 0.06009615384615385 0.05048076923076923
3 0.7548076923076923 0.3942307692307692 0.0625 0.04326923076923077
3 0.7932692307692307 0.36177884615384615 0.0625 0.040865384615384616
28 0.8161057692307693 0.2644230769230769 0.06971153846153846 0.052884615384615384
6 0.8798076923076923 0.3137019230769231 0.10096153846153846 0.06490384615384616
6 0.9507211538461539 0.27403846153846156 0.0889423076923077 0.0625
7 0.12259615384615384 0.8966346153846154 0.009615384615384616 0.004807692307692308
23 0.125 0.9086538461538461 0.004807692307692308 0.004807692307692308
23 0.12620192307692307 0.8942307692307693 0.007211538461538462 0.004807692307692308
23 0.12620192307692307 0.90625 0.007211538461538462 0.004807692307692308
7 0.12980769230769232 0.9038461538461539 0.009615384615384616 0.004807692307692308
23 0.12860576923076922 0.8918269230769231 0.007211538461538462 0.004807692307692308
23 0.13341346153846154 0.8894230769230769 0.007211538461538462 0.004807692307692308
7 0.1346153846153846 0.8990384615384616 0.009615384615384616 0.004807692307692308
23 0.13581730769230768 0.8870192307692307 0.007211538461538462 0.004807692307692308
28 0.13942307692307693 0.8353365384615384 0.07692307692307693 0.05048076923076923
3 0.13701923076923078 0.8846153846153846 0.009615384615384616 0.004807692307692308
7 0.140625 0.8942307692307693 0.007211538461538462 0.004807692307692308
3 0.140625 0.8822115384615384 0.007211538461538462 0.004807692307692308
23 0.14182692307692307 0.8798076923076923 0.004807692307692308 0.004807692307692308
23 0.14543269230769232 0.8774038461538461 0.007211538461538462 0.004807692307692308
23 0.1466346153846154 0.8894230769230769 0.009615384615384616 0.004807692307692308
23 0.1502403846153846 0.875 0.007211538461538462 0.004807692307692308
7 0.14903846153846154 0.8870192307692307 0.009615384615384616 0.004807692307692308
23 0.15264423076923078 0.8725961538461539 0.007211538461538462 0.004807692307692308
7 0.15384615384615385 0.8834134615384616 0.009615384615384616 0.007211538461538462
7 0.15625 0.8665865384615384 0.009615384615384616 0.007211538461538462
23 0.15745192307692307 0.8894230769230769 0.007211538461538462 0.004807692307692308
23 0.15865384615384615 0.8798076923076923 0.004807692307692308 0.004807692307692308
23 0.16346153846153846 0.875 0.004807692307692308 0.004807692307692308
23 0.16346153846153846 0.8629807692307693 0.004807692307692308 0.004807692307692308
3 0.1658653846153846 0.8605769230769231 0.004807692307692308 0.004807692307692308
7 0.16826923076923078 0.8725961538461539 0.009615384615384616 0.004807692307692308
23 0.16826923076923078 0.8822115384615384 0.009615384615384616 0.004807692307692308
29 0.17067307692307693 0.8581730769230769 0.009615384615384616 0.004807692307692308
23 0.17067307692307693 0.8774038461538461 0.009615384615384616 0.004807692307692308
23 0.171875 0.8677884615384616 0.007211538461538462 0.004807692307692308
23 0.17548076923076922 0.8533653846153846 0.004807692307692308 0.004807692307692308
23 0.17548076923076922 0.8653846153846154 0.004807692307692308 0.004807692307692308
23 0.1778846153846154 0.8617788461538461 0.004807692307692308 0.002403846153846154
7 0.1778846153846154 0.8509615384615384 0.009615384615384616 0.004807692307692308
23 0.1778846153846154 0.8774038461538461 0.004807692307692308 0.004807692307692308
23 0.1778846153846154 0.8822115384615384 0.004807692307692308 0.004807692307692308
7 0.18028846153846154 0.8605769230769231 0.009615384615384616 0.004807692307692308
3 0.1814903846153846 0.875 0.007211538461538462 0.004807692307692308
23 0.18269230769230768 0.8725961538461539 0.004807692307692308 0.004807692307692308
3 0.18389423076923078 0.8581730769230769 0.007211538461538462 0.004807692307692308
3 0.18509615384615385 0.8713942307692307 0.004807692307692308 0.002403846153846154
23 0.1875 0.8533653846153846 0.004807692307692308 0.004807692307692308
23 0.18509615384615385 0.8822115384615384 0.004807692307692308 0.004807692307692308
23 0.1875 0.8701923076923077 0.004807692307692308 0.004807692307692308
3 0.18990384615384615 0.8689903846153846 0.004807692307692308 0.002403846153846154
23 0.19471153846153846 0.8629807692307693 0.004807692307692308 0.004807692307692308
7 0.1971153846153846 0.8557692307692307 0.009615384615384616 0.004807692307692308
14 0.19951923076923078 0.8774038461538461 0.02403846153846154 0.019230769230769232
23 0.20072115384615385 0.8509615384615384 0.007211538461538462 0.004807692307692308
7 0.203125 0.8629807692307693 0.01201923076923077 0.004807692307692308
28 0.20432692307692307 0.7800480769230769 0.07211538461538461 0.06009615384615385
3 0.2091346153846154 0.84375 0.004807692307692308 0.004807692307692308
3 0.20793269230769232 0.8894230769230769 0.007211538461538462 0.004807692307692308
23 0.2091346153846154 0.8677884615384616 0.009615384615384616 0.004807692307692308
7 0.2091346153846154 0.8557692307692307 0.009615384615384616 0.004807692307692308
23 0.21153846153846154 0.8870192307692307 0.004807692307692308 0.004807692307692308
23 0.2127403846153846 0.8413461538461539 0.007211538461538462 0.004807692307692308
3 0.21394230769230768 0.8846153846153846 0.004807692307692308 0.004807692307692308
7 0.21394230769230768 0.8653846153846154 0.009615384615384616 0.004807692307692308
23 0.21394230769230768 0.8485576923076923 0.004807692307692308 0.004807692307692308
23 0.21394230769230768 0.8822115384615384 0.004807692307692308 0.004807692307692308
3 0.21634615384615385 0.8389423076923077 0.009615384615384616 0.004807692307692308
23 0.21634615384615385 0.8461538461538461 0.004807692307692308 0.004807692307692308
23 0.21754807692307693 0.8605769230769231 0.007211538461538462 0.004807692307692308
3 0.21754807692307693 0.8365384615384616 0.007211538461538462 0.004807692307692308
23 0.21634615384615385 0.8822115384615384 0.004807692307692308 0.004807692307692308
23 0.21875 0.8533653846153846 0.004807692307692308 0.004807692307692308
23 0.21995192307692307 0.8341346153846154 0.007211538461538462 0.004807692307692308
23 0.21995192307692307 0.8798076923076923 0.007211538461538462 0.004807692307692308
7 0.22355769230769232 0.8701923076923077 0.009615384615384616 0.004807692307692308
23 0.22355769230769232 0.8653846153846154 0.004807692307692308 0.004807692307692308
23 0.2247596153846154 0.8774038461538461 0.007211538461538462 0.004807692307692308
23 0.22355769230769232 0.8509615384615384 0.004807692307692308 0.004807692307692308
3 0.2247596153846154 0.8317307692307693 0.007211538461538462 0.004807692307692308
7 0.22355769230769232 0.8882211538461539 0.009615384615384616 0.007211538461538462
23 0.22716346153846154 0.8293269230769231 0.007211538461538462 0.004807692307692308
23 0.22716346153846154 0.8581730769230769 0.007211538461538462 0.004807692307692308
23 0.2283653846153846 0.8557692307692307 0.004807692307692308 0.004807692307692308
23 0.22956730769230768 0.8269230769230769 0.007211538461538462 0.004807692307692308
23 0.2283653846153846 0.8918269230769231 0.004807692307692308 0.004807692307692308
23 0.23076923076923078 0.8533653846153846 0.004807692307692308 0.004807692307692308
23 0.23317307692307693 0.8245192307692307 0.004807692307692308 0.004807692307692308
14 0.23197115384615385 0.8425480769230769 0.021634615384615384 0.016826923076923076
7 0.23317307692307693 0.8774038461538461 0.009615384615384616 0.004807692307692308
29 0.23798076923076922 0.8209134615384616 0.009615384615384616 0.007211538461538462
23 0.23677884615384615 0.8846153846153846 0.007211538461538462 0.004807692307692308
23 0.2403846153846154 0.8317307692307693 0.004807692307692308 0.004807692307692308
7 0.2403846153846154 0.8725961538461539 0.009615384615384616 0.004807692307692308
23 0.2403846153846154 0.8173076923076923 0.004807692307692308 0.004807692307692308
23 0.24158653846153846 0.8293269230769231 0.007211538461538462 0.004807692307692308
23 0.24278846153846154 0.8269230769230769 0.004807692307692308 0.004807692307692308
7 0.24519230769230768 0.8149038461538461 0.009615384615384616 0.004807692307692308
23 0.24519230769230768 0.8245192307692307 0.004807692307692308 0.004807692307692308
23 0.24639423076923078 0.8485576923076923 0.007211538461538462 0.004807692307692308
23 0.24519230769230768 0.8677884615384616 0.004807692307692308 0.004807692307692308
3 0.24519230769230768 0.8365384615384616 0.004807692307692308 0.004807692307692308
23 0.24759615384615385 0.8209134615384616 0.004807692307692308 0.002403846153846154
23 0.24759615384615385 0.8341346153846154 0.004807692307692308 0.004807692307692308
3 0.24879807692307693 0.8461538461538461 0.007211538461538462 0.004807692307692308
7 0.25 0.875 0.009615384615384616 0.004807692307692308
23 0.25240384615384615 0.84375 0.004807692307692308 0.004807692307692308
29 0.25240384615384615 0.8317307692307693 0.009615384615384616 0.004807692307692308
29 0.2548076923076923 0.8233173076923077 0.009615384615384616 0.007211538461538462
23 0.25600961538461536 0.8701923076923077 0.007211538461538462 0.004807692307692308
23 0.25600961538461536 0.8100961538461539 0.007211538461538462 0.004807692307692308
23 0.25841346153846156 0.8197115384615384 0.007211538461538462 0.004807692307692308
23 0.2608173076923077 0.8004807692307693 0.007211538461538462 0.004807692307692308
23 0.2608173076923077 0.8076923076923077 0.007211538461538462 0.004807692307692308
23 0.26322115384615385 0.7980769230769231 0.007211538461538462 0.004807692307692308
23 0.2668269230769231 0.8149038461538461 0.009615384615384616 0.004807692307692308
23 0.2692307692307692 0.7932692307692307 0.004807692307692308 0.004807692307692308
3 0.2704326923076923 0.8125 0.007211538461538462 0.004807692307692308
23 0.27283653846153844 0.7908653846153846 0.007211538461538462 0.004807692307692308
23 0.27283653846153844 0.8100961538461539 0.007211538461538462 0.004807692307692308
23 0.2764423076923077 0.7884615384615384 0.004807692307692308 0.004807692307692308
7 0.27884615384615385 0.8052884615384616 0.009615384615384616 0.004807692307692308
23 0.28125 0.7836538461538461 0.004807692307692308 0.004807692307692308
3 0.27884615384615385 0.8125 0.004807692307692308 0.004807692307692308
23 0.2800480769230769 0.8004807692307693 0.007211538461538462 0.004807692307692308
23 0.28125 0.8100961538461539 0.004807692307692308 0.004807692307692308
23 0.28365384615384615 0.78125 0.004807692307692308 0.004807692307692308
23 0.28365384615384615 0.7980769230769231 0.004807692307692308 0.004807692307692308
23 0.2848557692307692 0.7788461538461539 0.007211538461538462 0.004807692307692308
3 0.2860576923076923 0.7956730769230769 0.004807692307692308 0.004807692307692308
3 0.28725961538461536 0.7764423076923077 0.007211538461538462 0.004807692307692308
28 0.2920673076923077 0.7067307692307693 0.07451923076923077 0.052884615384615384
23 0.2920673076923077 0.7764423076923077 0.007211538461538462 0.004807692307692308
23 0.2920673076923077 0.7884615384615384 0.007211538461538462 0.004807692307692308
29 0.2932692307692308 0.7932692307692307 0.009615384615384616 0.004807692307692308
3 0.2932692307692308 0.7740384615384616 0.004807692307692308 0.004807692307692308
6 0.2932692307692308 0.8389423076923077 0.07211538461538461 0.057692307692307696
3 0.29447115384615385 0.7860576923076923 0.007211538461538462 0.004807692307692308
3 0.296875 0.7716346153846154 0.007211538461538462 0.004807692307692308
23 0.2980769230769231 0.78125 0.009615384615384616 0.004807692307692308
23 0.29927884615384615 0.7692307692307693 0.007211538461538462 0.004807692307692308
3 0.29927884615384615 0.7788461538461539 0.007211538461538462 0.004807692307692308