6 0.8478084415584416 0.4513719512195122 0.03125 0.02347560975609756
6 0.9092938311688312 0.45228658536585364 0.032873376623376624 0.021646341463414633
6 0.7416801948051948 0.4528963414634146 0.033685064935064936 0.018597560975609755
6 0.6123173701298701 0.45396341463414636 0.033482142857142856 0.018292682926829267
6 0.43993506493506496 0.4541158536585366 0.03409090909090909 0.02347560975609756
6 0.5458603896103896 0.4541158536585366 0.0349025974025974 0.02225609756097561
6 0.6780641233766234 0.45472560975609755 0.03226461038961039 0.019817073170731708
6 0.3788555194805195 0.4553353658536585 0.030032467532467532 0.019817073170731708
28 0.7696834415584416 0.5190548780487805 0.019886363636363636 0.0576219512195122
28 0.526075487012987 0.519969512195122 0.020495129870129872 0.0625
28 0.5959821428571429 0.519969512195122 0.020698051948051948 0.06371951219512195
28 0.492288961038961 0.5214939024390244 0.021915584415584416 0.06554878048780488
28 0.8041801948051948 0.5214939024390244 0.020698051948051948 0.060060975609756095
28 0.8738839285714286 0.5224085365853659 0.01968344155844156 0.05518292682926829
28 0.5594561688311688 0.5230182926829269 0.02150974025974026 0.06067073170731707
28 0.7356939935064936 0.5230182926829269 0.020089285714285716 0.05945121951219512
28 0.8393871753246753 0.5233231707317073 0.022118506493506492 0.060060975609756095
28 0.7008928571428571 0.5236280487804879 0.020292207792207792 0.06067073170731707
28 0.908887987012987 0.5237804878048781 0.02150974025974026 0.056707317073170734
28 0.6293628246753247 0.5253048780487805 0.020089285714285716 0.05731707317073171
28 0.6649756493506493 0.5274390243902439 0.019886363636363636 0.061585365853658536
28 0.45474837662337664 0.5278963414634147 0.022321428571428572 0.0625
28 0.38453733766233766 0.5289634146341463 0.026785714285714284 0.06097560975609756
28 0.41964285714285715 0.5493902439024391 0.021915584415584416 0.06646341463414634
2 0.8917410714285714 0.5710365853658537 0.003043831168831169 0.010365853658536586
22 0.5436282467532467 0.5716463414634146 0.002435064935064935 0.009146341463414634
2 0.7545657467532467 0.5728658536585366 0.0034496753246753245 0.009146341463414634
2 0.7192573051948052 0.5739329268292683 0.004261363636363636 0.009451219512195122
7 0.7387378246753247 0.5751524390243903 0.002637987012987013 0.010060975609756098
2 0.5776176948051948 0.5757621951219513 0.0018262987012987013 0.005792682926829268
22 0.575588474025974 0.5760670731707317 0.0018262987012987013 0.0064024390243902435
2 0.8657670454545454 0.5762195121951219 0.003043831168831169 0.00853658536585366
7 0.5703125 0.5772865853658536 0.0034496753246753245 0.007621951219512195
22 0.781351461038961 0.5772865853658536 0.003043831168831169 0.010670731707317074
22 0.9106128246753247 0.5774390243902439 0.002232142857142857 0.009146341463414634
2 0.5849228896103896 0.5775914634146342 0.003043831168831169 0.010060975609756098
22 0.851765422077922 0.5780487804878048 0.0034496753246753245 0.01097560975609756
22 0.6115056818181818 0.5785060975609756 0.002637987012987013 0.010670731707317074
7 0.6026785714285714 0.5791158536585366 0.002840909090909091 0.008841463414634146
22 0.596387987012987 0.5792682926829268 0.0012175324675324675 0.007926829268292683
2 0.5983157467532467 0.5800304878048781 0.0018262987012987013 0.0064024390243902435
22 0.5890827922077922 0.5801829268292683 0.0016233766233766235 0.00548780487804878
2 0.48528814935064934 0.5803353658536585 0.003043831168831169 0.010060975609756098
2 0.6182021103896104 0.582469512195122 0.002637987012987013 0.009451219512195122
22 0.44632711038961037 0.5838414634146342 0.002637987012987013 0.003048780487804878
22 0.4950284090909091 0.5865853658536585 0.002232142857142857 0.009146341463414634
22 0.4987824675324675 0.586890243902439 0.002840909090909091 0.010365853658536586
7 0.4784902597402597 0.5870426829268293 0.005275974025974026 0.0039634146341463415
22 0.468851461038961 0.5871951219512195 0.002637987012987013 0.010365853658536586
22 0.47280844155844154 0.5871951219512195 0.002435064935064935 0.01097560975609756
22 0.3992491883116883 0.5873475609756098 0.0018262987012987013 0.004573170731707317
22 0.512987012987013 0.5876524390243902 0.002840909090909091 0.010670731707317074
2 0.453226461038961 0.5878048780487805 0.0014204545454545455 0.0024390243902439024
22 0.5164366883116883 0.5878048780487805 0.002435064935064935 0.011585365853658536
22 0.8963068181818182 0.588109756097561 0.002435064935064935 0.007926829268292683
2 0.44155844155844154 0.5882621951219512 0.002840909090909091 0.008841463414634146
2 0.5097402597402597 0.588719512195122 0.0016233766233766235 0.004878048780487805
7 0.5064935064935064 0.5888719512195122 0.005681818181818182 0.004573170731707317
2 0.5017248376623377 0.5891768292682927 0.0014204545454545455 0.005182926829268293
7 0.5221185064935064 0.5891768292682927 0.005275974025974026 0.004573170731707317
22 0.4641842532467532 0.5902439024390244 0.0010146103896103895 0.004878048780487805
29 0.9083806818181818 0.5902439024390244 0.005478896103896104 0.0024390243902439024
29 0.9016842532467533 0.5903963414634147 0.005478896103896104 0.003353658536585366
2 0.466213474025974 0.5911585365853659 0.0018262987012987013 0.003658536585365854
2 0.650872564935065 0.5913109756097561 0.029829545454545456 0.020426829268292684
22 0.4465300324675325 0.5917682926829269 0.002232142857142857 0.0024390243902439024
7 0.4577922077922078 0.5917682926829269 0.00487012987012987 0.0024390243902439024
22 0.45008116883116883 0.5920731707317073 0.002840909090909091 0.0024390243902439024
2 0.6909496753246753 0.5922256097560976 0.030844155844155844 0.024695121951219513
22 0.38636363636363635 0.5969512195121951 0.0016233766233766235 0.004878048780487805
29 0.4034090909090909 0.5969512195121951 0.004464285714285714 0.003658536585365854
29 0.39569805194805197 0.5975609756097561 0.005275974025974026 0.003658536585365854
22 0.39042207792207795 0.5983231707317073 0.002029220779220779 0.007621951219512195
22 0.8969155844155844 0.5992378048780488 0.002435064935064935 0.008231707317073171
29 0.8818993506493507 0.5998475609756098 0.012175324675324676 0.016158536585365854
29 0.9018871753246753 0.6010670731707317 0.005073051948051948 0.003353658536585366
29 0.908786525974026 0.6015243902439025 0.004667207792207792 0.0024390243902439024
22 0.37804383116883117 0.6041158536585366 0.0012175324675324675 0.004573170731707317
2 0.3799715909090909 0.6041158536585366 0.0014204545454545455 0.004573170731707317
22 0.4316152597402597 0.6047256097560976 0.0012175324675324675 0.004573170731707317
22 0.43851461038961037 0.6047256097560976 0.0012175324675324675 0.004573170731707317
2 0.43587662337662336 0.605030487804878 0.0012175324675324675 0.004573170731707317
22 0.43374594155844154 0.6051829268292683 0.0014204545454545455 0.00548780487804878
29 0.38453733766233766 0.605640243902439 0.005275974025974026 0.0039634146341463415
2 0.4539366883116883 0.605640243902439 0.002029220779220779 0.005182926829268293
2 0.44835633116883117 0.6060975609756097 0.0018262987012987013 0.004878048780487805
7 0.4237012987012987 0.6067073170731707 0.005681818181818182 0.003048780487804878
22 0.3912337662337662 0.6092987804878048 0.002435064935064935 0.00701219512195122
29 0.4025974025974026 0.6096036585365854 0.00487012987012987 0.003353658536585366
29 0.3964082792207792 0.6097560975609756 0.005478896103896104 0.003658536585365854
22 0.37794237012987014 0.6099085365853658 0.0014204545454545455 0.005182926829268293
29 0.7402597402597403 0.6106707317073171 0.01176948051948052 0.018292682926829267
22 0.8972199675324676 0.6126524390243903 0.002232142857142857 0.010060975609756098
29 0.9090909090909091 0.613109756097561 0.005681818181818182 0.003048780487804878
29 0.9018871753246753 0.6132621951219512 0.005073051948051948 0.0039634146341463415
29 0.8400974025974026 0.613719512195122 0.010957792207792208 0.018292682926829267
29 0.5917207792207793 0.6141768292682926 0.010957792207792208 0.019817073170731708
29 0.8219358766233766 0.6144817073170732 0.011160714285714286 0.019817073170731708
29 0.8626217532467533 0.6150914634146342 0.011363636363636364 0.018597560975609755
29 0.7615665584415584 0.6152439024390244 0.011363636363636364 0.015853658536585366
29 0.6076501623376623 0.6153963414634146 0.011972402597402598 0.02225609756097561
29 0.5478896103896104 0.6160060975609756 0.010146103896103896 0.018597560975609755
22 0.4260349025974026 0.6163109756097561 0.0018262987012987013 0.004573170731707317
2 0.4309050324675325 0.6164634146341463 0.002232142857142857 0.006707317073170732
29 0.38555194805194803 0.6167682926829269 0.002029220779220779 0.007317073170731708
2 0.434963474025974 0.6167682926829269 0.0018262987012987013 0.006097560975609756
2 0.43790584415584416 0.6167682926829269 0.0016233766233766235 0.00548780487804878
2 0.42217938311688313 0.6169207317073171 0.0014204545454545455 0.004573170731707317
2 0.442674512987013 0.6169207317073171 0.0014204545454545455 0.004573170731707317
22 0.4200487012987013 0.6172256097560975 0.0016233766233766235 0.005182926829268293
22 0.4398336038961039 0.6172256097560975 0.0014204545454545455 0.004573170731707317
29 0.5665584415584416 0.6173780487804879 0.011363636363636364 0.01951219512195122
22 0.3771306818181818 0.6184451219512195 0.0014204545454545455 0.005182926829268293
22 0.3794642857142857 0.6184451219512195 0.0016233766233766235 0.005182926829268293
22 0.393262987012987 0.619359756097561 0.0016233766233766235 0.007621951219512195
29 0.7790178571428571 0.619359756097561 0.011363636363636364 0.01798780487804878
29 0.7975852272727273 0.6196646341463414 0.01075487012987013 0.018597560975609755
29 0.5292207792207793 0.6202743902439024 0.00974025974025974 0.01920731707317073
29 0.473924512987013 0.620579268292683 0.011160714285714286 0.017378048780487806
29 0.39823457792207795 0.6207317073170732 0.005073051948051948 0.003658536585365854
29 0.5127840909090909 0.6208841463414634 0.011363636363636364 0.01920731707317073
2 0.7256493506493507 0.6208841463414634 0.002029220779220779 0.0064024390243902435
29 0.40533685064935066 0.6210365853658537 0.004667207792207792 0.003658536585365854
2 0.7296063311688312 0.6210365853658537 0.0034496753246753245 0.009146341463414634
2 0.6495535714285714 0.6222560975609757 0.029626623376623376 0.031097560975609756
22 0.416700487012987 0.6224085365853659 0.0018262987012987013 0.005182926829268293
22 0.42228084415584416 0.6234756097560976 0.002029220779220779 0.00548780487804878
29 0.4898538961038961 0.6236280487804878 0.010551948051948052 0.01676829268292683
22 0.8984375 0.6236280487804878 0.002232142857142857 0.007621951219512195
2 0.42015016233766234 0.6239329268292683 0.0014204545454545455 0.005182926829268293
2 0.6898336038961039 0.6240853658536586 0.028612012987012988 0.020731707317073172
29 0.9032061688311688 0.624390243902439 0.005275974025974026 0.003048780487804878
29 0.9095982142857143 0.6246951219512196 0.00588474025974026 0.003048780487804878
2 0.372362012987013 0.625609756097561 0.002029220779220779 0.007317073170731708
2 0.8734780844155844 0.6260670731707317 0.0018262987012987013 0.005182926829268293
2 0.8708400974025974 0.626219512195122 0.0014204545454545455 0.00548780487804878
2 0.8761160714285714 0.6265243902439024 0.002232142857142857 0.004878048780487805
29 0.37723214285714285 0.6269817073170731 0.002435064935064935 0.008231707317073171
2 0.575689935064935 0.6277439024390243 0.002029220779220779 0.006097560975609756
2 0.5819805194805194 0.6278963414634147 0.002029220779220779 0.005792682926829268
2 0.5790381493506493 0.6280487804878049 0.002232142857142857 0.006707317073170732
29 0.3847402597402597 0.6283536585365853 0.006087662337662338 0.00426829268292683
2 0.44308035714285715 0.6291158536585366 0.0018262987012987013 0.005792682926829268
22 0.44561688311688313 0.6292682926829268 0.0016233766233766235 0.004878048780487805
22 0.44835633116883117 0.6295731707317073 0.0014204545454545455 0.004878048780487805
2 0.8064123376623377 0.630030487804878 0.002435064935064935 0.00701219512195122
2 0.809963474025974 0.6301829268292682 0.002232142857142857 0.006707317073170732
2 0.8132102272727273 0.630640243902439 0.0018262987012987013 0.0064024390243902435
22 0.416599025974026 0.631859756097561 0.0012175324675324675 0.005182926829268293
22 0.42045454545454547 0.6326219512195121 0.0016233766233766235 0.00548780487804878
22 0.4240056818181818 0.6327743902439025 0.0014204545454545455 0.0064024390243902435
22 0.9081777597402597 0.6329268292682927 0.0014204545454545455 0.00426829268292683
29 0.40269886363636365 0.6333841463414634 0.005073051948051948 0.003353658536585366
2 0.9034090909090909 0.6336890243902439 0.002435064935064935 0.005792682926829268
14 0.43262987012987014 0.6338414634146341 0.006899350649350649 0.021341463414634148
22 0.9004667207792207 0.6342987804878049 0.0018262987012987013 0.005792682926829268
29 0.893161525974026 0.6344512195121951 0.005073051948051948 0.003658536585365854
2 0.5012175324675324 0.6353658536585366 0.002029220779220779 0.00548780487804878
2 0.5041599025974026 0.6353658536585366 0.002637987012987013 0.00548780487804878
7 0.7282873376623377 0.6353658536585366 0.002435064935064935 0.009146341463414634
22 0.8864650974025974 0.6355182926829268 0.002232142857142857 0.005792682926829268
2 0.3898133116883117 0.635670731707317 0.002840909090909091 0.006707317073170732
2 0.4984780844155844 0.635670731707317 0.002232142857142857 0.006707317073170732
22 0.37804383116883117 0.636890243902439 0.002029220779220779 0.00548780487804878
2 0.3833198051948052 0.636890243902439 0.002029220779220779 0.006097560975609756
22 0.3804788961038961 0.6373475609756097 0.0016233766233766235 0.005792682926829268
22 0.7320413961038961 0.6373475609756097 0.0014204545454545455 0.005182926829268293
22 0.734375 0.6378048780487805 0.0016233766233766235 0.006097560975609756
7 0.8508522727272727 0.6385670731707317 0.002840909090909091 0.007621951219512195
22 0.445211038961039 0.6397865853658536 0.0016233766233766235 0.005182926829268293
22 0.447849025974026 0.6397865853658536 0.0016233766233766235 0.005182926829268293
22 0.8470982142857143 0.6400914634146342 0.0018262987012987013 0.005792682926829268
22 0.8534902597402597 0.6407012195121952 0.0012175324675324675 0.0039634146341463415
22 0.8562297077922078 0.6407012195121952 0.0014204545454545455 0.005792682926829268
7 0.9059456168831169 0.6410060975609756 0.002232142857142857 0.00701219512195122
7 0.8103693181818182 0.6420731707317073 0.002232142857142857 0.007317073170731708
7 0.5945616883116883 0.6432926829268293 0.002840909090909091 0.007926829268292683
29 0.40198863636363635 0.6442073170731707 0.005275974025974026 0.003048780487804878
7 0.5561079545454546 0.644359756097561 0.002232142857142857 0.007621951219512195
22 0.734172077922078 0.644359756097561 0.0016233766233766235 0.004573170731707317
22 0.5898944805194806 0.6446646341463415 0.0016233766233766235 0.005182926829268293
22 0.5526582792207793 0.644969512195122 0.0014204545454545455 0.0064024390243902435
7 0.765422077922078 0.644969512195122 0.002840909090909091 0.008841463414634146
22 0.5588474025974026 0.6452743902439024 0.0016233766233766235 0.005182926829268293
22 0.5878652597402597 0.6452743902439024 0.0016233766233766235 0.005182926829268293
22 0.5613839285714286 0.6454268292682926 0.0018262987012987013 0.004878048780487805
22 0.7685673701298701 0.6467987804878049 0.0014204545454545455 0.004573170731707317
22 0.7704951298701299 0.6467987804878049 0.0016233766233766235 0.004573170731707317
22 0.8131087662337663 0.6469512195121951 0.002029220779220779 0.006097560975609756
22 0.8153409090909091 0.6471036585365854 0.0016233766233766235 0.0064024390243902435
22 0.7618709415584416 0.6472560975609756 0.0018262987012987013 0.004878048780487805
22 0.4069602272727273 0.6475609756097561 0.002637987012987013 0.007926829268292683
2 0.7840909090909091 0.6480182926829269 0.002435064935064935 0.0064024390243902435
2 0.6157670454545454 0.6484756097560975 0.0018262987012987013 0.00548780487804878
2 0.6187094155844156 0.6484756097560975 0.002029220779220779 0.006097560975609756
22 0.8172686688311688 0.6484756097560975 0.0014204545454545455 0.00548780487804878
2 0.5377435064935064 0.6489329268292683 0.002435064935064935 0.00701219512195122
2 0.5403814935064936 0.6489329268292683 0.002029220779220779 0.0064024390243902435
22 0.585836038961039 0.649390243902439 0.0016233766233766235 0.004878048780487805
7 0.4419642857142857 0.6496951219512195 0.002840909090909091 0.007926829268292683
22 0.6220576298701299 0.6496951219512195 0.002637987012987013 0.00975609756097561
2 0.794135551948052 0.6498475609756098 0.002637987012987013 0.00701219512195122
2 0.7971793831168831 0.6498475609756098 0.002637987012987013 0.00701219512195122
22 0.4184253246753247 0.65 0.002029220779220779 0.00548780487804878
2 0.6264204545454546 0.6501524390243902 0.002840909090909091 0.008231707317073171
7 0.4239042207792208 0.6504573170731708 0.00487012987012987 0.003353658536585366
2 0.888088474025974 0.6504573170731708 0.002637987012987013 0.005792682926829268
22 0.4674310064935065 0.650609756097561 0.0014204545454545455 0.004878048780487805
22 0.4727069805194805 0.650609756097561 0.0014204545454545455 0.004878048780487805
22 0.44642857142857145 0.6507621951219512 0.0012175324675324675 0.004573170731707317
2 0.8836241883116883 0.6507621951219512 0.002232142857142857 0.0064024390243902435
2 0.43648538961038963 0.6509146341463414 0.002029220779220779 0.00548780487804878
22 0.47514204545454547 0.6509146341463414 0.0018262987012987013 0.004878048780487805
22 0.43892045454545453 0.6515243902439024 0.002435064935064935 0.006097560975609756
7 0.47017045454545453 0.6515243902439024 0.002435064935064935 0.007926829268292683
7 0.374898538961039 0.651829268292683 0.002637987012987013 0.007926829268292683
14 0.3872767857142857 0.6536585365853659 0.017248376623376624 0.00853658536585366
22 0.5097402597402597 0.6544207317073171 0.0016233766233766235 0.005182926829268293
22 0.5159293831168831 0.6544207317073171 0.0018262987012987013 0.005182926829268293
13 0.658786525974026 0.6545731707317073 0.00588474025974026 0.018902439024390243
2 0.90625 0.6545731707317073 0.002435064935064935 0.006707317073170732
14 0.8966112012987013 0.6547256097560976 0.008319805194805194 0.024695121951219513
7 0.5127840909090909 0.6548780487804878 0.002840909090909091 0.00853658536585366
13 0.6778612012987013 0.6548780487804878 0.006290584415584416 0.020731707317073172
22 0.5065949675324676 0.6553353658536586 0.0014204545454545455 0.005182926829268293
22 0.908887987012987 0.6559451219512196 0.0012175324675324675 0.004573170731707317
13 0.6999797077922078 0.6565548780487804 0.003043831168831169 0.010060975609756098
7 0.7047483766233766 0.656859756097561 0.005681818181818182 0.0039634146341463415
7 0.7248376623376623 0.656859756097561 0.005681818181818182 0.00274390243902439
2 0.4023944805194805 0.6570121951219512 0.002029220779220779 0.006707317073170732
7 0.7116477272727273 0.6570121951219512 0.005681818181818182 0.0024390243902439024
22 0.37023133116883117 0.6571646341463414 0.0014204545454545455 0.005182926829268293
7 0.718648538961039 0.657469512195122 0.005073051948051948 0.003353658536585366
22 0.8757102272727273 0.6591463414634147 0.0014204545454545455 0.004878048780487805
2 0.8780438311688312 0.6594512195121951 0.0016233766233766235 0.006097560975609756
22 0.8806818181818182 0.6594512195121951 0.0016233766233766235 0.004878048780487805
2 0.6155641233766234 0.6602134146341463 0.0014204545454545455 0.005182926829268293
22 0.6175933441558441 0.6603658536585366 0.0014204545454545455 0.00548780487804878
22 0.3737824675324675 0.6611280487804878 0.0016233766233766235 0.0064024390243902435
2 0.3763189935064935 0.661280487804878 0.0018262987012987013 0.00548780487804878
7 0.8838271103896104 0.661280487804878 0.0018262987012987013 0.006097560975609756
2 0.6046063311688312 0.6614329268292682 0.0018262987012987013 0.005792682926829268
22 0.6271306818181818 0.6615853658536586 0.0018262987012987013 0.004878048780487805
22 0.598823051948052 0.661890243902439 0.0016233766233766235 0.00548780487804878
22 0.601359577922078 0.661890243902439 0.0018262987012987013 0.006097560975609756
2 0.5846185064935064 0.6620426829268292 0.0016233766233766235 0.004573170731707317
22 0.8867694805194806 0.6620426829268292 0.0016233766233766235 0.0064024390243902435
22 0.5895900974025974 0.6623475609756098 0.0014204545454545455 0.004573170731707317
29 0.609273538961039 0.6623475609756098 0.005478896103896104 0.0039634146341463415
29 0.622463474025974 0.6626524390243902 0.005073051948051948 0.003353658536585366
22 0.5922280844155844 0.6629573170731707 0.0014204545454545455 0.005792682926829268
7 0.533989448051948 0.6641768292682927 0.002637987012987013 0.00701219512195122
22 0.7484780844155844 0.6641768292682927 0.0018262987012987013 0.005182926829268293
22 0.7508116883116883 0.6643292682926829 0.0016233766233766235 0.00548780487804878
22 0.4049310064935065 0.6644817073170731 0.0014204545454545455 0.005792682926829268
2 0.7461444805194806 0.6647865853658537 0.0016233766233766235 0.005182926829268293
22 0.5082183441558441 0.6650914634146341 0.0014204545454545455 0.005182926829268293
22 0.7254464285714286 0.6650914634146341 0.0016233766233766235 0.005182926829268293
2 0.5824878246753247 0.6652439024390244 0.0018262987012987013 0.00426829268292683
22 0.9065543831168831 0.6652439024390244 0.0014204545454545455 0.00548780487804878
2 0.908685064935065 0.6652439024390244 0.0016233766233766235 0.004878048780487805
22 0.7050527597402597 0.6653963414634146 0.002637987012987013 0.0064024390243902435
29 0.41132305194805197 0.6655487804878049 0.002029220779220779 0.007926829268292683
7 0.4018871753246753 0.6658536585365854 0.002637987012987013 0.006707317073170732
22 0.7173295454545454 0.6666158536585366 0.0016233766233766235 0.005792682926829268
22 0.5299310064935064 0.6670731707317074 0.0014204545454545455 0.00426829268292683
22 0.5272930194805194 0.6672256097560976 0.0018262987012987013 0.0039634146341463415
22 0.4070616883116883 0.6673780487804878 0.0016233766233766235 0.00548780487804878
2 0.7685673701298701 0.6682926829268293 0.002637987012987013 0.006707317073170732
22 0.385450487012987 0.66875 0.0014204545454545455 0.005792682926829268
22 0.6271306818181818 0.6689024390243903 0.0010146103896103895 0.00548780487804878
2 0.387987012987013 0.6689024390243903 0.002435064935064935 0.006097560975609756
29 0.8781452922077922 0.6689024390243903 0.002637987012987013 0.006707317073170732
29 0.6141436688311688 0.6696646341463415 0.002637987012987013 0.007621951219512195
2 0.5895900974025974 0.6698170731707317 0.0018262987012987013 0.006097560975609756
22 0.5986201298701299 0.6698170731707317 0.0012175324675324675 0.004878048780487805
2 0.5845170454545454 0.6705792682926829 0.0018262987012987013 0.005182926829268293
22 0.5869521103896104 0.6705792682926829 0.0014204545454545455 0.005182926829268293
7 0.6030844155844156 0.6710365853658536 0.002435064935064935 0.007317073170731708
2 0.9043222402597403 0.6713414634146342 0.0014204545454545455 0.00426829268292683
7 0.5943587662337663 0.6716463414634146 0.006087662337662338 0.00426829268292683
22 0.908887987012987 0.6716463414634146 0.0016233766233766235 0.004878048780487805
22 0.906351461038961 0.6717987804878048 0.0014204545454545455 0.004573170731707317
22 0.6090706168831169 0.6719512195121952 0.002232142857142857 0.006707317073170732
14 0.5724431818181818 0.6722560975609756 0.006493506493506494 0.026829268292682926
29 0.6213474025974026 0.6722560975609756 0.002435064935064935 0.007317073170731708
22 0.8831168831168831 0.6722560975609756 0.0016233766233766235 0.00548780487804878
22 0.8951907467532467 0.6722560975609756 0.0014204545454545455 0.004878048780487805
14 0.7828733766233766 0.6727134146341464 0.015422077922077922 0.01920731707317073
22 0.49523133116883117 0.6728658536585366 0.0014204545454545455 0.00548780487804878
22 0.7625811688311688 0.6728658536585366 0.0016233766233766235 0.00426829268292683
22 0.885247564935065 0.6728658536585366 0.0014204545454545455 0.004878048780487805
22 0.4991883116883117 0.6730182926829268 0.0016233766233766235 0.004573170731707317
22 0.760450487012987 0.6730182926829268 0.0014204545454545455 0.004573170731707317
22 0.7649147727272727 0.6730182926829268 0.0014204545454545455 0.0039634146341463415
22 0.7582183441558441 0.6731707317073171 0.0018262987012987013 0.004878048780487805
22 0.49249188311688313 0.6734756097560975 0.0012175324675324675 0.004878048780487805
22 0.5017248376623377 0.6736280487804878 0.0014204545454545455 0.005182926829268293
22 0.5062905844155844 0.6736280487804878 0.002029220779220779 0.004573170731707317
29 0.75 0.6736280487804878 0.005681818181818182 0.005182926829268293
22 0.5037540584415584 0.6739329268292683 0.0010146103896103895 0.005182926829268293
14 0.5174512987012987 0.6740853658536585 0.006899350649350649 0.02195121951219512
2 0.5273944805194806 0.6757621951219512 0.002435064935064935 0.00701219512195122
22 0.5451501623376623 0.6757621951219512 0.0018262987012987013 0.004573170731707317
22 0.5591517857142857 0.6757621951219512 0.0014204545454545455 0.005182926829268293
22 0.5636160714285714 0.6757621951219512 0.0014204545454545455 0.005182926829268293
22 0.549614448051948 0.6760670731707317 0.0014204545454545455 0.005182926829268293
22 0.5543831168831169 0.6760670731707317 0.0016233766233766235 0.004573170731707317
22 0.5306412337662337 0.6771341463414634 0.0016233766233766235 0.00548780487804878
29 0.8901176948051948 0.6778963414634146 0.002637987012987013 0.00701219512195122
29 0.8782467532467533 0.6783536585365854 0.002029220779220779 0.007926829268292683
22 0.9043222402597403 0.6783536585365854 0.0014204545454545455 0.004878048780487805
22 0.8949878246753247 0.6788109756097561 0.0014204545454545455 0.005792682926829268
29 0.8993506493506493 0.6791158536585366 0.002029220779220779 0.00701219512195122
2 0.7687702922077922 0.6798780487804879 0.002637987012987013 0.006707317073170732
2 0.8848417207792207 0.6800304878048781 0.002637987012987013 0.00701219512195122
29 0.6139407467532467 0.6807926829268293 0.002232142857142857 0.007926829268292683
22 0.7363027597402597 0.6807926829268293 0.0018262987012987013 0.006097560975609756
2 0.739650974025974 0.6809451219512195 0.0016233766233766235 0.00701219512195122
22 0.7443181818181818 0.6809451219512195 0.0016233766233766235 0.005182926829268293
29 0.7544642857142857 0.6809451219512195 0.005275974025974026 0.0039634146341463415
22 0.7581168831168831 0.6809451219512195 0.0012175324675324675 0.004573170731707317
22 0.760551948051948 0.6809451219512195 0.0012175324675324675 0.004573170731707317
22 0.741984577922078 0.6810975609756098 0.0014204545454545455 0.00548780487804878
22 0.7465503246753247 0.68125 0.0012175324675324675 0.005792682926829268
29 0.49857954545454547 0.6820121951219512 0.005681818181818182 0.00548780487804878
7 0.6048092532467533 0.6823170731707318 0.0018262987012987013 0.006707317073170732
22 0.6072443181818182 0.682469512195122 0.0014204545454545455 0.005792682926829268
22 0.609375 0.6826219512195122 0.0012175324675324675 0.006097560975609756
7 0.601765422077922 0.6827743902439024 0.002232142857142857 0.007621951219512195
22 0.5034496753246753 0.6829268292682927 0.0016233766233766235 0.006097560975609756
22 0.5819805194805194 0.6829268292682927 0.0012175324675324675 0.006097560975609756
2 0.5058847402597403 0.683079268292683 0.0012175324675324675 0.004573170731707317
22 0.5085227272727273 0.6832317073170732 0.0012175324675324675 0.00426829268292683
2 0.5848214285714286 0.6832317073170732 0.0016233766233766235 0.00548780487804878
2 0.5926339285714286 0.6832317073170732 0.0014204545454545455 0.004878048780487805
22 0.49381087662337664 0.6833841463414634 0.002232142857142857 0.005792682926829268
22 0.5281047077922078 0.6833841463414634 0.0018262987012987013 0.004573170731707317
2 0.5905032467532467 0.6833841463414634 0.0012175324675324675 0.005182926829268293
22 0.5979099025974026 0.6833841463414634 0.0014204545454545455 0.004573170731707317
22 0.5874594155844156 0.6835365853658537 0.0016233766233766235 0.00548780487804878
22 0.5306412337662337 0.6836890243902439 0.0016233766233766235 0.004573170731707317
22 0.5399756493506493 0.6836890243902439 0.0016233766233766235 0.005182926829268293
22 0.5947646103896104 0.6836890243902439 0.0012175324675324675 0.004573170731707317
2 0.5637175324675324 0.6838414634146341 0.0016233766233766235 0.00548780487804878