23 0.5048076923076923 0.6586538461538461 0.004807692307692308 0.004807692307692308
23 0.4807692307692308 0.7524038461538461 0.004807692307692308 0.004807692307692308
3 0.5576923076923077 0.4375 0.004807692307692308 0.004807692307692308
3 0.5576923076923077 0.43028846153846156 0.004807692307692308 0.004807692307692308
23 0.5552884615384616 0.44711538461538464 0.004807692307692308 0.004807692307692308
3 0.5048076923076923 0.6466346153846154 0.004807692307692308 0.004807692307692308
3 0.5336538461538461 0.5264423076923077 0.004807692307692308 0.004807692307692308
3 0.53125 0.5336538461538461 0.004807692307692308 0.004807692307692308
23 0.53125 0.5408653846153846 0.004807692307692308 0.004807692307692308
3 0.47836538461538464 0.7427884615384616 0.004807692307692308 0.004807692307692308
3 0.5 0.65625 0.004807692307692308 0.004807692307692308
3 0.4735576923076923 0.7524038461538461 0.004807692307692308 0.004807692307692308
22 0.453125 0.7692307692307693 0.01201923076923077 0.009615384615384616
3 0.4423076923076923 0.7716346153846154 0.004807692307692308 0.004807692307692308
3 0.43028846153846156 0.7992788461538461 0.014423076923076924 0.007211538461538462
3 0.53125 0.36899038461538464 0.014423076923076924 0.007211538461538462
3 0.5012019230769231 0.4675480769230769 0.007211538461538462 0.007211538461538462
3 0.47475961538461536 0.5661057692307693 0.007211538461538462 0.007211538461538462
3 0.44350961538461536 0.6838942307692307 0.007211538461538462 0.007211538461538462
3 0.4963942307692308 0.4651442307692308 0.007211538461538462 0.007211538461538462
7 0.5180288461538461 0.3473557692307692 0.036057692307692304 0.021634615384615384
7 0.44591346153846156 0.5324519230769231 0.036057692307692304 0.021634615384615384