2 0.4106128246753247 0.4166158536585366 0.002232142857142857 0.005792682926829268
2 0.4135551948051948 0.4166158536585366 0.002840909090909091 0.0064024390243902435
22 0.4943912337662338 0.4213033536585366 0.0033928571428571428 0.0023628048780487804
22 0.5909243100649351 0.42354420731707315 0.0016538149350649352 0.0050152439024390245
22 0.5928135146103897 0.4237530487804878 0.0017796266233766232 0.004823170731707317
22 0.49434862012987013 0.42491463414634145 0.0029017857142857144 0.002878048780487805
22 0.42309760551948056 0.42502134146341464 0.0020393668831168834 0.004920731707317073
22 0.4253510551948052 0.4252301829268293 0.0020819805194805196 0.005338414634146342
2 0.6254058441558441 0.42591463414634145 0.00487012987012987 0.00548780487804878
2 0.6426542207792207 0.4266768292682927 0.004464285714285714 0.005182926829268293
2 0.6114042207792207 0.4269817073170732 0.003246753246753247 0.0064024390243902435
2 0.6286525974025974 0.4274390243902439 0.005275974025974026 0.006097560975609756
2 0.45211038961038963 0.42820121951219514 0.00487012987012987 0.005792682926829268
14 0.505174512987013 0.42865853658536585 0.009943181818181818 0.018292682926829267
2 0.6442775974025974 0.42865853658536585 0.004464285714285714 0.006097560975609756
22 0.4231939935064935 0.43060823170731705 0.0018262987012987013 0.00511890243902439
22 0.42119724025974026 0.4308475609756098 0.0018912337662337663 0.004378048780487804
22 0.49429484577922084 0.4344969512195122 0.0032000811688311687 0.0031402439024390246
22 0.5541365665584416 0.4353262195121951 0.003565340909090909 0.0029695121951219513
22 0.5951207386363636 0.4363689024390244 0.0031473214285714286 0.0026158536585365855
2 0.36684253246753246 0.4368719512195122 0.0031655844155844153 0.004231707317073171
22 0.4943060064935065 0.4382530487804878 0.0032224025974025975 0.0033353658536585365
4 0.6498031655844156 0.4385960365853659 0.017544642857142856 0.013167682926829268
22 0.5542968749999999 0.4389207317073171 0.0038859577922077918 0.003451219512195122
22 0.5952059659090909 0.4391295731707317 0.0033177759740259743 0.0032591463414634145
2 0.37140726461038964 0.4406585365853658 0.004584009740259741 0.0038780487804878053
2 0.3669774756493506 0.4407591463414634 0.003435470779220779 0.004079268292682927
4 0.6832224025974026 0.4412896341463415 0.03162337662337662 0.012457317073170732
9 0.6102881493506493 0.4426829268292683 0.011972402597402598 0.018902439024390243
22 0.4392441152597402 0.4444435975609756 0.0030823863636363635 0.002911585365853659
10 0.4212662337662338 0.444625 0.012175324675324676 0.022786585365853658
2 0.3668597808441558 0.447469512195122 0.0036059253246753247 0.003475609756097561
22 0.4392755681818182 0.44758841463414634 0.0035511363636363635 0.0031036585365853656
22 0.5221661931818182 0.4500990853658537 0.0021245941558441558 0.005685975609756097
22 0.5264904626623377 0.45067682926829267 0.0018445616883116882 0.00501219512195122
22 0.671130275974026 0.4515381097560976 0.0033806818181818183 0.003076219512195122
22 0.6749969561688313 0.45182621951219515 0.0034030032467532467 0.0030426829268292684
2 0.3671469155844156 0.452297256097561 0.0029626623376623378 0.003984756097560976
22 0.439393262987013 0.45405792682926827 0.0029748376623376623 0.0032378048780487803
22 0.6745342938311688 0.45491006097560976 0.003695211038961039 0.0031128048780487807
22 0.6713443587662338 0.45489329268292683 0.0034030032467532467 0.0030792682926829265
2 0.3668760146103896 0.4583719512195122 0.003638392857142857 0.0033292682926829268
2 0.36679180194805194 0.4619801829268293 0.0034699675324675328 0.0038384146341463414
14 0.49046266233766234 0.46783536585365854 0.016233766233766232 0.01920731707317073
22 0.5947676542207792 0.47248323170731704 0.0028469967532467532 0.0028932926829268292
14 0.44237012987012986 0.4736280487804878 0.015422077922077922 0.019817073170731708
22 0.5948001217532468 0.4752759146341463 0.0033177759740259743 0.0023810975609756097
9 0.4028003246753247 0.4771341463414634 0.010146103896103896 0.01402439024390244
7 0.37241172889610386 0.48090396341463415 0.004969561688311688 0.020344512195121952
2 0.4099025974025974 0.48125 0.00487012987012987 0.004573170731707317
2 0.41101866883116883 0.48567073170731706 0.007508116883116883 0.004878048780487805
22 0.4251643668831169 0.4902774390243902 0.003737824675324676 0.0031158536585365855
22 0.42531351461038963 0.4969542682926829 0.003224431818181818 0.0030548780487804875
2 0.3914366883116883 0.49817073170731707 0.004464285714285714 0.007317073170731708
2 0.41943993506493504 0.49817073170731707 0.006899350649350649 0.004878048780487805
22 0.3664681412337662 0.5011310975609756 0.0032284902597402598 0.003481707317073171
14 0.5132913961038961 0.5032012195121951 0.02333603896103896 0.024085365853658537
22 0.3664681412337662 0.5046951219512196 0.0032284902597402598 0.002682926829268293
14 0.4048579545454546 0.5049146341463414 0.017508116883116882 0.02751219512195122
29 0.42616883116883114 0.505077743902439 0.005340909090909091 0.007716463414634146
29 0.4189874188311688 0.5053963414634146 0.005994318181818181 0.007134146341463414
22 0.4357893668831169 0.5059435975609756 0.0018547077922077923 0.005179878048780487
22 0.43810673701298697 0.5063612804878049 0.0016193181818181818 0.005405487804878049
22 0.4439904626623377 0.5064253048780488 0.002023133116883117 0.004923780487804877
22 0.44607244318181816 0.5066493902439024 0.0017228084415584417 0.004762195121951219
2 0.3765533685064935 0.5067332317073171 0.016499594155844156 0.026271341463414633
22 0.36647828733766236 0.5076966463414634 0.0028429383116883116 0.0025884146341463416
4 0.6699279626623377 0.5079466463414635 0.03669034090909091 0.012234756097560976
14 0.48843344155844154 0.5097560975609756 0.011363636363636364 0.018902439024390243
22 0.36623275162337665 0.5106326219512195 0.0031635551948051947 0.002972560975609756
2 0.39082792207792205 0.511280487804878 0.006087662337662338 0.00426829268292683
2 0.4190340909090909 0.5115853658536585 0.005681818181818182 0.004878048780487805
2 0.42613636363636365 0.511890243902439 0.006493506493506494 0.006097560975609756
4 0.704669237012987 0.5129451219512196 0.014046266233766234 0.013085365853658538
22 0.3664681412337662 0.5136829268292683 0.0032284902597402598 0.002975609756097561
2 0.43587662337662336 0.5140243902439025 0.0036525974025974025 0.007317073170731708
22 0.42533786525974027 0.5153917682926829 0.0032731331168831166 0.0021249999999999997
2 0.4190340909090909 0.5163109756097561 0.005681818181818182 0.004573170731707317
22 0.3664681412337662 0.5169573170731707 0.0032284902597402598 0.003426829268292683
22 0.4254230925324676 0.5187621951219512 0.0034435876623376623 0.002768292682926829
22 0.36637175324675325 0.5201829268292683 0.0034415584415584417 0.0025609756097560977
2 0.5173498376623377 0.5210365853658536 0.0034496753246753245 0.006097560975609756
2 0.507711038961039 0.521189024390244 0.002840909090909091 0.0064024390243902435
22 0.3664042207792208 0.5233140243902439 0.0035064935064935067 0.002725609756097561
7 0.38628652597402596 0.5236280487804879 0.009180194805194806 0.005792682926829268
22 0.37327008928571426 0.5237789634146341 0.0030336850649350646 0.0024359756097560976
22 0.3920211038961039 0.5240274390243902 0.0019805194805194806 0.0053719512195121956
22 0.40156757305194807 0.5240746951219512 0.0019987824675324673 0.005466463414634146
2 0.39671266233766234 0.524390243902439 0.005681818181818182 0.00548780487804878
2 0.40645292207792205 0.5245426829268293 0.006493506493506494 0.00701219512195122
2 0.41294642857142855 0.5248475609756098 0.006899350649350649 0.00701219512195122
22 0.4192197646103896 0.5260655487804877 0.003618100649350649 0.0027408536585365856
2 0.5119724025974026 0.5265243902439024 0.003246753246753247 0.007317073170731708
22 0.36628652597402594 0.5265564024390244 0.0032711038961038964 0.0031128048780487807
2 0.4361810064935065 0.5271341463414634 0.003043831168831169 0.006707317073170732
22 0.37320616883116886 0.5270853658536585 0.0033116883116883116 0.0035609756097560977
22 0.484499797077922 0.5277896341463415 0.0018729707792207793 0.004359756097560976
22 0.42526379870129866 0.5297408536585366 0.003125 0.002774390243902439
22 0.3733340097402597 0.5306646341463415 0.0035673701298701297 0.002792682926829268
2 0.6126217532467533 0.5326219512195122 0.006493506493506494 0.006707317073170732
2 0.6057224025974026 0.5329268292682927 0.006087662337662338 0.006707317073170732
22 0.4845637175324675 0.533969512195122 0.0015949675324675326 0.005134146341463415
22 0.4944835633116883 0.5342576219512195 0.0015482954545454545 0.004490853658536586
22 0.37856635551948054 0.5346128048780487 0.0034801136363636362 0.00276219512195122
22 0.4650862418831169 0.5373079268292683 0.003630275974025974 0.003274390243902439
22 0.3659446022727273 0.5390274390243902 0.003398944805194805 0.0030548780487804875
2 0.6669034090909091 0.5391768292682927 0.006290584415584416 0.004573170731707317
6 0.35908685064935064 0.5399679878048781 0.008758116883116883 0.0799359756097561
22 0.4951988636363637 0.5409344512195122 0.005008116883116883 0.004429878048780487
22 0.49959821428571427 0.5419131097560975 0.00325487012987013 0.0021189024390243904
22 0.36600852272727274 0.5424618902439025 0.0031209415584415585 0.002606707317073171
2 0.6072443181818182 0.5426829268292683 0.007508116883116883 0.004878048780487805
22 0.4908745941558442 0.543342987804878 0.00244724025974026 0.008637195121951219
2 0.6670048701298701 0.5446646341463415 0.006087662337662338 0.0039634146341463415
22 0.4998011363636364 0.5451722560975609 0.002849025974025974 0.0025396341463414635
22 0.4863676948051948 0.5452530487804879 0.001956168831168831 0.0045304878048780485
22 0.36606229707792204 0.5457042682926829 0.002822646103896104 0.0029939024390243903
2 0.6076501623376623 0.5484756097560975 0.005478896103896104 0.004878048780487805
14 0.6320809659090909 0.5490731707317074 0.025525568181818184 0.01278048780487805
22 0.36590198863636364 0.549219512195122 0.003313717532467532 0.0020975609756097562
22 0.36600852272727274 0.5516432926829269 0.0031209415584415585 0.0026768292682926827
22 0.3661688311688312 0.5587850609756098 0.00262987012987013 0.0017164634146341463
22 0.7455549918831168 0.5594176829268293 0.0036911525974025975 0.0029817073170731703
2 0.5873579545454546 0.5599085365853659 0.004261363636363636 0.003353658536585366
22 0.5911840503246754 0.5602637195121951 0.0029849837662337666 0.002844512195121951
2 0.6574675324675324 0.5614329268292683 0.00487012987012987 0.011890243902439025
22 0.3658269074675325 0.5616112804878048 0.0031635551948051947 0.0024908536585365854
2 0.6504667207792207 0.5623475609756098 0.006290584415584416 0.005182926829268293
22 0.5909912743506494 0.5634588414634146 0.003005275974025974 0.0025274390243902435
2 0.5876623376623377 0.563719512195122 0.0036525974025974025 0.003658536585365854
22 0.36581676136363633 0.5648048780487804 0.003143262987012987 0.0027804878048780486
22 0.7501937905844156 0.5655716463414634 0.0032284902597402598 0.0030945121951219514
22 0.5983056006493506 0.5659786585365854 0.003023538961038961 0.0026890243902439027
22 0.3655813717532468 0.5681432926829268 0.0034841720779220783 0.00275
22 0.750119724025974 0.5689817073170732 0.003080357142857143 0.0032073170731707315
22 0.6134902597402598 0.5699268292682926 0.0029545454545454545 0.002658536585365854
2 0.6070413961038961 0.5711890243902439 0.004261363636363636 0.0039634146341463415
22 0.36590198863636364 0.5713704268292683 0.003313717532467532 0.002496951219512195
22 0.7502303165584416 0.5718368902439024 0.0033015422077922077 0.002820121951219512
2 0.557224025974026 0.5717987804878049 0.002029220779220779 0.005792682926829268
2 0.5632102272727273 0.5719512195121951 0.0018262987012987013 0.006707317073170732
2 0.5590503246753247 0.5721036585365854 0.0016233766233766235 0.0064024390243902435
2 0.5610795454545454 0.5722560975609756 0.0016233766233766235 0.006707317073170732
2 0.5690949675324676 0.5722560975609756 0.0018262987012987013 0.00548780487804878
2 0.5708198051948052 0.5722560975609756 0.002029220779220779 0.00548780487804878
2 0.578226461038961 0.5722560975609756 0.002232142857142857 0.00548780487804878
2 0.565137987012987 0.5724085365853658 0.002029220779220779 0.0064024390243902435
2 0.5749797077922078 0.5724085365853658 0.002232142857142857 0.005792682926829268
2 0.6504667207792207 0.5724085365853658 0.005478896103896104 0.004573170731707317
2 0.5863433441558441 0.572560975609756 0.002637987012987013 0.004878048780487805
2 0.5918222402597403 0.572560975609756 0.002232142857142857 0.006097560975609756
2 0.5668628246753247 0.5727134146341464 0.002232142857142857 0.0064024390243902435
2 0.5768060064935064 0.5727134146341464 0.0018262987012987013 0.005182926829268293
2 0.5824878246753247 0.5727134146341464 0.0018262987012987013 0.005182926829268293
2 0.5981128246753247 0.5727134146341464 0.003043831168831169 0.005182926829268293
2 0.6572646103896104 0.5727134146341464 0.006087662337662338 0.004573170731707317
2 0.580560064935065 0.5728658536585366 0.0016233766233766235 0.00548780487804878
2 0.5899959415584416 0.5728658536585366 0.002232142857142857 0.004878048780487805
2 0.5956777597402597 0.5728658536585366 0.002232142857142857 0.00548780487804878
2 0.5842126623376623 0.5730182926829268 0.0016233766233766235 0.0064024390243902435
2 0.5933441558441559 0.5733231707317074 0.002435064935064935 0.0064024390243902435
22 0.365955762987013 0.5746280487804878 0.003421266233766234 0.0023048780487804877
22 0.6068597808441558 0.575079268292683 0.003492288961038961 0.0019878048780487805
22 0.6135653409090909 0.5753841463414634 0.0035105519480519484 0.002597560975609756
2 0.619622564935065 0.5768292682926829 0.00588474025974026 0.00548780487804878
22 0.562747564935065 0.5769740853658536 0.0017126623376623375 0.004557926829268292
22 0.5745464691558441 0.5770853658536585 0.0017715097402597403 0.004780487804878049
22 0.5647757711038961 0.5771493902439024 0.0021164772727272725 0.004908536585365854
22 0.5669541396103895 0.577358231707317 0.0020089285714285717 0.004716463414634146
22 0.5611556412337663 0.5774222560975609 0.0021814123376623375 0.004844512195121951
22 0.5688342126623377 0.5774878048780488 0.001710633116883117 0.004975609756097561
22 0.5708735795454545 0.5777118902439025 0.0017309253246753245 0.004814024390243902
22 0.5786688311688312 0.5777118902439025 0.0018993506493506492 0.004814024390243902
22 0.5878733766233766 0.5775670731707317 0.0016396103896103896 0.004524390243902439
22 0.5571306818181818 0.5777759146341463 0.0018425324675324676 0.004942073170731707
22 0.5592126623376624 0.5776951219512195 0.001948051948051948 0.004780487804878049
22 0.5821814123376623 0.5777606707317073 0.002025162337662338 0.0049115853658536586
22 0.5916000405844156 0.5777606707317073 0.0013818993506493505 0.0049115853658536586
22 0.584007711038961 0.578 0.0016193181818181818 0.004170731707317073
22 0.5801420454545455 0.5782088414634147 0.00200487012987013 0.004588414634146342
22 0.5897635957792208 0.5782088414634147 0.001767451298701299 0.004588414634146342
22 0.593575487012987 0.5782088414634147 0.001680194805194805 0.004588414634146342
22 0.5977719155844157 0.5782256097560975 0.0011444805194805194 0.00401219512195122
22 0.5765756899350649 0.5781935975609755 0.0017715097402597403 0.004557926829268292
22 0.5957325487012987 0.5783536585365854 0.0015300324675324676 0.00426829268292683
22 0.6137256493506493 0.5787393292682927 0.0030194805194805195 0.0026006097560975607
2 0.606635551948052 0.5814024390243903 0.003043831168831169 0.003658536585365854
22 0.5814346590909091 0.5821417682926829 0.0033725649350649354 0.002088414634146341
2 0.6200284090909091 0.5823170731707317 0.007102272727272727 0.003658536585365854
22 0.5647869318181818 0.5826875 0.0017329545454545453 0.005009146341463415
22 0.5571195211038962 0.5825426829268293 0.0022260551948051948 0.004719512195121951
22 0.5610278003246753 0.5826067073170732 0.0019257305194805194 0.004847560975609756
22 0.5997372159090909 0.5828795731707317 0.0034517045454545456 0.002954268292682927
2 0.6035917207792207 0.5829268292682926 0.003043831168831169 0.00426829268292683
22 0.5678835227272727 0.5831204268292682 0.0030560064935064935 0.002826219512195122
2 0.6565543831168831 0.5838414634146342 0.005478896103896104 0.006707317073170732
22 0.5736921672077923 0.5844527439024391 0.002903814935064935 0.003051829268292683
22 0.6065493100649351 0.5843887195121952 0.0028713474025974027 0.0023140243902439023
22 0.5788818993506494 0.5849664634146342 0.0035430194805194807 0.00225
22 0.6033573457792207 0.585625 0.0025750811688311686 0.002347560975609756
2 0.6000405844155844 0.5864329268292683 0.0036525974025974025 0.00274390243902439
22 0.41883116883116883 0.5867378048780488 0.0016233766233766235 0.004573170731707317
22 0.4169034090909091 0.586890243902439 0.0018262987012987013 0.006097560975609756
22 0.4247159090909091 0.586890243902439 0.002840909090909091 0.00548780487804878
22 0.4304991883116883 0.586890243902439 0.003043831168831169 0.006707317073170732
22 0.41314935064935066 0.5870426829268293 0.0016233766233766235 0.0039634146341463415
22 0.41517857142857145 0.5870426829268293 0.0016233766233766235 0.0064024390243902435
22 0.42299107142857145 0.5870426829268293 0.002637987012987013 0.005792682926829268
22 0.43790584415584416 0.5870426829268293 0.002840909090909091 0.00701219512195122
22 0.42096185064935066 0.5871951219512195 0.002232142857142857 0.006097560975609756
22 0.42725243506493504 0.5871951219512195 0.0018262987012987013 0.006097560975609756
22 0.45870535714285715 0.5871951219512195 0.0018262987012987013 0.007317073170731708
2 0.5836038961038961 0.5871951219512195 0.005275974025974026 0.003048780487804878
2 0.619926948051948 0.5871951219512195 0.007305194805194805 0.006097560975609756
22 0.43344155844155846 0.5873475609756098 0.003246753246753247 0.0064024390243902435
22 0.44125405844155846 0.5873475609756098 0.0034496753246753245 0.0064024390243902435
22 0.4492694805194805 0.5873475609756098 0.002435064935064935 0.0064024390243902435
22 0.453023538961039 0.5873475609756098 0.002232142857142857 0.0064024390243902435
22 0.6067948457792207 0.5873094512195122 0.003768262987012987 0.0026676829268292685
22 0.4474431818181818 0.5875 0.002435064935064935 0.00548780487804878
22 0.4511972402597403 0.5875 0.002232142857142857 0.00548780487804878
22 0.46469155844155846 0.5875 0.002840909090909091 0.006707317073170732
22 0.4567775974025974 0.5876524390243902 0.0016233766233766235 0.00701219512195122
22 0.4549512987012987 0.5878048780487805 0.002029220779220779 0.00548780487804878
22 0.4627637987012987 0.5879573170731708 0.002637987012987013 0.004573170731707317
22 0.46073457792207795 0.588109756097561 0.002232142857142857 0.006097560975609756
22 0.6031006493506493 0.5885609756097561 0.0028733766233766233 0.0021219512195121953
22 0.7467725243506493 0.588984756097561 0.003285308441558442 0.003579268292682927
22 0.737614650974026 0.5889573170731707 0.0032325487012987014 0.0029146341463414634
22 0.5784019886363636 0.5906326219512196 0.002989042207792208 0.0032164634146341466
2 0.606737012987013 0.5907012195121951 0.0036525974025974025 0.004573170731707317
2 0.5891842532467533 0.5913109756097561 0.0034496753246753245 0.003353658536585366
22 0.6136292613636364 0.5913871951219513 0.0028267045454545454 0.002896341463414634
22 0.6172818587662338 0.5917393292682926 0.0032325487012987014 0.0029908536585365854
2 0.583198051948052 0.5920731707317073 0.005275974025974026 0.003658536585365854
2 0.6005478896103896 0.5922256097560976 0.006290584415584416 0.004573170731707317
2 0.5943587662337663 0.5923780487804878 0.00487012987012987 0.003658536585365854
2 0.6010551948051948 0.592530487804878 0.005681818181818182 0.004573170731707317
22 0.6274878246753247 0.5925716463414634 0.0021347402597402597 0.005265243902439024
22 0.6256726866883117 0.5931981707317073 0.0017512175324675325 0.0052987804878048776
22 0.7417096185064935 0.5936280487804878 0.0033056006493506493 0.0031097560975609753
2 0.41264204545454547 0.5940548780487804 0.0018262987012987013 0.005792682926829268
2 0.4104099025974026 0.5942073170731708 0.002232142857142857 0.00548780487804878
7 0.4231939935064935 0.5942073170731708 0.002637987012987013 0.006097560975609756
22 0.6168222402597402 0.5944039634146342 0.0035308441558441557 0.0028323170731707316
7 0.4174107142857143 0.594359756097561 0.003246753246753247 0.005792682926829268
22 0.5781990665584416 0.5943079268292683 0.003394886363636364 0.00325
22 0.6136191152597402 0.5943399390243902 0.0032122564935064936 0.0020945121951219513
7 0.4205560064935065 0.594969512195122 0.003043831168831169 0.0064024390243902435
2 0.44754464285714285 0.594969512195122 0.002637987012987013 0.005792682926829268
2 0.45018262987012986 0.5951219512195122 0.002637987012987013 0.00548780487804878
7 0.4552556818181818 0.5952743902439024 0.002637987012987013 0.005792682926829268
22 0.7464316152597402 0.5954588414634147 0.0030093344155844156 0.002503048780487805
22 0.7374675324675324 0.5954588414634147 0.0029383116883116883 0.0031128048780487807
7 0.45789366883116883 0.5955792682926829 0.002637987012987013 0.00701219512195122
7 0.4609375 0.5955792682926829 0.003043831168831169 0.0064024390243902435
7 0.466213474025974 0.5955792682926829 0.0038555194805194805 0.005792682926829268
22 0.7502678571428572 0.5957362804878049 0.0033766233766233766 0.0030579268292682924
22 0.6104799107142858 0.5957698170731708 0.0022098214285714286 0.004954268292682927
2 0.583502435064935 0.5958841463414634 0.006290584415584416 0.0039634146341463415
22 0.5965756899350649 0.5961051829268292 0.003216314935064935 0.0025762195121951216
22 0.4878246753246753 0.5961890243902439 0.005275974025974026 0.0039634146341463415
2 0.6220576298701299 0.5961890243902439 0.005478896103896104 0.004573170731707317
22 0.6037307224025974 0.596314024390244 0.003321834415584416 0.0029939024390243903
2 0.5927353896103896 0.5969512195121951 0.004464285714285714 0.003658536585365854
22 0.6132984983766234 0.5971966463414634 0.0033827110389610393 0.002929878048780488
2 0.5013189935064936 0.5980182926829268 0.0038555194805194805 0.0039634146341463415
2 0.5057832792207793 0.5983231707317073 0.0038555194805194805 0.003353658536585366
22 0.5890269886363636 0.5990914634146342 0.0035409902597402596 0.0030609756097560972
22 0.5965330762987013 0.5993963414634146 0.0031310876623376624 0.0024512195121951215
22 0.603773336038961 0.5995884146341464 0.0034070616883116883 0.002225609756097561
22 0.6169724025974026 0.6000381097560976 0.0030194805194805195 0.003125
22 0.40625 0.600609756097561 0.002029220779220779 0.004878048780487805
22 0.41233766233766234 0.6007621951219512 0.002840909090909091 0.0039634146341463415
2 0.583198051948052 0.6007621951219512 0.006087662337662338 0.0039634146341463415
7 0.4083806818181818 0.6009146341463415 0.0018262987012987013 0.00548780487804878
7 0.4146712662337662 0.6009146341463415 0.002232142857142857 0.006097560975609756
22 0.4104099025974026 0.6012195121951219 0.0018262987012987013 0.006097560975609756
7 0.4175121753246753 0.6012195121951219 0.002232142857142857 0.006097560975609756
22 0.49695616883116883 0.6012195121951219 0.004464285714285714 0.003048780487804878
7 0.42299107142857145 0.6013719512195121 0.002232142857142857 0.005182926829268293
22 0.5016233766233766 0.6013719512195121 0.0036525974025974025 0.00274390243902439
22 0.505377435064935 0.6013719512195121 0.0038555194805194805 0.00274390243902439
7 0.4461241883116883 0.6015243902439025 0.002637987012987013 0.006097560975609756
7 0.4044237012987013 0.6016768292682927 0.003246753246753247 0.005792682926829268
7 0.4199472402597403 0.6016768292682927 0.002637987012987013 0.005792682926829268
7 0.42613636363636365 0.6016768292682927 0.002840909090909091 0.005792682926829268
22 0.4434862012987013 0.6016768292682927 0.0018262987012987013 0.005182926829268293
7 0.4524147727272727 0.6016768292682927 0.002232142857142857 0.0064024390243902435
7 0.463575487012987 0.6016768292682927 0.003043831168831169 0.005792682926829268
7 0.46073457792207795 0.6018292682926829 0.002637987012987013 0.00548780487804878
7 0.44125405844155846 0.6019817073170731 0.002637987012987013 0.005182926829268293
7 0.4481534090909091 0.6019817073170731 0.0018262987012987013 0.005182926829268293
7 0.4498782467532468 0.6019817073170731 0.002029220779220779 0.005182926829268293
7 0.4549512987012987 0.6019817073170731 0.002435064935064935 0.0064024390243902435
22 0.46763392857142855 0.6022865853658537 0.002637987012987013 0.005792682926829268
22 0.4654017857142857 0.6024390243902439 0.002232142857142857 0.006097560975609756
7 0.45789366883116883 0.6025914634146341 0.003043831168831169 0.00701219512195122
22 0.4965503246753247 0.6033536585365854 0.004464285714285714 0.003658536585365854
22 0.5010146103896104 0.6039634146341464 0.0036525974025974025 0.003048780487804878
22 0.505377435064935 0.6039634146341464 0.004261363636363636 0.003048780487804878
2 0.5097402597402597 0.6039634146341464 0.00487012987012987 0.00426829268292683
2 0.5137987012987013 0.6042682926829268 0.003246753246753247 0.003658536585365854
7 0.5289163961038961 0.6042682926829268 0.004261363636363636 0.00426829268292683
2 0.518161525974026 0.604420731707317 0.0038555194805194805 0.0039634146341463415
7 0.533887987012987 0.604420731707317 0.004464285714285714 0.003353658536585366
22 0.49644886363636365 0.6068597560975609 0.0038555194805194805 0.00274390243902439
15 0.5097402597402597 0.6068597560975609 0.004058441558441558 0.0039634146341463415
15 0.5011160714285714 0.6070121951219513 0.0038555194805194805 0.003658536585365854
15 0.5055803571428571 0.6071646341463415 0.0038555194805194805 0.003353658536585366
15 0.5139001623376623 0.6074695121951219 0.0038555194805194805 0.003353658536585366
15 0.518060064935065 0.6077743902439025 0.0036525974025974025 0.003353658536585366
2 0.5335836038961039 0.6077743902439025 0.004667207792207792 0.0039634146341463415
2 0.528612012987013 0.6079268292682927 0.0036525974025974025 0.003048780487804878
22 0.43394886363636365 0.6097560975609756 0.005073051948051948 0.00426829268292683
7 0.5135957792207793 0.6100609756097561 0.0036525974025974025 0.003658536585365854
22 0.528612012987013 0.6102134146341464 0.004058441558441558 0.005182926829268293
7 0.5008116883116883 0.6103658536585366 0.004058441558441558 0.003658536585365854
7 0.5055803571428571 0.6103658536585366 0.0034496753246753245 0.003658536585365854
7 0.5097402597402597 0.6103658536585366 0.004058441558441558 0.003658536585365854
22 0.4961444805194805 0.6105182926829268 0.00487012987012987 0.0039634146341463415
7 0.5178571428571429 0.6109756097560975 0.004058441558441558 0.003658536585365854
22 0.7558745941558441 0.6109984756097561 0.003226461038961039 0.0024847560975609756
22 0.533685064935065 0.6115853658536585 0.004058441558441558 0.00426829268292683
22 0.4338474025974026 0.6126524390243903 0.004464285714285714 0.0039634146341463415
22 0.7556442775974026 0.6137423780487805 0.003171672077922078 0.0024847560975609756
7 0.4780844155844156 0.6155487804878049 0.002435064935064935 0.004878048780487805
7 0.48295454545454547 0.6157012195121951 0.002840909090909091 0.0064024390243902435
7 0.47625811688311687 0.6158536585365854 0.002840909090909091 0.004878048780487805
22 0.4336444805194805 0.6161585365853659 0.004058441558441558 0.003658536585365854
7 0.48062094155844154 0.6164634146341463 0.002637987012987013 0.00548780487804878
22 0.4338474025974026 0.6201219512195122 0.004058441558441558 0.003658536585365854