3 0.5432692307692307 0.5949519230769231 0.004807692307692308 0.002403846153846154
23 0.5444711538461539 0.5997596153846154 0.007211538461538462 0.002403846153846154
23 0.5432692307692307 0.6021634615384616 0.004807692307692308 0.002403846153846154
3 0.5625 0.4423076923076923 0.009615384615384616 0.004807692307692308
23 0.5709134615384616 0.38100961538461536 0.007211538461538462 0.002403846153846154
3 0.5649038461538461 0.4375 0.009615384615384616 0.004807692307692308
16 0.5264423076923077 0.8040865384615384 0.004807692307692308 0.002403846153846154
16 0.5264423076923077 0.8088942307692307 0.004807692307692308 0.002403846153846154
3 0.5721153846153846 0.3786057692307692 0.014423076923076924 0.007211538461538462
16 0.5264423076923077 0.8064903846153846 0.004807692307692308 0.002403846153846154
23 0.5264423076923077 0.8209134615384616 0.004807692307692308 0.002403846153846154
23 0.5288461538461539 0.8257211538461539 0.004807692307692308 0.002403846153846154
3 0.5408653846153846 0.6935096153846154 0.009615384615384616 0.002403846153846154
23 0.5288461538461539 0.828125 0.004807692307692308 0.002403846153846154
29 0.5432692307692307 0.6838942307692307 0.009615384615384616 0.007211538461538462
29 0.5432692307692307 0.6911057692307693 0.009615384615384616 0.007211538461538462
13 0.5264423076923077 0.8521634615384616 0.004807692307692308 0.002403846153846154
23 0.5492788461538461 0.6790865384615384 0.007211538461538462 0.002403846153846154
7 0.5360576923076923 0.8125 0.009615384615384616 0.004807692307692308
22 0.5769230769230769 0.41466346153846156 0.009615384615384616 0.007211538461538462
22 0.5757211538461539 0.421875 0.007211538461538462 0.007211538461538462
7 0.5360576923076923 0.8040865384615384 0.009615384615384616 0.007211538461538462
3 0.5733173076923077 0.46033653846153844 0.01201923076923077 0.007211538461538462
3 0.5360576923076923 0.8185096153846154 0.004807692307692308 0.002403846153846154
3 0.5336538461538461 0.8329326923076923 0.004807692307692308 0.002403846153846154
6 0.53125 0.8713942307692307 0.02403846153846154 0.01201923076923077
16 0.5372596153846154 0.8209134615384616 0.007211538461538462 0.002403846153846154
3 0.5372596153846154 0.828125 0.007211538461538462 0.002403846153846154
3 0.5372596153846154 0.8233173076923077 0.007211538461538462 0.002403846153846154
3 0.5372596153846154 0.8305288461538461 0.007211538461538462 0.002403846153846154
23 0.5853365384615384 0.375 0.007211538461538462 0.004807692307692308
3 0.5432692307692307 0.7920673076923077 0.009615384615384616 0.002403846153846154
23 0.5853365384615384 0.38341346153846156 0.007211538461538462 0.002403846153846154
23 0.5853365384615384 0.3870192307692308 0.007211538461538462 0.004807692307692308
23 0.5805288461538461 0.4362980769230769 0.007211538461538462 0.002403846153846154
23 0.5793269230769231 0.44350961538461536 0.009615384615384616 0.002403846153846154
23 0.5793269230769231 0.45072115384615385 0.009615384615384616 0.002403846153846154
23 0.5769230769230769 0.4543269230769231 0.009615384615384616 0.004807692307692308
23 0.5853365384615384 0.390625 0.007211538461538462 0.002403846153846154
23 0.5805288461538461 0.4338942307692308 0.007211538461538462 0.002403846153846154
23 0.578125 0.44591346153846156 0.007211538461538462 0.002403846153846154
3 0.5432692307692307 0.78125 0.009615384615384616 0.004807692307692308
3 0.5420673076923077 0.7848557692307693 0.007211538461538462 0.002403846153846154
3 0.5817307692307693 0.43028846153846156 0.009615384615384616 0.004807692307692308
3 0.5432692307692307 0.7884615384615384 0.009615384615384616 0.004807692307692308
23 0.5877403846153846 0.3786057692307692 0.007211538461538462 0.002403846153846154
23 0.5865384615384616 0.38100961538461536 0.009615384615384616 0.002403846153846154
23 0.5853365384615384 0.39302884615384615 0.007211538461538462 0.002403846153846154
23 0.5805288461538461 0.4411057692307692 0.007211538461538462 0.002403846153846154
23 0.5564903846153846 0.6790865384615384 0.007211538461538462 0.002403846153846154
23 0.5564903846153846 0.6814903846153846 0.007211538461538462 0.002403846153846154
23 0.5564903846153846 0.6862980769230769 0.007211538461538462 0.002403846153846154
7 0.5576923076923077 0.6899038461538461 0.009615384615384616 0.004807692307692308
7 0.5552884615384616 0.6971153846153846 0.009615384615384616 0.004807692307692308
3 0.5396634615384616 0.8521634615384616 0.007211538461538462 0.002403846153846154
23 0.5396634615384616 0.8617788461538461 0.007211538461538462 0.002403846153846154
23 0.5396634615384616 0.8641826923076923 0.007211538461538462 0.002403846153846154
3 0.5408653846153846 0.8581730769230769 0.009615384615384616 0.004807692307692308
3 0.5456730769230769 0.8112980769230769 0.009615384615384616 0.007211538461538462
23 0.5408653846153846 0.8569711538461539 0.004807692307692308 0.002403846153846154
23 0.5456730769230769 0.8233173076923077 0.009615384615384616 0.002403846153846154
23 0.5456730769230769 0.8305288461538461 0.009615384615384616 0.002403846153846154
25 0.5456730769230769 0.8185096153846154 0.004807692307692308 0.002403846153846154
23 0.5456730769230769 0.828125 0.009615384615384616 0.002403846153846154
25 0.5480769230769231 0.8161057692307693 0.004807692307692308 0.002403846153846154
3 0.5673076923076923 0.6286057692307693 0.004807692307692308 0.002403846153846154
3 0.5673076923076923 0.6262019230769231 0.004807692307692308 0.002403846153846154
3 0.5673076923076923 0.6310096153846154 0.004807692307692308 0.002403846153846154
3 0.5673076923076923 0.6358173076923077 0.004807692307692308 0.002403846153846154
16 0.5504807692307693 0.7920673076923077 0.004807692307692308 0.002403846153846154
13 0.5552884615384616 0.7728365384615384 0.009615384615384616 0.002403846153846154
3 0.5540865384615384 0.7764423076923077 0.007211538461538462 0.004807692307692308
13 0.5540865384615384 0.7788461538461539 0.007211538461538462 0.004807692307692308
13 0.5540865384615384 0.7824519230769231 0.007211538461538462 0.002403846153846154
13 0.5516826923076923 0.7848557692307693 0.007211538461538462 0.002403846153846154
3 0.5516826923076923 0.7896634615384616 0.007211538461538462 0.002403846153846154
23 0.5661057692307693 0.6911057692307693 0.007211538461538462 0.002403846153846154
14 0.5709134615384616 0.6526442307692307 0.03125 0.021634615384615384
29 0.5600961538461539 0.7680288461538461 0.009615384615384616 0.007211538461538462
3 0.5492788461538461 0.8713942307692307 0.007211538461538462 0.002403846153846154
3 0.5745192307692307 0.6310096153846154 0.004807692307692308 0.002403846153846154
3 0.5745192307692307 0.6286057692307693 0.004807692307692308 0.002403846153846154
23 0.5504807692307693 0.8641826923076923 0.004807692307692308 0.002403846153846154
23 0.5504807692307693 0.8665865384615384 0.004807692307692308 0.002403846153846154
3 0.5757211538461539 0.6334134615384616 0.007211538461538462 0.002403846153846154
3 0.5745192307692307 0.6370192307692307 0.009615384615384616 0.004807692307692308
3 0.5576923076923077 0.8064903846153846 0.009615384615384616 0.007211538461538462
3 0.5552884615384616 0.8125 0.009615384615384616 0.004807692307692308
3 0.5564903846153846 0.8173076923076923 0.007211538461538462 0.004807692307692308
3 0.5564903846153846 0.8209134615384616 0.007211538461538462 0.002403846153846154
29 0.5552884615384616 0.8317307692307693 0.009615384615384616 0.004807692307692308
14 0.5697115384615384 0.6838942307692307 0.019230769230769232 0.007211538461538462
16 0.5576923076923077 0.8137019230769231 0.004807692307692308 0.002403846153846154
14 0.5528846153846154 0.8569711538461539 0.014423076923076924 0.01201923076923077
3 0.5769230769230769 0.6382211538461539 0.004807692307692308 0.002403846153846154
3 0.5769230769230769 0.640625 0.004807692307692308 0.002403846153846154
23 0.5576923076923077 0.8665865384615384 0.004807692307692308 0.002403846153846154
23 0.5552884615384616 0.8689903846153846 0.004807692307692308 0.002403846153846154
23 0.5552884615384616 0.8713942307692307 0.004807692307692308 0.002403846153846154
23 0.5757211538461539 0.6911057692307693 0.007211538461538462 0.002403846153846154
3 0.5612980769230769 0.828125 0.007211538461538462 0.002403846153846154
3 0.5829326923076923 0.6334134615384616 0.007211538461538462 0.002403846153846154
23 0.5841346153846154 0.640625 0.004807692307692308 0.002403846153846154
14 0.5673076923076923 0.7884615384615384 0.019230769230769232 0.014423076923076924
3 0.5661057692307693 0.8185096153846154 0.007211538461538462 0.002403846153846154
7 0.5673076923076923 0.8076923076923077 0.009615384615384616 0.004807692307692308
7 0.5673076923076923 0.8125 0.009615384615384616 0.004807692307692308
6 0.5757211538461539 0.7271634615384616 0.021634615384615384 0.05048076923076923
23 0.5673076923076923 0.8305288461538461 0.009615384615384616 0.002403846153846154
23 0.5649038461538461 0.8341346153846154 0.009615384615384616 0.004807692307692308
23 0.5625 0.8713942307692307 0.004807692307692308 0.002403846153846154
23 0.5625 0.8762019230769231 0.004807692307692308 0.002403846153846154
23 0.5625 0.8737980769230769 0.004807692307692308 0.002403846153846154
3 0.5649038461538461 0.8689903846153846 0.009615384615384616 0.002403846153846154
3 0.5673076923076923 0.8377403846153846 0.014423076923076924 0.007211538461538462
15 0.5757211538461539 0.7704326923076923 0.016826923076923076 0.016826923076923076
3 0.5853365384615384 0.6814903846153846 0.007211538461538462 0.002403846153846154
23 0.5853365384615384 0.6911057692307693 0.007211538461538462 0.002403846153846154
3 0.5853365384615384 0.6887019230769231 0.007211538461538462 0.002403846153846154
3 0.5673076923076923 0.8641826923076923 0.004807692307692308 0.002403846153846154
3 0.5673076923076923 0.8617788461538461 0.004807692307692308 0.002403846153846154
3 0.5853365384615384 0.6838942307692307 0.007211538461538462 0.002403846153846154
23 0.5925480769230769 0.6478365384615384 0.007211538461538462 0.002403846153846154
3 0.5721153846153846 0.875 0.009615384615384616 0.004807692307692308
14 0.5925480769230769 0.6983173076923077 0.021634615384615384 0.007211538461538462
15 0.5757211538461539 0.8557692307692307 0.016826923076923076 0.014423076923076924
14 0.5973557692307693 0.6646634615384616 0.021634615384615384 0.007211538461538462
13 0.59375 0.7115384615384616 0.009615384615384616 0.004807692307692308
13 0.5805288461538461 0.8401442307692307 0.007211538461538462 0.002403846153846154
14 0.5973557692307693 0.6862980769230769 0.01201923076923077 0.007211538461538462
3 0.5817307692307693 0.84375 0.009615384615384616 0.004807692307692308
7 0.5793269230769231 0.8677884615384616 0.009615384615384616 0.004807692307692308
3 0.5925480769230769 0.7824519230769231 0.007211538461538462 0.002403846153846154
3 0.5925480769230769 0.7800480769230769 0.007211538461538462 0.002403846153846154
3 0.5817307692307693 0.8725961538461539 0.009615384615384616 0.004807692307692308
3 0.5817307692307693 0.875 0.009615384615384616 0.004807692307692308