2 0.2677556818181818 0.48307926829268294 0.005073051948051948 0.0039634146341463415
2 0.3479099025974026 0.4836890243902439 0.004667207792207792 0.003353658536585366
2 0.4632711038961039 0.4841463414634146 0.00487012987012987 0.003658536585365854
2 0.5793425324675324 0.48490853658536587 0.00487012987012987 0.003353658536585366
2 0.6936891233766234 0.48551829268292684 0.004667207792207792 0.0039634146341463415
2 0.8092532467532467 0.4861280487804878 0.00487012987012987 0.0039634146341463415
2 0.9189326298701299 0.4865853658536585 0.005073051948051948 0.003658536585365854
2 0.2675527597402597 0.4875 0.005073051948051948 0.003048780487804878
2 0.3479099025974026 0.48810975609756097 0.004261363636363636 0.003048780487804878
2 0.4632711038961039 0.4885670731707317 0.00487012987012987 0.003353658536585366
2 0.5793425324675324 0.4891768292682927 0.00487012987012987 0.003353658536585366
2 0.6937905844155844 0.4896341463414634 0.00487012987012987 0.003658536585365854
2 0.8093547077922078 0.49070121951219514 0.004667207792207792 0.003353658536585366
2 0.9187297077922078 0.49085365853658536 0.005073051948051948 0.003658536585365854
22 0.22433035714285715 0.5036585365853659 0.004667207792207792 0.003658536585365854
22 0.2380275974025974 0.5048780487804878 0.002029220779220779 0.007317073170731708
2 0.24107142857142858 0.505030487804878 0.002029220779220779 0.007621951219512195
22 0.24391233766233766 0.505030487804878 0.002435064935064935 0.007621951219512195
2 0.24989853896103897 0.505030487804878 0.002637987012987013 0.007621951219512195
22 0.24675324675324675 0.5051829268292682 0.002435064935064935 0.007317073170731708
2 0.32000811688311687 0.5085365853658537 0.004464285714285714 0.003658536585365854
22 0.2242288961038961 0.5091463414634146 0.00487012987012987 0.003658536585365854
2 0.4382102272727273 0.5091463414634146 0.004667207792207792 0.003658536585365854
2 0.5527597402597403 0.5099085365853658 0.00487012987012987 0.003353658536585366
2 0.6655844155844156 0.5105182926829268 0.00487012987012987 0.003353658536585366
22 0.893262987012987 0.5120426829268293 0.002435064935064935 0.007621951219512195
2 0.8989448051948052 0.5120426829268293 0.002029220779220779 0.00701219512195122
22 0.9018871753246753 0.5120426829268293 0.002637987012987013 0.00701219512195122
2 0.7820616883116883 0.5121951219512195 0.002435064935064935 0.007926829268292683
22 0.9074675324675324 0.5121951219512195 0.002435064935064935 0.007317073170731708
22 0.9046266233766234 0.5123475609756097 0.002435064935064935 0.00701219512195122
22 0.9102069805194806 0.5123475609756097 0.002637987012987013 0.00701219512195122
2 0.8903206168831169 0.5125 0.002637987012987013 0.007317073170731708
22 0.8962053571428571 0.5125 0.002232142857142857 0.007317073170731708
2 0.2150974025974026 0.5140243902439025 0.00487012987012987 0.003658536585365854
2 0.903713474025974 0.521189024390244 0.007508116883116883 0.004573170731707317
2 0.8973214285714286 0.5224085365853659 0.002840909090909091 0.00701219512195122
22 0.8630275974025974 0.525609756097561 0.002435064935064935 0.007317073170731708
7 0.903510551948052 0.525609756097561 0.007102272727272727 0.003658536585365854
22 0.8658685064935064 0.5257621951219512 0.002435064935064935 0.007621951219512195
2 0.9106128246753247 0.5269817073170732 0.0038555194805194805 0.011280487804878048
2 0.9148741883116883 0.5282012195121951 0.002637987012987013 0.00701219512195122
2 0.9186282467532467 0.5282012195121951 0.002840909090909091 0.008231707317073171
2 0.8895089285714286 0.5286585365853659 0.002232142857142857 0.007317073170731708
2 0.882913961038961 0.5291158536585366 0.002840909090909091 0.008231707317073171
2 0.8925527597402597 0.5292682926829269 0.002232142857142857 0.007317073170731708
22 0.9044237012987013 0.5304878048780488 0.004464285714285714 0.003658536585365854
2 0.5982142857142857 0.5407012195121951 0.00487012987012987 0.003353658536585366
22 0.6191152597402597 0.542530487804878 0.004464285714285714 0.003353658536585366
2 0.6139407467532467 0.5428353658536585 0.004667207792207792 0.003353658536585366
2 0.5980113636363636 0.5454268292682927 0.005275974025974026 0.00426829268292683
2 0.6424512987012987 0.5460365853658536 0.004464285714285714 0.003658536585365854
6 0.9044237012987013 0.5469512195121952 0.027597402597402596 0.018902439024390243
2 0.6192167207792207 0.5474085365853658 0.004667207792207792 0.003353658536585366
7 0.6307832792207793 0.5486280487804878 0.00588474025974026 0.005792682926829268
14 0.6089691558441559 0.5492378048780487 0.010957792207792208 0.007621951219512195
2 0.5980113636363636 0.5510670731707317 0.005275974025974026 0.004573170731707317
2 0.6192167207792207 0.5516768292682926 0.004261363636363636 0.003353658536585366
2 0.6445819805194806 0.5532012195121951 0.00872564935064935 0.008231707317073171
22 0.6317978896103896 0.5544207317073171 0.007913961038961038 0.004573170731707317
22 0.5982142857142857 0.5557926829268293 0.00487012987012987 0.003048780487804878
22 0.6125202922077922 0.5557926829268293 0.004261363636363636 0.003658536585365854
22 0.6192167207792207 0.5559451219512195 0.005073051948051948 0.00274390243902439
2 0.6603084415584416 0.5560975609756098 0.008928571428571428 0.00853658536585366
2 0.606737012987013 0.5565548780487805 0.005681818181818182 0.005182926829268293
22 0.6191152597402597 0.5600609756097561 0.004464285714285714 0.0024390243902439024
2 0.5983157467532467 0.5602134146341463 0.004667207792207792 0.003353658536585366
22 0.6961241883116883 0.5628048780487804 0.004667207792207792 0.003048780487804878
2 0.6314935064935064 0.5629573170731708 0.008928571428571428 0.009451219512195122
2 0.6444805194805194 0.563109756097561 0.008928571428571428 0.00853658536585366
2 0.6060267857142857 0.5640243902439024 0.004667207792207792 0.003658536585365854
2 0.6109983766233766 0.5643292682926829 0.004464285714285714 0.00426829268292683
22 0.6192167207792207 0.5644817073170731 0.004667207792207792 0.00274390243902439
22 0.5982142857142857 0.5646341463414634 0.00487012987012987 0.003658536585365854
2 0.677252435064935 0.5663109756097561 0.002232142857142857 0.008231707317073171
2 0.6834415584415584 0.5663109756097561 0.002435064935064935 0.00701219512195122
22 0.6801948051948052 0.5666158536585366 0.002435064935064935 0.007621951219512195
22 0.6861810064935064 0.5666158536585366 0.002232142857142857 0.007621951219512195
2 0.664265422077922 0.5676829268292682 0.016030844155844156 0.012195121951219513
2 0.6960227272727273 0.5678353658536586 0.005681818181818182 0.005182926829268293
7 0.703327922077922 0.5682926829268292 0.002435064935064935 0.01097560975609756
7 0.700487012987013 0.5684451219512195 0.002435064935064935 0.010670731707317074
2 0.5982142857142857 0.56875 0.004464285714285714 0.003353658536585366
22 0.6192167207792207 0.56875 0.004667207792207792 0.00274390243902439
2 0.6914569805194806 0.56875 0.003043831168831169 0.010670731707317074
22 0.6959212662337663 0.5728658536585366 0.004667207792207792 0.003658536585365854
22 0.5981128246753247 0.573170731707317 0.004667207792207792 0.003658536585365854
22 0.6190137987012987 0.5733231707317074 0.004667207792207792 0.003353658536585366
7 0.684963474025974 0.5759146341463415 0.005073051948051948 0.00853658536585366
22 0.7018060064935064 0.5763719512195122 0.004667207792207792 0.003353658536585366
7 0.6788758116883117 0.5765243902439025 0.005478896103896104 0.003658536585365854
2 0.5981128246753247 0.5774390243902439 0.004667207792207792 0.003658536585365854
14 0.6071428571428571 0.5774390243902439 0.00974025974025974 0.020121951219512196
22 0.6190137987012987 0.5775914634146342 0.004667207792207792 0.0039634146341463415
2 0.6349431818181818 0.5785060975609756 0.016639610389610388 0.0125
22 0.6911525974025974 0.5789634146341464 0.0016233766233766235 0.006707317073170732
7 0.6650771103896104 0.5791158536585366 0.014001623376623376 0.008841463414634146
22 0.6501623376623377 0.5797256097560975 0.008116883116883116 0.005792682926829268
29 0.6958198051948052 0.5797256097560975 0.004464285714285714 0.008231707317073171
22 0.5981128246753247 0.581859756097561 0.004667207792207792 0.003353658536585366
22 0.6192167207792207 0.581859756097561 0.004667207792207792 0.003353658536585366
22 0.7021103896103896 0.582469512195122 0.00487012987012987 0.003353658536585366
22 0.6191152597402597 0.5859756097560975 0.00487012987012987 0.003658536585365854
2 0.5981128246753247 0.5861280487804879 0.004667207792207792 0.0039634146341463415
2 0.684760551948052 0.586890243902439 0.003043831168831169 0.007926829268292683
2 0.6788758116883117 0.5878048780487805 0.0034496753246753245 0.011585365853658536
22 0.5983157467532467 0.5902439024390244 0.004667207792207792 0.003658536585365854
22 0.6189123376623377 0.5903963414634147 0.004464285714285714 0.00274390243902439
2 0.7021103896103896 0.5911585365853659 0.0036525974025974025 0.011585365853658536
2 0.6960227272727273 0.5913109756097561 0.003246753246753247 0.011890243902439025
2 0.6060267857142857 0.5919207317073171 0.004667207792207792 0.0039634146341463415
22 0.7505073051948052 0.5932926829268292 0.002637987012987013 0.007926829268292683
2 0.6420454545454546 0.5940548780487804 0.004464285714285714 0.003353658536585366
22 0.6189123376623377 0.5945121951219512 0.00487012987012987 0.003048780487804878
2 0.5982142857142857 0.5946646341463414 0.00487012987012987 0.0039634146341463415
15 0.6650771103896104 0.5951219512195122 0.014407467532467532 0.020731707317073172
22 0.7601461038961039 0.5963414634146341 0.005275974025974026 0.00426829268292683
2 0.6060267857142857 0.5978658536585366 0.004667207792207792 0.003658536585365854
7 0.6468141233766234 0.598780487804878 0.002232142857142857 0.01097560975609756
22 0.5981128246753247 0.5989329268292682 0.004667207792207792 0.003353658536585366
22 0.6190137987012987 0.5989329268292682 0.004667207792207792 0.003353658536585366
22 0.6498579545454546 0.6 0.002637987012987013 0.006707317073170732
22 0.640726461038961 0.6003048780487805 0.002637987012987013 0.006707317073170732
22 0.6438717532467533 0.6003048780487805 0.002435064935064935 0.006707317073170732
22 0.7686688311688312 0.6022865853658537 0.002435064935064935 0.007621951219512195
22 0.750101461038961 0.6027439024390244 0.002637987012987013 0.007317073170731708
22 0.765625 0.6027439024390244 0.002435064935064935 0.007317073170731708
2 0.7615665584415584 0.6030487804878049 0.002029220779220779 0.007317073170731708
22 0.7586241883116883 0.6032012195121951 0.002232142857142857 0.007621951219512195
2 0.5981128246753247 0.6033536585365854 0.004667207792207792 0.003658536585365854
22 0.6191152597402597 0.6033536585365854 0.004464285714285714 0.003048780487804878
22 0.6804991883116883 0.6036585365853658 0.005073051948051948 0.00426829268292683
2 0.687398538961039 0.6036585365853658 0.004667207792207792 0.003658536585365854
22 0.5981128246753247 0.6074695121951219 0.004667207792207792 0.003353658536585366
22 0.6190137987012987 0.6077743902439025 0.004667207792207792 0.003353658536585366
2 0.6477272727272727 0.6096036585365854 0.007305194805194805 0.005182926829268293
14 0.6074472402597403 0.6117378048780487 0.009943181818181818 0.020426829268292684
2 0.5981128246753247 0.6118902439024391 0.004667207792207792 0.00426829268292683
22 0.6190137987012987 0.6118902439024391 0.004261363636363636 0.003658536585365854
2 0.7544642857142857 0.6128048780487805 0.002435064935064935 0.007317073170731708
22 0.762885551948052 0.6128048780487805 0.002232142857142857 0.007317073170731708
22 0.7572037337662337 0.613109756097561 0.002232142857142857 0.007317073170731708
22 0.7601461038961039 0.613109756097561 0.002029220779220779 0.007317073170731708
2 0.633015422077922 0.6134146341463415 0.016436688311688312 0.012804878048780487
22 0.6924715909090909 0.6134146341463415 0.002232142857142857 0.007317073170731708
2 0.7410714285714286 0.6146341463414634 0.005275974025974026 0.004878048780487805
2 0.7744521103896104 0.6147865853658536 0.005478896103896104 0.004573170731707317
22 0.5981128246753247 0.6160060975609756 0.004667207792207792 0.003353658536585366
2 0.6478287337662337 0.6161585365853659 0.007508116883116883 0.004878048780487805
22 0.6189123376623377 0.6163109756097561 0.004464285714285714 0.003353658536585366
29 0.6827313311688312 0.6169207317073171 0.01359577922077922 0.01676829268292683
15 0.6649756493506493 0.6178353658536585 0.014204545454545454 0.020426829268292684
2 0.7410714285714286 0.6196646341463414 0.00487012987012987 0.003353658536585366
2 0.7743506493506493 0.6196646341463414 0.004464285714285714 0.003353658536585366
22 0.6191152597402597 0.6204268292682927 0.004464285714285714 0.003048780487804878
2 0.5982142857142857 0.620579268292683 0.004464285714285714 0.0039634146341463415
2 0.6490462662337663 0.6219512195121951 0.005073051948051948 0.003658536585365854
7 0.6373782467532467 0.6221036585365853 0.006899350649350649 0.003353658536585366
2 0.7027191558441559 0.6225609756097561 0.004464285714285714 0.003658536585365854
22 0.5980113636363636 0.6246951219512196 0.004464285714285714 0.003658536585365854
22 0.6189123376623377 0.6248475609756098 0.004464285714285714 0.003353658536585366
2 0.702922077922078 0.6277439024390243 0.005275974025974026 0.004878048780487805
2 0.6059253246753247 0.6278963414634147 0.00487012987012987 0.0039634146341463415
22 0.6491477272727273 0.6278963414634147 0.00487012987012987 0.003353658536585366
2 0.5981128246753247 0.6289634146341463 0.004667207792207792 0.003658536585365854
22 0.6190137987012987 0.6292682926829268 0.004261363636363636 0.003658536585365854
2 0.6420454545454546 0.6320121951219512 0.007711038961038961 0.004878048780487805
2 0.6491477272727273 0.6323170731707317 0.00487012987012987 0.003658536585365854
2 0.6628449675324676 0.6335365853658537 0.007508116883116883 0.00548780487804878
22 0.6190137987012987 0.6336890243902439 0.004667207792207792 0.003353658536585366
22 0.5980113636363636 0.6338414634146341 0.004464285714285714 0.003658536585365854
15 0.630275974025974 0.6342987804878049 0.011363636363636364 0.017378048780487806
22 0.6789772727272727 0.6346036585365854 0.002435064935064935 0.00701219512195122
22 0.6820211038961039 0.6346036585365854 0.002029220779220779 0.00701219512195122
29 0.690137987012987 0.6346036585365854 0.005275974025974026 0.008231707317073171
2 0.6846590909090909 0.6347560975609756 0.002435064935064935 0.007317073170731708
2 0.6490462662337663 0.6367378048780488 0.004667207792207792 0.003353658536585366
2 0.5980113636363636 0.6376524390243903 0.004464285714285714 0.003353658536585366
22 0.6190137987012987 0.6378048780487805 0.004667207792207792 0.003048780487804878
22 0.6447849025974026 0.6393292682926829 0.002232142857142857 0.006707317073170732
2 0.6627435064935064 0.6396341463414634 0.007711038961038961 0.00548780487804878
29 0.6401176948051948 0.6399390243902439 0.005478896103896104 0.007926829268292683
2 0.7028206168831169 0.6403963414634146 0.005073051948051948 0.0039634146341463415
22 0.6491477272727273 0.6413109756097561 0.004464285714285714 0.00274390243902439
22 0.5980113636363636 0.6419207317073171 0.00487012987012987 0.0039634146341463415
22 0.6189123376623377 0.6422256097560975 0.004464285714285714 0.003353658536585366
22 0.6819196428571429 0.6422256097560975 0.002232142857142857 0.0064024390243902435
22 0.6790787337662337 0.6423780487804878 0.002232142857142857 0.006707317073170732
14 0.606939935064935 0.6426829268292683 0.009334415584415584 0.020731707317073172
22 0.684760551948052 0.6426829268292683 0.002232142857142857 0.007317073170731708
29 0.690239448051948 0.6431402439024391 0.005478896103896104 0.008231707317073171
14 0.7591314935064936 0.6435975609756097 0.02922077922077922 0.04390243902439024
2 0.663961038961039 0.6445121951219512 0.004464285714285714 0.003658536585365854
2 0.703023538961039 0.6454268292682926 0.004667207792207792 0.003658536585365854
22 0.6189123376623377 0.646189024390244 0.004464285714285714 0.003353658536585366
2 0.5980113636363636 0.6464939024390244 0.00487012987012987 0.003353658536585366
22 0.6189123376623377 0.6504573170731708 0.004464285714285714 0.003353658536585366
22 0.5981128246753247 0.6509146341463414 0.004667207792207792 0.003658536585365854
2 0.5978084415584416 0.655030487804878 0.00487012987012987 0.0039634146341463415
22 0.6189123376623377 0.655030487804878 0.004464285714285714 0.003353658536585366
2 0.7047483766233766 0.6553353658536586 0.007711038961038961 0.005792682926829268
22 0.7138798701298701 0.6559451219512196 0.00487012987012987 0.0039634146341463415
2 0.6060267857142857 0.6585365853658537 0.004667207792207792 0.003658536585365854
22 0.6418425324675324 0.6585365853658537 0.004464285714285714 0.003658536585365854
22 0.7308238636363636 0.6588414634146341 0.003043831168831169 0.0024390243902439024
2 0.7924107142857143 0.6589939024390243 0.004464285714285714 0.0039634146341463415
7 0.6491477272727273 0.6591463414634147 0.006899350649350649 0.003658536585365854
22 0.5979099025974026 0.6594512195121951 0.004667207792207792 0.003658536585365854
22 0.6189123376623377 0.6594512195121951 0.004464285714285714 0.003048780487804878
22 0.6640625 0.6597560975609756 0.005073051948051948 0.003658536585365854
22 0.672077922077922 0.6597560975609756 0.004464285714285714 0.003658536585365854
2 0.7046469155844156 0.660670731707317 0.007102272727272727 0.004878048780487805
22 0.7139813311688312 0.6608231707317073 0.005073051948051948 0.003353658536585366
22 0.796672077922078 0.6611280487804878 0.002840909090909091 0.008231707317073171
22 0.7307224025974026 0.6623475609756098 0.0036525974025974025 0.00274390243902439
22 0.7923092532467533 0.6629573170731707 0.004667207792207792 0.003353658536585366
2 0.6417410714285714 0.6635670731707317 0.005478896103896104 0.004573170731707317
22 0.6191152597402597 0.6637195121951219 0.00487012987012987 0.003048780487804878
2 0.6481331168831169 0.6637195121951219 0.004464285714285714 0.003658536585365854
2 0.5981128246753247 0.6638719512195121 0.004667207792207792 0.003353658536585366
2 0.6788758116883117 0.6640243902439025 0.005478896103896104 0.004878048780487805
22 0.671875 0.6641768292682927 0.004464285714285714 0.003353658536585366
2 0.7779017857142857 0.6641768292682927 0.005073051948051948 0.004573170731707317
22 0.7307224025974026 0.6658536585365854 0.003246753246753247 0.0024390243902439024
2 0.7403612012987013 0.6676829268292683 0.004667207792207792 0.003658536585365854
22 0.7948457792207793 0.6678353658536585 0.004464285714285714 0.003353658536585366
22 0.5980113636363636 0.6679878048780488 0.004464285714285714 0.003658536585365854
22 0.6188108766233766 0.668140243902439 0.004667207792207792 0.0039634146341463415
2 0.697849025974026 0.668140243902439 0.005275974025974026 0.003353658536585366
22 0.6418425324675324 0.6684451219512195 0.00487012987012987 0.00274390243902439
22 0.648234577922078 0.6684451219512195 0.004667207792207792 0.003353658536585366
22 0.6784699675324676 0.6684451219512195 0.004667207792207792 0.0039634146341463415
22 0.671875 0.6685975609756097 0.00487012987012987 0.003048780487804878
2 0.7781047077922078 0.6690548780487805 0.005478896103896104 0.004573170731707317
22 0.7307224025974026 0.6693597560975609 0.003246753246753247 0.00274390243902439
2 0.5979099025974026 0.6722560975609756 0.004667207792207792 0.003658536585365854
22 0.6190137987012987 0.6722560975609756 0.004667207792207792 0.003048780487804878
22 0.7946428571428571 0.6722560975609756 0.004464285714285714 0.003658536585365854
14 0.606939935064935 0.6724085365853658 0.010146103896103896 0.020426829268292684
2 0.7403612012987013 0.6725609756097561 0.005478896103896104 0.00426829268292683
22 0.7308238636363636 0.6727134146341464 0.003043831168831169 0.002134146341463415
22 0.6786728896103896 0.6728658536585366 0.004667207792207792 0.003658536585365854
22 0.6415381493506493 0.6730182926829268 0.004667207792207792 0.003353658536585366
2 0.648234577922078 0.6730182926829268 0.004667207792207792 0.003353658536585366
2 0.672077922077922 0.6731707317073171 0.00487012987012987 0.003658536585365854
2 0.6965300324675324 0.6733231707317073 0.007913961038961038 0.004573170731707317
14 0.6596996753246753 0.6742378048780487 0.013798701298701298 0.016158536585365854
22 0.5979099025974026 0.6763719512195122 0.004667207792207792 0.003353658536585366
22 0.7948457792207793 0.6763719512195122 0.004464285714285714 0.003353658536585366
14 0.711038961038961 0.6765243902439024 0.012581168831168832 0.020731707317073172
22 0.6190137987012987 0.676829268292683 0.004667207792207792 0.003048780487804878
22 0.6787743506493507 0.677439024390244 0.004464285714285714 0.003658536585365854
22 0.6417410714285714 0.6780487804878049 0.004667207792207792 0.003658536585365854
22 0.6480316558441559 0.6780487804878049 0.005073051948051948 0.003658536585365854
22 0.7855113636363636 0.6804878048780488 0.004464285714285714 0.003048780487804878
2 0.5978084415584416 0.6809451219512195 0.00487012987012987 0.003353658536585366
22 0.6190137987012987 0.6810975609756098 0.004667207792207792 0.003658536585365854
22 0.7948457792207793 0.6810975609756098 0.004464285714285714 0.003658536585365854
2 0.672077922077922 0.682469512195122 0.004464285714285714 0.0039634146341463415
22 0.6785714285714286 0.682469512195122 0.004464285714285714 0.0039634146341463415
22 0.7376217532467533 0.6826219512195122 0.002435064935064935 0.007317073170731708
22 0.6416396103896104 0.6827743902439024 0.00487012987012987 0.003353658536585366
2 0.6480316558441559 0.6827743902439024 0.004667207792207792 0.0039634146341463415
2 0.6965300324675324 0.6844512195121951 0.007508116883116883 0.004878048780487805
22 0.7855113636363636 0.6847560975609757 0.00487012987012987 0.003048780487804878
22 0.6191152597402597 0.6850609756097561 0.00487012987012987 0.003048780487804878
22 0.5979099025974026 0.6852134146341463 0.004667207792207792 0.0039634146341463415
22 0.7947443181818182 0.6853658536585366 0.004667207792207792 0.003658536585365854
22 0.6416396103896104 0.6871951219512196 0.004464285714285714 0.003658536585365854
22 0.648234577922078 0.6873475609756098 0.004667207792207792 0.0039634146341463415
2 0.5980113636363636 0.6894817073170731 0.004464285714285714 0.003353658536585366
22 0.6189123376623377 0.6894817073170731 0.00487012987012987 0.003353658536585366
2 0.6965300324675324 0.6907012195121951 0.007508116883116883 0.005182926829268293
2 0.6477272727272727 0.691920731707317 0.00487012987012987 0.004573170731707317
15 0.708299512987013 0.6934451219512195 0.007508116883116883 0.005792682926829268
2 0.6966314935064936 0.6961890243902439 0.007711038961038961 0.004573170731707317
13 0.7302150974025974 0.6963414634146341 0.008319805194805194 0.006707317073170732
2 0.7140827922077922 0.6966463414634146 0.002435064935064935 0.007317073170731708
7 0.7178368506493507 0.6967987804878049 0.0034496753246753245 0.008841463414634146
2 0.698051948051948 0.7012195121951219 0.00487012987012987 0.003658536585365854
2 0.697849025974026 0.7059451219512195 0.00487012987012987 0.0039634146341463415
6 0.7548701298701299 0.7170731707317073 0.05478896103896104 0.018292682926829267