2 0.8315746753246753 0.31067073170731707 0.012987012987012988 0.025
14 0.3633319805194805 0.31082317073170734 0.036728896103896104 0.027134146341463414
2 0.4721996753246753 0.3155487804878049 0.012987012987012988 0.018902439024390243
2 0.5642248376623377 0.3160060975609756 0.01075487012987013 0.021646341463414633
2 0.6543222402597403 0.3222560975609756 0.021712662337662336 0.025
14 0.7935267857142857 0.3263719512195122 0.06838474025974026 0.05030487804878049
2 0.7037337662337663 0.3291158536585366 0.02150974025974026 0.014329268292682927
2 0.4499797077922078 0.33521341463414633 0.014407467532467532 0.014329268292682927
2 0.5657467532467533 0.33734756097560975 0.012581168831168832 0.01798780487804878
2 0.3500405844155844 0.33765243902439024 0.018262987012987012 0.01920731707317073
2 0.3367491883116883 0.33978658536585366 0.014813311688311688 0.020426829268292684
2 0.47230113636363635 0.34283536585365854 0.013189935064935064 0.016158536585365854
2 0.41832386363636365 0.34801829268292683 0.009943181818181818 0.014939024390243902
2 0.6517857142857143 0.35853658536585364 0.02353896103896104 0.02621951219512195
2 0.40736607142857145 0.3600609756097561 0.011160714285714286 0.01097560975609756
2 0.41568587662337664 0.375609756097561 0.02536525974025974 0.025609756097560974
2 0.8169642857142857 0.37652439024390244 0.012581168831168832 0.024390243902439025
2 0.7935267857142857 0.3777439024390244 0.01075487012987013 0.026829268292682926
14 0.48812905844155846 0.37896341463414634 0.10247564935064934 0.05609756097560976
2 0.7695819805194806 0.37911585365853656 0.014813311688311688 0.02774390243902439
2 0.674411525974026 0.3823170731707317 0.020495129870129872 0.016463414634146342
2 0.7073863636363636 0.38978658536585364 0.024350649350649352 0.01920731707317073
2 0.7399553571428571 0.3899390243902439 0.023741883116883116 0.015853658536585366
2 0.7998173701298701 0.3964939024390244 0.014001623376623376 0.01920731707317073
2 0.8214285714285714 0.3983231707317073 0.010146103896103896 0.015548780487804878
2 0.7752637987012987 0.4004573170731707 0.011566558441558442 0.014939024390243902
2 0.398336038961039 0.41265243902439025 0.010957792207792208 0.019817073170731708
6 0.3106737012987013 0.42378048780487804 0.012987012987012988 0.03536585365853658
2 0.4120332792207792 0.42850609756097563 0.011160714285714286 0.010060975609756098
2 0.5499188311688312 0.43003048780487807 0.013798701298701298 0.029573170731707316
2 0.512987012987013 0.4346036585365854 0.008928571428571428 0.016158536585365854
2 0.4760551948051948 0.43612804878048783 0.016233766233766232 0.01920731707317073
2 0.5257711038961039 0.43612804878048783 0.015422077922077922 0.018597560975609755
2 0.41112012987012986 0.4432926829268293 0.021103896103896104 0.028658536585365855
2 0.7452313311688312 0.4507621951219512 0.023741883116883116 0.024085365853658537
2 0.3261972402597403 0.45670731707317075 0.022930194805194804 0.025609756097560974
2 0.8446631493506493 0.46539634146341463 0.020495129870129872 0.027134146341463414
2 0.5351055194805194 0.4711890243902439 0.019074675324675324 0.01920731707317073
2 0.42086038961038963 0.4746951219512195 0.010146103896103896 0.012804878048780487
2 0.4390219155844156 0.4794207317073171 0.016842532467532468 0.018597560975609755
2 0.3145292207792208 0.4820121951219512 0.019886363636363636 0.021341463414634148
2 0.3324878246753247 0.48353658536585364 0.015625 0.024390243902439025
2 0.3477069805194805 0.4875 0.02130681818181818 0.024390243902439025
2 0.48995535714285715 0.4878048780487805 0.01765422077922078 0.024390243902439025
22 0.46316964285714285 0.4891768292682927 0.020495129870129872 0.0125
2 0.8449675324675324 0.49908536585365854 0.020292207792207792 0.026829268292682926
2 0.45150162337662336 0.5019817073170731 0.010957792207792208 0.01920731707317073
2 0.5977069805194806 0.5091463414634146 0.02130681818181818 0.02621951219512195
2 0.7225040584415584 0.5140243902439025 0.009943181818181818 0.021341463414634148
2 0.7393465909090909 0.5158536585365854 0.01075487012987013 0.018292682926829267
2 0.4878246753246753 0.5161585365853658 0.00974025974025974 0.024390243902439025
2 0.7089082792207793 0.5170731707317073 0.01968344155844156 0.016463414634146342
14 0.3409090909090909 0.5178353658536585 0.04301948051948052 0.025914634146341462
2 0.4356737012987013 0.5208841463414634 0.015016233766233766 0.019817073170731708
2 0.7762784090909091 0.5233231707317073 0.01359577922077922 0.022865853658536585
2 0.8082386363636364 0.5240853658536585 0.021915584415584416 0.027439024390243903
2 0.3695211038961039 0.5248475609756098 0.02353896103896104 0.02774390243902439
2 0.533989448051948 0.525609756097561 0.013189935064935064 0.01524390243902439
2 0.833198051948052 0.526219512195122 0.021915584415584416 0.029878048780487804
2 0.33289366883116883 0.5678353658536586 0.009537337662337662 0.024085365853658537
2 0.377637987012987 0.5690548780487805 0.017857142857142856 0.02225609756097561
2 0.3208198051948052 0.5695121951219512 0.014204545454545454 0.021341463414634148
2 0.45211038961038963 0.6053353658536585 0.011363636363636364 0.01676829268292683
2 0.3716517857142857 0.6065548780487805 0.01359577922077922 0.02530487804878049
2 0.4878246753246753 0.6068597560975609 0.010146103896103896 0.01676829268292683
2 0.328226461038961 0.6070121951219513 0.022118506493506492 0.025
2 0.5040584415584416 0.6074695121951219 0.01176948051948052 0.015548780487804878
2 0.468648538961039 0.6080792682926829 0.01278409090909091 0.01798780487804878
2 0.6125202922077922 0.6100609756097561 0.009537337662337662 0.015853658536585366
2 0.6331168831168831 0.6114329268292683 0.010957792207792208 0.017378048780487806
2 0.65625 0.6117378048780487 0.010146103896103896 0.015548780487804878
2 0.7014001623376623 0.6118902439024391 0.015625 0.01951219512195122
2 0.552049512987013 0.6134146341463415 0.011160714285714286 0.018902439024390243
2 0.5264813311688312 0.613719512195122 0.011566558441558442 0.018292682926829267
2 0.7192573051948052 0.6146341463414634 0.011160714285714286 0.016463414634146342
2 0.5999391233766234 0.61875 0.017248376623376624 0.02347560975609756
2 0.4820413961038961 0.6376524390243903 0.015625 0.01920731707317073
2 0.455661525974026 0.6399390243902439 0.011972402597402598 0.020121951219512196
2 0.505275974025974 0.6458841463414634 0.00974025974025974 0.020426829268292684
2 0.6122159090909091 0.6469512195121951 0.01176948051948052 0.020121951219512196
2 0.5246550324675324 0.6524390243902439 0.01278409090909091 0.020731707317073172
2 0.633015422077922 0.6525914634146341 0.009943181818181818 0.01676829268292683
2 0.549614448051948 0.6530487804878049 0.011972402597402598 0.01951219512195122
2 0.6520900974025974 0.6532012195121951 0.014001623376623376 0.017378048780487806
2 0.7195616883116883 0.655030487804878 0.010957792207792208 0.017378048780487806
6 0.41112012987012986 0.6553353658536586 0.012581168831168832 0.056402439024390245
2 0.6973417207792207 0.6560975609756098 0.020900974025974024 0.018292682926829267
2 0.7320413961038961 0.6564024390243902 0.008319805194805194 0.01707317073170732
2 0.5901988636363636 0.6596036585365853 0.01278409090909091 0.02530487804878049
2 0.4562702922077922 0.6722560975609756 0.011160714285714286 0.01707317073170732
2 0.6112012987012987 0.6794207317073171 0.010957792207792208 0.017378048780487806
2 0.7192573051948052 0.6861280487804878 0.01278409090909091 0.014939024390243902
2 0.7326501623376623 0.6861280487804878 0.009943181818181818 0.015548780487804878
2 0.5040584415584416 0.686280487804878 0.01176948051948052 0.02195121951219512
2 0.7041396103896104 0.6884146341463414 0.012175324675324676 0.020121951219512196
2 0.7466517857142857 0.6888719512195122 0.009131493506493506 0.015548780487804878
6 0.39620535714285715 0.692530487804878 0.018871753246753248 0.018597560975609755
2 0.6557426948051948 0.6926829268292682 0.012378246753246754 0.020121951219512196
2 0.6338271103896104 0.6932926829268292 0.011566558441558442 0.018292682926829267
2 0.5487012987012987 0.6946646341463415 0.012581168831168832 0.018597560975609755
2 0.5241477272727273 0.6952743902439025 0.012581168831168832 0.02103658536585366
2 0.591112012987013 0.6986280487804878 0.010957792207792208 0.02225609756097561
2 0.4562702922077922 0.7010670731707317 0.01075487012987013 0.01798780487804878
2 0.7459415584415584 0.7125 0.012175324675324676 0.013414634146341463
2 0.3791599025974026 0.7230182926829268 0.02333603896103896 0.02103658536585366
6 0.7796266233766234 0.24557926829268292 0.030438311688311688 0.013719512195121951
6 0.38707386363636365 0.24573170731707317 0.024147727272727272 0.018292682926829267
6 0.6733969155844156 0.24603658536585366 0.04768668831168831 0.016463414634146342
6 0.596489448051948 0.24695121951219512 0.030235389610389612 0.018292682926829267
2 0.481838474025974 0.250609756097561 0.020495129870129872 0.028658536585365855
2 0.44693587662337664 0.2507621951219512 0.020900974025974024 0.01920731707317073
2 0.700689935064935 0.2597560975609756 0.01948051948051948 0.018902439024390243
2 0.5797483766233766 0.26189024390243903 0.01948051948051948 0.021341463414634148
29 0.8041801948051948 0.2621951219512195 0.008928571428571428 0.01951219512195122
6 0.6287540584415584 0.26478658536585364 0.03510551948051948 0.016158536585365854
2 0.6709618506493507 0.2652439024390244 0.02130681818181818 0.016463414634146342
2 0.3406047077922078 0.26722560975609755 0.02130681818181818 0.024085365853658537
2 0.3241680194805195 0.2676829268292683 0.022118506493506492 0.02195121951219512
29 0.7633928571428571 0.2678353658536585 0.006493506493506494 0.019817073170731708
2 0.7392451298701299 0.2698170731707317 0.015827922077922076 0.029878048780487804
2 0.354099025974026 0.2708841463414634 0.021915584415584416 0.028353658536585367
2 0.8172686688311688 0.27195121951219514 0.012378246753246754 0.021341463414634148
2 0.47635957792207795 0.2730182926829268 0.01968344155844156 0.017378048780487806
2 0.7780032467532467 0.27987804878048783 0.013798701298701298 0.03048780487804878
2 0.4276582792207792 0.2836890243902439 0.023741883116883116 0.030792682926829268
2 0.36759334415584416 0.28460365853658537 0.022930194805194804 0.03201219512195122
2 0.7934253246753247 0.286890243902439 0.010551948051948052 0.025
2 0.8085430194805194 0.28841463414634144 0.014813311688311688 0.02378048780487805
2 0.3133116883116883 0.29115853658536583 0.015016233766233766 0.01951219512195122
2 0.46519886363636365 0.2948170731707317 0.011566558441558442 0.01707317073170732
2 0.39032061688311687 0.3 0.012378246753246754 0.020121951219512196