2 0.5939407467532468 0.3048963414634146 0.005657467532467532 0.018329268292682926
2 0.3926450892857143 0.3050548780487805 0.006475243506493506 0.01498780487804878
2 0.5864590097402598 0.3049954268292683 0.004898538961038961 0.01913719512195122
2 0.6422199675324676 0.3054085365853659 0.004407467532467532 0.018134146341463413
2 0.501346387987013 0.3051935975609756 0.005533685064935065 0.020143292682926826
2 0.3522625811688312 0.3053475609756097 0.006067370129870129 0.018012195121951218
2 0.4938981331168831 0.30551829268292685 0.006059253246753247 0.017743902439024392
14 0.627927150974026 0.3056615853658537 0.018841314935064933 0.018030487804878047
2 0.541401176948052 0.3058582317073171 0.0069094967532467525 0.018423780487804877
2 0.5500334821428572 0.3060670731707317 0.007534496753246754 0.021280487804878047
2 0.3997362012987013 0.3058643292682927 0.00523538961038961 0.015996951219512195
2 0.684940137987013 0.3061112804878049 0.00502637987012987 0.021368902439024392
2 0.45576907467532474 0.3062637195121951 0.0052881493506493505 0.01984451219512195
14 0.43394886363636365 0.30622713414634145 0.016842532467532468 0.01794207317073171
2 0.3448599837662338 0.3063399390243902 0.0058725649350649355 0.01816768292682927
2 0.4480174512987013 0.30641768292682925 0.006018668831168831 0.018323170731707316
2 0.5335409902597402 0.34122256097560977 0.007828733766233767 0.026347560975609755
2 0.632739448051948 0.3420975609756097 0.007767857142857143 0.021390243902439023
2 0.48505783279220777 0.3437530487804878 0.00664163961038961 0.026530487804878048
2 0.5839194399350649 0.3439161585365854 0.005501217532467532 0.022588414634146344
2 0.6819693587662338 0.3439984756097561 0.006390016233766233 0.02458231707317073
2 0.43454342532467527 0.3458079268292683 0.006668019480519481 0.020884146341463416
2 0.38574979707792206 0.3471692073170731 0.005265827922077922 0.024216463414634147
2 0.47637175324675324 0.3635640243902439 0.007126623376623376 0.026518292682926832
2 0.623648538961039 0.36484908536585364 0.007443181818181818 0.027259146341463415
2 0.4264204545454546 0.36563262195121954 0.005844155844155844 0.025777439024390243
2 0.3748102678571429 0.3658399390243902 0.007331574675324676 0.02314329268292683
15 0.681557426948052 0.3873917682926829 0.01124797077922078 0.021734756097560978
15 0.532637987012987 0.3890137195121951 0.008863636363636363 0.017661585365853657
15 0.6314742288961039 0.3894314024390244 0.008484172077922078 0.018496951219512194
15 0.4322219967532467 0.3900365853658536 0.009736201298701298 0.01726829268292683
15 0.4825700081168831 0.38998932926829266 0.009782873376623378 0.018393292682926828
15 0.331484375 0.3902682926829268 0.008747970779220779 0.01895121951219512
15 0.38296367694805195 0.39073018292682926 0.009028003246753248 0.018655487804878048
15 0.582380275974026 0.3908506097560976 0.008916396103896104 0.021945121951219514
14 0.5965320616883117 0.43163567073170733 0.03316152597402597 0.051685975609756095
14 0.695013189935065 0.43270274390243907 0.03450689935064935 0.04589329268292683
14 0.5451937905844156 0.43327439024390246 0.032351866883116885 0.05313414634146341
14 0.34697037337662334 0.43410365853658534 0.03241477272727273 0.05479268292682927
14 0.4965036525974026 0.4350609756097561 0.032780032467532465 0.048170731707317074
14 0.4458979301948052 0.4354740853658537 0.03059456168831169 0.0489969512195122
14 0.3956605113636364 0.4356173780487805 0.03198660714285714 0.05355182926829268
14 0.6449462256493507 0.4366996951219512 0.032181412337662335 0.04961890243902439
15 0.7255864448051949 0.5134756097560976 0.010426136363636365 0.02329268292682927
2 0.6589032061688311 0.5303109756097562 0.009770698051948051 0.00574390243902439
2 0.6862936282467532 0.5306067073170732 0.009762581168831169 0.00877439024390244
2 0.6993668831168831 0.5307682926829268 0.010746753246753248 0.008487804878048781
2 0.5439559659090909 0.531469512195122 0.011613230519480518 0.009280487804878048
2 0.5906178977272727 0.5315685975609756 0.009563717532467533 0.010088414634146342
2 0.451038961038961 0.5316448170731708 0.010438311688311688 0.007801829268292683
2 0.6442826704545455 0.5316356707317074 0.010156249999999999 0.009003048780487806
2 0.4963900162337662 0.5317652439024391 0.01307224025974026 0.008652439024390243
2 0.557784090909091 0.5323658536585366 0.011266233766233766 0.00802439024390244
2 0.511106939935065 0.5326128048780487 0.011661931818181818 0.011567073170731707
2 0.46659902597402597 0.5326539634146341 0.008685064935064934 0.008600609756097562
2 0.6050537743506493 0.5326737804878049 0.01286728896103896 0.008030487804878049
2 0.35435572240259744 0.5332545731707318 0.010659496753246754 0.007972560975609756
2 0.36930093344155845 0.5337118902439024 0.009705762987012987 0.008887195121951219
2 0.40176237824675326 0.5337789634146342 0.01091112012987013 0.00963109756097561
2 0.417054586038961 0.5338734756097561 0.011057224025974026 0.008600609756097562
14 0.6285369318181818 0.5461661585365853 0.018843344155844155 0.022210365853658535
2 0.650708198051948 0.5468826219512195 0.0031209415584415585 0.016326219512195123
2 0.6432579139610389 0.5469771341463415 0.004454139610389611 0.015295731707317073
2 0.5951623376623376 0.5475304878048781 0.006477272727272727 0.015182926829268292
14 0.4352201704545454 0.5474771341463415 0.017355925324675326 0.016295731707317074
2 0.44992593344155846 0.5477210365853659 0.004965503246753247 0.013125
2 0.6853571428571429 0.5478262195121951 0.005048701298701298 0.014554878048780489
2 0.6789153814935065 0.5482164634146341 0.00596387987012987 0.01472560975609756
2 0.5862702922077921 0.5483307926829268 0.00614448051948052 0.014954268292682926
2 0.5423863636363636 0.5487926829268293 0.005227272727272728 0.020146341463414635
2 0.4013088474025974 0.5489298780487805 0.005133928571428571 0.016152439024390244
2 0.549848823051948 0.5492027439024391 0.0047301136363636365 0.02157621951219512
2 0.4942958603896104 0.5494405487804878 0.0036079545454545457 0.019003048780487804
2 0.5022392451298701 0.5494237804878048 0.0056960227272727275 0.015920731707317073
2 0.34569196428571425 0.5497103658536585 0.0034780844155844156 0.018323170731707316
2 0.4570018262987013 0.5501890243902439 0.005724431818181819 0.011353658536585367
2 0.39422686688311687 0.551092987804878 0.005174512987012987 0.016210365853658537
2 0.3531351461038961 0.5513506097560976 0.005377435064935065 0.014896341463414633
2 0.7396946022727273 0.584780487804878 0.010639204545454545 0.008585365853658537
2 0.6841649756493506 0.5848399390243902 0.004287743506493506 0.02211890243902439
2 0.6335765016233766 0.5869253048780488 0.004571834415584416 0.024460365853658537
2 0.3351592938311688 0.5872865853658537 0.007169237012987013 0.028231707317073168
2 0.584242086038961 0.5876905487804878 0.004928977272727272 0.025990853658536584
2 0.4367451298701299 0.5883170731707317 0.0041720779220779216 0.021146341463414636
2 0.4840351055194805 0.5886295731707317 0.007031249999999999 0.019942073170731708
2 0.5361596996753247 0.5892850609756097 0.005760957792207792 0.024911585365853656
2 0.38601562500000003 0.589547256097561 0.0049857954545454546 0.016289634146341464
15 0.7369825487012986 0.5952057926829268 0.017390422077922078 0.009923780487804876
2 0.3766578733766234 0.6097042682926829 0.004533279220779221 0.0181890243902439
2 0.527265625 0.6097088414634146 0.002989042207792208 0.027954268292682927
2 0.4773285308441559 0.6103963414634146 0.004981737012987013 0.02201219512195122
2 0.42684760551948053 0.6103018292682927 0.004669237012987013 0.02670121951219512
29 0.7352232142857142 0.6179298780487805 0.013465909090909091 0.021225609756097562
15 0.6833583603896104 0.632375 0.009979707792207792 0.019628048780487805
15 0.5836018668831169 0.6334725609756098 0.009736201298701298 0.017554878048780486
15 0.5335186688311688 0.633469512195122 0.008189935064935065 0.020597560975609757
15 0.4828987418831169 0.634579268292683 0.0071935876623376626 0.01976829268292683
15 0.4337510146103896 0.6348521341463415 0.00914163961038961 0.02336280487804878
15 0.3814935064935065 0.6351204268292684 0.011363636363636364 0.01963109756097561
15 0.6323954951298701 0.6354131097560977 0.010732548701298701 0.01838719512195122
15 0.3336312905844156 0.6376128048780487 0.01101258116883117 0.021567073170731706
2 0.7483431412337662 0.6401600609756097 0.01413758116883117 0.013246951219512196
15 0.734190340909091 0.6581310975609757 0.019922889610389613 0.016871951219512196
14 0.4483756087662337 0.6768506097560976 0.03554991883116883 0.05431097560975609
14 0.3487926136363636 0.6775365853658537 0.03200081168831169 0.05141463414634146
14 0.5969886363636364 0.6778094512195122 0.03123376623376623 0.04769207317073171
14 0.6461312905844157 0.6782057926829268 0.036174918831168835 0.04665548780487805
14 0.5467410714285714 0.6784786585365853 0.03138798701298701 0.04293292682926829
14 0.39756594967532466 0.6791935975609756 0.03336241883116883 0.054728658536585366
14 0.6952668425324675 0.6791768292682926 0.032579139610389614 0.052865853658536584
29 0.7293790584415585 0.6801036585365853 0.012329545454545454 0.022402439024390246
2 0.745289163961039 0.6803384146341465 0.015740665584415583 0.016164634146341464
14 0.4987723214285714 0.6815182926829269 0.029200487012987015 0.05328048780487805
2 0.7454119318181818 0.7254878048780488 0.020044642857142858 0.013780487804878049
2 0.6999573863636364 0.726359756097561 0.007869318181818182 0.007597560975609757
2 0.6235349025974026 0.7267240853658538 0.006404220779220779 0.0058871951219512195
2 0.6680133928571428 0.7269588414634147 0.00729301948051948 0.008185975609756098
22 0.40025974025974026 0.7285960365853659 0.008717532467532468 0.00536280487804878
22 0.5300466720779221 0.7290777439024391 0.004086850649350649 0.012423780487804879
2 0.413203125 0.7297362804878048 0.01106534090909091 0.008253048780487805
14 0.38394480519480517 0.7300533536585365 0.0223538961038961 0.02413109756097561
14 0.6054403409090909 0.7302759146341463 0.014857954545454546 0.01664939024390244
14 0.6381452922077923 0.7308201219512196 0.016956168831168832 0.01773780487804878
14 0.6828622159090909 0.731422256097561 0.02197443181818182 0.019551829268292683
2 0.5849939123376623 0.7315518292682927 0.017390422077922078 0.014932926829268292
22 0.6170068993506493 0.7334557926829268 0.005117694805194805 0.011423780487804878
14 0.43776684253246756 0.7336204268292683 0.036653814935064935 0.025167682926829266
14 0.7181503652597403 0.7385838414634146 0.022745535714285715 0.02960670731707317
2 0.496010551948052 0.7386219512195121 0.01637175324675325 0.019926829268292683
2 0.39963169642857144 0.7391509146341463 0.008678977272727274 0.006960365853658536
22 0.5951288555194806 0.7485457317073171 0.0031635551948051947 0.013554878048780488
14 0.6596540178571428 0.7590868902439024 0.017765827922077922 0.02183231707317073
2 0.7469318181818182 0.7614618902439024 0.017808441558441558 0.013167682926829268
2 0.5907913961038961 0.7644268292682928 0.008693181818181819 0.006902439024390244
14 0.489296875 0.7662210365853658 0.03622362012987013 0.04463719512195122
14 0.5518607954545455 0.7666356707317074 0.02904626623376623 0.045466463414634145
14 0.607862215909091 0.7678353658536585 0.01726663961038961 0.01920731707317073
2 0.6248650568181818 0.7747469512195122 0.007035308441558442 0.008030487804878049
14 0.685320616883117 0.7796524390243903 0.015527597402597402 0.019670731707317073
14 0.6381574675324676 0.7800792682926829 0.014545454545454547 0.019304878048780488
14 0.7181909496753247 0.7816737804878049 0.024450081168831166 0.021884146341463413
14 0.45547280844155846 0.7825518292682927 0.020929383116883117 0.01876219512195122
14 0.4108116883116883 0.7837728658536586 0.03225649350649351 0.04071646341463415
2 0.5895332792207791 0.7870137195121952 0.011047077922077922 0.007564024390243902
2 0.7347362012987013 0.7925472560975609 0.008839285714285714 0.007045731707317073
2 0.7017065746753247 0.7935701219512195 0.01461444805194805 0.007871951219512195
14 0.6058553165584416 0.7935076219512195 0.016905438311688312 0.017503048780487803
2 0.5542846996753247 0.8033841463414634 0.009137581168831168 0.00798780487804878
2 0.48619318181818183 0.8043292682926829 0.008100649350649351 0.006219512195121951
15 0.7210744724025974 0.23083689024390244 0.00911323051948052 0.020820121951219513
29 0.7326471185064936 0.25228048780487805 0.012778003246753246 0.02224390243902439
2 0.6830976055194805 0.28703810975609756 0.011487418831168831 0.008222560975609756
2 0.6046763392857143 0.2871295731707317 0.012112418831168831 0.01084451219512195
2 0.5902252435064935 0.2871875 0.009995941558441558 0.00913109756097561
2 0.6433127029220779 0.2875716463414634 0.011057224025974026 0.007460365853658536
2 0.6972138798701298 0.2879435975609756 0.013340097402597402 0.006984756097560976
2 0.5422098214285714 0.28785060975609755 0.01096185064935065 0.009847560975609754
2 0.5571398133116883 0.28785823170731706 0.012412743506493507 0.011082317073170733
2 0.6578429383116883 0.2880243902439025 0.01333198051948052 0.008365853658536586
2 0.46547585227272725 0.28842378048780487 0.011714691558441558 0.008554878048780487
2 0.5102069805194805 0.2885655487804878 0.011891233766233767 0.008228658536585366
2 0.4953693181818182 0.28862957317073173 0.011842532467532467 0.006527439024390244
2 0.4504758522727273 0.2888948170731708 0.013776379870129871 0.008887195121951219
2 0.35322138798701297 0.2889512195121951 0.011231737012987013 0.008390243902439025
2 0.36858056006493506 0.2892606707317073 0.013135146103896104 0.006570121951219513
2 0.4007690746753247 0.2895518292682927 0.012171266233766234 0.007152439024390244
2 0.4148518668831169 0.28961432926829267 0.011521915584415584 0.00788719512195122
29 0.7169784902597403 0.2999405487804878 0.01309659090909091 0.02183231707317073
2 0.6496793831168831 0.303577743902439 0.004310064935064935 0.01813109756097561
2 0.6777952516233766 0.3042789634146341 0.005346996753246754 0.017704268292682925