3 0.7079326923076923 0.4050480769230769 0.01201923076923077 0.007211538461538462
3 0.7115384615384616 0.3701923076923077 0.014423076923076924 0.009615384615384616
3 0.7079326923076923 0.3713942307692308 0.01201923076923077 0.007211538461538462
3 0.6983173076923077 0.4170673076923077 0.01201923076923077 0.01201923076923077
3 0.703125 0.3786057692307692 0.01201923076923077 0.007211538461538462
3 0.6983173076923077 0.38341346153846156 0.01201923076923077 0.007211538461538462
3 0.6923076923076923 0.38822115384615385 0.014423076923076924 0.007211538461538462
3 0.6887019230769231 0.39302884615384615 0.01201923076923077 0.007211538461538462
23 0.6862980769230769 0.39663461538461536 0.01201923076923077 0.009615384615384616
23 0.6826923076923077 0.40024038461538464 0.009615384615384616 0.007211538461538462
3 0.6802884615384616 0.4026442307692308 0.014423076923076924 0.007211538461538462
3 0.6754807692307693 0.40384615384615385 0.009615384615384616 0.004807692307692308
3 0.6682692307692307 0.41225961538461536 0.009615384615384616 0.007211538461538462
3 0.6658653846153846 0.41586538461538464 0.009615384615384616 0.004807692307692308
3 0.6586538461538461 0.421875 0.014423076923076924 0.007211538461538462
3 0.6574519230769231 0.42427884615384615 0.01201923076923077 0.007211538461538462
3 0.6514423076923077 0.42788461538461536 0.009615384615384616 0.004807692307692308
3 0.6298076923076923 0.484375 0.014423076923076924 0.01201923076923077
3 0.6177884615384616 0.49759615384615385 0.019230769230769232 0.014423076923076924
3 0.5673076923076923 0.546875 0.009615384615384616 0.007211538461538462
23 0.5625 0.5504807692307693 0.014423076923076924 0.009615384615384616
3 0.5600961538461539 0.5540865384615384 0.009615384615384616 0.007211538461538462
3 0.546875 0.5637019230769231 0.01201923076923077 0.01201923076923077
3 0.49759615384615385 0.6129807692307693 0.009615384615384616 0.004807692307692308
23 0.4951923076923077 0.6177884615384616 0.009615384615384616 0.004807692307692308
3 0.49278846153846156 0.6225961538461539 0.009615384615384616 0.004807692307692308
23 0.4879807692307692 0.625 0.009615384615384616 0.004807692307692308
3 0.4855769230769231 0.6274038461538461 0.009615384615384616 0.004807692307692308
3 0.484375 0.6081730769230769 0.007211538461538462 0.004807692307692308
3 0.4807692307692308 0.6322115384615384 0.009615384615384616 0.004807692307692308
3 0.47475961538461536 0.6177884615384616 0.007211538461538462 0.004807692307692308
3 0.47475961538461536 0.5841346153846154 0.007211538461538462 0.004807692307692308
3 0.47115384615384615 0.6225961538461539 0.009615384615384616 0.004807692307692308
23 0.47115384615384615 0.5721153846153846 0.009615384615384616 0.004807692307692308
3 0.4639423076923077 0.6286057692307693 0.009615384615384616 0.002403846153846154
23 0.4675480769230769 0.5769230769230769 0.007211538461538462 0.004807692307692308
3 0.46033653846153844 0.6334134615384616 0.007211538461538462 0.002403846153846154
3 0.4651442307692308 0.5793269230769231 0.007211538461538462 0.004807692307692308
3 0.4567307692307692 0.6346153846153846 0.009615384615384616 0.004807692307692308
3 0.4543269230769231 0.6394230769230769 0.009615384615384616 0.004807692307692308
23 0.4495192307692308 0.6430288461538461 0.009615384615384616 0.002403846153846154
23 0.44711538461538464 0.6442307692307693 0.009615384615384616 0.004807692307692308
3 0.4567307692307692 0.5540865384615384 0.019230769230769232 0.01201923076923077
23 0.44471153846153844 0.6490384615384616 0.009615384615384616 0.004807692307692308
3 0.4495192307692308 0.5721153846153846 0.009615384615384616 0.004807692307692308
23 0.44471153846153844 0.5576923076923077 0.009615384615384616 0.004807692307692308
23 0.4423076923076923 0.5600961538461539 0.009615384615384616 0.004807692307692308
23 0.44350961538461536 0.5432692307692307 0.007211538461538462 0.004807692307692308
3 0.42788461538461536 0.6634615384615384 0.009615384615384616 0.004807692307692308
14 0.43509615384615385 0.6009615384615384 0.09134615384615384 0.057692307692307696
3 0.4230769230769231 0.6899038461538461 0.009615384615384616 0.004807692307692308
23 0.43990384615384615 0.5456730769230769 0.009615384615384616 0.004807692307692308
3 0.4254807692307692 0.6658653846153846 0.009615384615384616 0.004807692307692308
3 0.4375 0.5649038461538461 0.009615384615384616 0.004807692307692308
23 0.43509615384615385 0.5492788461538461 0.009615384615384616 0.002403846153846154
3 0.4230769230769231 0.6370192307692307 0.009615384615384616 0.004807692307692308
23 0.43509615384615385 0.5384615384615384 0.009615384615384616 0.004807692307692308
3 0.4206730769230769 0.640625 0.009615384615384616 0.002403846153846154
23 0.43028846153846156 0.5432692307692307 0.009615384615384616 0.004807692307692308
3 0.4110576923076923 0.7019230769230769 0.009615384615384616 0.004807692307692308
23 0.42788461538461536 0.5456730769230769 0.009615384615384616 0.004807692307692308
3 0.4254807692307692 0.5600961538461539 0.009615384615384616 0.004807692307692308
3 0.42788461538461536 0.5480769230769231 0.009615384615384616 0.004807692307692308
3 0.40865384615384615 0.6814903846153846 0.009615384615384616 0.002403846153846154
23 0.42788461538461536 0.5360576923076923 0.009615384615384616 0.004807692307692308
23 0.4230769230769231 0.5528846153846154 0.009615384615384616 0.004807692307692308
23 0.4254807692307692 0.5384615384615384 0.009615384615384616 0.004807692307692308
3 0.40625 0.6850961538461539 0.009615384615384616 0.004807692307692308
3 0.4206730769230769 0.5552884615384616 0.009615384615384616 0.004807692307692308
3 0.4110576923076923 0.6310096153846154 0.009615384615384616 0.002403846153846154
23 0.4206730769230769 0.5408653846153846 0.009615384615384616 0.004807692307692308
3 0.40625 0.6334134615384616 0.009615384615384616 0.002403846153846154
23 0.4182692307692308 0.5432692307692307 0.009615384615384616 0.004807692307692308
23 0.4182692307692308 0.5336538461538461 0.009615384615384616 0.004807692307692308
23 0.41586538461538464 0.5360576923076923 0.009615384615384616 0.004807692307692308
14 0.41225961538461536 0.5492788461538461 0.01201923076923077 0.01201923076923077
23 0.41346153846153844 0.5372596153846154 0.009615384615384616 0.007211538461538462
14 0.3942307692307692 0.6610576923076923 0.052884615384615384 0.04326923076923077
3 0.40384615384615385 0.5600961538461539 0.009615384615384616 0.004807692307692308
3 0.39663461538461536 0.6225961538461539 0.009615384615384616 0.004807692307692308
23 0.40384615384615385 0.5625 0.009615384615384616 0.004807692307692308
3 0.39903846153846156 0.5649038461538461 0.009615384615384616 0.004807692307692308
3 0.38822115384615385 0.6394230769230769 0.007211538461538462 0.004807692307692308
3 0.3894230769230769 0.6286057692307693 0.009615384615384616 0.002403846153846154
3 0.39663461538461536 0.5673076923076923 0.009615384615384616 0.004807692307692308
3 0.3870192307692308 0.6394230769230769 0.009615384615384616 0.004807692307692308
23 0.3942307692307692 0.5697115384615384 0.009615384615384616 0.004807692307692308
3 0.38461538461538464 0.6442307692307693 0.009615384615384616 0.004807692307692308
23 0.3918269230769231 0.5721153846153846 0.009615384615384616 0.004807692307692308
3 0.3798076923076923 0.6478365384615384 0.009615384615384616 0.002403846153846154
23 0.3894230769230769 0.5769230769230769 0.009615384615384616 0.004807692307692308
23 0.3894230769230769 0.5769230769230769 0.009615384615384616 0.004807692307692308
3 0.38100961538461536 0.6153846153846154 0.007211538461538462 0.004807692307692308
23 0.38461538461538464 0.5793269230769231 0.009615384615384616 0.004807692307692308
23 0.38221153846153844 0.5817307692307693 0.009615384615384616 0.004807692307692308
3 0.3786057692307692 0.6177884615384616 0.007211538461538462 0.004807692307692308
3 0.375 0.6358173076923077 0.009615384615384616 0.002403846153846154
3 0.3798076923076923 0.5841346153846154 0.009615384615384616 0.004807692307692308
3 0.37259615384615385 0.6394230769230769 0.004807692307692308 0.004807692307692308
3 0.36899038461538464 0.6586538461538461 0.007211538461538462 0.004807692307692308
3 0.375 0.5865384615384616 0.009615384615384616 0.004807692307692308
14 0.3629807692307692 0.6995192307692307 0.014423076923076924 0.009615384615384616
23 0.36778846153846156 0.6418269230769231 0.009615384615384616 0.004807692307692308
3 0.37259615384615385 0.5913461538461539 0.009615384615384616 0.004807692307692308
3 0.36538461538461536 0.6610576923076923 0.009615384615384616 0.004807692307692308
23 0.36538461538461536 0.6466346153846154 0.009615384615384616 0.004807692307692308
3 0.37259615384615385 0.59375 0.009615384615384616 0.004807692307692308
3 0.3629807692307692 0.6634615384615384 0.009615384615384616 0.004807692307692308
3 0.3629807692307692 0.6490384615384616 0.009615384615384616 0.004807692307692308
3 0.3557692307692308 0.7067307692307693 0.014423076923076924 0.009615384615384616
3 0.3581730769230769 0.6682692307692307 0.009615384615384616 0.004807692307692308
3 0.36778846153846156 0.5949519230769231 0.009615384615384616 0.007211538461538462
3 0.3581730769230769 0.6538461538461539 0.009615384615384616 0.004807692307692308
3 0.34975961538461536 0.7127403846153846 0.016826923076923076 0.007211538461538462
3 0.35096153846153844 0.6850961538461539 0.014423076923076924 0.009615384615384616
3 0.35216346153846156 0.6586538461538461 0.007211538461538462 0.004807692307692308
6 0.359375 0.5649038461538461 0.06490384615384616 0.0625
23 0.34134615384615385 0.6995192307692307 0.009615384615384616 0.004807692307692308
14 0.34134615384615385 0.6911057692307693 0.02403846153846154 0.01201923076923077
23 0.33653846153846156 0.7043269230769231 0.009615384615384616 0.004807692307692308
14 0.34134615384615385 0.6358173076923077 0.04807692307692308 0.04567307692307692
3 0.3269230769230769 0.6971153846153846 0.014423076923076924 0.009615384615384616
3 0.33653846153846156 0.6105769230769231 0.009615384615384616 0.004807692307692308
3 0.3329326923076923 0.6153846153846154 0.007211538461538462 0.004807692307692308
3 0.3317307692307692 0.6177884615384616 0.009615384615384616 0.004807692307692308
3 0.3293269230769231 0.6201923076923077 0.009615384615384616 0.004807692307692308
23 0.3173076923076923 0.6802884615384616 0.009615384615384616 0.004807692307692308
23 0.31490384615384615 0.6826923076923077 0.009615384615384616 0.004807692307692308
3 0.3125 0.6899038461538461 0.014423076923076924 0.009615384615384616
3 0.31490384615384615 0.6670673076923077 0.014423076923076924 0.007211538461538462
3 0.3173076923076923 0.6310096153846154 0.009615384615384616 0.002403846153846154
3 0.3125 0.6370192307692307 0.009615384615384616 0.004807692307692308
3 0.3112980769230769 0.6394230769230769 0.007211538461538462 0.004807692307692308
3 0.3076923076923077 0.6418269230769231 0.004807692307692308 0.004807692307692308
14 0.30288461538461536 0.6730769230769231 0.028846153846153848 0.014423076923076924
3 0.2824519230769231 0.8269230769230769 0.021634615384615384 0.014423076923076924
3 0.2980769230769231 0.6814903846153846 0.014423076923076924 0.007211538461538462
3 0.2932692307692308 0.6875 0.014423076923076924 0.009615384615384616
3 0.27163461538461536 0.8389423076923077 0.009615384615384616 0.009615384615384616
7 0.2776442307692308 0.7596153846153846 0.01201923076923077 0.009615384615384616
23 0.27524038461538464 0.7644230769230769 0.007211538461538462 0.004807692307692308
3 0.27163461538461536 0.7680288461538461 0.014423076923076924 0.01201923076923077
3 0.27403846153846156 0.7524038461538461 0.009615384615384616 0.004807692307692308
23 0.27163461538461536 0.7548076923076923 0.009615384615384616 0.004807692307692308
23 0.2668269230769231 0.7572115384615384 0.009615384615384616 0.004807692307692308
23 0.2644230769230769 0.7596153846153846 0.009615384615384616 0.004807692307692308
23 0.2620192307692308 0.7620192307692307 0.009615384615384616 0.004807692307692308
3 0.25721153846153844 0.7920673076923077 0.014423076923076924 0.007211538461538462
23 0.25961538461538464 0.7644230769230769 0.009615384615384616 0.004807692307692308
14 0.2608173076923077 0.7463942307692307 0.01201923076923077 0.01201923076923077
3 0.25240384615384615 0.8004807692307693 0.014423076923076924 0.009615384615384616
23 0.2548076923076923 0.7331730769230769 0.009615384615384616 0.004807692307692308
3 0.2536057692307692 0.7512019230769231 0.016826923076923076 0.01201923076923077
23 0.25240384615384615 0.7331730769230769 0.009615384615384616 0.004807692307692308
3 0.24519230769230768 0.7379807692307693 0.014423076923076924 0.009615384615384616
3 0.2403846153846154 0.7860576923076923 0.014423076923076924 0.009615384615384616
23 0.24519230769230768 0.7427884615384616 0.009615384615384616 0.004807692307692308
3 0.23557692307692307 0.7908653846153846 0.014423076923076924 0.009615384615384616
14 0.23918269230769232 0.7463942307692307 0.016826923076923076 0.01201923076923077
15 0.234375 0.7584134615384616 0.03125 0.016826923076923076
3 0.2283653846153846 0.7956730769230769 0.014423076923076924 0.009615384615384616
7 0.22956730769230768 0.7704326923076923 0.021634615384615384 0.01201923076923077
3 0.22355769230769232 0.8028846153846154 0.014423076923076924 0.009615384615384616
3 0.23076923076923078 0.7307692307692307 0.009615384615384616 0.004807692307692308
3 0.21514423076923078 0.8641826923076923 0.01201923076923077 0.007211538461538462
3 0.21394230769230768 0.8653846153846154 0.009615384615384616 0.004807692307692308
3 0.22355769230769232 0.7788461538461539 0.014423076923076924 0.009615384615384616
23 0.2283653846153846 0.7331730769230769 0.009615384615384616 0.004807692307692308
3 0.21153846153846154 0.8701923076923077 0.009615384615384616 0.004807692307692308
3 0.22596153846153846 0.7355769230769231 0.009615384615384616 0.004807692307692308
3 0.2091346153846154 0.8725961538461539 0.009615384615384616 0.004807692307692308
7 0.21995192307692307 0.7824519230769231 0.01201923076923077 0.01201923076923077
23 0.22355769230769232 0.7379807692307693 0.009615384615384616 0.004807692307692308
3 0.20432692307692307 0.875 0.009615384615384616 0.004807692307692308
23 0.22115384615384615 0.7403846153846154 0.009615384615384616 0.004807692307692308
3 0.21394230769230768 0.7884615384615384 0.014423076923076924 0.009615384615384616
3 0.21634615384615385 0.7427884615384616 0.009615384615384616 0.004807692307692308
3 0.21394230769230768 0.7475961538461539 0.009615384615384616 0.004807692307692308
7 0.2091346153846154 0.7908653846153846 0.009615384615384616 0.004807692307692308
23 0.20673076923076922 0.8076923076923077 0.009615384615384616 0.004807692307692308
23 0.203125 0.8317307692307693 0.007211538461538462 0.004807692307692308
3 0.21033653846153846 0.7692307692307693 0.016826923076923076 0.009615384615384616
23 0.21153846153846154 0.75 0.009615384615384616 0.004807692307692308
23 0.20432692307692307 0.7956730769230769 0.009615384615384616 0.004807692307692308
3 0.1935096153846154 0.8858173076923077 0.01201923076923077 0.007211538461538462
23 0.19951923076923078 0.8365384615384616 0.009615384615384616 0.004807692307692308
23 0.20432692307692307 0.7980769230769231 0.009615384615384616 0.004807692307692308
23 0.19831730769230768 0.8365384615384616 0.007211538461538462 0.004807692307692308
23 0.2091346153846154 0.7524038461538461 0.009615384615384616 0.004807692307692308
7 0.20552884615384615 0.7764423076923077 0.01201923076923077 0.009615384615384616
3 0.1875 0.9206730769230769 0.009615384615384616 0.004807692307692308
3 0.18990384615384615 0.8894230769230769 0.009615384615384616 0.004807692307692308
3 0.20192307692307693 0.8004807692307693 0.009615384615384616 0.004807692307692308
23 0.20432692307692307 0.7548076923076923 0.009615384615384616 0.004807692307692308
23 0.19591346153846154 0.8413461538461539 0.007211538461538462 0.004807692307692308
3 0.18269230769230768 0.9230769230769231 0.009615384615384616 0.004807692307692308
3 0.1875 0.8918269230769231 0.009615384615384616 0.004807692307692308
3 0.19471153846153846 0.8269230769230769 0.009615384615384616 0.004807692307692308
3 0.20192307692307693 0.7584134615384616 0.009615384615384616 0.007211538461538462
23 0.19230769230769232 0.84375 0.009615384615384616 0.004807692307692308
3 0.19951923076923078 0.7800480769230769 0.014423076923076924 0.01201923076923077
3 0.18629807692307693 0.8954326923076923 0.01201923076923077 0.007211538461538462
14 0.19591346153846154 0.8040865384615384 0.01201923076923077 0.01201923076923077
3 0.18028846153846154 0.9134615384615384 0.009615384615384616 0.004807692307692308
23 0.19230769230769232 0.8317307692307693 0.009615384615384616 0.004807692307692308
23 0.18870192307692307 0.8461538461538461 0.007211538461538462 0.004807692307692308
3 0.18269230769230768 0.8966346153846154 0.009615384615384616 0.004807692307692308
23 0.19471153846153846 0.7860576923076923 0.009615384615384616 0.004807692307692308
3 0.19230769230769232 0.8100961538461539 0.009615384615384616 0.004807692307692308
23 0.1875 0.8329326923076923 0.009615384615384616 0.002403846153846154
23 0.18629807692307693 0.8485576923076923 0.007211538461538462 0.004807692307692308
7 0.19230769230769232 0.7884615384615384 0.009615384615384616 0.004807692307692308
3 0.17668269230769232 0.9002403846153846 0.01201923076923077 0.007211538461538462
23 0.18509615384615385 0.8365384615384616 0.009615384615384616 0.004807692307692308
23 0.1875 0.8112980769230769 0.009615384615384616 0.002403846153846154
3 0.17427884615384615 0.9206730769230769 0.007211538461538462 0.004807692307692308
3 0.17548076923076922 0.9038461538461539 0.009615384615384616 0.004807692307692308
3 0.18990384615384615 0.7908653846153846 0.009615384615384616 0.004807692307692308
23 0.18509615384615385 0.8149038461538461 0.009615384615384616 0.004807692307692308
23 0.18269230769230768 0.8401442307692307 0.009615384615384616 0.002403846153846154
3 0.17307692307692307 0.90625 0.009615384615384616 0.004807692307692308
23 0.18028846153846154 0.8413461538461539 0.009615384615384616 0.004807692307692308
3 0.18509615384615385 0.7932692307692307 0.009615384615384616 0.004807692307692308
3 0.18269230769230768 0.7980769230769231 0.009615384615384616 0.004807692307692308
23 0.1778846153846154 0.8449519230769231 0.009615384615384616 0.002403846153846154
3 0.18028846153846154 0.8197115384615384 0.009615384615384616 0.004807692307692308
23 0.17548076923076922 0.8461538461538461 0.009615384615384616 0.004807692307692308
23 0.18028846153846154 0.8004807692307693 0.009615384615384616 0.004807692307692308
23 0.17668269230769232 0.8233173076923077 0.01201923076923077 0.007211538461538462
23 0.1778846153846154 0.8028846153846154 0.009615384615384616 0.004807692307692308
23 0.171875 0.8509615384615384 0.007211538461538462 0.004807692307692308
3 0.17307692307692307 0.8269230769230769 0.009615384615384616 0.004807692307692308
3 0.16826923076923078 0.8533653846153846 0.009615384615384616 0.004807692307692308
3 0.16826923076923078 0.8149038461538461 0.009615384615384616 0.004807692307692308
23 0.16826923076923078 0.8197115384615384 0.009615384615384616 0.004807692307692308
14 0.16466346153846154 0.8293269230769231 0.026442307692307692 0.014423076923076924
23 0.16346153846153846 0.8389423076923077 0.009615384615384616 0.004807692307692308
3 0.16346153846153846 0.8233173076923077 0.009615384615384616 0.007211538461538462
23 0.15865384615384615 0.8413461538461539 0.009615384615384616 0.004807692307692308
3 0.15625 0.84375 0.009615384615384616 0.004807692307692308
23 0.15384615384615385 0.8461538461538461 0.009615384615384616 0.004807692307692308
3 0.15144230769230768 0.8509615384615384 0.009615384615384616 0.004807692307692308
23 0.15144230769230768 0.8341346153846154 0.009615384615384616 0.004807692307692308
3 0.1466346153846154 0.8509615384615384 0.009615384615384616 0.004807692307692308
23 0.14903846153846154 0.8341346153846154 0.009615384615384616 0.004807692307692308
3 0.1466346153846154 0.8389423076923077 0.009615384615384616 0.004807692307692308
23 0.14423076923076922 0.8557692307692307 0.009615384615384616 0.004807692307692308
23 0.14423076923076922 0.8413461538461539 0.009615384615384616 0.004807692307692308
3 0.14182692307692307 0.8581730769230769 0.009615384615384616 0.004807692307692308
3 0.14182692307692307 0.84375 0.009615384615384616 0.004807692307692308
3 0.13822115384615385 0.8473557692307693 0.01201923076923077 0.007211538461538462
23 0.1346153846153846 0.8509615384615384 0.009615384615384616 0.004807692307692308
14 0.13221153846153846 0.8641826923076923 0.028846153846153848 0.016826923076923076
3 0.13221153846153846 0.8533653846153846 0.009615384615384616 0.004807692307692308
23 0.12980769230769232 0.8701923076923077 0.009615384615384616 0.004807692307692308
23 0.12860576923076922 0.8725961538461539 0.007211538461538462 0.004807692307692308
23 0.1201923076923077 0.8653846153846154 0.009615384615384616 0.004807692307692308
23 0.11538461538461539 0.8677884615384616 0.009615384615384616 0.004807692307692308
3 0.8485576923076923 0.25240384615384615 0.009615384615384616 0.004807692307692308
23 0.8461538461538461 0.25721153846153844 0.009615384615384616 0.004807692307692308
23 0.8449519230769231 0.25721153846153844 0.007211538461538462 0.004807692307692308
23 0.8413461538461539 0.25961538461538464 0.009615384615384616 0.004807692307692308
23 0.8365384615384616 0.2644230769230769 0.009615384615384616 0.004807692307692308
23 0.8365384615384616 0.2668269230769231 0.009615384615384616 0.004807692307692308
3 0.8317307692307693 0.2692307692307692 0.009615384615384616 0.004807692307692308
3 0.8341346153846154 0.25240384615384615 0.009615384615384616 0.004807692307692308
23 0.8293269230769231 0.27163461538461536 0.009615384615384616 0.004807692307692308
3 0.8317307692307693 0.2548076923076923 0.009615384615384616 0.004807692307692308
23 0.8269230769230769 0.2764423076923077 0.009615384615384616 0.004807692307692308
3 0.8293269230769231 0.25961538461538464 0.009615384615384616 0.004807692307692308
3 0.8245192307692307 0.2620192307692308 0.009615384615384616 0.004807692307692308
23 0.8221153846153846 0.27884615384615385 0.009615384615384616 0.004807692307692308
23 0.8209134615384616 0.2824519230769231 0.01201923076923077 0.007211538461538462
23 0.8173076923076923 0.28365384615384615 0.009615384615384616 0.004807692307692308
3 0.8185096153846154 0.26802884615384615 0.01201923076923077 0.007211538461538462
23 0.8149038461538461 0.2860576923076923 0.009615384615384616 0.004807692307692308
3 0.8149038461538461 0.27163461538461536 0.009615384615384616 0.004807692307692308
23 0.8100961538461539 0.29086538461538464 0.009615384615384616 0.004807692307692308
3 0.8125 0.27403846153846156 0.009615384615384616 0.004807692307692308
23 0.8088942307692307 0.2932692307692308 0.007211538461538462 0.004807692307692308
3 0.8100961538461539 0.2764423076923077 0.009615384615384616 0.004807692307692308
3 0.8052884615384616 0.2956730769230769 0.009615384615384616 0.004807692307692308
3 0.8076923076923077 0.27884615384615385 0.009615384615384616 0.004807692307692308
3 0.8028846153846154 0.28125 0.009615384615384616 0.004807692307692308
3 0.8016826923076923 0.2848557692307692 0.01201923076923077 0.007211538461538462
3 0.7980769230769231 0.28846153846153844 0.009615384615384616 0.004807692307692308
3 0.7680288461538461 0.34615384615384615 0.01201923076923077 0.009615384615384616
3 0.7692307692307693 0.31971153846153844 0.009615384615384616 0.004807692307692308
23 0.7644230769230769 0.32211538461538464 0.009615384615384616 0.004807692307692308
3 0.7584134615384616 0.359375 0.016826923076923076 0.01201923076923077
3 0.7572115384615384 0.31490384615384615 0.009615384615384616 0.004807692307692308
14 0.7560096153846154 0.3245192307692308 0.021634615384615384 0.014423076923076924
23 0.7548076923076923 0.3317307692307692 0.009615384615384616 0.004807692307692308
3 0.7524038461538461 0.33413461538461536 0.009615384615384616 0.004807692307692308
23 0.7548076923076923 0.31971153846153844 0.009615384615384616 0.004807692307692308
23 0.7475961538461539 0.3269230769230769 0.009615384615384616 0.004807692307692308
3 0.7427884615384616 0.3317307692307692 0.009615384615384616 0.004807692307692308
3 0.7319711538461539 0.35336538461538464 0.021634615384615384 0.014423076923076924
3 0.7283653846153846 0.359375 0.014423076923076924 0.01201923076923077
3 0.7163461538461539 0.3629807692307692 0.009615384615384616 0.004807692307692308
3 0.7139423076923077 0.36658653846153844 0.009615384615384616 0.007211538461538462