22 0.5037540584415584 0.400609756097561 0.0294237012987013 0.01402439024390244
22 0.47301136363636365 0.40182926829268295 0.028409090909090908 0.016463414634146342
6 0.6365665584415584 0.4038109756097561 0.04788961038961039 0.013109756097560975
7 0.39600243506493504 0.4041158536585366 0.033076298701298704 0.017378048780487806
6 0.5505275974025974 0.4041158536585366 0.05438311688311688 0.014939024390243902
7 0.4445008116883117 0.4088414634146341 0.022930194805194804 0.014634146341463415
2 0.35978084415584416 0.411890243902439 0.03125 0.02621951219512195
7 0.3955965909090909 0.42332317073170733 0.033887987012987016 0.017378048780487806
15 0.5330762987012987 0.42865853658536585 0.018668831168831168 0.027439024390243903
2 0.5063920454545454 0.4295731707317073 0.024553571428571428 0.01524390243902439
2 0.6721793831168831 0.43353658536585366 0.03429383116883117 0.045121951219512194
7 0.4247159090909091 0.43597560975609756 0.015016233766233766 0.05
7 0.4382102272727273 0.43597560975609756 0.009537337662337662 0.03414634146341464
15 0.5907061688311688 0.4367378048780488 0.09050324675324675 0.04054878048780488
2 0.466213474025974 0.44664634146341464 0.04606331168831169 0.07439024390243902
28 0.742288961038961 0.44740853658536583 0.044237012987012984 0.025914634146341462
14 0.5264813311688312 0.4585365853658537 0.009537337662337662 0.02621951219512195
2 0.4961444805194805 0.4589939024390244 0.010551948051948052 0.024695121951219513
14 0.5356128246753247 0.45975609756097563 0.009537337662337662 0.025
15 0.3741883116883117 0.46204268292682926 0.06290584415584416 0.05884146341463414
7 0.41314935064935066 0.4628048780487805 0.017045454545454544 0.05304878048780488
2 0.7484780844155844 0.4689024390243902 0.012378246753246754 0.012804878048780487
2 0.7247362012987013 0.46996951219512195 0.01359577922077922 0.009451219512195122
2 0.7007913961038961 0.4708841463414634 0.011566558441558442 0.046646341463414634
22 0.7294034090909091 0.4795731707317073 0.022930194805194804 0.007926829268292683
2 0.7129667207792207 0.4815548780487805 0.00872564935064935 0.029573170731707316
15 0.5139001623376623 0.48353658536585364 0.01765422077922078 0.02621951219512195
22 0.6739042207792207 0.49588414634146344 0.02556818181818182 0.0125
2 0.5409902597402597 0.5033536585365853 0.013798701298701298 0.04878048780487805
15 0.6991680194805194 0.5033536585365853 0.029017857142857144 0.013414634146341463
2 0.7705965909090909 0.5085365853658537 0.010349025974025974 0.018902439024390243
2 0.5118709415584416 0.5147865853658536 0.00872564935064935 0.02530487804878049
27 0.4586038961038961 0.5150914634146342 0.09090909090909091 0.056402439024390245
15 0.37408685064935066 0.5196646341463415 0.06270292207792208 0.060060975609756095
28 0.585836038961039 0.5217987804878049 0.08319805194805195 0.10457317073170731
2 0.5197849025974026 0.5224085365853659 0.012378246753246754 0.046646341463414634
14 0.687702922077922 0.5266768292682927 0.00974025974025974 0.030792682926829268
15 0.739549512987013 0.526829268292683 0.04728084415584415 0.08353658536585366
2 0.703327922077922 0.530640243902439 0.01461038961038961 0.03201219512195122
7 0.6612215909090909 0.5393292682926829 0.033076298701298704 0.018292682926829267
15 0.46316964285714285 0.5461890243902439 0.029017857142857144 0.015548780487804878
2 0.3324878246753247 0.5472560975609756 0.011566558441558442 0.020731707317073172
2 0.4882305194805195 0.5507621951219512 0.013392857142857142 0.013109756097560975
2 0.5400771103896104 0.5528963414634146 0.01359577922077922 0.05030487804878049
2 0.4375 0.557469512195122 0.015016233766233766 0.013109756097560975
7 0.6611201298701299 0.558079268292683 0.0349025974025974 0.016158536585365854
14 0.7067775974025974 0.558079268292683 0.00974025974025974 0.011280487804878048
2 0.5097402597402597 0.5582317073170732 0.010957792207792208 0.016463414634146342
2 0.6913555194805194 0.5632621951219512 0.018668831168831168 0.02347560975609756
22 0.34466314935064934 0.5647865853658537 0.029017857142857144 0.009451219512195122
2 0.37662337662337664 0.5658536585365853 0.032467532467532464 0.026829268292682926
7 0.6612215909090909 0.575 0.036728896103896104 0.016463414634146342
2 0.7754667207792207 0.5751524390243903 0.01359577922077922 0.020426829268292684
2 0.5263798701298701 0.5762195121951219 0.014204545454545454 0.011585365853658536
2 0.6313920454545454 0.5856707317073171 0.020495129870129872 0.03048780487804878
2 0.7171266233766234 0.5920731707317073 0.019886363636363636 0.027439024390243903
22 0.40482954545454547 0.5923780487804878 0.011363636363636364 0.03170731707317073
7 0.6606128246753247 0.5923780487804878 0.03551136363636364 0.01951219512195122
2 0.6907467532467533 0.5940548780487804 0.019886363636363636 0.02652439024390244
22 0.34283685064935066 0.5955792682926829 0.01359577922077922 0.034451219512195125
27 0.750101461038961 0.5955792682926829 0.04281655844155844 0.02774390243902439
27 0.3731737012987013 0.5967987804878049 0.04017857142857143 0.024695121951219513
15 0.4614448051948052 0.6059451219512195 0.05803571428571429 0.10335365853658536
27 0.7019074675324676 0.614939024390244 0.008522727272727272 0.026829268292682926
7 0.6390016233766234 0.6163109756097561 0.0349025974025974 0.02103658536585366
27 0.5602678571428571 0.6175304878048781 0.09212662337662338 0.05213414634146341
14 0.7450284090909091 0.6190548780487805 0.011160714285714286 0.01798780487804878
15 0.6883116883116883 0.6207317073170732 0.015827922077922076 0.020121951219512196
2 0.7176339285714286 0.6222560975609757 0.02130681818181818 0.02804878048780488
6 0.7791193181818182 0.6269817073170731 0.012378246753246754 0.024085365853658537
15 0.669439935064935 0.6271341463414634 0.018262987012987012 0.023170731707317073
7 0.6394074675324676 0.6327743902439025 0.03449675324675325 0.017378048780487806
27 0.3795657467532468 0.6330792682926829 0.026988636363636364 0.030792682926829268
15 0.7559862012987013 0.6420731707317073 0.01765422077922078 0.025609756097560974
15 0.6997767857142857 0.6423780487804878 0.017248376623376624 0.02378048780487805
15 0.7376217532467533 0.6435975609756097 0.0174512987012987 0.025609756097560974
27 0.6780641233766234 0.6475609756097561 0.016436688311688312 0.01402439024390244
6 0.6370738636363636 0.6478658536585366 0.04768668831168831 0.01524390243902439
27 0.71875 0.6481707317073171 0.016639610389610388 0.01524390243902439