3 0.5829326923076923 0.5625 0.002403846153846154 0.004807692307692308
23 0.5877403846153846 0.5637019230769231 0.002403846153846154 0.007211538461538462
23 0.5901442307692307 0.5625 0.002403846153846154 0.004807692307692308
3 0.43028846153846156 0.5504807692307693 0.004807692307692308 0.009615384615384616
23 0.3713942307692308 0.5444711538461539 0.002403846153846154 0.007211538461538462
3 0.4254807692307692 0.5504807692307693 0.004807692307692308 0.009615384615384616
16 0.7920673076923077 0.5889423076923077 0.002403846153846154 0.004807692307692308
16 0.796875 0.5889423076923077 0.002403846153846154 0.004807692307692308
3 0.36658653846153844 0.5456730769230769 0.007211538461538462 0.014423076923076924
16 0.7944711538461539 0.5913461538461539 0.002403846153846154 0.004807692307692308
23 0.8088942307692307 0.5913461538461539 0.002403846153846154 0.004807692307692308
23 0.8112980769230769 0.5961538461538461 0.002403846153846154 0.004807692307692308
3 0.6814903846153846 0.5817307692307693 0.002403846153846154 0.009615384615384616
23 0.8137019230769231 0.5961538461538461 0.002403846153846154 0.004807692307692308
29 0.6694711538461539 0.5817307692307693 0.007211538461538462 0.009615384615384616
29 0.6766826923076923 0.5817307692307693 0.007211538461538462 0.009615384615384616
13 0.8377403846153846 0.5985576923076923 0.002403846153846154 0.004807692307692308
23 0.6646634615384616 0.5853365384615384 0.002403846153846154 0.007211538461538462
7 0.7980769230769231 0.5985576923076923 0.004807692307692308 0.009615384615384616
22 0.40024038461538464 0.5576923076923077 0.007211538461538462 0.009615384615384616
22 0.4098557692307692 0.5588942307692307 0.007211538461538462 0.007211538461538462
7 0.7920673076923077 0.5985576923076923 0.007211538461538462 0.009615384615384616
3 0.44591346153846156 0.5637019230769231 0.007211538461538462 0.01201923076923077
3 0.8040865384615384 0.6009615384615384 0.002403846153846154 0.004807692307692308
3 0.8185096153846154 0.6033653846153846 0.002403846153846154 0.004807692307692308
6 0.8569711538461539 0.6081730769230769 0.01201923076923077 0.02403846153846154
16 0.8064903846153846 0.6021634615384616 0.002403846153846154 0.007211538461538462
3 0.8112980769230769 0.6045673076923077 0.002403846153846154 0.007211538461538462
3 0.8088942307692307 0.6021634615384616 0.002403846153846154 0.007211538461538462
3 0.8137019230769231 0.6045673076923077 0.002403846153846154 0.007211538461538462
23 0.3605769230769231 0.5564903846153846 0.004807692307692308 0.007211538461538462
3 0.7752403846153846 0.6009615384615384 0.002403846153846154 0.009615384615384616
23 0.36899038461538464 0.5588942307692307 0.002403846153846154 0.007211538461538462
23 0.37259615384615385 0.5588942307692307 0.004807692307692308 0.007211538461538462
23 0.421875 0.5637019230769231 0.002403846153846154 0.007211538461538462
23 0.42908653846153844 0.5649038461538461 0.002403846153846154 0.009615384615384616
23 0.4338942307692308 0.5673076923076923 0.002403846153846154 0.009615384615384616
23 0.4375 0.5673076923076923 0.004807692307692308 0.009615384615384616
23 0.3762019230769231 0.5588942307692307 0.002403846153846154 0.007211538461538462
23 0.41947115384615385 0.5637019230769231 0.002403846153846154 0.007211538461538462
23 0.43149038461538464 0.5661057692307693 0.002403846153846154 0.007211538461538462
3 0.7668269230769231 0.6009615384615384 0.004807692307692308 0.009615384615384616
3 0.7704326923076923 0.6021634615384616 0.002403846153846154 0.007211538461538462
3 0.41586538461538464 0.5649038461538461 0.004807692307692308 0.009615384615384616
3 0.7716346153846154 0.6033653846153846 0.004807692307692308 0.009615384615384616
23 0.36177884615384615 0.5588942307692307 0.002403846153846154 0.007211538461538462
23 0.36658653846153844 0.5600961538461539 0.002403846153846154 0.009615384615384616
23 0.3786057692307692 0.5612980769230769 0.002403846153846154 0.007211538461538462
23 0.42427884615384615 0.5661057692307693 0.002403846153846154 0.007211538461538462
23 0.6646634615384616 0.5925480769230769 0.002403846153846154 0.007211538461538462
23 0.6670673076923077 0.5925480769230769 0.002403846153846154 0.007211538461538462
23 0.6694711538461539 0.5925480769230769 0.002403846153846154 0.007211538461538462
7 0.6754807692307693 0.5961538461538461 0.004807692307692308 0.009615384615384616
7 0.6802884615384616 0.5961538461538461 0.004807692307692308 0.009615384615384616
3 0.8377403846153846 0.6117788461538461 0.002403846153846154 0.007211538461538462
23 0.8473557692307693 0.6141826923076923 0.002403846153846154 0.007211538461538462
23 0.8497596153846154 0.6141826923076923 0.002403846153846154 0.007211538461538462
3 0.84375 0.6129807692307693 0.004807692307692308 0.009615384615384616
3 0.7944711538461539 0.6081730769230769 0.007211538461538462 0.009615384615384616
23 0.8401442307692307 0.6129807692307693 0.002403846153846154 0.004807692307692308
23 0.8088942307692307 0.6105769230769231 0.002403846153846154 0.009615384615384616
23 0.8137019230769231 0.6129807692307693 0.002403846153846154 0.009615384615384616
25 0.8016826923076923 0.6105769230769231 0.002403846153846154 0.004807692307692308
23 0.8112980769230769 0.6129807692307693 0.002403846153846154 0.009615384615384616
25 0.7992788461538461 0.6129807692307693 0.002403846153846154 0.004807692307692308
3 0.6141826923076923 0.5913461538461539 0.002403846153846154 0.004807692307692308
3 0.6117788461538461 0.5913461538461539 0.002403846153846154 0.004807692307692308
3 0.6165865384615384 0.5913461538461539 0.002403846153846154 0.004807692307692308
3 0.6189903846153846 0.59375 0.002403846153846154 0.004807692307692308
16 0.7752403846153846 0.6105769230769231 0.002403846153846154 0.004807692307692308
13 0.7560096153846154 0.6105769230769231 0.002403846153846154 0.009615384615384616
3 0.7596153846153846 0.609375 0.004807692307692308 0.007211538461538462
13 0.7620192307692307 0.609375 0.004807692307692308 0.007211538461538462
13 0.765625 0.6117788461538461 0.002403846153846154 0.007211538461538462
13 0.7680288461538461 0.6117788461538461 0.002403846153846154 0.007211538461538462
3 0.7728365384615384 0.6117788461538461 0.002403846153846154 0.007211538461538462
23 0.671875 0.6045673076923077 0.002403846153846154 0.007211538461538462
14 0.6358173076923077 0.6021634615384616 0.021634615384615384 0.03125
29 0.7487980769230769 0.6129807692307693 0.007211538461538462 0.009615384615384616
3 0.8521634615384616 0.6237980769230769 0.002403846153846154 0.007211538461538462
3 0.6117788461538461 0.5985576923076923 0.002403846153846154 0.004807692307692308
3 0.609375 0.5985576923076923 0.002403846153846154 0.004807692307692308
23 0.8473557692307693 0.625 0.002403846153846154 0.004807692307692308
23 0.8497596153846154 0.625 0.002403846153846154 0.004807692307692308
3 0.6141826923076923 0.5997596153846154 0.002403846153846154 0.007211538461538462
3 0.6177884615384616 0.6009615384615384 0.004807692307692308 0.009615384615384616
3 0.7896634615384616 0.6201923076923077 0.007211538461538462 0.009615384615384616
3 0.7932692307692307 0.6201923076923077 0.004807692307692308 0.009615384615384616
3 0.8004807692307693 0.6213942307692307 0.004807692307692308 0.007211538461538462
3 0.8016826923076923 0.6213942307692307 0.002403846153846154 0.007211538461538462
29 0.8149038461538461 0.6225961538461539 0.004807692307692308 0.009615384615384616
14 0.6646634615384616 0.6081730769230769 0.007211538461538462 0.019230769230769232
16 0.796875 0.6201923076923077 0.002403846153846154 0.004807692307692308
14 0.8401442307692307 0.625 0.01201923076923077 0.014423076923076924
3 0.6189903846153846 0.6057692307692307 0.002403846153846154 0.004807692307692308
3 0.6213942307692307 0.6057692307692307 0.002403846153846154 0.004807692307692308
23 0.8449519230769231 0.6322115384615384 0.002403846153846154 0.004807692307692308
23 0.8473557692307693 0.6322115384615384 0.002403846153846154 0.004807692307692308
23 0.8521634615384616 0.6322115384615384 0.002403846153846154 0.004807692307692308
23 0.671875 0.6117788461538461 0.002403846153846154 0.007211538461538462
3 0.8064903846153846 0.6286057692307693 0.002403846153846154 0.007211538461538462
3 0.6141826923076923 0.609375 0.002403846153846154 0.007211538461538462
23 0.6189903846153846 0.6105769230769231 0.002403846153846154 0.004807692307692308
14 0.7668269230769231 0.6274038461538461 0.014423076923076924 0.019230769230769232
3 0.796875 0.6286057692307693 0.002403846153846154 0.007211538461538462
7 0.7884615384615384 0.6298076923076923 0.004807692307692308 0.009615384615384616
7 0.7932692307692307 0.6298076923076923 0.004807692307692308 0.009615384615384616
6 0.7055288461538461 0.6213942307692307 0.05048076923076923 0.021634615384615384
23 0.8112980769230769 0.6346153846153846 0.002403846153846154 0.009615384615384616
23 0.8149038461538461 0.6346153846153846 0.004807692307692308 0.009615384615384616
23 0.8497596153846154 0.6394230769230769 0.002403846153846154 0.004807692307692308
23 0.8569711538461539 0.6394230769230769 0.002403846153846154 0.004807692307692308
23 0.8545673076923077 0.6394230769230769 0.002403846153846154 0.004807692307692308
3 0.8473557692307693 0.6394230769230769 0.002403846153846154 0.009615384615384616
3 0.8185096153846154 0.6370192307692307 0.007211538461538462 0.014423076923076924
15 0.7487980769230769 0.6310096153846154 0.016826923076923076 0.016826923076923076
3 0.6598557692307693 0.6213942307692307 0.002403846153846154 0.007211538461538462
23 0.6694711538461539 0.6213942307692307 0.002403846153846154 0.007211538461538462
3 0.6670673076923077 0.6213942307692307 0.002403846153846154 0.007211538461538462
3 0.8425480769230769 0.6394230769230769 0.002403846153846154 0.004807692307692308
3 0.8401442307692307 0.6394230769230769 0.002403846153846154 0.004807692307692308
3 0.6622596153846154 0.6237980769230769 0.002403846153846154 0.007211538461538462
23 0.6262019230769231 0.6213942307692307 0.002403846153846154 0.007211538461538462
3 0.8509615384615384 0.6490384615384616 0.004807692307692308 0.009615384615384616
14 0.6742788461538461 0.6310096153846154 0.007211538461538462 0.021634615384615384
15 0.8317307692307693 0.6478365384615384 0.014423076923076924 0.016826923076923076
14 0.640625 0.6310096153846154 0.007211538461538462 0.021634615384615384
13 0.6875 0.6346153846153846 0.004807692307692308 0.009615384615384616
13 0.8161057692307693 0.6502403846153846 0.002403846153846154 0.007211538461538462
14 0.6622596153846154 0.6358173076923077 0.007211538461538462 0.01201923076923077
3 0.8197115384615384 0.6514423076923077 0.004807692307692308 0.009615384615384616
7 0.8413461538461539 0.6538461538461539 0.004807692307692308 0.009615384615384616
3 0.7560096153846154 0.6478365384615384 0.002403846153846154 0.007211538461538462
3 0.7536057692307693 0.6478365384615384 0.002403846153846154 0.007211538461538462
3 0.8461538461538461 0.6586538461538461 0.004807692307692308 0.009615384615384616
3 0.8509615384615384 0.6586538461538461 0.004807692307692308 0.009615384615384616