3 0.4519230769230769 0.27403846153846156 0.004807692307692308 0.004807692307692308
3 0.46153846153846156 0.35096153846153844 0.004807692307692308 0.004807692307692308
3 0.4807692307692308 0.46634615384615385 0.004807692307692308 0.004807692307692308
3 0.4951923076923077 0.5817307692307693 0.004807692307692308 0.004807692307692308
3 0.5144230769230769 0.6947115384615384 0.004807692307692308 0.004807692307692308
3 0.5288461538461539 0.8076923076923077 0.004807692307692308 0.004807692307692308
3 0.5456730769230769 0.9182692307692307 0.004807692307692308 0.004807692307692308
3 0.4567307692307692 0.27163461538461536 0.004807692307692308 0.004807692307692308
3 0.46634615384615385 0.35096153846153844 0.004807692307692308 0.004807692307692308
3 0.4831730769230769 0.46634615384615385 0.004807692307692308 0.004807692307692308
3 0.5 0.5817307692307693 0.004807692307692308 0.004807692307692308
3 0.5168269230769231 0.6947115384615384 0.004807692307692308 0.004807692307692308
3 0.5336538461538461 0.8076923076923077 0.004807692307692308 0.004807692307692308
3 0.5504807692307693 0.9158653846153846 0.004807692307692308 0.004807692307692308
23 0.46634615384615385 0.2283653846153846 0.004807692307692308 0.004807692307692308
23 0.4699519230769231 0.24158653846153846 0.007211538461538462 0.002403846153846154
3 0.4699519230769231 0.2439903846153846 0.007211538461538462 0.002403846153846154
23 0.4699519230769231 0.24639423076923078 0.007211538461538462 0.002403846153846154
3 0.4699519230769231 0.2512019230769231 0.007211538461538462 0.002403846153846154
23 0.4699519230769231 0.24879807692307693 0.007211538461538462 0.002403846153846154
3 0.4831730769230769 0.31971153846153844 0.004807692307692308 0.004807692307692308
23 0.47115384615384615 0.22596153846153846 0.004807692307692308 0.004807692307692308
3 0.5024038461538461 0.4375 0.004807692307692308 0.004807692307692308
3 0.5168269230769231 0.5504807692307693 0.004807692307692308 0.004807692307692308
3 0.5336538461538461 0.6634615384615384 0.004807692307692308 0.004807692307692308
23 0.5661057692307693 0.8882211538461539 0.007211538461538462 0.002403846153846154
3 0.5685096153846154 0.8930288461538461 0.007211538461538462 0.002403846153846154
23 0.5685096153846154 0.8954326923076923 0.007211538461538462 0.002403846153846154
3 0.5528846153846154 0.7788461538461539 0.009615384615384616 0.004807692307692308
23 0.5685096153846154 0.9026442307692307 0.007211538461538462 0.002403846153846154
23 0.5685096153846154 0.9002403846153846 0.007211538461538462 0.002403846153846154
23 0.5685096153846154 0.9050480769230769 0.007211538461538462 0.002403846153846154
3 0.5661057692307693 0.8858173076923077 0.007211538461538462 0.002403846153846154
23 0.5685096153846154 0.890625 0.007211538461538462 0.002403846153846154
3 0.47596153846153844 0.21634615384615385 0.004807692307692308 0.004807692307692308
3 0.5793269230769231 0.8978365384615384 0.004807692307692308 0.007211538461538462
3 0.578125 0.890625 0.007211538461538462 0.002403846153846154
23 0.5757211538461539 0.8569711538461539 0.007211538461538462 0.002403846153846154
7 0.5817307692307693 0.8978365384615384 0.004807692307692308 0.007211538461538462
23 0.5757211538461539 0.859375 0.007211538461538462 0.002403846153846154
3 0.5841346153846154 0.9050480769230769 0.009615384615384616 0.007211538461538462
3 0.5853365384615384 0.9074519230769231 0.007211538461538462 0.002403846153846154
3 0.5865384615384616 0.9110576923076923 0.009615384615384616 0.004807692307692308
3 0.5829326923076923 0.8834134615384616 0.007211538461538462 0.002403846153846154
3 0.5817307692307693 0.8774038461538461 0.009615384615384616 0.004807692307692308
3 0.5829326923076923 0.8858173076923077 0.007211538461538462 0.002403846153846154
23 0.5865384615384616 0.8966346153846154 0.004807692307692308 0.004807692307692308
3 0.5552884615384616 0.5913461538461539 0.004807692307692308 0.004807692307692308
23 0.5576923076923077 0.6129807692307693 0.004807692307692308 0.004807692307692308
3 0.5600961538461539 0.6081730769230769 0.004807692307692308 0.004807692307692308
3 0.5600961538461539 0.5913461538461539 0.004807692307692308 0.004807692307692308
3 0.5649038461538461 0.6370192307692307 0.004807692307692308 0.004807692307692308
6 0.6033653846153846 0.8930288461538461 0.02403846153846154 0.03125
3 0.5625 0.6129807692307693 0.004807692307692308 0.004807692307692308
7 0.5673076923076923 0.6225961538461539 0.004807692307692308 0.004807692307692308
14 0.5649038461538461 0.6009615384615384 0.009615384615384616 0.009615384615384616
3 0.5649038461538461 0.5913461538461539 0.004807692307692308 0.004807692307692308
3 0.5673076923076923 0.6105769230769231 0.004807692307692308 0.004807692307692308
3 0.5733173076923077 0.6358173076923077 0.01201923076923077 0.01201923076923077
23 0.5733173076923077 0.625 0.007211538461538462 0.009615384615384616
23 0.5697115384615384 0.5913461538461539 0.004807692307692308 0.004807692307692308
23 0.5721153846153846 0.6057692307692307 0.004807692307692308 0.004807692307692308
23 0.5733173076923077 0.6105769230769231 0.002403846153846154 0.004807692307692308
3 0.578125 0.6502403846153846 0.01201923076923077 0.01201923076923077
3 0.5721153846153846 0.5985576923076923 0.004807692307692308 0.004807692307692308
23 0.5757211538461539 0.6105769230769231 0.002403846153846154 0.004807692307692308
3 0.5745192307692307 0.5889423076923077 0.004807692307692308 0.004807692307692308
23 0.5889423076923077 0.6850961538461539 0.004807692307692308 0.004807692307692308
3 0.5805288461538461 0.6213942307692307 0.01201923076923077 0.01201923076923077
3 0.5829326923076923 0.6334134615384616 0.01201923076923077 0.01201923076923077
3 0.5793269230769231 0.5961538461538461 0.004807692307692308 0.004807692307692308
3 0.5793269230769231 0.6009615384615384 0.004807692307692308 0.004807692307692308
23 0.5805288461538461 0.6105769230769231 0.002403846153846154 0.004807692307692308
23 0.5793269230769231 0.5889423076923077 0.004807692307692308 0.004807692307692308
3 0.5913461538461539 0.6658653846153846 0.009615384615384616 0.004807692307692308
3 0.5925480769230769 0.6742788461538461 0.007211538461538462 0.002403846153846154
23 0.5901442307692307 0.6694711538461539 0.007211538461538462 0.002403846153846154
23 0.5925480769230769 0.6766826923076923 0.007211538461538462 0.002403846153846154
3 0.5913461538461539 0.6550480769230769 0.014423076923076924 0.016826923076923076
3 0.59375 0.6850961538461539 0.004807692307692308 0.004807692307692308
7 0.5961538461538461 0.6923076923076923 0.009615384615384616 0.004807692307692308
7 0.5961538461538461 0.6899038461538461 0.009615384615384616 0.004807692307692308
3 0.5817307692307693 0.5889423076923077 0.004807692307692308 0.004807692307692308
23 0.5853365384615384 0.6081730769230769 0.002403846153846154 0.004807692307692308
3 0.5961538461538461 0.6814903846153846 0.009615384615384616 0.007211538461538462
23 0.6009615384615384 0.6850961538461539 0.004807692307692308 0.004807692307692308
23 0.5865384615384616 0.5889423076923077 0.004807692307692308 0.004807692307692308
23 0.5889423076923077 0.6081730769230769 0.004807692307692308 0.004807692307692308
7 0.6009615384615384 0.6742788461538461 0.009615384615384616 0.007211538461538462
23 0.6057692307692307 0.6899038461538461 0.004807692307692308 0.004807692307692308
7 0.6009615384615384 0.6682692307692307 0.004807692307692308 0.004807692307692308
3 0.5913461538461539 0.5865384615384616 0.004807692307692308 0.004807692307692308
14 0.5913461538461539 0.5949519230769231 0.019230769230769232 0.01201923076923077
23 0.59375 0.6081730769230769 0.004807692307692308 0.004807692307692308
3 0.5961538461538461 0.6225961538461539 0.014423076923076924 0.019230769230769232
7 0.6021634615384616 0.6514423076923077 0.01201923076923077 0.014423076923076924
23 0.5997596153846154 0.6394230769230769 0.007211538461538462 0.009615384615384616
29 0.6057692307692307 0.6838942307692307 0.009615384615384616 0.007211538461538462
23 0.5961538461538461 0.5865384615384616 0.004807692307692308 0.004807692307692308
23 0.5985576923076923 0.6081730769230769 0.004807692307692308 0.004807692307692308
23 0.6105769230769231 0.6899038461538461 0.004807692307692308 0.004807692307692308
23 0.6033653846153846 0.6057692307692307 0.004807692307692308 0.004807692307692308
3 0.6009615384615384 0.5865384615384616 0.004807692307692308 0.004807692307692308
3 0.6129807692307693 0.671875 0.009615384615384616 0.007211538461538462
3 0.6117788461538461 0.6646634615384616 0.01201923076923077 0.007211538461538462
23 0.6033653846153846 0.5865384615384616 0.004807692307692308 0.004807692307692308
23 0.6069711538461539 0.6057692307692307 0.002403846153846154 0.004807692307692308
3 0.6189903846153846 0.6887019230769231 0.01201923076923077 0.007211538461538462
3 0.6189903846153846 0.6814903846153846 0.01201923076923077 0.007211538461538462
3 0.6057692307692307 0.59375 0.004807692307692308 0.004807692307692308
23 0.6274038461538461 0.7355769230769231 0.009615384615384616 0.004807692307692308
3 0.6129807692307693 0.6274038461538461 0.004807692307692308 0.004807692307692308
23 0.6105769230769231 0.6057692307692307 0.004807692307692308 0.004807692307692308
3 0.6081730769230769 0.5841346153846154 0.004807692307692308 0.004807692307692308
15 0.6165865384615384 0.6502403846153846 0.021634615384615384 0.016826923076923076
23 0.6322115384615384 0.7451923076923077 0.004807692307692308 0.004807692307692308
3 0.6105769230769231 0.5913461538461539 0.004807692307692308 0.004807692307692308
7 0.6177884615384616 0.6322115384615384 0.009615384615384616 0.004807692307692308
23 0.6129807692307693 0.5841346153846154 0.004807692307692308 0.004807692307692308
23 0.6153846153846154 0.6057692307692307 0.004807692307692308 0.004807692307692308
23 0.6213942307692307 0.6358173076923077 0.007211538461538462 0.002403846153846154
23 0.6189903846153846 0.6262019230769231 0.007211538461538462 0.002403846153846154
23 0.6189903846153846 0.6286057692307693 0.007211538461538462 0.002403846153846154
23 0.6382211538461539 0.7536057692307693 0.007211538461538462 0.002403846153846154
23 0.6358173076923077 0.734375 0.007211538461538462 0.002403846153846154
23 0.6382211538461539 0.7487980769230769 0.007211538461538462 0.002403846153846154
3 0.640625 0.7463942307692307 0.007211538461538462 0.002403846153846154
23 0.6382211538461539 0.7415865384615384 0.007211538461538462 0.002403846153846154
3 0.6177884615384616 0.5841346153846154 0.004807692307692308 0.004807692307692308
23 0.6201923076923077 0.6033653846153846 0.004807692307692308 0.004807692307692308
23 0.6274038461538461 0.6658653846153846 0.004807692307692308 0.004807692307692308
3 0.6298076923076923 0.6730769230769231 0.004807692307692308 0.004807692307692308
23 0.6201923076923077 0.5841346153846154 0.004807692307692308 0.004807692307692308
23 0.625 0.6033653846153846 0.004807692307692308 0.004807692307692308
3 0.6298076923076923 0.6310096153846154 0.004807692307692308 0.007211538461538462
14 0.625 0.5901442307692307 0.019230769230769232 0.01201923076923077
3 0.625 0.5817307692307693 0.004807692307692308 0.004807692307692308
23 0.6274038461538461 0.6033653846153846 0.004807692307692308 0.004807692307692308
3 0.6478365384615384 0.7367788461538461 0.007211538461538462 0.002403846153846154
23 0.6502403846153846 0.7463942307692307 0.007211538461538462 0.002403846153846154
23 0.6478365384615384 0.7391826923076923 0.007211538461538462 0.002403846153846154
23 0.6478365384615384 0.7415865384615384 0.007211538461538462 0.002403846153846154
3 0.6310096153846154 0.6177884615384616 0.016826923076923076 0.019230769230769232
23 0.6382211538461539 0.6742788461538461 0.007211538461538462 0.002403846153846154
3 0.6466346153846154 0.7235576923076923 0.004807692307692308 0.004807692307692308
3 0.6538461538461539 0.7548076923076923 0.004807692307692308 0.004807692307692308
23 0.6298076923076923 0.5817307692307693 0.004807692307692308 0.004807692307692308
3 0.6370192307692307 0.6310096153846154 0.004807692307692308 0.007211538461538462
23 0.6322115384615384 0.6033653846153846 0.004807692307692308 0.004807692307692308
29 0.6418269230769231 0.6646634615384616 0.019230769230769232 0.016826923076923076
15 0.640625 0.6478365384615384 0.021634615384615384 0.016826923076923076
3 0.6538461538461539 0.7235576923076923 0.004807692307692308 0.004807692307692308
3 0.6586538461538461 0.7548076923076923 0.004807692307692308 0.004807692307692308
23 0.6370192307692307 0.6009615384615384 0.004807692307692308 0.004807692307692308
3 0.6322115384615384 0.5817307692307693 0.004807692307692308 0.004807692307692308
3 0.6418269230769231 0.6322115384615384 0.004807692307692308 0.004807692307692308
7 0.6418269230769231 0.6189903846153846 0.004807692307692308 0.007211538461538462
3 0.6514423076923077 0.6850961538461539 0.004807692307692308 0.004807692307692308
23 0.6370192307692307 0.5817307692307693 0.004807692307692308 0.004807692307692308
23 0.6418269230769231 0.6009615384615384 0.004807692307692308 0.004807692307692308
3 0.6538461538461539 0.6850961538461539 0.004807692307692308 0.004807692307692308
3 0.6418269230769231 0.5865384615384616 0.004807692307692308 0.004807692307692308
23 0.6466346153846154 0.6298076923076923 0.004807692307692308 0.004807692307692308
3 0.6418269230769231 0.5793269230769231 0.004807692307692308 0.004807692307692308
23 0.6466346153846154 0.6009615384615384 0.004807692307692308 0.004807692307692308
3 0.6514423076923077 0.6237980769230769 0.004807692307692308 0.007211538461538462
3 0.6514423076923077 0.6298076923076923 0.004807692307692308 0.004807692307692308
3 0.65625 0.6430288461538461 0.004807692307692308 0.007211538461538462
23 0.6490384615384616 0.6009615384615384 0.004807692307692308 0.004807692307692308
23 0.6466346153846154 0.5793269230769231 0.004807692307692308 0.004807692307692308
15 0.6526442307692307 0.609375 0.016826923076923076 0.01201923076923077
23 0.6598557692307693 0.6598557692307693 0.007211538461538462 0.002403846153846154
23 0.6598557692307693 0.6622596153846154 0.007211538461538462 0.002403846153846154
29 0.6610576923076923 0.6694711538461539 0.009615384615384616 0.007211538461538462
3 0.6598557692307693 0.6646634615384616 0.007211538461538462 0.002403846153846154
3 0.65625 0.6298076923076923 0.004807692307692308 0.004807692307692308
3 0.6514423076923077 0.5793269230769231 0.004807692307692308 0.004807692307692308
23 0.6538461538461539 0.5985576923076923 0.004807692307692308 0.004807692307692308
23 0.6598557692307693 0.6237980769230769 0.007211538461538462 0.002403846153846154
3 0.6610576923076923 0.6430288461538461 0.004807692307692308 0.007211538461538462
29 0.6586538461538461 0.6213942307692307 0.009615384615384616 0.007211538461538462
3 0.6682692307692307 0.6826923076923077 0.004807692307692308 0.004807692307692308
23 0.6622596153846154 0.6274038461538461 0.002403846153846154 0.004807692307692308
23 0.6538461538461539 0.5793269230769231 0.004807692307692308 0.004807692307692308
23 0.6586538461538461 0.5985576923076923 0.004807692307692308 0.004807692307692308
23 0.6658653846153846 0.6598557692307693 0.004807692307692308 0.002403846153846154
23 0.6670673076923077 0.6574519230769231 0.007211538461538462 0.002403846153846154
14 0.65625 0.5877403846153846 0.019230769230769232 0.01201923076923077
23 0.6670673076923077 0.6646634615384616 0.007211538461538462 0.002403846153846154
29 0.6682692307692307 0.6694711538461539 0.009615384615384616 0.007211538461538462
14 0.6790865384615384 0.7379807692307693 0.04567307692307692 0.03365384615384615
3 0.6658653846153846 0.6418269230769231 0.004807692307692308 0.004807692307692308
3 0.6730769230769231 0.6826923076923077 0.004807692307692308 0.004807692307692308
23 0.6634615384615384 0.5985576923076923 0.004807692307692308 0.004807692307692308
3 0.6586538461538461 0.5769230769230769 0.004807692307692308 0.004807692307692308
23 0.6658653846153846 0.5985576923076923 0.004807692307692308 0.004807692307692308
23 0.6634615384615384 0.5769230769230769 0.004807692307692308 0.004807692307692308
3 0.6682692307692307 0.5745192307692307 0.004807692307692308 0.004807692307692308
23 0.6706730769230769 0.5961538461538461 0.004807692307692308 0.004807692307692308
3 0.6826923076923077 0.6814903846153846 0.004807692307692308 0.007211538461538462
23 0.6850961538461539 0.6899038461538461 0.004807692307692308 0.004807692307692308
3 0.6730769230769231 0.5841346153846154 0.004807692307692308 0.004807692307692308
23 0.6778846153846154 0.6177884615384616 0.004807692307692308 0.004807692307692308
23 0.6887019230769231 0.7067307692307693 0.002403846153846154 0.004807692307692308
3 0.6995192307692307 0.7668269230769231 0.004807692307692308 0.004807692307692308
7 0.6778846153846154 0.6262019230769231 0.004807692307692308 0.007211538461538462
23 0.6730769230769231 0.5745192307692307 0.004807692307692308 0.004807692307692308
23 0.6754807692307693 0.5961538461538461 0.004807692307692308 0.004807692307692308
23 0.6826923076923077 0.6394230769230769 0.004807692307692308 0.004807692307692308
23 0.6826923076923077 0.6490384615384616 0.004807692307692308 0.004807692307692308
3 0.6875 0.6814903846153846 0.004807692307692308 0.007211538461538462
23 0.6899038461538461 0.6899038461538461 0.004807692307692308 0.004807692307692308
23 0.7019230769230769 0.7716346153846154 0.009615384615384616 0.004807692307692308
23 0.6935096153846154 0.7067307692307693 0.002403846153846154 0.004807692307692308
23 0.7019230769230769 0.7668269230769231 0.004807692307692308 0.004807692307692308
3 0.6826923076923077 0.6177884615384616 0.004807692307692308 0.004807692307692308
23 0.6778846153846154 0.5961538461538461 0.004807692307692308 0.004807692307692308
3 0.6826923076923077 0.625 0.004807692307692308 0.004807692307692308
3 0.6754807692307693 0.5745192307692307 0.004807692307692308 0.004807692307692308
3 0.6875 0.65625 0.004807692307692308 0.004807692307692308
23 0.6875 0.6490384615384616 0.004807692307692308 0.004807692307692308
3 0.7019230769230769 0.7524038461538461 0.004807692307692308 0.004807692307692308
23 0.6959134615384616 0.7067307692307693 0.002403846153846154 0.004807692307692308
3 0.6995192307692307 0.7163461538461539 0.004807692307692308 0.004807692307692308
23 0.7091346153846154 0.7692307692307693 0.004807692307692308 0.004807692307692308
23 0.6802884615384616 0.5745192307692307 0.004807692307692308 0.004807692307692308
23 0.6826923076923077 0.5961538461538461 0.004807692307692308 0.004807692307692308
3 0.6947115384615384 0.6730769230769231 0.004807692307692308 0.004807692307692308
23 0.6862980769230769 0.6177884615384616 0.002403846153846154 0.004807692307692308
23 0.6875 0.6225961538461539 0.004807692307692308 0.004807692307692308
23 0.6923076923076923 0.6538461538461539 0.004807692307692308 0.004807692307692308
23 0.6923076923076923 0.6466346153846154 0.004807692307692308 0.004807692307692308
3 0.7067307692307693 0.7524038461538461 0.004807692307692308 0.004807692307692308
23 0.7007211538461539 0.7067307692307693 0.002403846153846154 0.004807692307692308
3 0.6850961538461539 0.5721153846153846 0.004807692307692308 0.004807692307692308
23 0.6875 0.59375 0.004807692307692308 0.004807692307692308
23 0.7115384615384616 0.7692307692307693 0.004807692307692308 0.004807692307692308
14 0.6850961538461539 0.5829326923076923 0.019230769230769232 0.01201923076923077
3 0.7043269230769231 0.7139423076923077 0.004807692307692308 0.004807692307692308
23 0.703125 0.7043269230769231 0.002403846153846154 0.004807692307692308
23 0.6971153846153846 0.6538461538461539 0.004807692307692308 0.004807692307692308
23 0.6923076923076923 0.6177884615384616 0.004807692307692308 0.004807692307692308
3 0.6923076923076923 0.6225961538461539 0.004807692307692308 0.004807692307692308
3 0.6971153846153846 0.6466346153846154 0.004807692307692308 0.004807692307692308
3 0.6983173076923077 0.6706730769230769 0.007211538461538462 0.009615384615384616
14 0.6959134615384616 0.6358173076923077 0.016826923076923076 0.016826923076923076
23 0.6899038461538461 0.5721153846153846 0.004807692307692308 0.004807692307692308
23 0.7163461538461539 0.7668269230769231 0.004807692307692308 0.004807692307692308
14 0.7055288461538461 0.6850961538461539 0.021634615384615384 0.014423076923076924
23 0.6923076923076923 0.59375 0.004807692307692308 0.004807692307692308
23 0.7019230769230769 0.6538461538461539 0.004807692307692308 0.004807692307692308
23 0.6971153846153846 0.6153846153846154 0.004807692307692308 0.004807692307692308
23 0.6971153846153846 0.6225961538461539 0.004807692307692308 0.004807692307692308
23 0.71875 0.7596153846153846 0.004807692307692308 0.004807692307692308
3 0.6947115384615384 0.5721153846153846 0.004807692307692308 0.004807692307692308
23 0.6971153846153846 0.59375 0.004807692307692308 0.004807692307692308
23 0.7211538461538461 0.7668269230769231 0.004807692307692308 0.004807692307692308
3 0.7043269230769231 0.6442307692307693 0.004807692307692308 0.004807692307692308
23 0.7067307692307693 0.6514423076923077 0.004807692307692308 0.004807692307692308
23 0.7151442307692307 0.7103365384615384 0.007211538461538462 0.002403846153846154
23 0.7019230769230769 0.6153846153846154 0.004807692307692308 0.004807692307692308
3 0.7019230769230769 0.6225961538461539 0.004807692307692308 0.004807692307692308
3 0.7091346153846154 0.6694711538461539 0.004807692307692308 0.007211538461538462
23 0.7235576923076923 0.7572115384615384 0.004807692307692308 0.004807692307692308
23 0.6995192307692307 0.59375 0.004807692307692308 0.004807692307692308
23 0.6971153846153846 0.5721153846153846 0.004807692307692308 0.004807692307692308
23 0.7259615384615384 0.7668269230769231 0.004807692307692308 0.004807692307692308
23 0.7067307692307693 0.6153846153846154 0.004807692307692308 0.004807692307692308
23 0.7067307692307693 0.6201923076923077 0.004807692307692308 0.004807692307692308
3 0.7019230769230769 0.5721153846153846 0.004807692307692308 0.004807692307692308
23 0.7043269230769231 0.5913461538461539 0.004807692307692308 0.004807692307692308
3 0.7163461538461539 0.6694711538461539 0.004807692307692308 0.007211538461538462
3 0.7115384615384616 0.6201923076923077 0.004807692307692308 0.004807692307692308
15 0.7211538461538461 0.6790865384615384 0.004807692307692308 0.007211538461538462
3 0.7211538461538461 0.6694711538461539 0.004807692307692308 0.007211538461538462
13 0.7259615384615384 0.7019230769230769 0.009615384615384616 0.009615384615384616
3 0.7247596153846154 0.6838942307692307 0.007211538461538462 0.002403846153846154
7 0.7259615384615384 0.6887019230769231 0.009615384615384616 0.007211538461538462
3 0.7259615384615384 0.6682692307692307 0.004807692307692308 0.004807692307692308
3 0.7307692307692307 0.6682692307692307 0.004807692307692308 0.004807692307692308
6 0.7512019230769231 0.7235576923076923 0.026442307692307692 0.057692307692307696