14 0.3783198051948052 0.31313567073170734 0.021655844155844154 0.023832317073170732
14 0.4296580762987013 0.3150716463414634 0.016783685064935064 0.011240853658536585
14 0.5124360795454546 0.3247576219512195 0.028118912337662335 0.04097865853658537
14 0.6524289772727273 0.3341387195121951 0.040247564935064935 0.05852134146341463
14 0.7113808847402597 0.33975000000000005 0.022193587662337665 0.022182926829268295
14 0.43057122564935063 0.34640701219512193 0.01252232142857143 0.01110670731707317
7 0.3481777597402597 0.35523628048780487 0.010073051948051949 0.04705792682926829
14 0.6001349431818183 0.36127439024390245 0.02210430194805195 0.02071951219512195
14 0.3788331980519481 0.3646295731707317 0.01862418831168831 0.02133231707317073
14 0.5593029626623376 0.3687469512195122 0.03256696428571429 0.020420731707317074
7 0.3506168831168831 0.4265533536585366 0.0112987012987013 0.043960365853658534
14 0.638887987012987 0.43614634146341463 0.014383116883116883 0.03326829268292683
14 0.6909283685064935 0.4372896341463414 0.014973620129870132 0.03433536585365854
14 0.588419237012987 0.4375182926829268 0.015718344155844156 0.03296341463414634
14 0.7434263392857143 0.4379009146341464 0.01729099025974026 0.03555792682926829
14 0.43457792207792206 0.43851067073170735 0.015665584415584417 0.03677743902439024
14 0.48621347402597404 0.4387393292682927 0.015446428571428573 0.03601524390243902
14 0.5371387987012987 0.4395015243902439 0.015836038961038964 0.03449085365853658
14 0.3826887175324675 0.4405685975609756 0.014159902597402598 0.033576219512195124
14 0.5750659496753248 0.4717804878048781 0.01742086038961039 0.009414634146341463
14 0.6761708603896104 0.4718384146341464 0.017114448051948054 0.013798780487804878
14 0.6251572646103897 0.47256554878048784 0.01898336038961039 0.014033536585365854
14 0.4213849431818182 0.4731356707317073 0.020123782467532467 0.014564024390243903
2 0.6962581168831169 0.473952743902439 0.0045292207792207795 0.014978658536585367
2 0.594278612012987 0.47458079268292686 0.0026806006493506496 0.013185975609756097
2 0.6455803571428571 0.47474085365853663 0.0034172077922077922 0.011676829268292683
14 0.3697088068181818 0.4749939024390244 0.01945008116883117 0.016451219512195123
2 0.6985846185064936 0.517483231707317 0.004717938311688312 0.011185975609756097
2 0.594231939935065 0.5183963414634146 0.0029931006493506495 0.010573170731707318
2 0.645625 0.5188658536585367 0.0026948051948051947 0.010902439024390243
2 0.6605316558441559 0.5418368902439024 0.003287337662337662 0.012942073170731708
14 0.7354109172077922 0.5499771341463414 0.027640016233766235 0.04324695121951219
14 0.4774370941558441 0.551577743902439 0.029143668831168833 0.042179878048780484
14 0.579338474025974 0.5519588414634147 0.02718344155844156 0.0380640243902439
14 0.6827617694805195 0.5519588414634147 0.02583198051948052 0.0380640243902439
14 0.6317349837662338 0.5520350609756097 0.02726866883116883 0.040045731707317074
14 0.42666396103896104 0.5523399390243903 0.028246753246753246 0.04065548780487805
14 0.528869724025974 0.5528734756097561 0.02851866883116883 0.03989329268292683
14 0.37538352272727277 0.5529496951219512 0.027958603896103898 0.03577743902439024
7 0.3344510957792208 0.5930137195121952 0.006970373376623377 0.026271341463414633
29 0.5652140827922078 0.7186417682926829 0.005022321428571429 0.009234756097560975
29 0.544627637987013 0.7260289634146342 0.006057224025974027 0.006326219512195122
29 0.555661525974026 0.7276448170731707 0.006209415584415585 0.0071189024390243905
29 0.5318780438311688 0.7439237804878049 0.012619724025974026 0.017115853658536587
29 0.5534760551948052 0.7444283536585365 0.011578733766233766 0.013246951219512196
14 0.46134943181818183 0.7452362804878049 0.018883928571428572 0.018521341463414633
14 0.709747362012987 0.2585762195121951 0.014868100649350648 0.012274390243902438
14 0.5043222402597403 0.2667957317073171 0.02122564935064935 0.023225609756097564
14 0.43001318993506493 0.2671158536585366 0.012623782467532468 0.011060975609756099
14 0.37726156655844156 0.2713079268292683 0.016698457792207792 0.011518292682926829
14 0.5804931006493507 0.2805792682926829 0.06926542207792208 0.04591463414634146
14 0.7102120535714286 0.29738414634146343 0.015391639610389609 0.01732926829268293