23 0.3605769230769231 0.5973557692307693 0.004807692307692308 0.002403846153846154
23 0.3605769230769231 0.5925480769230769 0.004807692307692308 0.002403846153846154
23 0.3605769230769231 0.5829326923076923 0.004807692307692308 0.002403846153846154
3 0.36658653846153844 0.6045673076923077 0.007211538461538462 0.002403846153846154
23 0.359375 0.5432692307692307 0.002403846153846154 0.004807692307692308
23 0.36778846153846156 0.5877403846153846 0.004807692307692308 0.002403846153846154
23 0.36778846153846156 0.5805288461538461 0.004807692307692308 0.002403846153846154
23 0.3641826923076923 0.5408653846153846 0.002403846153846154 0.004807692307692308
14 0.37259615384615385 0.6021634615384616 0.004807692307692308 0.002403846153846154
23 0.36177884615384615 0.5060096153846154 0.002403846153846154 0.002403846153846154
23 0.36899038461538464 0.5432692307692307 0.002403846153846154 0.004807692307692308
7 0.37740384615384615 0.5925480769230769 0.004807692307692308 0.002403846153846154
7 0.38100961538461536 0.6021634615384616 0.007211538461538462 0.002403846153846154
23 0.3701923076923077 0.5060096153846154 0.004807692307692308 0.002403846153846154
7 0.4050480769230769 0.5757211538461539 0.002403846153846154 0.002403846153846154
14 0.39302884615384615 0.49038461538461536 0.03125 0.019230769230769232
7 0.4098557692307692 0.5757211538461539 0.002403846153846154 0.002403846153846154
7 0.41225961538461536 0.5757211538461539 0.002403846153846154 0.002403846153846154
7 0.41466346153846156 0.5733173076923077 0.002403846153846154 0.002403846153846154
3 0.4326923076923077 0.6959134615384616 0.004807692307692308 0.002403846153846154
14 0.41947115384615385 0.5877403846153846 0.06009615384615385 0.03125
7 0.41947115384615385 0.5733173076923077 0.002403846153846154 0.002403846153846154
7 0.421875 0.5757211538461539 0.002403846153846154 0.002403846153846154
7 0.4266826923076923 0.5733173076923077 0.002403846153846154 0.002403846153846154
3 0.4182692307692308 0.49399038461538464 0.019230769230769232 0.007211538461538462
3 0.4230769230769231 0.5300480769230769 0.004807692307692308 0.002403846153846154
3 0.4170673076923077 0.4831730769230769 0.016826923076923076 0.014423076923076924
3 0.4230769230769231 0.5252403846153846 0.004807692307692308 0.002403846153846154
3 0.43149038461538464 0.5504807692307693 0.002403846153846154 0.004807692307692308
7 0.43509615384615385 0.5264423076923077 0.009615384615384616 0.004807692307692308
3 0.43509615384615385 0.5240384615384616 0.009615384615384616 0.004807692307692308
23 0.4423076923076923 0.5372596153846154 0.004807692307692308 0.002403846153846154
3 0.4326923076923077 0.47475961538461536 0.004807692307692308 0.002403846153846154
3 0.43509615384615385 0.47716346153846156 0.004807692307692308 0.002403846153846154
3 0.4411057692307692 0.5252403846153846 0.002403846153846154 0.002403846153846154
3 0.4423076923076923 0.5120192307692307 0.009615384615384616 0.009615384615384616
23 0.44711538461538464 0.5540865384615384 0.004807692307692308 0.002403846153846154
23 0.453125 0.578125 0.002403846153846154 0.002403846153846154
3 0.4543269230769231 0.5829326923076923 0.004807692307692308 0.002403846153846154
3 0.44711538461538464 0.5288461538461539 0.004807692307692308 0.004807692307692308
14 0.47836538461538464 0.5865384615384616 0.02403846153846154 0.014423076923076924
6 0.47475961538461536 0.47475961538461536 0.040865384615384616 0.016826923076923076
23 0.48197115384615385 0.5012019230769231 0.002403846153846154 0.002403846153846154
23 0.48197115384615385 0.49399038461538464 0.002403846153846154 0.002403846153846154
23 0.484375 0.5012019230769231 0.002403846153846154 0.002403846153846154
14 0.49038461538461536 0.5288461538461539 0.0625 0.052884615384615384
3 0.4987980769230769 0.5817307692307693 0.002403846153846154 0.004807692307692308
3 0.49038461538461536 0.49759615384615385 0.004807692307692308 0.004807692307692308
3 0.5024038461538461 0.5817307692307693 0.004807692307692308 0.004807692307692308
23 0.5012019230769231 0.4879807692307692 0.002403846153846154 0.004807692307692308
3 0.5 0.4735576923076923 0.004807692307692308 0.004807692307692308
14 0.5144230769230769 0.578125 0.019230769230769232 0.016826923076923076
14 0.5360576923076923 0.7007211538461539 0.014423076923076924 0.01201923076923077
15 0.5384615384615384 0.6574519230769231 0.014423076923076924 0.01201923076923077
3 0.5144230769230769 0.49278846153846156 0.009615384615384616 0.009615384615384616
3 0.5444711538461539 0.7103365384615384 0.002403846153846154 0.002403846153846154
23 0.5132211538461539 0.4807692307692308 0.002403846153846154 0.004807692307692308
3 0.546875 0.7079326923076923 0.002403846153846154 0.002403846153846154
3 0.5168269230769231 0.4807692307692308 0.004807692307692308 0.004807692307692308
23 0.5204326923076923 0.4807692307692308 0.002403846153846154 0.004807692307692308
6 0.5216346153846154 0.47115384615384615 0.03365384615384615 0.014423076923076924
23 0.5408653846153846 0.6189903846153846 0.004807692307692308 0.002403846153846154
23 0.5408653846153846 0.6189903846153846 0.004807692307692308 0.002403846153846154
3 0.5240384615384616 0.4807692307692308 0.004807692307692308 0.004807692307692308
3 0.5420673076923077 0.6045673076923077 0.002403846153846154 0.002403846153846154
23 0.5276442307692307 0.48197115384615385 0.002403846153846154 0.002403846153846154
15 0.5588942307692307 0.6923076923076923 0.040865384615384616 0.028846153846153848
3 0.5444711538461539 0.5925480769230769 0.002403846153846154 0.002403846153846154
23 0.5372596153846154 0.5432692307692307 0.002403846153846154 0.004807692307692308
23 0.5396634615384616 0.5384615384615384 0.002403846153846154 0.004807692307692308
23 0.5372596153846154 0.5252403846153846 0.002403846153846154 0.002403846153846154
3 0.5444711538461539 0.5697115384615384 0.016826923076923076 0.014423076923076924
23 0.5420673076923077 0.5192307692307693 0.002403846153846154 0.004807692307692308
3 0.5384615384615384 0.5 0.004807692307692308 0.004807692307692308
23 0.5420673076923077 0.5144230769230769 0.002403846153846154 0.004807692307692308
3 0.5408653846153846 0.5096153846153846 0.004807692307692308 0.004807692307692308
23 0.5480769230769231 0.5276442307692307 0.004807692307692308 0.002403846153846154
3 0.5540865384615384 0.5673076923076923 0.002403846153846154 0.004807692307692308
23 0.5504807692307693 0.5228365384615384 0.004807692307692308 0.002403846153846154
14 0.5456730769230769 0.48197115384615385 0.014423076923076924 0.01201923076923077
3 0.5576923076923077 0.5276442307692307 0.004807692307692308 0.002403846153846154
3 0.5564903846153846 0.5036057692307693 0.016826923076923076 0.01201923076923077
3 0.5673076923076923 0.5661057692307693 0.004807692307692308 0.002403846153846154
3 0.5697115384615384 0.5757211538461539 0.019230769230769232 0.01201923076923077
3 0.5697115384615384 0.5564903846153846 0.014423076923076924 0.01201923076923077
3 0.578125 0.5805288461538461 0.002403846153846154 0.002403846153846154