3 0.5216346153846154 0.23798076923076922 0.009615384615384616 0.004807692307692308
23 0.5204326923076923 0.21995192307692307 0.007211538461538462 0.002403846153846154
3 0.5276442307692307 0.38100961538461536 0.007211538461538462 0.002403846153846154
12 0.5180288461538461 0.20192307692307693 0.002403846153846154 0.004807692307692308
23 0.5204326923076923 0.21514423076923078 0.007211538461538462 0.002403846153846154
23 0.5204326923076923 0.21754807692307693 0.007211538461538462 0.002403846153846154
3 0.5360576923076923 0.5204326923076923 0.009615384615384616 0.002403846153846154
23 0.5348557692307693 0.4795673076923077 0.007211538461538462 0.002403846153846154
3 0.5360576923076923 0.47596153846153844 0.009615384615384616 0.004807692307692308
3 0.5504807692307693 0.7524038461538461 0.009615384615384616 0.004807692307692308
3 0.5228365384615384 0.2548076923076923 0.007211538461538462 0.004807692307692308
3 0.5288461538461539 0.34975961538461536 0.009615384615384616 0.002403846153846154
23 0.5492788461538461 0.7560096153846154 0.007211538461538462 0.002403846153846154
23 0.5600961538461539 0.9579326923076923 0.009615384615384616 0.002403846153846154
3 0.5372596153846154 0.49038461538461536 0.007211538461538462 0.004807692307692308
23 0.5372596153846154 0.4987980769230769 0.007211538461538462 0.002403846153846154
23 0.5384615384615384 0.4963942307692308 0.009615384615384616 0.002403846153846154
23 0.5384615384615384 0.5012019230769231 0.009615384615384616 0.002403846153846154
3 0.53125 0.34615384615384615 0.014423076923076924 0.004807692307692308
3 0.5540865384615384 0.7704326923076923 0.007211538461538462 0.002403846153846154
23 0.5528846153846154 0.7824519230769231 0.009615384615384616 0.002403846153846154
23 0.5528846153846154 0.7776442307692307 0.009615384615384616 0.002403846153846154
23 0.5540865384615384 0.7800480769230769 0.007211538461538462 0.002403846153846154
3 0.5384615384615384 0.4855769230769231 0.009615384615384616 0.004807692307692308
23 0.546875 0.640625 0.007211538461538462 0.002403846153846154
3 0.546875 0.6262019230769231 0.007211538461538462 0.002403846153846154
23 0.546875 0.6334134615384616 0.007211538461538462 0.002403846153846154
3 0.546875 0.6286057692307693 0.007211538461538462 0.002403846153846154
23 0.546875 0.6382211538461539 0.007211538461538462 0.002403846153846154
3 0.5612980769230769 0.9098557692307693 0.007211538461538462 0.002403846153846154
23 0.5625 0.9194711538461539 0.009615384615384616 0.002403846153846154
3 0.5612980769230769 0.9122596153846154 0.007211538461538462 0.002403846153846154
23 0.5612980769230769 0.921875 0.007211538461538462 0.002403846153846154
23 0.5625 0.9242788461538461 0.009615384615384616 0.002403846153846154
3 0.5360576923076923 0.39302884615384615 0.009615384615384616 0.002403846153846154
23 0.5300480769230769 0.24639423076923078 0.007211538461538462 0.002403846153846154
23 0.5300480769230769 0.2512019230769231 0.007211538461538462 0.002403846153846154
23 0.5276442307692307 0.2127403846153846 0.007211538461538462 0.002403846153846154
23 0.5276442307692307 0.21514423076923078 0.007211538461538462 0.002403846153846154
3 0.5372596153846154 0.3954326923076923 0.007211538461538462 0.002403846153846154
3 0.5276442307692307 0.21033653846153846 0.007211538461538462 0.002403846153846154
23 0.5673076923076923 0.9651442307692307 0.009615384615384616 0.002403846153846154
3 0.5673076923076923 0.9699519230769231 0.009615384615384616 0.002403846153846154
3 0.5456730769230769 0.5300480769230769 0.009615384615384616 0.002403846153846154
3 0.5444711538461539 0.5252403846153846 0.007211538461538462 0.002403846153846154
3 0.5456730769230769 0.5276442307692307 0.009615384615384616 0.002403846153846154
3 0.5456730769230769 0.5348557692307693 0.009615384615384616 0.002403846153846154
3 0.5456730769230769 0.5324519230769231 0.009615384615384616 0.002403846153846154
23 0.5372596153846154 0.36177884615384615 0.007211538461538462 0.002403846153846154
3 0.5372596153846154 0.3545673076923077 0.007211538461538462 0.002403846153846154
23 0.5456730769230769 0.5012019230769231 0.004807692307692308 0.002403846153846154
3 0.546875 0.4963942307692308 0.007211538461538462 0.002403846153846154
23 0.546875 0.4987980769230769 0.007211538461538462 0.002403846153846154
3 0.5612980769230769 0.7776442307692307 0.007211538461538462 0.002403846153846154
23 0.5612980769230769 0.7800480769230769 0.007211538461538462 0.002403846153846154
23 0.5637019230769231 0.7824519230769231 0.007211538461538462 0.002403846153846154
3 0.5552884615384616 0.6334134615384616 0.009615384615384616 0.002403846153846154
23 0.5564903846153846 0.640625 0.007211538461538462 0.002403846153846154
3 0.5336538461538461 0.21634615384615385 0.004807692307692308 0.004807692307692308
3 0.5697115384615384 0.9206730769230769 0.009615384615384616 0.004807692307692308
3 0.5697115384615384 0.9170673076923077 0.009615384615384616 0.002403846153846154
3 0.5564903846153846 0.6262019230769231 0.007211538461538462 0.002403846153846154
23 0.5733173076923077 0.9507211538461539 0.007211538461538462 0.002403846153846154
23 0.5372596153846154 0.2512019230769231 0.007211538461538462 0.002403846153846154
23 0.5384615384615384 0.24639423076923078 0.009615384615384616 0.002403846153846154
23 0.5396634615384616 0.2439903846153846 0.007211538461538462 0.002403846153846154
3 0.5709134615384616 0.8413461538461539 0.01201923076923077 0.004807692307692308
3 0.5709134615384616 0.8461538461538461 0.01201923076923077 0.004807692307692308
3 0.5528846153846154 0.48197115384615385 0.009615384615384616 0.002403846153846154
3 0.5673076923076923 0.75 0.004807692307692308 0.004807692307692308
3 0.5540865384615384 0.484375 0.007211538461538462 0.002403846153846154
3 0.5540865384615384 0.48677884615384615 0.007211538461538462 0.002403846153846154
3 0.5480769230769231 0.3473557692307692 0.009615384615384616 0.002403846153846154
3 0.546875 0.3401442307692308 0.007211538461538462 0.002403846153846154
3 0.5480769230769231 0.3449519230769231 0.009615384615384616 0.002403846153846154
3 0.5637019230769231 0.6358173076923077 0.007211538461538462 0.002403846153846154
23 0.5649038461538461 0.6177884615384616 0.004807692307692308 0.004807692307692308
3 0.5721153846153846 0.7800480769230769 0.004807692307692308 0.002403846153846154
23 0.5721153846153846 0.75 0.004807692307692308 0.004807692307692308
23 0.5745192307692307 0.7884615384615384 0.004807692307692308 0.004807692307692308
23 0.5769230769230769 0.7980769230769231 0.004807692307692308 0.004807692307692308
23 0.5685096153846154 0.6526442307692307 0.007211538461538462 0.002403846153846154
23 0.5673076923076923 0.6177884615384616 0.004807692307692308 0.004807692307692308
23 0.5757211538461539 0.7415865384615384 0.007211538461538462 0.002403846153846154
23 0.5757211538461539 0.7439903846153846 0.007211538461538462 0.002403846153846154
23 0.5793269230769231 0.8509615384615384 0.004807692307692308 0.004807692307692308
3 0.578125 0.7920673076923077 0.007211538461538462 0.002403846153846154
23 0.5757211538461539 0.75 0.002403846153846154 0.004807692307692308
3 0.5745192307692307 0.671875 0.009615384615384616 0.002403846153846154
14 0.5745192307692307 0.6778846153846154 0.014423076923076924 0.009615384615384616
3 0.5721153846153846 0.6670673076923077 0.009615384615384616 0.002403846153846154
23 0.5504807692307693 0.21754807692307693 0.004807692307692308 0.007211538461538462
23 0.5709134615384616 0.6454326923076923 0.007211538461538462 0.002403846153846154
23 0.5709134615384616 0.640625 0.007211538461538462 0.002403846153846154
3 0.5793269230769231 0.7884615384615384 0.004807692307692308 0.004807692307692308
23 0.5793269230769231 0.7980769230769231 0.004807692307692308 0.004807692307692308
3 0.5757211538461539 0.6862980769230769 0.007211538461538462 0.002403846153846154
3 0.5841346153846154 0.8401442307692307 0.009615384615384616 0.002403846153846154
3 0.5793269230769231 0.7620192307692307 0.004807692307692308 0.004807692307692308
23 0.5733173076923077 0.6177884615384616 0.002403846153846154 0.004807692307692308
23 0.5733173076923077 0.6298076923076923 0.002403846153846154 0.004807692307692308
3 0.5841346153846154 0.84375 0.009615384615384616 0.004807692307692308
3 0.5841346153846154 0.8473557692307693 0.009615384615384616 0.002403846153846154
23 0.5853365384615384 0.8509615384615384 0.002403846153846154 0.004807692307692308
3 0.5865384615384616 0.8725961538461539 0.004807692307692308 0.009615384615384616
23 0.5841346153846154 0.8028846153846154 0.004807692307692308 0.004807692307692308
3 0.5769230769230769 0.65625 0.004807692307692308 0.004807692307692308
3 0.5829326923076923 0.7752403846153846 0.007211538461538462 0.002403846153846154
12 0.5552884615384616 0.21634615384615385 0.004807692307692308 0.004807692307692308
23 0.5841346153846154 0.7980769230769231 0.004807692307692308 0.004807692307692308
3 0.5889423076923077 0.8665865384615384 0.009615384615384616 0.002403846153846154
3 0.5853365384615384 0.8305288461538461 0.007211538461538462 0.002403846153846154
23 0.5853365384615384 0.7728365384615384 0.007211538461538462 0.002403846153846154
23 0.578125 0.6298076923076923 0.002403846153846154 0.004807692307692308
23 0.5769230769230769 0.6177884615384616 0.004807692307692308 0.004807692307692308
3 0.5889423076923077 0.8173076923076923 0.004807692307692308 0.004807692307692308
7 0.5889423076923077 0.8100961538461539 0.009615384615384616 0.004807692307692308
14 0.5841346153846154 0.7475961538461539 0.009615384615384616 0.014423076923076924
23 0.5769230769230769 0.6105769230769231 0.004807692307692308 0.004807692307692308
23 0.5913461538461539 0.8521634615384616 0.004807692307692308 0.007211538461538462
3 0.5805288461538461 0.65625 0.002403846153846154 0.004807692307692308
23 0.5901442307692307 0.8257211538461539 0.007211538461538462 0.002403846153846154
3 0.5901442307692307 0.8209134615384616 0.007211538461538462 0.002403846153846154
14 0.5889423076923077 0.7644230769230769 0.009615384615384616 0.009615384615384616
23 0.5901442307692307 0.8040865384615384 0.007211538461538462 0.002403846153846154
23 0.5913461538461539 0.8149038461538461 0.004807692307692308 0.004807692307692308
23 0.5817307692307693 0.6105769230769231 0.004807692307692308 0.004807692307692308
3 0.5985576923076923 0.9122596153846154 0.009615384615384616 0.002403846153846154
23 0.5817307692307693 0.6153846153846154 0.004807692307692308 0.004807692307692308
23 0.5913461538461539 0.7896634615384616 0.009615384615384616 0.002403846153846154
23 0.5913461538461539 0.7716346153846154 0.004807692307692308 0.004807692307692308
23 0.5913461538461539 0.7932692307692307 0.009615384615384616 0.004807692307692308
12 0.5841346153846154 0.65625 0.004807692307692308 0.004807692307692308
23 0.5925480769230769 0.796875 0.007211538461538462 0.002403846153846154
23 0.5949519230769231 0.8533653846153846 0.002403846153846154 0.004807692307692308
3 0.5949519230769231 0.8004807692307693 0.01201923076923077 0.004807692307692308
3 0.5853365384615384 0.6262019230769231 0.007211538461538462 0.002403846153846154
3 0.5865384615384616 0.6286057692307693 0.009615384615384616 0.002403846153846154
23 0.59375 0.7728365384615384 0.004807692307692308 0.007211538461538462
23 0.5865384615384616 0.6153846153846154 0.004807692307692308 0.004807692307692308
23 0.5865384615384616 0.6081730769230769 0.004807692307692308 0.004807692307692308
23 0.5973557692307693 0.8269230769230769 0.002403846153846154 0.004807692307692308
3 0.5961538461538461 0.8197115384615384 0.004807692307692308 0.004807692307692308
14 0.5985576923076923 0.8389423076923077 0.014423076923076924 0.009615384615384616
23 0.5961538461538461 0.8076923076923077 0.004807692307692308 0.004807692307692308
23 0.6009615384615384 0.8581730769230769 0.004807692307692308 0.004807692307692308
23 0.5973557692307693 0.78125 0.002403846153846154 0.004807692307692308
23 0.6045673076923077 0.9182692307692307 0.002403846153846154 0.004807692307692308
23 0.6009615384615384 0.8461538461538461 0.004807692307692308 0.004807692307692308
23 0.6081730769230769 0.9663461538461539 0.004807692307692308 0.004807692307692308
23 0.5889423076923077 0.6081730769230769 0.004807692307692308 0.004807692307692308
23 0.6021634615384616 0.8509615384615384 0.007211538461538462 0.004807692307692308
23 0.6033653846153846 0.8545673076923077 0.009615384615384616 0.002403846153846154
3 0.6033653846153846 0.8629807692307693 0.009615384615384616 0.004807692307692308
23 0.5889423076923077 0.6129807692307693 0.004807692307692308 0.004807692307692308
23 0.6033653846153846 0.8665865384615384 0.009615384615384616 0.002403846153846154
23 0.6033653846153846 0.8689903846153846 0.009615384615384616 0.002403846153846154
3 0.5973557692307693 0.7716346153846154 0.002403846153846154 0.004807692307692308
23 0.5997596153846154 0.7872596153846154 0.007211538461538462 0.002403846153846154
23 0.6069711538461539 0.9122596153846154 0.007211538461538462 0.002403846153846154
23 0.6057692307692307 0.9146634615384616 0.009615384615384616 0.002403846153846154
14 0.5925480769230769 0.640625 0.026442307692307692 0.021634615384615384
29 0.609375 0.9338942307692307 0.007211538461538462 0.007211538461538462
3 0.6009615384615384 0.8076923076923077 0.004807692307692308 0.004807692307692308
23 0.6009615384615384 0.78125 0.004807692307692308 0.004807692307692308
23 0.6057692307692307 0.8581730769230769 0.004807692307692308 0.004807692307692308
23 0.6081730769230769 0.9182692307692307 0.004807692307692308 0.004807692307692308
3 0.6057692307692307 0.8485576923076923 0.004807692307692308 0.004807692307692308
23 0.6009615384615384 0.7740384615384616 0.004807692307692308 0.004807692307692308
23 0.59375 0.6129807692307693 0.004807692307692308 0.004807692307692308
12 0.6129807692307693 0.9663461538461539 0.004807692307692308 0.004807692307692308
29 0.6117788461538461 0.9254807692307693 0.007211538461538462 0.004807692307692308
23 0.6057692307692307 0.8076923076923077 0.004807692307692308 0.004807692307692308
3 0.6057692307692307 0.7716346153846154 0.004807692307692308 0.004807692307692308
3 0.6009615384615384 0.6538461538461539 0.004807692307692308 0.004807692307692308
23 0.6177884615384616 0.9387019230769231 0.009615384615384616 0.002403846153846154
3 0.6129807692307693 0.8197115384615384 0.004807692307692308 0.004807692307692308
23 0.6105769230769231 0.7524038461538461 0.004807692307692308 0.004807692307692308
3 0.6033653846153846 0.6237980769230769 0.009615384615384616 0.002403846153846154
3 0.6033653846153846 0.6262019230769231 0.009615384615384616 0.002403846153846154
3 0.6033653846153846 0.6286057692307693 0.009615384615384616 0.002403846153846154
3 0.6057692307692307 0.65625 0.004807692307692308 0.004807692307692308
23 0.6117788461538461 0.7427884615384616 0.007211538461538462 0.004807692307692308
23 0.6117788461538461 0.7463942307692307 0.007211538461538462 0.002403846153846154
13 0.6129807692307693 0.7572115384615384 0.004807692307692308 0.004807692307692308
3 0.6081730769230769 0.6538461538461539 0.004807692307692308 0.004807692307692308
3 0.6201923076923077 0.8197115384615384 0.004807692307692308 0.004807692307692308
23 0.6117788461538461 0.6358173076923077 0.007211538461538462 0.002403846153846154
23 0.6105769230769231 0.6334134615384616 0.004807692307692308 0.002403846153846154
3 0.6225961538461539 0.8533653846153846 0.009615384615384616 0.004807692307692308
23 0.6129807692307693 0.6177884615384616 0.004807692307692308 0.004807692307692308
3 0.6262019230769231 0.8185096153846154 0.007211538461538462 0.007211538461538462
3 0.6286057692307693 0.8653846153846154 0.01201923076923077 0.004807692307692308
3 0.6310096153846154 0.8725961538461539 0.01201923076923077 0.004807692307692308
3 0.6310096153846154 0.8774038461538461 0.01201923076923077 0.004807692307692308
3 0.6201923076923077 0.6310096153846154 0.009615384615384616 0.002403846153846154
3 0.6189903846153846 0.6334134615384616 0.007211538461538462 0.002403846153846154
23 0.6201923076923077 0.6382211538461539 0.009615384615384616 0.002403846153846154
6 0.6237980769230769 0.7259615384615384 0.021634615384615384 0.0673076923076923
7 0.6322115384615384 0.8497596153846154 0.004807692307692308 0.007211538461538462