2 0.3482142857142857 0.5070121951219512 0.002029220779220779 0.00548780487804878
2 0.3581574675324675 0.5073170731707317 0.002435064935064935 0.004878048780487805
22 0.36627435064935066 0.5076219512195121 0.002029220779220779 0.00548780487804878
2 0.8028612012987013 0.5076219512195121 0.0018262987012987013 0.00548780487804878
22 0.3635349025974026 0.5079268292682927 0.0018262987012987013 0.00548780487804878
2 0.583502435064935 0.5079268292682927 0.002232142857142857 0.00548780487804878
2 0.5993303571428571 0.5079268292682927 0.0018262987012987013 0.00548780487804878
2 0.6117086038961039 0.5079268292682927 0.002637987012987013 0.006707317073170732
2 0.8113839285714286 0.5079268292682927 0.002232142857142857 0.00548780487804878
2 0.5741680194805194 0.5080792682926829 0.002232142857142857 0.005792682926829268
2 0.3734780844155844 0.5082317073170731 0.002637987012987013 0.00548780487804878
2 0.8404017857142857 0.5082317073170731 0.0018262987012987013 0.00548780487804878
2 0.3860592532467532 0.5083841463414634 0.0018262987012987013 0.005182926829268293
22 0.6476258116883117 0.5158536585365854 0.0018262987012987013 0.00548780487804878
2 0.6501623376623377 0.5158536585365854 0.0016233766233766235 0.004878048780487805
2 0.6546266233766234 0.5158536585365854 0.002029220779220779 0.004878048780487805
22 0.6663961038961039 0.5158536585365854 0.002029220779220779 0.004878048780487805
22 0.664265422077922 0.5161585365853658 0.0014204545454545455 0.00548780487804878
2 0.5432224025974026 0.5169207317073171 0.002029220779220779 0.005182926829268293
2 0.6785714285714286 0.5169207317073171 0.0016233766233766235 0.005792682926829268
22 0.6840503246753247 0.5170731707317073 0.0016233766233766235 0.006097560975609756
2 0.6904423701298701 0.5170731707317073 0.0018262987012987013 0.00426829268292683
22 0.6815137987012987 0.5172256097560975 0.0018262987012987013 0.004573170731707317
22 0.6864853896103896 0.5172256097560975 0.002029220779220779 0.005182926829268293
22 0.6933847402597403 0.5172256097560975 0.0016233766233766235 0.005182926829268293
22 0.6959212662337663 0.5173780487804878 0.0018262987012987013 0.00548780487804878
22 0.4641842532467532 0.5184451219512195 0.002232142857142857 0.005792682926829268
22 0.45332792207792205 0.5185975609756097 0.002029220779220779 0.00548780487804878
22 0.4559659090909091 0.5185975609756097 0.002029220779220779 0.00548780487804878
22 0.4586038961038961 0.51875 0.002029220779220779 0.005182926829268293
22 0.46124188311688313 0.51875 0.0016233766233766235 0.005182926829268293
22 0.4668222402597403 0.51875 0.002232142857142857 0.0064024390243902435
22 0.8066152597402597 0.5196646341463415 0.002435064935064935 0.005792682926829268
22 0.8119926948051948 0.5198170731707317 0.002232142857142857 0.006097560975609756
22 0.817674512987013 0.519969512195122 0.003043831168831169 0.005792682926829268
22 0.8206168831168831 0.519969512195122 0.002840909090909091 0.005792682926829268
2 0.8286323051948052 0.519969512195122 0.002232142857142857 0.0064024390243902435
22 0.8038758116883117 0.5201219512195122 0.002232142857142857 0.006097560975609756
2 0.8095576298701299 0.5201219512195122 0.002232142857142857 0.00548780487804878
22 0.815036525974026 0.5201219512195122 0.002232142857142857 0.00548780487804878
22 0.823051948051948 0.5201219512195122 0.002029220779220779 0.004878048780487805
22 0.825588474025974 0.5201219512195122 0.002232142857142857 0.00548780487804878
2 0.4963474025974026 0.520579268292683 0.003246753246753247 0.007621951219512195
2 0.669338474025974 0.520579268292683 0.0018262987012987013 0.004573170731707317
22 0.671976461038961 0.520579268292683 0.0018262987012987013 0.005792682926829268
22 0.5535714285714286 0.5210365853658536 0.002840909090909091 0.007317073170731708
22 0.34273538961038963 0.521189024390244 0.002029220779220779 0.005792682926829268
22 0.4994926948051948 0.5213414634146342 0.002232142857142857 0.00548780487804878
22 0.34517045454545453 0.5214939024390244 0.002029220779220779 0.005792682926829268
22 0.34780844155844154 0.5214939024390244 0.002029220779220779 0.005182926829268293
22 0.3503449675324675 0.5216463414634146 0.0018262987012987013 0.00548780487804878
22 0.3527800324675325 0.5216463414634146 0.0014204545454545455 0.004878048780487805
2 0.38839285714285715 0.5217987804878049 0.003246753246753247 0.008841463414634146
22 0.3552150974025974 0.5219512195121951 0.0018262987012987013 0.004878048780487805
22 0.35765016233766234 0.5219512195121951 0.0014204545454545455 0.00426829268292683
22 0.36028814935064934 0.5222560975609756 0.0018262987012987013 0.00548780487804878
22 0.37773944805194803 0.5224085365853659 0.0018262987012987013 0.005182926829268293
22 0.37530438311688313 0.5225609756097561 0.0018262987012987013 0.00548780487804878
22 0.3726663961038961 0.5227134146341463 0.0018262987012987013 0.005182926829268293
22 0.38007305194805197 0.5228658536585366 0.002029220779220779 0.00548780487804878
22 0.38260957792207795 0.5230182926829269 0.002232142857142857 0.005182926829268293
22 0.3851461038961039 0.5230182926829269 0.002435064935064935 0.005792682926829268
22 0.536627435064935 0.5231707317073171 0.0018262987012987013 0.004878048780487805
22 0.5294237012987013 0.5233231707317073 0.002029220779220779 0.005182926829268293
22 0.5340909090909091 0.5233231707317073 0.0016233766233766235 0.005182926829268293
2 0.539265422077922 0.5233231707317073 0.002232142857142857 0.004573170731707317
22 0.5489042207792207 0.5233231707317073 0.002029220779220779 0.005792682926829268
2 0.5317573051948052 0.5234756097560975 0.0018262987012987013 0.00548780487804878
22 0.5434253246753247 0.5236280487804879 0.002029220779220779 0.005182926829268293
2 0.5217126623376623 0.5257621951219512 0.002435064935064935 0.005792682926829268
2 0.8288352272727273 0.5266768292682927 0.0018262987012987013 0.005182926829268293
2 0.825689935064935 0.526829268292683 0.002029220779220779 0.004878048780487805
2 0.669237012987013 0.5283536585365853 0.0016233766233766235 0.00548780487804878
2 0.8090503246753247 0.5283536585365853 0.002435064935064935 0.007317073170731708
2 0.37256493506493504 0.5294207317073171 0.002029220779220779 0.005182926829268293
2 0.375 0.5294207317073171 0.002029220779220779 0.005182926829268293
22 0.8061079545454546 0.5294207317073171 0.002637987012987013 0.005182926829268293
2 0.377637987012987 0.5295731707317073 0.002029220779220779 0.00548780487804878
6 0.8554180194805194 0.530640243902439 0.01765422077922078 0.011280487804878048
2 0.49381087662337664 0.5307926829268292 0.0018262987012987013 0.00548780487804878
22 0.49979707792207795 0.5307926829268292 0.002029220779220779 0.00548780487804878
13 0.7039366883116883 0.5307926829268292 0.003246753246753247 0.007926829268292683
2 0.4877232142857143 0.5309451219512196 0.002232142857142857 0.005792682926829268
2 0.4967532467532468 0.5309451219512196 0.002029220779220779 0.005792682926829268
22 0.4902597402597403 0.5310975609756098 0.002029220779220779 0.00548780487804878
2 0.6463068181818182 0.5317073170731708 0.002840909090909091 0.00548780487804878
22 0.5216112012987013 0.5323170731707317 0.002637987012987013 0.00548780487804878
2 0.5245535714285714 0.5323170731707317 0.002029220779220779 0.00548780487804878
22 0.5295251623376623 0.5323170731707317 0.002232142857142857 0.00548780487804878
2 0.5268871753246753 0.532469512195122 0.0018262987012987013 0.005792682926829268
14 0.6565543831168831 0.5333841463414634 0.014001623376623376 0.02103658536585366
14 0.6831371753246753 0.5359756097560976 0.005478896103896104 0.020121951219512196
22 0.825689935064935 0.5359756097560976 0.002029220779220779 0.00548780487804878
14 0.6929788961038961 0.5361280487804878 0.005275974025974026 0.02103658536585366
22 0.8287337662337663 0.5361280487804878 0.002029220779220779 0.005792682926829268
2 0.8311688311688312 0.5361280487804878 0.002029220779220779 0.005182926829268293
24 0.6690340909090909 0.5364329268292682 0.005681818181818182 0.010060975609756098
2 0.8338068181818182 0.5364329268292682 0.002435064935064935 0.0064024390243902435
6 0.734273538961039 0.5382621951219512 0.05093344155844156 0.017378048780487806
14 0.541700487012987 0.5390243902439025 0.01075487012987013 0.016463414634146342
29 0.489549512987013 0.5407012195121951 0.004261363636363636 0.005792682926829268
7 0.49512987012987014 0.5416158536585366 0.004058441558441558 0.008841463414634146
7 0.7045454545454546 0.5416158536585366 0.002435064935064935 0.005792682926829268
2 0.7910917207792207 0.541920731707317 0.003043831168831169 0.007621951219512195
2 0.7844967532467533 0.5420731707317074 0.002840909090909091 0.007926829268292683
2 0.78125 0.5422256097560976 0.002840909090909091 0.007621951219512195
2 0.7877435064935064 0.5422256097560976 0.002840909090909091 0.007621951219512195
15 0.5225243506493507 0.5452743902439025 0.009334415584415584 0.010060975609756098
7 0.5540787337662337 0.5455792682926829 0.002637987012987013 0.010060975609756098
2 0.5108563311688312 0.5467987804878048 0.003043831168831169 0.007621951219512195
2 0.5144074675324676 0.5471036585365854 0.002840909090909091 0.00701219512195122
15 0.802049512987013 0.5478658536585366 0.014407467532467532 0.021341463414634148
22 0.3430397727272727 0.5492378048780487 0.002232142857142857 0.005792682926829268
2 0.7879464285714286 0.5503048780487805 0.002840909090909091 0.007317073170731708
13 0.7653206168831169 0.5504573170731707 0.002637987012987013 0.008841463414634146
2 0.7686688311688312 0.5504573170731707 0.002435064935064935 0.00701219512195122
2 0.7910917207792207 0.5504573170731707 0.002232142857142857 0.00701219512195122
2 0.7845982142857143 0.550609756097561 0.002637987012987013 0.007317073170731708
2 0.781452922077922 0.5507621951219512 0.002840909090909091 0.008231707317073171
7 0.8159496753246753 0.5509146341463415 0.002840909090909091 0.009146341463414634
2 0.6498579545454546 0.5510670731707317 0.002232142857142857 0.005182926829268293
2 0.6618303571428571 0.5515243902439024 0.002232142857142857 0.006097560975609756
22 0.48843344155844154 0.5522865853658536 0.002435064935064935 0.005792682926829268
22 0.4909699675324675 0.5522865853658536 0.002232142857142857 0.005182926829268293
2 0.49360795454545453 0.5522865853658536 0.0018262987012987013 0.005182926829268293
2 0.49644886363636365 0.552439024390244 0.0018262987012987013 0.006097560975609756
22 0.5372362012987013 0.5533536585365854 0.0018262987012987013 0.00548780487804878
22 0.5398741883116883 0.5533536585365854 0.002232142857142857 0.00548780487804878
24 0.6568587662337663 0.5533536585365854 0.006493506493506494 0.00853658536585366
22 0.5426136363636364 0.5536585365853659 0.0016233766233766235 0.006707317073170732
22 0.33999594155844154 0.5559451219512195 0.0018262987012987013 0.005182926829268293
7 0.533786525974026 0.55625 0.003043831168831169 0.010670731707317074
15 0.5523538961038961 0.5583841463414634 0.009334415584415584 0.010060975609756098
2 0.5603693181818182 0.5600609756097561 0.002637987012987013 0.007926829268292683
2 0.5251623376623377 0.5606707317073171 0.003246753246753247 0.00975609756097561
2 0.5117694805194806 0.5608231707317073 0.0036525974025974025 0.008841463414634146
2 0.5163352272727273 0.5608231707317073 0.0038555194805194805 0.008841463414634146
2 0.5296266233766234 0.5609756097560976 0.0036525974025974025 0.009146341463414634
2 0.5371347402597403 0.5609756097560976 0.0016233766233766235 0.004878048780487805
22 0.5398741883116883 0.5609756097560976 0.002232142857142857 0.00426829268292683
22 0.5450487012987013 0.5609756097560976 0.002029220779220779 0.004878048780487805
2 0.520698051948052 0.5611280487804878 0.003246753246753247 0.009451219512195122
22 0.5425121753246753 0.561280487804878 0.0018262987012987013 0.004878048780487805
7 0.7354910714285714 0.5615853658536586 0.004261363636363636 0.007926829268292683
7 0.7248376623376623 0.561890243902439 0.004058441558441558 0.007926829268292683
7 0.7302150974025974 0.561890243902439 0.0038555194805194805 0.007926829268292683
7 0.7406655844155844 0.5620426829268292 0.004058441558441558 0.008231707317073171