2 0.38900162337662336 0.41753048780487806 0.006087662337662338 0.004573170731707317
22 0.38250811688311687 0.41783536585365855 0.006087662337662338 0.005182926829268293
2 0.2062702922077922 0.41814024390243903 0.0038555194805194805 0.009451219512195122
7 0.8006290584415584 0.419359756097561 0.002232142857142857 0.005792682926829268
2 0.7975852272727273 0.4198170731707317 0.003043831168831169 0.009146341463414634
2 0.9562702922077922 0.4198170731707317 0.0038555194805194805 0.01097560975609756
2 0.8655641233766234 0.42042682926829267 0.0038555194805194805 0.011585365853658536
2 0.7098214285714286 0.4208841463414634 0.0036525974025974025 0.008841463414634146
2 0.6334212662337663 0.42103658536585364 0.0034496753246753245 0.00975609756097561
22 0.37023133116883117 0.4211890243902439 0.006290584415584416 0.0064024390243902435
22 0.20038555194805194 0.42134146341463413 0.006696428571428571 0.00548780487804878
2 0.5234375 0.4216463414634146 0.0038555194805194805 0.010365853658536586
7 0.9609375 0.4217987804878049 0.0038555194805194805 0.003353658536585366
7 0.8717532467532467 0.4222560975609756 0.003246753246753247 0.003048780487804878
7 0.3409090909090909 0.4228658536585366 0.0036525974025974025 0.00426829268292683
7 0.7146915584415584 0.42301829268292684 0.004464285714285714 0.0039634146341463415
2 0.35511363636363635 0.42317073170731706 0.006899350649350649 0.004878048780487805
2 0.9200487012987013 0.42317073170731706 0.0036525974025974025 0.009146341463414634
7 0.6375811688311688 0.42332317073170733 0.0036525974025974025 0.0039634146341463415
2 0.29646915584415584 0.42347560975609755 0.003246753246753247 0.00975609756097561
2 0.45921266233766234 0.42347560975609755 0.006493506493506494 0.00548780487804878
7 0.5297280844155844 0.42347560975609755 0.0034496753246753245 0.003048780487804878
22 0.37855113636363635 0.42378048780487804 0.005478896103896104 0.004878048780487805
2 0.8204636769480519 0.4246905487804878 0.017144886363636362 0.020722560975609757
7 0.21428571428571427 0.4248475609756098 0.0036525974025974025 0.00274390243902439
2 0.32202313311688313 0.42521951219512194 0.016205357142857143 0.019341463414634146
2 0.34486607142857145 0.4253048780487805 0.0034496753246753245 0.009146341463414634
2 0.6177140827922077 0.42547256097560976 0.01708400974025974 0.019847560975609753
22 0.348924512987013 0.42591463414634145 0.0034496753246753245 0.009146341463414634
2 0.27435064935064934 0.4268292682926829 0.003246753246753247 0.007926829268292683
2 0.8757102272727273 0.4268292682926829 0.0038555194805194805 0.009146341463414634
2 0.38392857142857145 0.4271341463414634 0.003246753246753247 0.00975609756097561
22 0.1966314935064935 0.4274390243902439 0.006087662337662338 0.004878048780487805
2 0.21875 0.42804878048780487 0.003246753246753247 0.00975609756097561
22 0.3685064935064935 0.4297256097560976 0.0036525974025974025 0.010060975609756098
22 0.2689732142857143 0.4298780487804878 0.00588474025974026 0.004878048780487805
2 0.372362012987013 0.4298780487804878 0.003246753246753247 0.009146341463414634
7 0.45789366883116883 0.4304878048780488 0.002232142857142857 0.006097560975609756
2 0.5777191558441559 0.43125 0.0036525974025974025 0.010060975609756098
22 0.9180194805194806 0.43140243902439024 0.006899350649350649 0.006707317073170732
7 0.30326704545454547 0.4317073170731707 0.002232142857142857 0.006707317073170732
2 0.19653003246753248 0.43353658536585366 0.007102272727272727 0.00426829268292683
22 0.838676948051948 0.4350609756097561 0.007305194805194805 0.006707317073170732
22 0.6825284090909091 0.43567073170731707 0.006290584415584416 0.00548780487804878
22 0.6044034090909091 0.43582317073170734 0.007102272727272727 0.0064024390243902435
22 0.4965503246753247 0.43597560975609756 0.006493506493506494 0.00548780487804878
22 0.7613636363636364 0.43597560975609756 0.006899350649350649 0.004878048780487805
22 0.4195413961038961 0.43628048780487805 0.006290584415584416 0.004878048780487805
22 0.32721185064935066 0.44115853658536586 0.006696428571428571 0.004878048780487805
2 0.8389813311688312 0.4413109756097561 0.006696428571428571 0.005182926829268293
2 0.6829342532467533 0.44176829268292683 0.005478896103896104 0.00426829268292683
2 0.7612621753246753 0.44176829268292683 0.006696428571428571 0.00548780487804878
2 0.6045048701298701 0.44192073170731705 0.005681818181818182 0.004573170731707317
2 0.41943993506493504 0.4420731707317073 0.005275974025974026 0.00548780487804878
2 0.4966517857142857 0.44222560975609754 0.00588474025974026 0.005792682926829268
2 0.33319805194805197 0.4423780487804878 0.003246753246753247 0.009146341463414634
2 0.9232954545454546 0.45167682926829267 0.006493506493506494 0.011280487804878048
2 0.39935064935064934 0.4583841463414634 0.006493506493506494 0.011890243902439025
22 0.575588474025974 0.4585365853658537 0.006290584415584416 0.020731707317073172
7 0.5825892857142857 0.45884146341463417 0.005275974025974026 0.020121951219512196
2 0.5943587662337663 0.4625 0.006087662337662338 0.012195121951219513
2 0.7592329545454546 0.46265243902439024 0.006696428571428571 0.013109756097560975
14 0.958400974025974 0.468140243902439 0.028409090909090908 0.04054878048780488
14 0.36312905844155846 0.4684451219512195 0.026176948051948052 0.04420731707317073
14 0.7109375 0.4684451219512195 0.0294237012987013 0.04237804878048781
14 0.8003246753246753 0.4684451219512195 0.02719155844155844 0.04054878048780488
14 0.44642857142857145 0.4689024390243902 0.030032467532467532 0.045121951219512194
14 0.5257711038961039 0.46966463414634146 0.027597402597402596 0.05091463414634146
14 0.8700284090909091 0.46996951219512195 0.033887987012987016 0.04359756097560975
14 0.2925121753246753 0.47042682926829266 0.025771103896103896 0.048170731707317074
14 0.20667613636363635 0.47073170731707314 0.0294237012987013 0.045121951219512194
22 0.9186282467532467 0.47073170731707314 0.015422077922077922 0.011585365853658536
22 0.749797077922078 0.4713414634146341 0.007711038961038961 0.022560975609756097
14 0.6307832792207793 0.4716463414634146 0.033076298701298704 0.046341463414634146
7 0.7425933441558441 0.4719512195121951 0.005073051948051948 0.021341463414634148
22 0.2383319805194805 0.4742378048780488 0.007102272727272727 0.021646341463414633
7 0.24472402597402598 0.474390243902439 0.004464285714285714 0.018902439024390243
22 0.39884334415584416 0.4745426829268293 0.006696428571428571 0.018597560975609755
7 0.4054383116883117 0.4745426829268293 0.004464285714285714 0.01920731707317073
2 0.252637987012987 0.47530487804878047 0.005681818181818182 0.014634146341463415
7 0.9189326298701299 0.4814024390243902 0.01359577922077922 0.007317073170731708
19 0.6346387987012987 0.5228658536585366 0.10044642857142858 0.05121951219512195
19 0.736810064935065 0.5228658536585366 0.09821428571428571 0.04695121951219512
19 0.3236607142857143 0.5231707317073171 0.10064935064935066 0.04390243902439024
19 0.22382305194805194 0.5251524390243902 0.09740259740259741 0.05091463414634146
19 0.836140422077922 0.5260670731707318 0.10004058441558442 0.03932926829268293
19 0.9379058441558441 0.5260670731707318 0.10227272727272728 0.04420731707317073
19 0.42410714285714285 0.5269817073170732 0.09659090909090909 0.04420731707317073
19 0.5218141233766234 0.5285060975609757 0.09801136363636363 0.051524390243902436