23 0.8870192307692307 0.3786057692307692 0.004807692307692308 0.007211538461538462
23 0.8798076923076923 0.3762019230769231 0.004807692307692308 0.007211538461538462
23 0.8846153846153846 0.37740384615384615 0.004807692307692308 0.009615384615384616
3 0.8617788461538461 0.37259615384615385 0.007211538461538462 0.009615384615384616
29 0.6742788461538461 0.33774038461538464 0.021634615384615384 0.036057692307692304
23 0.7091346153846154 0.3485576923076923 0.004807692307692308 0.009615384615384616
6 0.5168269230769231 0.3137019230769231 0.28846153846153844 0.07932692307692307
23 0.8533653846153846 0.3798076923076923 0.004807692307692308 0.009615384615384616
23 0.8774038461538461 0.3858173076923077 0.004807692307692308 0.007211538461538462
6 0.7223557692307693 0.35697115384615385 0.04567307692307692 0.13701923076923078
3 0.7067307692307693 0.3557692307692308 0.004807692307692308 0.009615384615384616
23 0.7463942307692307 0.36538461538461536 0.007211538461538462 0.009615384615384616
14 0.8870192307692307 0.3954326923076923 0.019230769230769232 0.026442307692307692
3 0.7560096153846154 0.37259615384615385 0.007211538461538462 0.009615384615384616
3 0.8293269230769231 0.38461538461538464 0.004807692307692308 0.004807692307692308
23 0.7560096153846154 0.37259615384615385 0.007211538461538462 0.009615384615384616
23 0.7644230769230769 0.375 0.004807692307692308 0.004807692307692308
23 0.7524038461538461 0.3737980769230769 0.004807692307692308 0.007211538461538462
23 0.7067307692307693 0.3641826923076923 0.004807692307692308 0.007211538461538462
3 0.8269230769230769 0.3894230769230769 0.004807692307692308 0.004807692307692308
3 0.7572115384615384 0.3786057692307692 0.004807692307692308 0.007211538461538462
3 0.7692307692307693 0.38461538461538464 0.004807692307692308 0.004807692307692308
3 0.7620192307692307 0.38341346153846156 0.004807692307692308 0.007211538461538462
3 0.7644230769230769 0.38221153846153844 0.004807692307692308 0.009615384615384616
14 0.7944711538461539 0.390625 0.06009615384615385 0.07932692307692307
3 0.7019230769230769 0.375 0.004807692307692308 0.009615384615384616
6 0.5144230769230769 0.3425480769230769 0.2932692307692308 0.07932692307692307
23 0.7572115384615384 0.3894230769230769 0.004807692307692308 0.004807692307692308
3 0.8269230769230769 0.40384615384615385 0.004807692307692308 0.004807692307692308
7 0.7487980769230769 0.3942307692307692 0.01201923076923077 0.03365384615384615
7 0.7367788461538461 0.3942307692307692 0.007211538461538462 0.014423076923076924
7 0.734375 0.40865384615384615 0.007211538461538462 0.014423076923076924
6 0.5168269230769231 0.36538461538461536 0.27884615384615385 0.07692307692307693
3 0.7632211538461539 0.41346153846153844 0.007211538461538462 0.009615384615384616
3 0.8701923076923077 0.4375 0.004807692307692308 0.009615384615384616
3 0.8677884615384616 0.43509615384615385 0.004807692307692308 0.009615384615384616
23 0.6971153846153846 0.40384615384615385 0.004807692307692308 0.009615384615384616
22 0.84375 0.43509615384615385 0.009615384615384616 0.009615384615384616
3 0.8485576923076923 0.4338942307692308 0.004807692307692308 0.007211538461538462
3 0.7836538461538461 0.4326923076923077 0.004807692307692308 0.009615384615384616
23 0.7980769230769231 0.4338942307692308 0.004807692307692308 0.007211538461538462
3 0.8076923076923077 0.4375 0.004807692307692308 0.004807692307692308
3 0.7932692307692307 0.43509615384615385 0.004807692307692308 0.009615384615384616
3 0.7680288461538461 0.42908653846153844 0.007211538461538462 0.007211538461538462
3 0.7908653846153846 0.43509615384615385 0.004807692307692308 0.009615384615384616
3 0.7884615384615384 0.43509615384615385 0.004807692307692308 0.009615384615384616
22 0.7776442307692307 0.43509615384615385 0.007211538461538462 0.009615384615384616
3 0.6947115384615384 0.4182692307692308 0.004807692307692308 0.009615384615384616
6 0.5096153846153846 0.3894230769230769 0.27403846153846156 0.07692307692307693
3 0.78125 0.44471153846153844 0.004807692307692308 0.009615384615384616
23 0.6682692307692307 0.43028846153846156 0.004807692307692308 0.004807692307692308
22 0.7752403846153846 0.4543269230769231 0.007211538461538462 0.009615384615384616
3 0.4375 0.4014423076923077 0.019230769230769232 0.02403846153846154
3 0.7716346153846154 0.46875 0.004807692307692308 0.009615384615384616
3 0.39663461538461536 0.39663461538461536 0.019230769230769232 0.02403846153846154
3 0.6201923076923077 0.43990384615384615 0.004807692307692308 0.009615384615384616
6 0.4110576923076923 0.39783653846153844 0.014423076923076924 0.021634615384615384
3 0.6370192307692307 0.44711538461538464 0.004807692307692308 0.009615384615384616
3 0.4651442307692308 0.41346153846153844 0.007211538461538462 0.009615384615384616
3 0.5576923076923077 0.4326923076923077 0.019230769230769232 0.02403846153846154
3 0.46634615384615385 0.4230769230769231 0.004807692307692308 0.004807692307692308
3 0.5721153846153846 0.44471153846153844 0.004807692307692308 0.004807692307692308
23 0.47115384615384615 0.4254807692307692 0.004807692307692308 0.004807692307692308
29 0.40865384615384615 0.41586538461538464 0.009615384615384616 0.009615384615384616
23 0.4230769230769231 0.4182692307692308 0.004807692307692308 0.004807692307692308
23 0.41466346153846156 0.4182692307692308 0.007211538461538462 0.009615384615384616
3 0.46634615384615385 0.43028846153846156 0.004807692307692308 0.004807692307692308
3 0.5600961538461539 0.44711538461538464 0.004807692307692308 0.004807692307692308
23 0.4254807692307692 0.4230769230769231 0.004807692307692308 0.009615384615384616
23 0.4206730769230769 0.4230769230769231 0.004807692307692308 0.004807692307692308
3 0.6610576923076923 0.47115384615384615 0.019230769230769232 0.02403846153846154
29 0.4182692307692308 0.43149038461538464 0.009615384615384616 0.01201923076923077
23 0.6274038461538461 0.4735576923076923 0.004807692307692308 0.009615384615384616
23 0.6322115384615384 0.4735576923076923 0.004807692307692308 0.009615384615384616
23 0.41346153846153844 0.4326923076923077 0.004807692307692308 0.009615384615384616
6 0.6442307692307693 0.47836538461538464 0.052884615384615384 0.1971153846153846
29 0.40625 0.4326923076923077 0.009615384615384616 0.009615384615384616
3 0.4110576923076923 0.43990384615384615 0.004807692307692308 0.004807692307692308
29 0.375 0.4338942307692308 0.028846153846153848 0.05048076923076923
22 0.765625 0.5120192307692307 0.007211538461538462 0.009615384615384616
23 0.4014423076923077 0.4423076923076923 0.004807692307692308 0.004807692307692308
23 0.5432692307692307 0.4723557692307692 0.004807692307692308 0.007211538461538462
3 0.5480769230769231 0.4735576923076923 0.004807692307692308 0.009615384615384616
3 0.5769230769230769 0.47836538461538464 0.004807692307692308 0.004807692307692308
23 0.6490384615384616 0.49278846153846156 0.004807692307692308 0.009615384615384616
23 0.38461538461538464 0.4423076923076923 0.004807692307692308 0.004807692307692308
3 0.5384615384615384 0.47596153846153844 0.004807692307692308 0.009615384615384616
3 0.45913461538461536 0.45913461538461536 0.004807692307692308 0.004807692307692308
23 0.5360576923076923 0.4735576923076923 0.004807692307692308 0.009615384615384616
3 0.5408653846153846 0.47475961538461536 0.004807692307692308 0.007211538461538462
14 0.4987980769230769 0.46875 0.08413461538461539 0.11057692307692307
3 0.38461538461538464 0.44711538461538464 0.004807692307692308 0.004807692307692308
29 0.3954326923076923 0.45072115384615385 0.01201923076923077 0.016826923076923076
3 0.5504807692307693 0.4807692307692308 0.004807692307692308 0.009615384615384616
3 0.5576923076923077 0.4831730769230769 0.004807692307692308 0.009615384615384616
23 0.5552884615384616 0.4831730769230769 0.004807692307692308 0.009615384615384616
3 0.5480769230769231 0.4807692307692308 0.004807692307692308 0.009615384615384616
23 0.5528846153846154 0.4831730769230769 0.004807692307692308 0.009615384615384616
3 0.45913461538461536 0.46634615384615385 0.004807692307692308 0.009615384615384616
23 0.46153846153846156 0.4651442307692308 0.004807692307692308 0.007211538461538462
23 0.6466346153846154 0.5024038461538461 0.004807692307692308 0.009615384615384616
23 0.625 0.49759615384615385 0.004807692307692308 0.004807692307692308
3 0.4543269230769231 0.4651442307692308 0.004807692307692308 0.007211538461538462
23 0.4519230769230769 0.4639423076923077 0.004807692307692308 0.009615384615384616
14 0.4206730769230769 0.46033653846153844 0.019230769230769232 0.026442307692307692
6 0.8762019230769231 0.5480769230769231 0.0889423076923077 0.3605769230769231
29 0.38221153846153844 0.4543269230769231 0.009615384615384616 0.009615384615384616
23 0.625 0.5036057692307693 0.004807692307692308 0.002403846153846154
23 0.6586538461538461 0.5120192307692307 0.004807692307692308 0.004807692307692308
3 0.6442307692307693 0.5120192307692307 0.004807692307692308 0.009615384615384616
23 0.5721153846153846 0.49759615384615385 0.004807692307692308 0.004807692307692308
22 0.6213942307692307 0.5096153846153846 0.007211538461538462 0.009615384615384616
23 0.3798076923076923 0.46153846153846156 0.004807692307692308 0.004807692307692308
23 0.359375 0.45913461538461536 0.007211538461538462 0.009615384615384616
23 0.375 0.46274038461538464 0.004807692307692308 0.007211538461538462
22 0.36899038461538464 0.46634615384615385 0.007211538461538462 0.009615384615384616
23 0.3798076923076923 0.46875 0.004807692307692308 0.004807692307692308
22 0.65625 0.5240384615384616 0.009615384615384616 0.009615384615384616
3 0.3605769230769231 0.46875 0.004807692307692308 0.004807692307692308
6 0.8100961538461539 0.5600961538461539 0.0673076923076923 0.23076923076923078
23 0.39783653846153844 0.47836538461538464 0.007211538461538462 0.009615384615384616
6 0.7764423076923077 0.5540865384615384 0.0625 0.2283653846153846
3 0.5504807692307693 0.5096153846153846 0.004807692307692308 0.004807692307692308
7 0.3605769230769231 0.47475961538461536 0.009615384615384616 0.007211538461538462
6 0.7403846153846154 0.5492788461538461 0.0625 0.2283653846153846
6 0.7043269230769231 0.5408653846153846 0.0625 0.23076923076923078
6 0.8473557692307693 0.5709134615384616 0.06490384615384616 0.2283653846153846
3 0.40384615384615385 0.4831730769230769 0.004807692307692308 0.004807692307692308
6 0.6682692307692307 0.5360576923076923 0.0625 0.22596153846153846
29 0.3858173076923077 0.48197115384615385 0.021634615384615384 0.036057692307692304
23 0.36658653846153844 0.47836538461538464 0.007211538461538462 0.009615384615384616
7 0.4110576923076923 0.4891826923076923 0.009615384615384616 0.007211538461538462
29 0.5721153846153846 0.5192307692307693 0.02403846153846154 0.02403846153846154
10 0.375 0.4831730769230769 0.014423076923076924 0.02403846153846154
3 0.5288461538461539 0.5144230769230769 0.004807692307692308 0.004807692307692308
3 0.5384615384615384 0.5192307692307693 0.004807692307692308 0.004807692307692308
23 0.40865384615384615 0.49278846153846156 0.004807692307692308 0.004807692307692308
3 0.5264423076923077 0.5192307692307693 0.004807692307692308 0.004807692307692308
23 0.36538461538461536 0.4879807692307692 0.004807692307692308 0.009615384615384616
3 0.5360576923076923 0.5216346153846154 0.004807692307692308 0.004807692307692308
14 0.359375 0.48677884615384615 0.01201923076923077 0.021634615384615384
23 0.36778846153846156 0.49278846153846156 0.004807692307692308 0.004807692307692308
22 0.40625 0.5048076923076923 0.009615384615384616 0.009615384615384616
29 0.39783653846153844 0.5036057692307693 0.021634615384615384 0.036057692307692304
3 0.5673076923076923 0.5360576923076923 0.004807692307692308 0.004807692307692308
23 0.4855769230769231 0.5240384615384616 0.004807692307692308 0.004807692307692308
3 0.43509615384615385 0.515625 0.004807692307692308 0.007211538461538462
23 0.35336538461538464 0.5 0.004807692307692308 0.004807692307692308
23 0.3605769230769231 0.5024038461538461 0.004807692307692308 0.004807692307692308
3 0.5576923076923077 0.5420673076923077 0.014423076923076924 0.016826923076923076
3 0.4855769230769231 0.5288461538461539 0.004807692307692308 0.004807692307692308
3 0.7163461538461539 0.5745192307692307 0.004807692307692308 0.009615384615384616
22 0.40384615384615385 0.5144230769230769 0.009615384615384616 0.009615384615384616
3 0.4831730769230769 0.5336538461538461 0.004807692307692308 0.004807692307692308
3 0.5685096153846154 0.5492788461538461 0.01201923076923077 0.016826923076923076
23 0.75 0.5889423076923077 0.004807692307692308 0.009615384615384616
23 0.4831730769230769 0.5372596153846154 0.004807692307692308 0.002403846153846154
6 0.35216346153846156 0.5108173076923077 0.01201923076923077 0.021634615384615384
23 0.3894230769230769 0.5216346153846154 0.004807692307692308 0.004807692307692308
23 0.39663461538461536 0.5240384615384616 0.004807692307692308 0.004807692307692308
3 0.4326923076923077 0.5336538461538461 0.004807692307692308 0.009615384615384616
23 0.35336538461538464 0.5300480769230769 0.004807692307692308 0.007211538461538462
22 0.7127403846153846 0.6033653846153846 0.007211538461538462 0.009615384615384616
6 0.48197115384615385 0.5649038461538461 0.25721153846153844 0.09134615384615384
29 0.7103365384615384 0.6141826923076923 0.01201923076923077 0.01201923076923077
3 0.7043269230769231 0.6153846153846154 0.004807692307692308 0.009615384615384616
7 0.3449519230769231 0.5456730769230769 0.01201923076923077 0.03365384615384615
23 0.7355769230769231 0.6394230769230769 0.004807692307692308 0.009615384615384616
23 0.4543269230769231 0.5901442307692307 0.004807692307692308 0.002403846153846154
3 0.4495192307692308 0.5889423076923077 0.004807692307692308 0.004807692307692308
3 0.4423076923076923 0.5889423076923077 0.004807692307692308 0.004807692307692308
3 0.5096153846153846 0.6033653846153846 0.004807692307692308 0.004807692307692308
13 0.3401442307692308 0.5757211538461539 0.01201923076923077 0.021634615384615384
23 0.5072115384615384 0.6081730769230769 0.004807692307692308 0.004807692307692308
3 0.43990384615384615 0.5961538461538461 0.004807692307692308 0.009615384615384616
3 0.44471153846153844 0.5961538461538461 0.004807692307692308 0.009615384615384616
3 0.38221153846153844 0.5841346153846154 0.019230769230769232 0.02403846153846154
23 0.7319711538461539 0.6586538461538461 0.007211538461538462 0.009615384615384616
3 0.4423076923076923 0.6057692307692307 0.004807692307692308 0.009615384615384616
3 0.4387019230769231 0.6057692307692307 0.007211538461538462 0.009615384615384616
14 0.45913461538461536 0.6105769230769231 0.038461538461538464 0.038461538461538464
3 0.4254807692307692 0.6081730769230769 0.004807692307692308 0.004807692307692308
3 0.43028846153846156 0.6081730769230769 0.004807692307692308 0.004807692307692308
6 0.6983173076923077 0.6622596153846154 0.016826923076923076 0.01201923076923077
23 0.47836538461538464 0.6201923076923077 0.004807692307692308 0.004807692307692308
23 0.7163461538461539 0.6682692307692307 0.004807692307692308 0.009615384615384616
23 0.71875 0.6694711538461539 0.004807692307692308 0.007211538461538462
3 0.43990384615384615 0.6153846153846154 0.004807692307692308 0.009615384615384616
23 0.4795673076923077 0.6237980769230769 0.007211538461538462 0.007211538461538462
3 0.6778846153846154 0.6658653846153846 0.004807692307692308 0.004807692307692308
3 0.6706730769230769 0.6634615384615384 0.004807692307692308 0.004807692307692308
3 0.4326923076923077 0.6177884615384616 0.004807692307692308 0.009615384615384616
3 0.43028846153846156 0.6177884615384616 0.004807692307692308 0.009615384615384616
23 0.6298076923076923 0.6586538461538461 0.004807692307692308 0.004807692307692308
23 0.6009615384615384 0.6514423076923077 0.004807692307692308 0.004807692307692308
7 0.48677884615384615 0.6322115384615384 0.007211538461538462 0.019230769230769232
29 0.5 0.6346153846153846 0.02403846153846154 0.04807692307692308
3 0.47716346153846156 0.6310096153846154 0.007211538461538462 0.007211538461538462
23 0.4375 0.625 0.004807692307692308 0.009615384615384616
29 0.5408653846153846 0.6466346153846154 0.03365384615384615 0.03365384615384615
3 0.47115384615384615 0.6346153846153846 0.004807692307692308 0.004807692307692308
23 0.44711538461538464 0.6298076923076923 0.004807692307692308 0.004807692307692308
3 0.4543269230769231 0.6298076923076923 0.004807692307692308 0.004807692307692308
3 0.4639423076923077 0.6322115384615384 0.004807692307692308 0.004807692307692308
3 0.45913461538461536 0.6322115384615384 0.004807692307692308 0.004807692307692308
23 0.4423076923076923 0.6298076923076923 0.004807692307692308 0.009615384615384616
6 0.3870192307692308 0.6201923076923077 0.08173076923076923 0.04326923076923077
23 0.46153846153846156 0.6370192307692307 0.004807692307692308 0.004807692307692308
23 0.4543269230769231 0.6370192307692307 0.004807692307692308 0.004807692307692308
23 0.46875 0.6382211538461539 0.004807692307692308 0.002403846153846154
23 0.4495192307692308 0.6346153846153846 0.004807692307692308 0.004807692307692308
7 0.47475961538461536 0.640625 0.007211538461538462 0.01201923076923077
3 0.8173076923076923 0.7079326923076923 0.004807692307692308 0.007211538461538462
23 0.4375 0.6334134615384616 0.004807692307692308 0.007211538461538462
23 0.8257211538461539 0.7091346153846154 0.007211538461538462 0.009615384615384616
23 0.47115384615384615 0.640625 0.004807692307692308 0.007211538461538462
23 0.44471153846153844 0.6370192307692307 0.004807692307692308 0.009615384615384616
23 0.45913461538461536 0.6418269230769231 0.004807692307692308 0.004807692307692308
3 0.46634615384615385 0.6442307692307693 0.004807692307692308 0.004807692307692308
7 0.6454326923076923 0.6778846153846154 0.01201923076923077 0.03365384615384615
7 0.7079326923076923 0.6899038461538461 0.01201923076923077 0.03365384615384615
23 0.4543269230769231 0.6418269230769231 0.004807692307692308 0.004807692307692308
23 0.44711538461538464 0.6394230769230769 0.004807692307692308 0.004807692307692308
7 0.7127403846153846 0.6923076923076923 0.01201923076923077 0.03365384615384615
23 0.43990384615384615 0.6394230769230769 0.004807692307692308 0.009615384615384616
29 0.4807692307692308 0.6466346153846154 0.009615384615384616 0.009615384615384616
14 0.7560096153846154 0.7019230769230769 0.08413461538461539 0.0625
14 0.6322115384615384 0.6754807692307693 0.028846153846153848 0.038461538461538464
14 0.6081730769230769 0.6730769230769231 0.028846153846153848 0.038461538461538464
15 0.33052884615384615 0.6213942307692307 0.007211538461538462 0.01201923076923077
15 0.33413461538461536 0.6201923076923077 0.004807692307692308 0.009615384615384616
15 0.33653846153846156 0.6225961538461539 0.004807692307692308 0.009615384615384616
3 0.46634615384615385 0.6466346153846154 0.004807692307692308 0.004807692307692308
23 0.45913461538461536 0.6466346153846154 0.004807692307692308 0.004807692307692308
23 0.4519230769230769 0.6466346153846154 0.004807692307692308 0.004807692307692308
23 0.44711538461538464 0.6442307692307693 0.004807692307692308 0.004807692307692308
29 0.8161057692307693 0.7175480769230769 0.01201923076923077 0.01201923076923077
3 0.41346153846153844 0.6394230769230769 0.004807692307692308 0.004807692307692308
3 0.3425480769230769 0.6262019230769231 0.007211538461538462 0.007211538461538462
3 0.4182692307692308 0.6418269230769231 0.004807692307692308 0.004807692307692308
3 0.4014423076923077 0.6382211538461539 0.004807692307692308 0.002403846153846154
23 0.3918269230769231 0.6418269230769231 0.004807692307692308 0.004807692307692308
23 0.38461538461538464 0.6394230769230769 0.004807692307692308 0.004807692307692308
3 0.4014423076923077 0.6442307692307693 0.004807692307692308 0.004807692307692308
13 0.36177884615384615 0.6358173076923077 0.016826923076923076 0.01201923076923077
23 0.6899038461538461 0.6995192307692307 0.004807692307692308 0.009615384615384616
15 0.34615384615384615 0.6346153846153846 0.004807692307692308 0.009615384615384616
23 0.33413461538461536 0.6322115384615384 0.004807692307692308 0.004807692307692308
23 0.8004807692307693 0.7235576923076923 0.004807692307692308 0.004807692307692308
3 0.46875 0.6586538461538461 0.004807692307692308 0.009615384615384616
3 0.46634615384615385 0.6586538461538461 0.004807692307692308 0.009615384615384616
3 0.47115384615384615 0.6610576923076923 0.004807692307692308 0.009615384615384616
3 0.4519230769230769 0.65625 0.004807692307692308 0.009615384615384616
3 0.47475961538461536 0.6610576923076923 0.007211538461538462 0.009615384615384616
3 0.47596153846153844 0.6610576923076923 0.004807692307692308 0.009615384615384616
3 0.484375 0.6634615384615384 0.007211538461538462 0.009615384615384616
3 0.4495192307692308 0.65625 0.004807692307692308 0.009615384615384616
3 0.3269230769230769 0.6322115384615384 0.004807692307692308 0.009615384615384616
3 0.45552884615384615 0.65625 0.007211538461538462 0.009615384615384616
3 0.4639423076923077 0.6586538461538461 0.004807692307692308 0.009615384615384616
3 0.4807692307692308 0.6610576923076923 0.004807692307692308 0.009615384615384616
3 0.43028846153846156 0.6514423076923077 0.004807692307692308 0.009615384615384616
3 0.4423076923076923 0.6538461538461539 0.004807692307692308 0.009615384615384616
3 0.45913461538461536 0.6586538461538461 0.004807692307692308 0.009615384615384616
3 0.4375 0.6538461538461539 0.004807692307692308 0.009615384615384616
3 0.4326923076923077 0.6514423076923077 0.004807692307692308 0.009615384615384616
3 0.43509615384615385 0.6538461538461539 0.004807692307692308 0.009615384615384616
23 0.3317307692307692 0.6346153846153846 0.004807692307692308 0.004807692307692308
14 0.671875 0.7019230769230769 0.04567307692307692 0.0673076923076923
23 0.6490384615384616 0.6971153846153846 0.004807692307692308 0.004807692307692308
23 0.8257211538461539 0.734375 0.040865384615384616 0.021634615384615384
23 0.6370192307692307 0.6971153846153846 0.004807692307692308 0.004807692307692308
3 0.6105769230769231 0.6923076923076923 0.004807692307692308 0.004807692307692308
23 0.6274038461538461 0.6971153846153846 0.004807692307692308 0.004807692307692308
15 0.3605769230769231 0.6454326923076923 0.009615384615384616 0.007211538461538462
3 0.3701923076923077 0.6466346153846154 0.004807692307692308 0.009615384615384616
3 0.3701923076923077 0.6490384615384616 0.004807692307692308 0.009615384615384616
3 0.37740384615384615 0.6514423076923077 0.004807692307692308 0.009615384615384616
3 0.36538461538461536 0.6490384615384616 0.004807692307692308 0.009615384615384616
3 0.37259615384615385 0.6490384615384616 0.004807692307692308 0.009615384615384616
15 0.5252403846153846 0.6802884615384616 0.03125 0.04326923076923077
22 0.6430288461538461 0.7067307692307693 0.007211538461538462 0.009615384615384616
3 0.3954326923076923 0.6598557692307693 0.016826923076923076 0.021634615384615384
23 0.7115384615384616 0.7211538461538461 0.004807692307692308 0.009615384615384616
3 0.7572115384615384 0.7307692307692307 0.004807692307692308 0.004807692307692308
23 0.7644230769230769 0.7331730769230769 0.004807692307692308 0.004807692307692308
15 0.5540865384615384 0.6959134615384616 0.036057692307692304 0.05048076923076923
23 0.8293269230769231 0.7487980769230769 0.004807692307692308 0.007211538461538462
3 0.7548076923076923 0.7355769230769231 0.004807692307692308 0.004807692307692308
29 0.6262019230769231 0.7115384615384616 0.007211538461538462 0.009615384615384616
22 0.640625 0.7163461538461539 0.007211538461538462 0.009615384615384616
3 0.6177884615384616 0.7139423076923077 0.004807692307692308 0.004807692307692308
23 0.6850961538461539 0.7271634615384616 0.004807692307692308 0.007211538461538462
23 0.7091346153846154 0.7319711538461539 0.004807692307692308 0.007211538461538462
3 0.6899038461538461 0.7283653846153846 0.004807692307692308 0.004807692307692308
3 0.7524038461538461 0.7415865384615384 0.004807692307692308 0.002403846153846154
14 0.7283653846153846 0.7367788461538461 0.038461538461538464 0.03125
23 0.6177884615384616 0.7175480769230769 0.004807692307692308 0.002403846153846154
14 0.7596153846153846 0.7451923076923077 0.014423076923076924 0.02403846153846154
23 0.7524038461538461 0.7451923076923077 0.004807692307692308 0.004807692307692308
23 0.7692307692307693 0.75 0.004807692307692308 0.004807692307692308
23 0.7668269230769231 0.75 0.004807692307692308 0.004807692307692308
7 0.6334134615384616 0.7259615384615384 0.026442307692307692 0.014423076923076924
23 0.6850961538461539 0.7367788461538461 0.004807692307692308 0.007211538461538462
3 0.6826923076923077 0.7355769230769231 0.004807692307692308 0.009615384615384616
3 0.6875 0.7355769230769231 0.004807692307692308 0.009615384615384616
23 0.7427884615384616 0.75 0.004807692307692308 0.009615384615384616
23 0.7091346153846154 0.7427884615384616 0.004807692307692308 0.009615384615384616
23 0.7451923076923077 0.75 0.004807692307692308 0.009615384615384616
3 0.7668269230769231 0.7548076923076923 0.004807692307692308 0.004807692307692308
3 0.7884615384615384 0.7596153846153846 0.004807692307692308 0.004807692307692308
22 0.5853365384615384 0.7211538461538461 0.007211538461538462 0.009615384615384616
3 0.6153846153846154 0.7283653846153846 0.004807692307692308 0.004807692307692308
22 0.5252403846153846 0.7091346153846154 0.007211538461538462 0.009615384615384616
22 0.5324519230769231 0.7115384615384616 0.007211538461538462 0.009615384615384616
23 0.5048076923076923 0.7079326923076923 0.004807692307692308 0.007211538461538462
6 0.3317307692307692 0.6754807692307693 0.04326923076923077 0.07692307692307693
6 0.3641826923076923 0.6826923076923077 0.040865384615384616 0.057692307692307696
3 0.5096153846153846 0.7115384615384616 0.004807692307692308 0.004807692307692308
6 0.44471153846153844 0.703125 0.1346153846153846 0.10336538461538461
3 0.8076923076923077 0.2692307692307692 0.004807692307692308 0.004807692307692308
3 0.9038461538461539 0.28846153846153844 0.004807692307692308 0.004807692307692308
7 0.9134615384615384 0.29086538461538464 0.009615384615384616 0.009615384615384616
23 0.8004807692307693 0.2692307692307692 0.004807692307692308 0.004807692307692308
3 0.7932692307692307 0.2692307692307692 0.004807692307692308 0.004807692307692308
3 0.7860576923076923 0.2692307692307692 0.004807692307692308 0.004807692307692308
3 0.8798076923076923 0.2860576923076923 0.004807692307692308 0.009615384615384616
3 0.8629807692307693 0.28365384615384615 0.004807692307692308 0.009615384615384616
3 0.7740384615384616 0.2668269230769231 0.004807692307692308 0.009615384615384616
23 0.7788461538461539 0.2692307692307692 0.004807692307692308 0.009615384615384616
3 0.8052884615384616 0.27403846153846156 0.004807692307692308 0.004807692307692308
23 0.4543269230769231 0.20673076923076922 0.004807692307692308 0.004807692307692308
3 0.9014423076923077 0.2932692307692308 0.004807692307692308 0.004807692307692308
3 0.4951923076923077 0.21634615384615385 0.004807692307692308 0.004807692307692308
22 0.7151442307692307 0.25721153846153844 0.007211538461538462 0.009615384615384616
3 0.5024038461538461 0.21634615384615385 0.004807692307692308 0.004807692307692308
23 0.7860576923076923 0.27283653846153844 0.004807692307692308 0.002403846153846154
22 0.703125 0.25721153846153844 0.007211538461538462 0.009615384615384616
23 0.7932692307692307 0.27403846153846156 0.004807692307692308 0.004807692307692308
3 0.546875 0.22596153846153846 0.01201923076923077 0.014423076923076924
23 0.53125 0.22355769230769232 0.004807692307692308 0.004807692307692308
3 0.5168269230769231 0.22115384615384615 0.004807692307692308 0.004807692307692308
3 0.5552884615384616 0.23076923076923078 0.004807692307692308 0.009615384615384616
3 0.4519230769230769 0.2091346153846154 0.004807692307692308 0.004807692307692308
22 0.5084134615384616 0.22115384615384615 0.007211538461538462 0.009615384615384616
22 0.5216346153846154 0.22355769230769232 0.009615384615384616 0.009615384615384616
7 0.9110576923076923 0.2980769230769231 0.009615384615384616 0.009615384615384616
3 0.8052884615384616 0.2800480769230769 0.004807692307692308 0.002403846153846154
23 0.90625 0.2980769230769231 0.004807692307692308 0.009615384615384616
23 0.7956730769230769 0.2776442307692308 0.004807692307692308 0.007211538461538462
3 0.8004807692307693 0.27884615384615385 0.004807692307692308 0.009615384615384616
6 0.6262019230769231 0.24639423076923078 0.11298076923076923 0.04567307692307692
3 0.5 0.22115384615384615 0.004807692307692308 0.004807692307692308
3 0.7860576923076923 0.2764423076923077 0.004807692307692308 0.004807692307692308
3 0.49278846153846156 0.22115384615384615 0.004807692307692308 0.004807692307692308
9 0.47716346153846156 0.21754807692307693 0.016826923076923076 0.021634615384615384
23 0.9014423076923077 0.2980769230769231 0.004807692307692308 0.004807692307692308
23 0.5144230769230769 0.22355769230769232 0.004807692307692308 0.004807692307692308
23 0.7908653846153846 0.27884615384615385 0.004807692307692308 0.004807692307692308
3 0.5673076923076923 0.23557692307692307 0.004807692307692308 0.004807692307692308
23 0.8665865384615384 0.2932692307692308 0.007211538461538462 0.009615384615384616
9 0.46153846153846156 0.21514423076923078 0.019230769230769232 0.026442307692307692
15 0.5588942307692307 0.234375 0.007211538461538462 0.007211538461538462
23 0.7788461538461539 0.2764423076923077 0.004807692307692308 0.009615384615384616
3 0.7740384615384616 0.2764423076923077 0.004807692307692308 0.009615384615384616
23 0.7427884615384616 0.27163461538461536 0.004807692307692308 0.004807692307692308
22 0.6887019230769231 0.25961538461538464 0.007211538461538462 0.009615384615384616
3 0.8028846153846154 0.28365384615384615 0.004807692307692308 0.004807692307692308
23 0.4519230769230769 0.21514423076923078 0.004807692307692308 0.002403846153846154
3 0.49278846153846156 0.22355769230769232 0.004807692307692308 0.004807692307692308
23 0.9134615384615384 0.30528846153846156 0.004807692307692308 0.004807692307692308
3 0.5 0.22596153846153846 0.004807692307692308 0.004807692307692308
23 0.7884615384615384 0.2824519230769231 0.004807692307692308 0.002403846153846154
3 0.8990384615384616 0.30288461538461536 0.004807692307692308 0.004807692307692308
23 0.90625 0.30528846153846156 0.004807692307692308 0.004807692307692308
29 0.43149038461538464 0.21394230769230768 0.036057692307692304 0.03365384615384615
3 0.5360576923076923 0.23317307692307693 0.004807692307692308 0.004807692307692308
7 0.8786057692307693 0.3004807692307692 0.007211538461538462 0.014423076923076924
23 0.5072115384615384 0.2283653846153846 0.004807692307692308 0.004807692307692308
3 0.4519230769230769 0.21875 0.004807692307692308 0.004807692307692308
3 0.8028846153846154 0.28846153846153844 0.004807692307692308 0.004807692307692308
23 0.7980769230769231 0.2860576923076923 0.004807692307692308 0.004807692307692308
3 0.5360576923076923 0.23677884615384615 0.004807692307692308 0.002403846153846154
3 0.49278846153846156 0.2283653846153846 0.004807692307692308 0.004807692307692308
23 0.7884615384615384 0.2860576923076923 0.004807692307692308 0.004807692307692308
3 0.9134615384615384 0.31009615384615385 0.004807692307692308 0.004807692307692308
3 0.5072115384615384 0.23317307692307693 0.004807692307692308 0.004807692307692308
7 0.78125 0.28725961538461536 0.009615384615384616 0.007211538461538462
7 0.7716346153846154 0.2860576923076923 0.009615384615384616 0.009615384615384616
23 0.4495192307692308 0.22355769230769232 0.004807692307692308 0.004807692307692308
3 0.859375 0.30288461538461536 0.007211538461538462 0.009615384615384616
22 0.4987980769230769 0.23317307692307693 0.007211538461538462 0.009615384615384616
3 0.8028846153846154 0.2920673076923077 0.004807692307692308 0.002403846153846154
23 0.8978365384615384 0.3125 0.007211538461538462 0.009615384615384616
23 0.9026442307692307 0.3125 0.007211538461538462 0.009615384615384616
23 0.9050480769230769 0.3125 0.007211538461538462 0.009615384615384616
3 0.49038461538461536 0.23317307692307693 0.004807692307692308 0.004807692307692308
3 0.5360576923076923 0.24278846153846154 0.004807692307692308 0.004807692307692308
23 0.5408653846153846 0.24519230769230768 0.004807692307692308 0.004807692307692308
23 0.7956730769230769 0.2932692307692308 0.004807692307692308 0.004807692307692308
23 0.8629807692307693 0.3076923076923077 0.004807692307692308 0.009615384615384616
23 0.7884615384615384 0.2932692307692308 0.004807692307692308 0.004807692307692308
23 0.9110576923076923 0.3173076923076923 0.004807692307692308 0.004807692307692308
3 0.5480769230769231 0.24759615384615385 0.004807692307692308 0.004807692307692308
14 0.8293269230769231 0.3016826923076923 0.057692307692307696 0.06490384615384616
3 0.5048076923076923 0.2403846153846154 0.004807692307692308 0.004807692307692308
23 0.8004807692307693 0.2980769230769231 0.004807692307692308 0.004807692307692308
23 0.7716346153846154 0.29086538461538464 0.004807692307692308 0.004807692307692308
3 0.5336538461538461 0.24519230769230768 0.004807692307692308 0.004807692307692308
3 0.49278846153846156 0.23798076923076922 0.004807692307692308 0.004807692307692308
3 0.5408653846153846 0.24759615384615385 0.004807692307692308 0.004807692307692308
3 0.49759615384615385 0.2403846153846154 0.004807692307692308 0.004807692307692308
3 0.9110576923076923 0.31971153846153844 0.004807692307692308 0.004807692307692308
3 0.5480769230769231 0.25 0.004807692307692308 0.004807692307692308
3 0.7884615384615384 0.2980769230769231 0.004807692307692308 0.004807692307692308
23 0.7932692307692307 0.3004807692307692 0.004807692307692308 0.004807692307692308
23 0.4206730769230769 0.2283653846153846 0.004807692307692308 0.004807692307692308
3 0.8966346153846154 0.31971153846153844 0.004807692307692308 0.004807692307692308
23 0.41346153846153844 0.22596153846153846 0.004807692307692308 0.004807692307692308
23 0.8605769230769231 0.3125 0.004807692307692308 0.004807692307692308
23 0.8004807692307693 0.30288461538461536 0.004807692307692308 0.004807692307692308
3 0.5336538461538461 0.24879807692307693 0.004807692307692308 0.002403846153846154
9 0.46875 0.23798076923076922 0.019230769230769232 0.02403846153846154
23 0.4375 0.23076923076923078 0.004807692307692308 0.004807692307692308
6 0.8834134615384616 0.31971153846153844 0.026442307692307692 0.07211538461538461
3 0.49759615384615385 0.24278846153846154 0.004807692307692308 0.004807692307692308
22 0.6911057692307693 0.28125 0.007211538461538462 0.009615384615384616
3 0.5480769230769231 0.2548076923076923 0.004807692307692308 0.004807692307692308
23 0.9086538461538461 0.3269230769230769 0.004807692307692308 0.004807692307692308
7 0.9026442307692307 0.3245192307692308 0.007211538461538462 0.009615384615384616
22 0.5036057692307693 0.24759615384615385 0.007211538461538462 0.009615384615384616
22 0.6742788461538461 0.28125 0.007211538461538462 0.009615384615384616
23 0.7932692307692307 0.30288461538461536 0.004807692307692308 0.004807692307692308
3 0.7860576923076923 0.30288461538461536 0.004807692307692308 0.004807692307692308
6 0.6189903846153846 0.2692307692307692 0.10817307692307693 0.04326923076923077
22 0.5396634615384616 0.2548076923076923 0.007211538461538462 0.009615384615384616
23 0.8605769230769231 0.3173076923076923 0.004807692307692308 0.004807692307692308
3 0.8966346153846154 0.3245192307692308 0.004807692307692308 0.004807692307692308
14 0.5180288461538461 0.2512019230769231 0.03125 0.05048076923076923
3 0.53125 0.2548076923076923 0.004807692307692308 0.004807692307692308
3 0.4951923076923077 0.24879807692307693 0.004807692307692308 0.002403846153846154
3 0.5456730769230769 0.25961538461538464 0.004807692307692308 0.004807692307692308
22 0.7992788461538461 0.31009615384615385 0.007211538461538462 0.009615384615384616
23 0.9074519230769231 0.33052884615384615 0.007211538461538462 0.007211538461538462
23 0.7752403846153846 0.30528846153846156 0.007211538461538462 0.009615384615384616
23 0.8942307692307693 0.3293269230769231 0.004807692307692308 0.004807692307692308
23 0.8605769230769231 0.3233173076923077 0.004807692307692308 0.002403846153846154
3 0.4951923076923077 0.25240384615384615 0.004807692307692308 0.004807692307692308
23 0.4879807692307692 0.25 0.004807692307692308 0.004807692307692308
6 0.8689903846153846 0.32572115384615385 0.01201923076923077 0.021634615384615384
3 0.5456730769230769 0.2644230769230769 0.004807692307692308 0.004807692307692308
3 0.7788461538461539 0.3076923076923077 0.004807692307692308 0.009615384615384616
3 0.5024038461538461 0.2548076923076923 0.004807692307692308 0.004807692307692308
23 0.9014423076923077 0.3317307692307692 0.004807692307692308 0.004807692307692308
3 0.7908653846153846 0.3125 0.004807692307692308 0.009615384615384616
22 0.6887019230769231 0.2932692307692308 0.007211538461538462 0.009615384615384616
3 0.7860576923076923 0.3125 0.004807692307692308 0.009615384615384616
3 0.53125 0.2620192307692308 0.004807692307692308 0.004807692307692308
23 0.4110576923076923 0.23918269230769232 0.004807692307692308 0.007211538461538462
3 0.7836538461538461 0.31009615384615385 0.004807692307692308 0.009615384615384616
3 0.5625 0.2668269230769231 0.004807692307692308 0.009615384615384616
23 0.41346153846153844 0.2403846153846154 0.004807692307692308 0.009615384615384616
23 0.5384615384615384 0.2644230769230769 0.004807692307692308 0.004807692307692308
23 0.90625 0.33653846153846156 0.004807692307692308 0.004807692307692308
3 0.8581730769230769 0.32572115384615385 0.004807692307692308 0.002403846153846154
3 0.4879807692307692 0.2548076923076923 0.004807692307692308 0.004807692307692308
3 0.5456730769230769 0.2668269230769231 0.004807692307692308 0.004807692307692308
3 0.7956730769230769 0.31490384615384615 0.004807692307692308 0.004807692307692308
3 0.4951923076923077 0.25600961538461536 0.004807692307692308 0.002403846153846154
23 0.5 0.25721153846153844 0.004807692307692308 0.004807692307692308
23 0.8557692307692307 0.3293269230769231 0.004807692307692308 0.009615384615384616
23 0.5384615384615384 0.2668269230769231 0.004807692307692308 0.004807692307692308
3 0.53125 0.2668269230769231 0.004807692307692308 0.004807692307692308
15 0.4483173076923077 0.25240384615384615 0.036057692307692304 0.04326923076923077
23 0.46875 0.2548076923076923 0.004807692307692308 0.009615384615384616
23 0.8581730769230769 0.33052884615384615 0.004807692307692308 0.002403846153846154
3 0.5 0.2620192307692308 0.004807692307692308 0.004807692307692308
23 0.4735576923076923 0.25721153846153844 0.004807692307692308 0.009615384615384616
3 0.5360576923076923 0.27163461538461536 0.004807692307692308 0.004807692307692308
3 0.49278846153846156 0.2644230769230769 0.004807692307692308 0.004807692307692308
3 0.46634615384615385 0.25961538461538464 0.004807692307692308 0.009615384615384616
7 0.9074519230769231 0.34375 0.007211538461538462 0.014423076923076924
3 0.5793269230769231 0.28125 0.004807692307692308 0.004807692307692308
23 0.5288461538461539 0.27163461538461536 0.004807692307692308 0.004807692307692308
23 0.4855769230769231 0.2644230769230769 0.004807692307692308 0.009615384615384616
3 0.4879807692307692 0.2644230769230769 0.004807692307692308 0.009615384615384616
22 0.7884615384615384 0.32211538461538464 0.009615384615384616 0.009615384615384616
23 0.5 0.2668269230769231 0.004807692307692308 0.004807692307692308
23 0.8028846153846154 0.3269230769230769 0.004807692307692308 0.004807692307692308
3 0.5360576923076923 0.2764423076923077 0.004807692307692308 0.004807692307692308
14 0.7115384615384616 0.31009615384615385 0.019230769230769232 0.028846153846153848
29 0.421875 0.2536057692307692 0.026442307692307692 0.04567307692307692
3 0.49278846153846156 0.26802884615384615 0.004807692307692308 0.002403846153846154
3 0.8365384615384616 0.33653846153846156 0.004807692307692308 0.004807692307692308
3 0.5288461538461539 0.2764423076923077 0.004807692307692308 0.004807692307692308
23 0.4675480769230769 0.2644230769230769 0.007211538461538462 0.009615384615384616
3 0.49759615384615385 0.27163461538461536 0.004807692307692308 0.004807692307692308
3 0.8125 0.3317307692307692 0.004807692307692308 0.009615384615384616
3 0.5360576923076923 0.2800480769230769 0.004807692307692308 0.002403846153846154
3 0.47115384615384615 0.2692307692307692 0.004807692307692308 0.009615384615384616
23 0.8221153846153846 0.33774038461538464 0.004807692307692308 0.007211538461538462
3 0.8317307692307693 0.3389423076923077 0.004807692307692308 0.009615384615384616
7 0.8088942307692307 0.33413461538461536 0.007211538461538462 0.009615384615384616
3 0.5288461538461539 0.27884615384615385 0.004807692307692308 0.004807692307692308
23 0.8028846153846154 0.33413461538461536 0.004807692307692308 0.009615384615384616
3 0.8365384615384616 0.34134615384615385 0.004807692307692308 0.004807692307692308
23 0.5336538461538461 0.28365384615384615 0.004807692307692308 0.004807692307692308
22 0.7920673076923077 0.33413461538461536 0.007211538461538462 0.009615384615384616
7 0.9038461538461539 0.3557692307692308 0.004807692307692308 0.009615384615384616
7 0.9110576923076923 0.3581730769230769 0.009615384615384616 0.009615384615384616
3 0.49038461538461536 0.2764423076923077 0.004807692307692308 0.004807692307692308
22 0.5012019230769231 0.28125 0.01201923076923077 0.014423076923076924
22 0.515625 0.28365384615384615 0.007211538461538462 0.009615384615384616
3 0.8149038461538461 0.34375 0.004807692307692308 0.009615384615384616
23 0.5336538461538461 0.28846153846153844 0.004807692307692308 0.004807692307692308
15 0.49399038461538464 0.27884615384615385 0.007211538461538462 0.009615384615384616
22 0.5240384615384616 0.2860576923076923 0.004807692307692308 0.009615384615384616
22 0.5288461538461539 0.2860576923076923 0.004807692307692308 0.009615384615384616
22 0.5216346153846154 0.2860576923076923 0.004807692307692308 0.009615384615384616
3 0.8076923076923077 0.3425480769230769 0.004807692307692308 0.007211538461538462
3 0.8293269230769231 0.34615384615384615 0.004807692307692308 0.009615384615384616
3 0.8100961538461539 0.34375 0.004807692307692308 0.009615384615384616
22 0.5192307692307693 0.28846153846153844 0.004807692307692308 0.009615384615384616
3 0.4879807692307692 0.28125 0.004807692307692308 0.004807692307692308
3 0.5504807692307693 0.2932692307692308 0.004807692307692308 0.004807692307692308
3 0.8185096153846154 0.34615384615384615 0.007211538461538462 0.009615384615384616
3 0.7908653846153846 0.34134615384615385 0.004807692307692308 0.004807692307692308
23 0.46634615384615385 0.2800480769230769 0.004807692307692308 0.007211538461538462
3 0.5336538461538461 0.2932692307692308 0.004807692307692308 0.004807692307692308
3 0.625 0.31009615384615385 0.004807692307692308 0.004807692307692308
23 0.7824519230769231 0.3401442307692308 0.007211538461538462 0.007211538461538462
22 0.5048076923076923 0.28846153846153844 0.004807692307692308 0.004807692307692308
23 0.7956730769230769 0.3449519230769231 0.004807692307692308 0.007211538461538462
3 0.4326923076923077 0.27403846153846156 0.004807692307692308 0.009615384615384616
7 0.8617788461538461 0.35697115384615385 0.007211538461538462 0.01201923076923077
3 0.43028846153846156 0.27403846153846156 0.004807692307692308 0.009615384615384616
23 0.4375 0.27403846153846156 0.004807692307692308 0.009615384615384616
3 0.7115384615384616 0.328125 0.004807692307692308 0.007211538461538462
3 0.7067307692307693 0.3269230769230769 0.004807692307692308 0.009615384615384616
22 0.5144230769230769 0.29086538461538464 0.004807692307692308 0.004807692307692308
3 0.7980769230769231 0.34615384615384615 0.004807692307692308 0.009615384615384616
22 0.8329326923076923 0.35336538461538464 0.007211538461538462 0.009615384615384616
23 0.8569711538461539 0.3581730769230769 0.007211538461538462 0.009615384615384616
3 0.8197115384615384 0.35336538461538464 0.004807692307692308 0.009615384615384616
23 0.8942307692307693 0.36658653846153844 0.004807692307692308 0.007211538461538462
3 0.8245192307692307 0.3545673076923077 0.004807692307692308 0.007211538461538462
14 0.4879807692307692 0.28846153846153844 0.009615384615384616 0.009615384615384616
22 0.5240384615384616 0.2980769230769231 0.004807692307692308 0.004807692307692308
22 0.5144230769230769 0.2956730769230769 0.004807692307692308 0.004807692307692308
7 0.578125 0.3076923076923077 0.026442307692307692 0.014423076923076924
23 0.5036057692307693 0.29447115384615385 0.007211538461538462 0.007211538461538462
23 0.8894230769230769 0.3713942307692308 0.004807692307692308 0.007211538461538462
23 0.7439903846153846 0.34134615384615385 0.007211538461538462 0.009615384615384616
23 0.7403846153846154 0.34134615384615385 0.004807692307692308 0.009615384615384616
23 0.41346153846153844 0.27884615384615385 0.004807692307692308 0.004807692307692308
3 0.49038461538461536 0.2956730769230769 0.004807692307692308 0.004807692307692308
23 0.5048076923076923 0.3004807692307692 0.004807692307692308 0.004807692307692308
23 0.5288461538461539 0.30528846153846156 0.004807692307692308 0.004807692307692308
23 0.5384615384615384 0.3076923076923077 0.004807692307692308 0.004807692307692308
3 0.41346153846153844 0.28365384615384615 0.004807692307692308 0.004807692307692308
23 0.8557692307692307 0.3701923076923077 0.004807692307692308 0.009615384615384616