6 0.44471153846153844 0.5637019230769231 0.0625 0.10336538461538461
6 0.43509615384615385 0.6670673076923077 0.07211538461538461 0.10817307692307693
6 0.42427884615384615 0.7944711538461539 0.06009615384615385 0.06490384615384616
6 0.43990384615384615 0.7415865384615384 0.0625 0.03125
3 0.4879807692307692 0.5949519230769231 0.019230769230769232 0.01201923076923077
3 0.4855769230769231 0.6045673076923077 0.014423076923076924 0.01201923076923077
14 0.47716346153846156 0.6899038461538461 0.03125 0.019230769230769232
3 0.47836538461538464 0.7175480769230769 0.019230769230769232 0.007211538461538462
13 0.47115384615384615 0.7800480769230769 0.009615384615384616 0.007211538461538462
13 0.47115384615384615 0.7704326923076923 0.009615384615384616 0.007211538461538462
3 0.47836538461538464 0.7271634615384616 0.019230769230769232 0.01201923076923077
13 0.47475961538461536 0.7608173076923077 0.01201923076923077 0.007211538461538462
6 0.5240384615384616 0.47836538461538464 0.19230769230769232 0.11057692307692307
14 0.48197115384615385 0.7944711538461539 0.016826923076923076 0.016826923076923076
14 0.5276442307692307 0.6430288461538461 0.016826923076923076 0.016826923076923076
3 0.5240384615384616 0.7103365384615384 0.019230769230769232 0.016826923076923076
14 0.5348557692307693 0.6742788461538461 0.05048076923076923 0.026442307692307692
3 0.5528846153846154 0.6081730769230769 0.02403846153846154 0.014423076923076924
14 0.5504807692307693 0.6478365384615384 0.014423076923076924 0.01201923076923077
3 0.5456730769230769 0.7007211538461539 0.019230769230769232 0.01201923076923077
3 0.546875 0.7283653846153846 0.021634615384615384 0.014423076923076924
3 0.5444711538461539 0.7415865384615384 0.026442307692307692 0.016826923076923076
3 0.5516826923076923 0.7151442307692307 0.026442307692307692 0.016826923076923076
3 0.5757211538461539 0.6622596153846154 0.021634615384615384 0.016826923076923076
6 0.6177884615384616 0.42908653846153844 0.02403846153846154 0.01201923076923077
3 0.5925480769230769 0.6201923076923077 0.021634615384615384 0.014423076923076924
29 0.6033653846153846 0.65625 0.03365384615384615 0.03365384615384615
14 0.6237980769230769 0.5528846153846154 0.03125 0.019230769230769232
3 0.6165865384615384 0.6237980769230769 0.016826923076923076 0.01201923076923077
29 0.6237980769230769 0.5877403846153846 0.016826923076923076 0.021634615384615384
3 0.6153846153846154 0.6814903846153846 0.019230769230769232 0.01201923076923077
3 0.6021634615384616 0.8401442307692307 0.021634615384615384 0.016826923076923076
3 0.6045673076923077 0.828125 0.016826923076923076 0.01201923076923077
29 0.6358173076923077 0.609375 0.021634615384615384 0.021634615384615384
14 0.6225961538461539 0.7295673076923077 0.10576923076923077 0.07451923076923077
3 0.6418269230769231 0.5973557692307693 0.014423076923076924 0.007211538461538462
3 0.6454326923076923 0.5865384615384616 0.021634615384615384 0.014423076923076924
3 0.6418269230769231 0.6286057692307693 0.019230769230769232 0.01201923076923077
6 0.671875 0.43509615384615385 0.07451923076923077 0.019230769230769232
3 0.6634615384615384 0.5300480769230769 0.014423076923076924 0.01201923076923077
3 0.6237980769230769 0.8317307692307693 0.016826923076923076 0.014423076923076924
3 0.65625 0.6165865384615384 0.019230769230769232 0.01201923076923077
3 0.671875 0.5012019230769231 0.016826923076923076 0.01201923076923077
3 0.6610576923076923 0.6045673076923077 0.014423076923076924 0.01201923076923077
14 0.6346153846153846 0.8040865384615384 0.0673076923076923 0.040865384615384616
29 0.6706730769230769 0.5612980769230769 0.009615384615384616 0.007211538461538462
14 0.6574519230769231 0.671875 0.04567307692307692 0.03125
3 0.6790865384615384 0.5324519230769231 0.01201923076923077 0.01201923076923077
3 0.6694711538461539 0.5889423076923077 0.021634615384615384 0.014423076923076924
3 0.6706730769230769 0.6009615384615384 0.004807692307692308 0.004807692307692308
3 0.6694711538461539 0.6322115384615384 0.021634615384615384 0.014423076923076924
3 0.6826923076923077 0.5456730769230769 0.014423076923076924 0.009615384615384616
3 0.6790865384615384 0.6045673076923077 0.01201923076923077 0.01201923076923077
3 0.6802884615384616 0.6213942307692307 0.014423076923076924 0.01201923076923077
3 0.6850961538461539 0.5985576923076923 0.009615384615384616 0.004807692307692308
3 0.6995192307692307 0.5180288461538461 0.009615384615384616 0.007211538461538462
3 0.7079326923076923 0.5108173076923077 0.007211538461538462 0.002403846153846154
3 0.7079326923076923 0.5372596153846154 0.026442307692307692 0.016826923076923076
3 0.7079326923076923 0.5504807692307693 0.026442307692307692 0.014423076923076924
3 0.7175480769230769 0.5204326923076923 0.01201923076923077 0.01201923076923077
3 0.7271634615384616 0.4891826923076923 0.021634615384615384 0.016826923076923076
3 0.7331730769230769 0.5216346153846154 0.004807692307692308 0.004807692307692308
3 0.7331730769230769 0.5300480769230769 0.014423076923076924 0.01201923076923077
3 0.7295673076923077 0.5685096153846154 0.021634615384615384 0.016826923076923076
3 0.7295673076923077 0.5973557692307693 0.021634615384615384 0.016826923076923076
3 0.7331730769230769 0.5829326923076923 0.014423076923076924 0.01201923076923077
3 0.7355769230769231 0.6334134615384616 0.019230769230769232 0.01201923076923077
3 0.7512019230769231 0.53125 0.007211538461538462 0.004807692307692308
3 0.7487980769230769 0.5564903846153846 0.007211538461538462 0.002403846153846154
3 0.7644230769230769 0.47475961538461536 0.02403846153846154 0.01201923076923077
6 0.7752403846153846 0.44711538461538464 0.040865384615384616 0.014423076923076924
3 0.7584134615384616 0.6021634615384616 0.021634615384615384 0.016826923076923076
14 0.7512019230769231 0.703125 0.021634615384615384 0.016826923076923076
3 0.7848557692307693 0.6069711538461539 0.021634615384615384 0.016826923076923076
3 0.7836538461538461 0.6706730769230769 0.014423076923076924 0.009615384615384616
3 0.7776442307692307 0.7427884615384616 0.021634615384615384 0.014423076923076924
6 0.7908653846153846 0.8161057692307693 0.02403846153846154 0.04567307692307692
6 0.8461538461538461 0.5204326923076923 0.028846153846153848 0.040865384615384616
6 0.8425480769230769 0.5516826923076923 0.021634615384615384 0.016826923076923076
6 0.8329326923076923 0.6310096153846154 0.03125 0.05048076923076923
6 0.8112980769230769 0.8173076923076923 0.026442307692307692 0.04807692307692308