23 0.7115384615384616 0.4266826923076923 0.014423076923076924 0.007211538461538462
6 0.6911057692307693 0.5324519230769231 0.055288461538461536 0.20432692307692307
23 0.7355769230769231 0.2608173076923077 0.009615384615384616 0.007211538461538462
23 0.7331730769230769 0.2704326923076923 0.009615384615384616 0.007211538461538462
23 0.7355769230769231 0.25600961538461536 0.009615384615384616 0.007211538461538462
23 0.7355769230769231 0.265625 0.009615384615384616 0.007211538461538462
6 0.6646634615384616 0.4807692307692308 0.036057692307692304 0.10576923076923077
14 0.6814903846153846 0.38461538461538464 0.09375 0.07211538461538461
6 0.6466346153846154 0.578125 0.038461538461538464 0.09375
14 0.6778846153846154 0.3076923076923077 0.07692307692307693 0.04807692307692308
14 0.6875 0.2536057692307692 0.07692307692307693 0.05048076923076923
23 0.6237980769230769 0.5661057692307693 0.03125 0.07451923076923077
6 0.640625 0.47716346153846156 0.040865384615384616 0.10817307692307693
23 0.6153846153846154 0.6141826923076923 0.009615384615384616 0.007211538461538462
3 0.6129807692307693 0.6189903846153846 0.009615384615384616 0.007211538461538462
23 0.6153846153846154 0.6117788461538461 0.009615384615384616 0.007211538461538462
15 0.5913461538461539 0.6694711538461539 0.03365384615384615 0.01201923076923077
3 0.5913461538461539 0.6622596153846154 0.009615384615384616 0.007211538461538462
3 0.6009615384615384 0.609375 0.009615384615384616 0.007211538461538462
23 0.5985576923076923 0.6165865384615384 0.014423076923076924 0.007211538461538462
23 0.5997596153846154 0.6141826923076923 0.01201923076923077 0.007211538461538462
23 0.6286057692307693 0.44350961538461536 0.01201923076923077 0.007211538461538462
23 0.6225961538461539 0.4675480769230769 0.009615384615384616 0.007211538461538462
23 0.6262019230769231 0.453125 0.01201923076923077 0.007211538461538462
23 0.625 0.46274038461538464 0.009615384615384616 0.007211538461538462
23 0.6225961538461539 0.4723557692307692 0.009615384615384616 0.007211538461538462
23 0.625 0.45552884615384615 0.009615384615384616 0.007211538461538462
23 0.6274038461538461 0.4483173076923077 0.009615384615384616 0.007211538461538462
23 0.6274038461538461 0.4387019230769231 0.009615384615384616 0.007211538461538462
23 0.6201923076923077 0.47716346153846156 0.009615384615384616 0.007211538461538462
3 0.6081730769230769 0.5444711538461539 0.009615384615384616 0.007211538461538462
3 0.6117788461538461 0.5252403846153846 0.01201923076923077 0.007211538461538462
3 0.6105769230769231 0.5300480769230769 0.009615384615384616 0.007211538461538462
3 0.6069711538461539 0.5540865384615384 0.01201923076923077 0.007211538461538462
3 0.6081730769230769 0.5396634615384616 0.009615384615384616 0.007211538461538462
3 0.609375 0.5348557692307693 0.01201923076923077 0.007211538461538462
3 0.6069711538461539 0.5492788461538461 0.01201923076923077 0.007211538461538462
3 0.6057692307692307 0.5564903846153846 0.009615384615384616 0.007211538461538462
3 0.6009615384615384 0.5757211538461539 0.009615384615384616 0.007211538461538462
3 0.6033653846153846 0.5612980769230769 0.009615384615384616 0.007211538461538462
3 0.6009615384615384 0.5805288461538461 0.009615384615384616 0.007211538461538462
3 0.6033653846153846 0.5661057692307693 0.009615384615384616 0.007211538461538462
3 0.6021634615384616 0.5709134615384616 0.01201923076923077 0.007211538461538462
3 0.6009615384615384 0.5853365384615384 0.009615384615384616 0.007211538461538462
3 0.5985576923076923 0.5925480769230769 0.009615384615384616 0.007211538461538462
3 0.5985576923076923 0.5877403846153846 0.009615384615384616 0.007211538461538462
7 0.6201923076923077 0.421875 0.014423076923076924 0.007211538461538462
7 0.6201923076923077 0.4266826923076923 0.014423076923076924 0.007211538461538462
23 0.6117788461538461 0.44591346153846156 0.01201923076923077 0.007211538461538462
23 0.6141826923076923 0.4338942307692308 0.01201923076923077 0.007211538461538462
23 0.5757211538461539 0.6598557692307693 0.01201923076923077 0.007211538461538462
23 0.6225961538461539 0.3858173076923077 0.009615384615384616 0.007211538461538462
23 0.6117788461538461 0.4387019230769231 0.016826923076923076 0.007211538461538462
23 0.6430288461538461 0.2439903846153846 0.01201923076923077 0.007211538461538462
23 0.6141826923076923 0.390625 0.01201923076923077 0.007211538461538462
22 0.6177884615384616 0.36658653846153844 0.014423076923076924 0.036057692307692304
6 0.5841346153846154 0.5300480769230769 0.04807692307692308 0.15625
23 0.5985576923076923 0.44591346153846156 0.009615384615384616 0.007211538461538462
22 0.609375 0.36778846153846156 0.01201923076923077 0.03365384615384615
23 0.6057692307692307 0.38822115384615385 0.009615384615384616 0.007211538461538462
23 0.5853365384615384 0.4411057692307692 0.01201923076923077 0.007211538461538462
23 0.5841346153846154 0.4387019230769231 0.009615384615384616 0.007211538461538462
23 0.5841346153846154 0.4338942307692308 0.009615384615384616 0.007211538461538462
14 0.5456730769230769 0.6201923076923077 0.038461538461538464 0.03365384615384615
23 0.5805288461538461 0.42427884615384615 0.01201923076923077 0.007211538461538462
6 0.6009615384615384 0.3125 0.052884615384615384 0.1971153846153846
23 0.5697115384615384 0.4387019230769231 0.009615384615384616 0.007211538461538462
23 0.5697115384615384 0.4338942307692308 0.009615384615384616 0.007211538461538462
7 0.5288461538461539 0.6514423076923077 0.028846153846153848 0.009615384615384616
16 0.5288461538461539 0.65625 0.028846153846153848 0.009615384615384616
23 0.5685096153846154 0.36899038461538464 0.01201923076923077 0.007211538461538462
23 0.5685096153846154 0.3641826923076923 0.01201923076923077 0.007211538461538462
23 0.5552884615384616 0.43149038461538464 0.009615384615384616 0.007211538461538462
23 0.5552884615384616 0.4362980769230769 0.009615384615384616 0.007211538461538462
9 0.5865384615384616 0.23798076923076922 0.02403846153846154 0.02403846153846154
23 0.5673076923076923 0.3161057692307692 0.009615384615384616 0.007211538461538462
23 0.5673076923076923 0.32572115384615385 0.009615384615384616 0.007211538461538462
23 0.5673076923076923 0.32091346153846156 0.009615384615384616 0.007211538461538462
23 0.5697115384615384 0.30408653846153844 0.009615384615384616 0.007211538461538462
23 0.5697115384615384 0.3016826923076923 0.009615384615384616 0.007211538461538462
23 0.5697115384615384 0.3088942307692308 0.009615384615384616 0.007211538461538462
23 0.5673076923076923 0.3112980769230769 0.009615384615384616 0.007211538461538462
6 0.5300480769230769 0.5216346153846154 0.04567307692307692 0.15384615384615385
23 0.5625 0.3329326923076923 0.004807692307692308 0.007211538461538462
3 0.5829326923076923 0.21754807692307693 0.01201923076923077 0.007211538461538462
23 0.5829326923076923 0.2127403846153846 0.01201923076923077 0.007211538461538462
23 0.5480769230769231 0.4074519230769231 0.009615384615384616 0.007211538461538462
15 0.5661057692307693 0.27524038461538464 0.016826923076923076 0.021634615384615384
23 0.5625 0.29447115384615385 0.009615384615384616 0.007211538461538462
23 0.5552884615384616 0.3329326923076923 0.009615384615384616 0.007211538461538462
23 0.5456730769230769 0.3545673076923077 0.009615384615384616 0.007211538461538462
23 0.5180288461538461 0.48677884615384615 0.01201923076923077 0.007211538461538462
23 0.5180288461538461 0.4723557692307692 0.01201923076923077 0.007211538461538462
22 0.5024038461538461 0.5685096153846154 0.014423076923076924 0.036057692307692304
23 0.5432692307692307 0.33052884615384615 0.009615384615384616 0.007211538461538462
23 0.5528846153846154 0.2776442307692308 0.009615384615384616 0.007211538461538462
23 0.5096153846153846 0.5132211538461539 0.009615384615384616 0.007211538461538462
3 0.5504807692307693 0.2848557692307692 0.009615384615384616 0.007211538461538462
23 0.5192307692307693 0.45552884615384615 0.009615384615384616 0.007211538461538462
23 0.5204326923076923 0.4483173076923077 0.01201923076923077 0.007211538461538462
14 0.5432692307692307 0.3125 0.03365384615384615 0.038461538461538464
14 0.4891826923076923 0.6201923076923077 0.06009615384615385 0.057692307692307696
22 0.4807692307692308 0.6490384615384616 0.052884615384615384 0.014423076923076924
23 0.5024038461538461 0.5300480769230769 0.009615384615384616 0.007211538461538462
23 0.5336538461538461 0.3545673076923077 0.009615384615384616 0.007211538461538462
23 0.5264423076923077 0.3641826923076923 0.009615384615384616 0.007211538461538462
23 0.49399038461538464 0.5396634615384616 0.01201923076923077 0.007211538461538462
23 0.49038461538461536 0.5637019230769231 0.009615384615384616 0.007211538461538462
23 0.49278846153846156 0.546875 0.009615384615384616 0.007211538461538462
23 0.49038461538461536 0.5685096153846154 0.009615384615384616 0.007211538461538462
23 0.49158653846153844 0.5588942307692307 0.01201923076923077 0.007211538461538462
23 0.4951923076923077 0.5444711538461539 0.009615384615384616 0.007211538461538462
23 0.4879807692307692 0.578125 0.009615384615384616 0.007211538461538462
23 0.4879807692307692 0.5733173076923077 0.009615384615384616 0.007211538461538462
23 0.546875 0.2127403846153846 0.01201923076923077 0.007211538461538462
23 0.5240384615384616 0.33533653846153844 0.009615384615384616 0.007211538461538462
9 0.5444711538461539 0.22596153846153846 0.026442307692307692 0.02403846153846154
23 0.5456730769230769 0.21754807692307693 0.009615384615384616 0.007211538461538462
23 0.5264423076923077 0.33052884615384615 0.009615384615384616 0.007211538461538462
3 0.5264423076923077 0.328125 0.009615384615384616 0.007211538461538462
9 0.5384615384615384 0.24879807692307693 0.028846153846153848 0.026442307692307692
23 0.5168269230769231 0.35697115384615385 0.009615384615384616 0.007211538461538462
23 0.5144230769230769 0.36177884615384615 0.009615384615384616 0.007211538461538462
9 0.515625 0.3425480769230769 0.021634615384615384 0.016826923076923076
23 0.5192307692307693 0.29447115384615385 0.009615384615384616 0.007211538461538462
23 0.5216346153846154 0.2800480769230769 0.009615384615384616 0.007211538461538462
23 0.5228365384615384 0.2704326923076923 0.01201923076923077 0.007211538461538462
23 0.5216346153846154 0.27524038461538464 0.009615384615384616 0.007211538461538462
23 0.5192307692307693 0.2848557692307692 0.009615384615384616 0.007211538461538462
23 0.5168269230769231 0.30408653846153844 0.009615384615384616 0.007211538461538462
23 0.5144230769230769 0.3112980769230769 0.009615384615384616 0.007211538461538462
23 0.5144230769230769 0.32091346153846156 0.009615384615384616 0.007211538461538462
23 0.5168269230769231 0.30649038461538464 0.009615384615384616 0.007211538461538462
23 0.5084134615384616 0.3557692307692308 0.007211538461538462 0.009615384615384616
23 0.5144230769230769 0.3161057692307692 0.009615384615384616 0.007211538461538462
6 0.47836538461538464 0.5108173076923077 0.04807692307692308 0.15625
29 0.45072115384615385 0.5997596153846154 0.021634615384615384 0.01201923076923077
14 0.4879807692307692 0.3918269230769231 0.09615384615384616 0.07211538461538461
15 0.43509615384615385 0.6262019230769231 0.019230769230769232 0.007211538461538462
15 0.43028846153846156 0.6382211538461539 0.019230769230769232 0.007211538461538462
15 0.4326923076923077 0.6334134615384616 0.019230769230769232 0.007211538461538462
29 0.42908653846153844 0.5973557692307693 0.021634615384615384 0.01201923076923077
3 0.4206730769230769 0.6165865384615384 0.009615384615384616 0.007211538461538462
3 0.42788461538461536 0.5204326923076923 0.009615384615384616 0.007211538461538462
23 0.41466346153846156 0.5877403846153846 0.01201923076923077 0.007211538461538462
23 0.41346153846153844 0.5973557692307693 0.009615384615384616 0.007211538461538462
23 0.40625 0.6165865384615384 0.009615384615384616 0.007211538461538462
23 0.4074519230769231 0.6117788461538461 0.01201923076923077 0.007211538461538462
23 0.40384615384615385 0.5853365384615384 0.009615384615384616 0.007211538461538462
23 0.4014423076923077 0.5901442307692307 0.009615384615384616 0.007211538461538462
23 0.4014423076923077 0.5925480769230769 0.009615384615384616 0.007211538461538462
23 0.39663461538461536 0.6045673076923077 0.009615384615384616 0.007211538461538462
23 0.3894230769230769 0.5901442307692307 0.009615384615384616 0.007211538461538462
14 0.43028846153846156 0.27283653846153844 0.1875 0.1466346153846154
6 0.44471153846153844 0.1935096153846154 0.18269230769230768 0.06971153846153846
6 0.44350961538461536 0.19230769230769232 0.1658653846153846 0.052884615384615384
23 0.41225961538461536 0.3401442307692308 0.01201923076923077 0.007211538461538462
6 0.3894230769230769 0.47716346153846156 0.0625 0.24759615384615385
23 0.3870192307692308 0.36177884615384615 0.014423076923076924 0.007211538461538462
23 0.3858173076923077 0.3713942307692308 0.01201923076923077 0.007211538461538462
23 0.38461538461538464 0.3786057692307692 0.014423076923076924 0.007211538461538462
23 0.38221153846153844 0.38100961538461536 0.014423076923076924 0.007211538461538462
23 0.3870192307692308 0.35697115384615385 0.009615384615384616 0.007211538461538462
23 0.38461538461538464 0.36658653846153844 0.014423076923076924 0.007211538461538462
23 0.3737980769230769 0.4338942307692308 0.01201923076923077 0.007211538461538462
23 0.38100961538461536 0.39302884615384615 0.01201923076923077 0.007211538461538462
23 0.3786057692307692 0.39783653846153844 0.01201923076923077 0.007211538461538462
23 0.3737980769230769 0.41947115384615385 0.01201923076923077 0.007211538461538462
23 0.3737980769230769 0.42908653846153844 0.01201923076923077 0.007211538461538462
3 0.36538461538461536 0.47475961538461536 0.009615384615384616 0.007211538461538462
23 0.36538461538461536 0.4699519230769231 0.009615384615384616 0.007211538461538462
23 0.36538461538461536 0.4651442307692308 0.009615384615384616 0.007211538461538462
23 0.36538461538461536 0.46033653846153844 0.009615384615384616 0.007211538461538462
23 0.375 0.33533653846153844 0.009615384615384616 0.007211538461538462
6 0.33653846153846156 0.4675480769230769 0.0625 0.24759615384615385
9 0.3425480769230769 0.3317307692307692 0.03125 0.019230769230769232
23 0.2956730769230769 0.5757211538461539 0.009615384615384616 0.007211538461538462
3 0.3076923076923077 0.47475961538461536 0.009615384615384616 0.007211538461538462
23 0.3245192307692308 0.35216346153846156 0.009615384615384616 0.007211538461538462
7 0.3173076923076923 0.38221153846153844 0.009615384615384616 0.009615384615384616
15 0.33653846153846156 0.2536057692307692 0.02403846153846154 0.026442307692307692
23 0.34375 0.19591346153846154 0.009615384615384616 0.007211538461538462
23 0.3425480769230769 0.19831730769230768 0.01201923076923077 0.007211538461538462
23 0.33653846153846156 0.23197115384615385 0.009615384615384616 0.007211538461538462
9 0.3449519230769231 0.18389423076923078 0.021634615384615384 0.016826923076923076
23 0.3425480769230769 0.203125 0.01201923076923077 0.007211538461538462
9 0.33653846153846156 0.23798076923076922 0.014423076923076924 0.009615384615384616
23 0.33653846153846156 0.22716346153846154 0.009615384615384616 0.007211538461538462
23 0.33653846153846156 0.22235576923076922 0.014423076923076924 0.007211538461538462
23 0.3269230769230769 0.27524038461538464 0.009615384615384616 0.007211538461538462
7 0.31850961538461536 0.32572115384615385 0.01201923076923077 0.021634615384615384
23 0.3173076923076923 0.3112980769230769 0.014423076923076924 0.007211538461538462
7 0.3076923076923077 0.3233173076923077 0.014423076923076924 0.026442307692307692
6 0.28125 0.453125 0.0673076923076923 0.24759615384615385
23 0.30528846153846156 0.3088942307692308 0.009615384615384616 0.007211538461538462
23 0.3269230769230769 0.17668269230769232 0.009615384615384616 0.007211538461538462
23 0.328125 0.171875 0.01201923076923077 0.007211538461538462
3 0.3245192307692308 0.1814903846153846 0.009615384615384616 0.007211538461538462
7 0.296875 0.32091346153846156 0.01201923076923077 0.021634615384615384
23 0.27403846153846156 0.3954326923076923 0.014423076923076924 0.007211538461538462
23 0.27163461538461536 0.4098557692307692 0.014423076923076924 0.007211538461538462
29 0.3076923076923077 0.16706730769230768 0.019230769230769232 0.01201923076923077
29 0.30649038461538464 0.17668269230769232 0.016826923076923076 0.01201923076923077
23 0.24158653846153846 0.5036057692307693 0.01201923076923077 0.007211538461538462
23 0.23798076923076922 0.515625 0.009615384615384616 0.007211538461538462
23 0.24278846153846154 0.4963942307692308 0.009615384615384616 0.007211538461538462
23 0.23677884615384615 0.5228365384615384 0.01201923076923077 0.007211538461538462
23 0.2403846153846154 0.5084134615384616 0.009615384615384616 0.007211538461538462
23 0.22235576923076922 0.6021634615384616 0.01201923076923077 0.007211538461538462
23 0.2860576923076923 0.16947115384615385 0.014423076923076924 0.007211538461538462
23 0.2860576923076923 0.17668269230769232 0.009615384615384616 0.007211538461538462
23 0.2620192307692308 0.3161057692307692 0.009615384615384616 0.007211538461538462
23 0.28846153846153844 0.16466346153846154 0.014423076923076924 0.007211538461538462
6 0.2247596153846154 0.44591346153846156 0.06490384615384616 0.24759615384615385
16 0.24879807692307693 0.3112980769230769 0.01201923076923077 0.021634615384615384
23 0.8269230769230769 0.2824519230769231 0.009615384615384616 0.007211538461538462
22 0.8100961538461539 0.3713942307692308 0.014423076923076924 0.036057692307692304
23 0.8245192307692307 0.296875 0.009615384615384616 0.007211538461538462
6 0.7728365384615384 0.546875 0.055288461538461536 0.20432692307692307
22 0.8040865384615384 0.3713942307692308 0.016826923076923076 0.036057692307692304
22 0.7956730769230769 0.4098557692307692 0.014423076923076924 0.036057692307692304
22 0.7944711538461539 0.36899038461538464 0.01201923076923077 0.036057692307692304
22 0.7848557692307693 0.4074519230769231 0.016826923076923076 0.036057692307692304
6 0.7439903846153846 0.5408653846153846 0.055288461538461536 0.20673076923076922
23 0.7908653846153846 0.2536057692307692 0.009615384615384616 0.007211538461538462
15 0.7151442307692307 0.6790865384615384 0.01201923076923077 0.021634615384615384
14 0.7764423076923077 0.3233173076923077 0.07211538461538461 0.05048076923076923
23 0.7572115384615384 0.42427884615384615 0.009615384615384616 0.007211538461538462
14 0.7848557692307693 0.2764423076923077 0.07451923076923077 0.04807692307692308
23 0.7548076923076923 0.42908653846153844 0.009615384615384616 0.007211538461538462
14 0.7572115384615384 0.37740384615384615 0.038461538461538464 0.028846153846153848
14 0.7524038461538461 0.40384615384615385 0.03365384615384615 0.028846153846153848
6 0.7019230769230769 0.6550480769230769 0.12980769230769232 0.040865384615384616
6 0.71875 0.5360576923076923 0.052884615384615384 0.20673076923076922