23 0.39903846153846156 0.5396634615384616 0.009615384615384616 0.002403846153846154
23 0.39903846153846156 0.5432692307692307 0.009615384615384616 0.004807692307692308
23 0.39663461538461536 0.5492788461538461 0.009615384615384616 0.002403846153846154
7 0.39663461538461536 0.5564903846153846 0.009615384615384616 0.007211538461538462
23 0.39663461538461536 0.5661057692307693 0.009615384615384616 0.002403846153846154
23 0.39663461538461536 0.5516826923076923 0.009615384615384616 0.002403846153846154
3 0.39663461538461536 0.5637019230769231 0.009615384615384616 0.002403846153846154
7 0.3942307692307692 0.578125 0.009615384615384616 0.007211538461538462
3 0.39663461538461536 0.5709134615384616 0.009615384615384616 0.007211538461538462
3 0.3942307692307692 0.5877403846153846 0.009615384615384616 0.002403846153846154
7 0.3942307692307692 0.5925480769230769 0.009615384615384616 0.007211538461538462
23 0.3942307692307692 0.5997596153846154 0.009615384615384616 0.002403846153846154
23 0.3918269230769231 0.6021634615384616 0.009615384615384616 0.002403846153846154
23 0.39663461538461536 0.5853365384615384 0.009615384615384616 0.002403846153846154
28 0.41225961538461536 0.47836538461538464 0.05048076923076923 0.04326923076923077
28 0.3954326923076923 0.6754807692307693 0.05048076923076923 0.04807692307692308
3 0.4182692307692308 0.44591346153846156 0.019230769230769232 0.007211538461538462
3 0.39783653846153844 0.7055288461538461 0.016826923076923076 0.007211538461538462
7 0.4110576923076923 0.5588942307692307 0.009615384615384616 0.007211538461538462
23 0.4110576923076923 0.5492788461538461 0.009615384615384616 0.002403846153846154
3 0.4110576923076923 0.5637019230769231 0.009615384615384616 0.002403846153846154
7 0.40865384615384615 0.5805288461538461 0.009615384615384616 0.007211538461538462
23 0.4110576923076923 0.5540865384615384 0.009615384615384616 0.002403846153846154
7 0.4110576923076923 0.5733173076923077 0.009615384615384616 0.007211538461538462
3 0.40865384615384615 0.5901442307692307 0.009615384615384616 0.002403846153846154
23 0.40865384615384615 0.5997596153846154 0.009615384615384616 0.002403846153846154
23 0.4110576923076923 0.5661057692307693 0.009615384615384616 0.002403846153846154
23 0.40865384615384615 0.5853365384615384 0.009615384615384616 0.002403846153846154
7 0.40865384615384615 0.5949519230769231 0.009615384615384616 0.007211538461538462
23 0.40625 0.6045673076923077 0.009615384615384616 0.002403846153846154
3 0.40625 0.6129807692307693 0.009615384615384616 0.004807692307692308
14 0.4074519230769231 0.6262019230769231 0.016826923076923076 0.016826923076923076
6 0.4026442307692308 0.7283653846153846 0.026442307692307692 0.02403846153846154
3 0.4254807692307692 0.5384615384615384 0.009615384615384616 0.004807692307692308
7 0.4206730769230769 0.5805288461538461 0.009615384615384616 0.007211538461538462
23 0.4230769230769231 0.5504807692307693 0.009615384615384616 0.004807692307692308
23 0.4230769230769231 0.5540865384615384 0.009615384615384616 0.002403846153846154
7 0.4230769230769231 0.5588942307692307 0.009615384615384616 0.007211538461538462
3 0.4230769230769231 0.5637019230769231 0.009615384615384616 0.002403846153846154
23 0.4230769230769231 0.5685096153846154 0.009615384615384616 0.002403846153846154
23 0.4230769230769231 0.5877403846153846 0.009615384615384616 0.002403846153846154
3 0.4206730769230769 0.5901442307692307 0.009615384615384616 0.002403846153846154
7 0.4230769230769231 0.5733173076923077 0.009615384615384616 0.007211538461538462
7 0.4206730769230769 0.5949519230769231 0.009615384615384616 0.007211538461538462
23 0.4206730769230769 0.6021634615384616 0.009615384615384616 0.002403846153846154
23 0.4206730769230769 0.6045673076923077 0.009615384615384616 0.002403846153846154
14 0.42788461538461536 0.5288461538461539 0.014423076923076924 0.014423076923076924
23 0.4375 0.5564903846153846 0.009615384615384616 0.002403846153846154
7 0.4375 0.5612980769230769 0.009615384615384616 0.007211538461538462
3 0.43509615384615385 0.5805288461538461 0.009615384615384616 0.002403846153846154
3 0.43509615384615385 0.5877403846153846 0.009615384615384616 0.002403846153846154
3 0.4375 0.5685096153846154 0.009615384615384616 0.002403846153846154
23 0.43509615384615385 0.5757211538461539 0.009615384615384616 0.002403846153846154
23 0.4375 0.5709134615384616 0.009615384615384616 0.002403846153846154
23 0.4375 0.5829326923076923 0.009615384615384616 0.002403846153846154
23 0.43509615384615385 0.5901442307692307 0.009615384615384616 0.002403846153846154
3 0.43509615384615385 0.5949519230769231 0.009615384615384616 0.002403846153846154
23 0.43509615384615385 0.5973557692307693 0.009615384615384616 0.002403846153846154
23 0.43509615384615385 0.5997596153846154 0.009615384615384616 0.002403846153846154
6 0.45913461538461536 0.4387019230769231 0.02403846153846154 0.021634615384615384
3 0.4519230769230769 0.5612980769230769 0.009615384615384616 0.002403846153846154
3 0.4495192307692308 0.5901442307692307 0.009615384615384616 0.002403846153846154
23 0.4519230769230769 0.5829326923076923 0.009615384615384616 0.002403846153846154
3 0.4519230769230769 0.5877403846153846 0.009615384615384616 0.002403846153846154
6 0.4387019230769231 0.7319711538461539 0.026442307692307692 0.021634615384615384
3 0.46875 0.4483173076923077 0.019230769230769232 0.007211538461538462
28 0.4651442307692308 0.4831730769230769 0.05048076923076923 0.04807692307692308
28 0.4483173076923077 0.6802884615384616 0.05048076923076923 0.04807692307692308
3 0.44591346153846156 0.7103365384615384 0.016826923076923076 0.007211538461538462
14 0.4579326923076923 0.5721153846153846 0.021634615384615384 0.019230769230769232
6 0.4723557692307692 0.42908653846153844 0.026442307692307692 0.021634615384615384
23 0.4639423076923077 0.5925480769230769 0.009615384615384616 0.002403846153846154
3 0.46634615384615385 0.5625 0.009615384615384616 0.004807692307692308
3 0.46875 0.5588942307692307 0.009615384615384616 0.002403846153846154
3 0.4651442307692308 0.5853365384615384 0.007211538461538462 0.002403846153846154
23 0.46875 0.5564903846153846 0.009615384615384616 0.002403846153846154
23 0.46634615384615385 0.5877403846153846 0.009615384615384616 0.002403846153846154
14 0.4639423076923077 0.6153846153846154 0.014423076923076924 0.014423076923076924
3 0.4639423076923077 0.6286057692307693 0.014423076923076924 0.007211538461538462
3 0.4639423076923077 0.6334134615384616 0.014423076923076924 0.007211538461538462
3 0.4639423076923077 0.6382211538461539 0.014423076923076924 0.007211538461538462
3 0.4855769230769231 0.5180288461538461 0.014423076923076924 0.007211538461538462
3 0.4855769230769231 0.5252403846153846 0.014423076923076924 0.007211538461538462
23 0.47836538461538464 0.5901442307692307 0.009615384615384616 0.002403846153846154
3 0.4855769230769231 0.5300480769230769 0.014423076923076924 0.007211538461538462
14 0.4831730769230769 0.5432692307692307 0.014423076923076924 0.014423076923076924
23 0.4831730769230769 0.5612980769230769 0.009615384615384616 0.002403846153846154
3 0.4831730769230769 0.5576923076923077 0.009615384615384616 0.004807692307692308
23 0.4807692307692308 0.5685096153846154 0.009615384615384616 0.002403846153846154
3 0.4807692307692308 0.5733173076923077 0.009615384615384616 0.002403846153846154
23 0.4807692307692308 0.5829326923076923 0.009615384615384616 0.002403846153846154
23 0.4807692307692308 0.5877403846153846 0.009615384615384616 0.002403846153846154
23 0.4807692307692308 0.5637019230769231 0.009615384615384616 0.002403846153846154
3 0.4807692307692308 0.578125 0.009615384615384616 0.002403846153846154
3 0.47836538461538464 0.5985576923076923 0.009615384615384616 0.004807692307692308
3 0.4831730769230769 0.5709134615384616 0.009615384615384616 0.002403846153846154
23 0.4807692307692308 0.5805288461538461 0.009615384615384616 0.002403846153846154
6 0.47596153846153844 0.7331730769230769 0.02403846153846154 0.02403846153846154
23 0.49278846153846156 0.5709134615384616 0.009615384615384616 0.002403846153846154
6 0.5120192307692307 0.4338942307692308 0.02403846153846154 0.021634615384615384
3 0.5012019230769231 0.5997596153846154 0.03125 0.036057692307692304
15 0.5024038461538461 0.5757211538461539 0.014423076923076924 0.007211538461538462
3 0.5132211538461539 0.453125 0.016826923076923076 0.007211538461538462
3 0.5072115384615384 0.5444711538461539 0.028846153846153848 0.03125
3 0.4951923076923077 0.7151442307692307 0.019230769230769232 0.007211538461538462
28 0.5168269230769231 0.4855769230769231 0.04807692307692308 0.04326923076923077
28 0.5036057692307693 0.6826923076923077 0.05048076923076923 0.04326923076923077
6 0.5360576923076923 0.5877403846153846 0.038461538461538464 0.04567307692307692