14 0.3629807692307692 0.32572115384615385 0.02403846153846154 0.026442307692307692
14 0.41466346153846156 0.3233173076923077 0.016826923076923076 0.01201923076923077
14 0.4963942307692308 0.3245192307692308 0.03125 0.04326923076923077
14 0.6370192307692307 0.32091346153846156 0.04326923076923077 0.06009615384615385
14 0.6971153846153846 0.32211538461538464 0.02403846153846154 0.02403846153846154
14 0.4170673076923077 0.35336538461538464 0.01201923076923077 0.009615384615384616
7 0.33653846153846156 0.3701923076923077 0.014423076923076924 0.04807692307692308
14 0.5889423076923077 0.35216346153846156 0.02403846153846154 0.021634615384615384
14 0.36899038461538464 0.375 0.021634615384615384 0.02403846153846154
14 0.546875 0.3641826923076923 0.036057692307692304 0.021634615384615384
7 0.34615384615384615 0.43990384615384615 0.014423076923076924 0.04326923076923077
14 0.6334134615384616 0.4254807692307692 0.016826923076923076 0.03365384615384615
14 0.6862980769230769 0.4206730769230769 0.016826923076923076 0.03365384615384615
14 0.5829326923076923 0.43028846153846156 0.016826923076923076 0.03365384615384615
14 0.7379807692307693 0.4182692307692308 0.019230769230769232 0.038461538461538464
14 0.43149038461538464 0.44471153846153844 0.016826923076923076 0.038461538461538464
14 0.48197115384615385 0.4411057692307692 0.016826923076923076 0.036057692307692304
14 0.5324519230769231 0.4375 0.016826923076923076 0.03365384615384615
14 0.3786057692307692 0.4519230769230769 0.016826923076923076 0.03365384615384615
14 0.5733173076923077 0.4651442307692308 0.016826923076923076 0.01201923076923077
14 0.6742788461538461 0.45552884615384615 0.016826923076923076 0.016826923076923076
14 0.6225961538461539 0.46274038461538464 0.019230769230769232 0.016826923076923076
14 0.4206730769230769 0.48197115384615385 0.019230769230769232 0.016826923076923076
3 0.6935096153846154 0.4567307692307692 0.007211538461538462 0.014423076923076924
3 0.59375 0.46634615384615385 0.004807692307692308 0.014423076923076924
3 0.6442307692307693 0.46274038461538464 0.004807692307692308 0.01201923076923077
14 0.36899038461538464 0.4855769230769231 0.021634615384615384 0.019230769230769232
3 0.6995192307692307 0.5024038461538461 0.004807692307692308 0.009615384615384616
3 0.5949519230769231 0.5096153846153846 0.002403846153846154 0.009615384615384616
3 0.6478365384615384 0.5072115384615384 0.002403846153846154 0.009615384615384616
3 0.6646634615384616 0.5288461538461539 0.007211538461538462 0.014423076923076924
14 0.7403846153846154 0.5300480769230769 0.03365384615384615 0.04567307692307692
14 0.4831730769230769 0.5540865384615384 0.03365384615384615 0.04567307692307692
14 0.5829326923076923 0.5444711538461539 0.03125 0.040865384615384616
14 0.6862980769230769 0.5372596153846154 0.026442307692307692 0.040865384615384616
14 0.6358173076923077 0.5396634615384616 0.03125 0.040865384615384616
14 0.43149038461538464 0.5600961538461539 0.03125 0.04326923076923077
14 0.5348557692307693 0.5516826923076923 0.03125 0.040865384615384616
14 0.38100961538461536 0.5649038461538461 0.03125 0.038461538461538464
7 0.34375 0.6069711538461539 0.009615384615384616 0.026442307692307692
29 0.5841346153846154 0.7139423076923077 0.004807692307692308 0.009615384615384616
29 0.5649038461538461 0.7211538461538461 0.004807692307692308 0.004807692307692308
29 0.5745192307692307 0.7223557692307693 0.004807692307692308 0.007211538461538462
29 0.5552884615384616 0.7415865384615384 0.014423076923076924 0.016826923076923076
29 0.5769230769230769 0.7379807692307693 0.014423076923076924 0.014423076923076924
14 0.484375 0.7487980769230769 0.021634615384615384 0.021634615384615384
14 0.6875 0.24278846153846154 0.014423076923076924 0.014423076923076924
14 0.4855769230769231 0.26802884615384615 0.02403846153846154 0.026442307692307692
14 0.4110576923076923 0.27524038461538464 0.014423076923076924 0.01201923076923077
14 0.359375 0.28365384615384615 0.016826923076923076 0.014423076923076924
14 0.5612980769230769 0.27524038461538464 0.07451923076923077 0.05048076923076923
14 0.6935096153846154 0.2800480769230769 0.016826923076923076 0.016826923076923076