3 0.6947115384615384 0.515625 0.009615384615384616 0.002403846153846154
3 0.6923076923076923 0.53125 0.004807692307692308 0.004807692307692308
3 0.6899038461538461 0.49759615384615385 0.014423076923076924 0.009615384615384616
3 0.6899038461538461 0.5096153846153846 0.004807692307692308 0.004807692307692308
3 0.6887019230769231 0.53125 0.002403846153846154 0.004807692307692308
3 0.6850961538461539 0.53125 0.004807692307692308 0.004807692307692308
3 0.6814903846153846 0.53125 0.002403846153846154 0.004807692307692308
3 0.6778846153846154 0.53125 0.004807692307692308 0.004807692307692308
3 0.6778846153846154 0.4230769230769231 0.014423076923076924 0.009615384615384616
3 0.6742788461538461 0.53125 0.002403846153846154 0.004807692307692308
3 0.6694711538461539 0.53125 0.002403846153846154 0.004807692307692308
3 0.6646634615384616 0.53125 0.002403846153846154 0.004807692307692308
3 0.6622596153846154 0.53125 0.002403846153846154 0.004807692307692308
3 0.6574519230769231 0.53125 0.002403846153846154 0.004807692307692308
3 0.6550480769230769 0.53125 0.002403846153846154 0.004807692307692308
3 0.6502403846153846 0.53125 0.002403846153846154 0.004807692307692308
3 0.6466346153846154 0.53125 0.004807692307692308 0.004807692307692308
3 0.6430288461538461 0.53125 0.002403846153846154 0.004807692307692308
14 0.6418269230769231 0.49278846153846156 0.03365384615384615 0.02403846153846154
3 0.6394230769230769 0.53125 0.004807692307692308 0.004807692307692308
3 0.6358173076923077 0.53125 0.002403846153846154 0.004807692307692308
14 0.6213942307692307 0.3629807692307692 0.04567307692307692 0.028846153846153848
3 0.6129807692307693 0.5384615384615384 0.019230769230769232 0.009615384615384616
3 0.6153846153846154 0.5264423076923077 0.019230769230769232 0.009615384615384616
14 0.6009615384615384 0.4326923076923077 0.08173076923076923 0.057692307692307696
29 0.5997596153846154 0.3389423076923077 0.007211538461538462 0.004807692307692308
3 0.5901442307692307 0.5384615384615384 0.016826923076923076 0.009615384615384616
14 0.5901442307692307 0.5108173076923077 0.021634615384615384 0.01201923076923077
29 0.5889423076923077 0.3389423076923077 0.009615384615384616 0.004807692307692308
3 0.5769230769230769 0.5168269230769231 0.004807692307692308 0.004807692307692308
29 0.5793269230769231 0.33774038461538464 0.009615384615384616 0.007211538461538462
3 0.5757211538461539 0.4963942307692308 0.01201923076923077 0.007211538461538462
3 0.5733173076923077 0.4651442307692308 0.007211538461538462 0.002403846153846154
3 0.5697115384615384 0.5168269230769231 0.004807692307692308 0.004807692307692308
3 0.5685096153846154 0.5360576923076923 0.016826923076923076 0.009615384615384616
3 0.5673076923076923 0.5096153846153846 0.004807692307692308 0.004807692307692308
3 0.5528846153846154 0.4651442307692308 0.009615384615384616 0.002403846153846154
29 0.5528846153846154 0.34615384615384615 0.009615384615384616 0.004807692307692308
14 0.5528846153846154 0.359375 0.014423076923076924 0.007211538461538462
3 0.5480769230769231 0.5360576923076923 0.019230769230769232 0.009615384615384616
14 0.5456730769230769 0.49278846153846156 0.028846153846153848 0.019230769230769232
29 0.5372596153846154 0.3701923076923077 0.007211538461538462 0.004807692307692308
3 0.5324519230769231 0.35336538461538464 0.01201923076923077 0.009615384615384616
3 0.5264423076923077 0.5360576923076923 0.019230769230769232 0.014423076923076924
14 0.5180288461538461 0.49278846153846156 0.016826923076923076 0.019230769230769232
6 0.5192307692307693 0.3004807692307692 0.038461538461538464 0.014423076923076924
29 0.49038461538461536 0.3125 0.009615384615384616 0.004807692307692308
29 0.4831730769230769 0.29927884615384615 0.009615384615384616 0.007211538461538462
3 0.4807692307692308 0.3449519230769231 0.014423076923076924 0.007211538461538462
29 0.47836538461538464 0.3076923076923077 0.009615384615384616 0.004807692307692308
14 0.4567307692307692 0.32572115384615385 0.009615384615384616 0.01201923076923077
3 0.44711538461538464 0.4675480769230769 0.004807692307692308 0.002403846153846154
14 0.4423076923076923 0.39903846153846156 0.0673076923076923 0.052884615384615384
29 0.4326923076923077 0.3389423076923077 0.009615384615384616 0.004807692307692308
14 0.42908653846153844 0.4519230769230769 0.06009615384615385 0.02403846153846154
14 0.4206730769230769 0.3269230769230769 0.014423076923076924 0.009615384615384616
6 0.4206730769230769 0.29927884615384615 0.07692307692307693 0.021634615384615384
29 0.41346153846153844 0.34134615384615385 0.009615384615384616 0.004807692307692308
3 0.3918269230769231 0.46634615384615385 0.004807692307692308 0.004807692307692308
3 0.3894230769230769 0.5216346153846154 0.014423076923076924 0.009615384615384616
3 0.3870192307692308 0.46875 0.004807692307692308 0.004807692307692308
3 0.38461538461538464 0.4567307692307692 0.014423076923076924 0.009615384615384616
29 0.37740384615384615 0.31490384615384615 0.009615384615384616 0.004807692307692308
29 0.37740384615384615 0.3245192307692308 0.009615384615384616 0.004807692307692308
29 0.375 0.3317307692307692 0.009615384615384616 0.004807692307692308
14 0.3713942307692308 0.49038461538461536 0.03125 0.02403846153846154
3 0.3605769230769231 0.5144230769230769 0.014423076923076924 0.009615384615384616
3 0.3629807692307692 0.34615384615384615 0.014423076923076924 0.009615384615384616
29 0.3629807692307692 0.3245192307692308 0.009615384615384616 0.004807692307692308
14 0.34615384615384615 0.3713942307692308 0.014423076923076924 0.007211538461538462
29 0.34615384615384615 0.32572115384615385 0.009615384615384616 0.007211538461538462
14 0.3425480769230769 0.35096153846153844 0.007211538461538462 0.004807692307692308
6 0.33413461538461536 0.53125 0.014423076923076924 0.02403846153846154
6 0.328125 0.4891826923076923 0.016826923076923076 0.040865384615384616
6 0.8137019230769231 0.49278846153846156 0.01201923076923077 0.08173076923076923
14 0.8052884615384616 0.3605769230769231 0.014423076923076924 0.009615384615384616
3 0.7932692307692307 0.5120192307692307 0.004807692307692308 0.004807692307692308
29 0.7836538461538461 0.5108173076923077 0.009615384615384616 0.007211538461538462
7 0.7848557692307693 0.3173076923076923 0.016826923076923076 0.004807692307692308
3 0.78125 0.4639423076923077 0.004807692307692308 0.009615384615384616
3 0.7788461538461539 0.4735576923076923 0.004807692307692308 0.009615384615384616
3 0.7788461538461539 0.5444711538461539 0.014423076923076924 0.01201923076923077
29 0.7788461538461539 0.3245192307692308 0.009615384615384616 0.004807692307692308
3 0.7764423076923077 0.4639423076923077 0.004807692307692308 0.004807692307692308
3 0.7740384615384616 0.4735576923076923 0.004807692307692308 0.004807692307692308
29 0.7728365384615384 0.5120192307692307 0.007211538461538462 0.004807692307692308
29 0.7716346153846154 0.5216346153846154 0.009615384615384616 0.004807692307692308
29 0.7728365384615384 0.4951923076923077 0.007211538461538462 0.004807692307692308
29 0.7716346153846154 0.5048076923076923 0.009615384615384616 0.004807692307692308
3 0.7728365384615384 0.4639423076923077 0.002403846153846154 0.004807692307692308
3 0.7704326923076923 0.4735576923076923 0.002403846153846154 0.004807692307692308
3 0.7704326923076923 0.46634615384615385 0.002403846153846154 0.004807692307692308
3 0.7668269230769231 0.4519230769230769 0.004807692307692308 0.004807692307692308
23 0.7644230769230769 0.5216346153846154 0.004807692307692308 0.004807692307692308
23 0.7644230769230769 0.5120192307692307 0.004807692307692308 0.004807692307692308
3 0.7668269230769231 0.4675480769230769 0.004807692307692308 0.002403846153846154
14 0.7644230769230769 0.3161057692307692 0.009615384615384616 0.007211538461538462
14 0.7596153846153846 0.5456730769230769 0.019230769230769232 0.019230769230769232
23 0.7596153846153846 0.4951923076923077 0.004807692307692308 0.004807692307692308
23 0.7596153846153846 0.5048076923076923 0.004807692307692308 0.004807692307692308
3 0.7620192307692307 0.4519230769230769 0.004807692307692308 0.004807692307692308
23 0.7596153846153846 0.5120192307692307 0.004807692307692308 0.004807692307692308
23 0.7596153846153846 0.5216346153846154 0.004807692307692308 0.004807692307692308
3 0.7572115384615384 0.4855769230769231 0.004807692307692308 0.004807692307692308
3 0.7512019230769231 0.5204326923076923 0.007211538461538462 0.002403846153846154
3 0.75 0.49278846153846156 0.004807692307692308 0.004807692307692308
3 0.7512019230769231 0.5228365384615384 0.007211538461538462 0.002403846153846154
14 0.75 0.42788461538461536 0.014423076923076924 0.009615384615384616
14 0.7475961538461539 0.40625 0.014423076923076924 0.009615384615384616
3 0.7463942307692307 0.45072115384615385 0.007211538461538462 0.002403846153846154
3 0.7439903846153846 0.49278846153846156 0.002403846153846154 0.004807692307692308
3 0.7427884615384616 0.3125 0.009615384615384616 0.009615384615384616
7 0.7403846153846154 0.3233173076923077 0.004807692307692308 0.01201923076923077
14 0.7379807692307693 0.3605769230769231 0.052884615384615384 0.038461538461538464
14 0.7307692307692307 0.4675480769230769 0.04807692307692308 0.03125
3 0.71875 0.5336538461538461 0.004807692307692308 0.004807692307692308
3 0.7139423076923077 0.49399038461538464 0.009615384615384616 0.002403846153846154
3 0.7151442307692307 0.5336538461538461 0.002403846153846154 0.004807692307692308
7 0.7115384615384616 0.5048076923076923 0.014423076923076924 0.014423076923076924
3 0.7103365384615384 0.5336538461538461 0.002403846153846154 0.004807692307692308
3 0.7067307692307693 0.53125 0.004807692307692308 0.004807692307692308
3 0.7043269230769231 0.53125 0.004807692307692308 0.004807692307692308
14 0.7019230769230769 0.42427884615384615 0.014423076923076924 0.016826923076923076
3 0.7007211538461539 0.5336538461538461 0.002403846153846154 0.004807692307692308
3 0.6995192307692307 0.47475961538461536 0.004807692307692308 0.002403846153846154
14 0.7007211538461539 0.3269230769230769 0.01201923076923077 0.009615384615384616
3 0.6959134615384616 0.5336538461538461 0.002403846153846154 0.004807692307692308