3 0.3317307692307692 0.8569711538461539 0.014423076923076924 0.01201923076923077
15 0.328125 0.7596153846153846 0.016826923076923076 0.019230769230769232
23 0.31850961538461536 0.6141826923076923 0.021634615384615384 0.026442307692307692
23 0.32091346153846156 0.6454326923076923 0.021634615384615384 0.026442307692307692
3 0.33653846153846156 0.8497596153846154 0.02403846153846154 0.016826923076923076
3 0.33653846153846156 0.8305288461538461 0.014423076923076924 0.016826923076923076
7 0.3112980769230769 0.47836538461538464 0.016826923076923076 0.03365384615384615
15 0.33653846153846156 0.7932692307692307 0.019230769230769232 0.019230769230769232
15 0.3269230769230769 0.5625 0.028846153846153848 0.014423076923076924
23 0.3329326923076923 0.6418269230769231 0.007211538461538462 0.004807692307692308
23 0.33413461538461536 0.6502403846153846 0.004807692307692308 0.007211538461538462
23 0.3245192307692308 0.5168269230769231 0.009615384615384616 0.004807692307692308
23 0.3389423076923077 0.6658653846153846 0.004807692307692308 0.004807692307692308
23 0.34134615384615385 0.6730769230769231 0.004807692307692308 0.004807692307692308
23 0.3317307692307692 0.5288461538461539 0.004807692307692308 0.004807692307692308
23 0.3317307692307692 0.5216346153846154 0.004807692307692308 0.004807692307692308
23 0.33413461538461536 0.5 0.009615384615384616 0.004807692307692308
23 0.34615384615384615 0.671875 0.004807692307692308 0.007211538461538462
23 0.33653846153846156 0.5216346153846154 0.004807692307692308 0.004807692307692308
29 0.33413461538461536 0.4387019230769231 0.04326923076923077 0.01201923076923077
29 0.33413461538461536 0.4483173076923077 0.04326923076923077 0.01201923076923077
3 0.3581730769230769 0.7391826923076923 0.04807692307692308 0.03125
23 0.34375 0.5480769230769231 0.004807692307692308 0.004807692307692308
3 0.3557692307692308 0.7103365384615384 0.02403846153846154 0.016826923076923076
23 0.34375 0.5552884615384616 0.004807692307692308 0.004807692307692308
29 0.34134615384615385 0.49158653846153844 0.028846153846153848 0.007211538461538462
23 0.35216346153846156 0.6334134615384616 0.007211538461538462 0.007211538461538462
23 0.35336538461538464 0.6586538461538461 0.004807692307692308 0.009615384615384616
23 0.35096153846153844 0.5576923076923077 0.004807692307692308 0.004807692307692308
23 0.35697115384615385 0.6418269230769231 0.007211538461538462 0.004807692307692308
23 0.3485576923076923 0.5480769230769231 0.004807692307692308 0.004807692307692308
23 0.3485576923076923 0.5192307692307693 0.004807692307692308 0.004807692307692308
29 0.3485576923076923 0.5024038461538461 0.014423076923076924 0.009615384615384616
23 0.3701923076923077 0.8341346153846154 0.009615384615384616 0.004807692307692308
29 0.34615384615384615 0.4807692307692308 0.057692307692307696 0.014423076923076924
7 0.35216346153846156 0.5336538461538461 0.01201923076923077 0.019230769230769232
29 0.3701923076923077 0.7668269230769231 0.014423076923076924 0.004807692307692308
29 0.3605769230769231 0.6322115384615384 0.009615384615384616 0.009615384615384616
23 0.3605769230769231 0.6418269230769231 0.004807692307692308 0.004807692307692308
23 0.35096153846153844 0.49158653846153844 0.009615384615384616 0.002403846153846154
3 0.34375 0.35216346153846156 0.09615384615384616 0.06490384615384616
29 0.3557692307692308 0.5180288461538461 0.009615384615384616 0.007211538461538462
23 0.375 0.7764423076923077 0.004807692307692308 0.009615384615384616
23 0.375 0.7668269230769231 0.004807692307692308 0.004807692307692308
7 0.3605769230769231 0.5324519230769231 0.009615384615384616 0.021634615384615384
23 0.3581730769230769 0.4987980769230769 0.004807692307692308 0.007211538461538462
29 0.36778846153846156 0.640625 0.009615384615384616 0.007211538461538462
6 0.38341346153846156 0.8401442307692307 0.01201923076923077 0.016826923076923076
23 0.3641826923076923 0.5168269230769231 0.007211538461538462 0.004807692307692308
23 0.37740384615384615 0.6923076923076923 0.004807692307692308 0.004807692307692308
23 0.38221153846153844 0.7644230769230769 0.004807692307692308 0.004807692307692308
23 0.37740384615384615 0.6995192307692307 0.009615384615384616 0.004807692307692308
23 0.3629807692307692 0.49038461538461536 0.004807692307692308 0.004807692307692308
23 0.36538461538461536 0.4987980769230769 0.004807692307692308 0.007211538461538462
23 0.375 0.5360576923076923 0.004807692307692308 0.004807692307692308
23 0.37259615384615385 0.49759615384615385 0.004807692307692308 0.004807692307692308
23 0.37259615384615385 0.5288461538461539 0.004807692307692308 0.004807692307692308
23 0.3701923076923077 0.49278846153846156 0.004807692307692308 0.004807692307692308
23 0.38461538461538464 0.6610576923076923 0.004807692307692308 0.004807692307692308
3 0.39663461538461536 0.8521634615384616 0.019230769230769232 0.016826923076923076
23 0.39663461538461536 0.8365384615384616 0.009615384615384616 0.004807692307692308
23 0.3870192307692308 0.6658653846153846 0.009615384615384616 0.004807692307692308
23 0.39903846153846156 0.8317307692307693 0.009615384615384616 0.004807692307692308
23 0.3798076923076923 0.5360576923076923 0.004807692307692308 0.004807692307692308
23 0.3894230769230769 0.6610576923076923 0.004807692307692308 0.004807692307692308
23 0.3870192307692308 0.6478365384615384 0.004807692307692308 0.007211538461538462
23 0.3894230769230769 0.6538461538461539 0.004807692307692308 0.004807692307692308
23 0.37740384615384615 0.4987980769230769 0.004807692307692308 0.007211538461538462
29 0.3798076923076923 0.5276442307692307 0.009615384615384616 0.007211538461538462
23 0.40625 0.8269230769230769 0.009615384615384616 0.004807692307692308
23 0.3942307692307692 0.6514423076923077 0.004807692307692308 0.004807692307692308
3 0.3942307692307692 0.6586538461538461 0.004807692307692308 0.004807692307692308
23 0.3798076923076923 0.43990384615384615 0.038461538461538464 0.009615384615384616
23 0.38461538461538464 0.49759615384615385 0.004807692307692308 0.004807692307692308
23 0.38221153846153844 0.4495192307692308 0.04326923076923077 0.009615384615384616
3 0.39903846153846156 0.6514423076923077 0.004807692307692308 0.004807692307692308
23 0.3870192307692308 0.48197115384615385 0.004807692307692308 0.007211538461538462
23 0.39903846153846156 0.6586538461538461 0.004807692307692308 0.004807692307692308
23 0.3894230769230769 0.4891826923076923 0.014423076923076924 0.01201923076923077
23 0.3918269230769231 0.49759615384615385 0.004807692307692308 0.004807692307692308
15 0.41947115384615385 0.84375 0.021634615384615384 0.02403846153846154
23 0.3942307692307692 0.47475961538461536 0.009615384615384616 0.002403846153846154
23 0.4254807692307692 0.7944711538461539 0.004807692307692308 0.007211538461538462
7 0.40384615384615385 0.4795673076923077 0.009615384615384616 0.021634615384615384
23 0.40625 0.49759615384615385 0.004807692307692308 0.004807692307692308
29 0.4254807692307692 0.8040865384615384 0.009615384615384616 0.007211538461538462
14 0.42427884615384615 0.7836538461538461 0.01201923076923077 0.014423076923076924
23 0.43028846153846156 0.7956730769230769 0.004807692307692308 0.004807692307692308
23 0.4026442307692308 0.3918269230769231 0.01201923076923077 0.02403846153846154
3 0.40865384615384615 0.4735576923076923 0.004807692307692308 0.009615384615384616
23 0.4110576923076923 0.4807692307692308 0.004807692307692308 0.004807692307692308
3 0.4182692307692308 0.5745192307692307 0.014423076923076924 0.009615384615384616
23 0.4375 0.8461538461538461 0.004807692307692308 0.004807692307692308
3 0.43028846153846156 0.6838942307692307 0.04326923076923077 0.036057692307692304
3 0.4423076923076923 0.8461538461538461 0.004807692307692308 0.004807692307692308
23 0.41586538461538464 0.44591346153846156 0.009615384615384616 0.002403846153846154
23 0.41586538461538464 0.45072115384615385 0.009615384615384616 0.002403846153846154
15 0.4387019230769231 0.7415865384615384 0.036057692307692304 0.021634615384615384
3 0.4362980769230769 0.7163461538461539 0.04567307692307692 0.02403846153846154
15 0.4411057692307692 0.765625 0.036057692307692304 0.026442307692307692
3 0.4206730769230769 0.42908653846153844 0.02403846153846154 0.016826923076923076
23 0.4495192307692308 0.8461538461538461 0.004807692307692308 0.004807692307692308
3 0.41466346153846156 0.34134615384615385 0.01201923076923077 0.014423076923076924
3 0.4182692307692308 0.37740384615384615 0.014423076923076924 0.019230769230769232
23 0.44711538461538464 0.7860576923076923 0.004807692307692308 0.004807692307692308
23 0.4543269230769231 0.8389423076923077 0.004807692307692308 0.004807692307692308
23 0.4543269230769231 0.8461538461538461 0.004807692307692308 0.004807692307692308
29 0.4495192307692308 0.7776442307692307 0.009615384615384616 0.007211538461538462
23 0.4543269230769231 0.7848557692307693 0.004807692307692308 0.007211538461538462
3 0.43028846153846156 0.37740384615384615 0.009615384615384616 0.014423076923076924
23 0.4639423076923077 0.8389423076923077 0.004807692307692308 0.004807692307692308
3 0.4639423076923077 0.8269230769230769 0.004807692307692308 0.004807692307692308
3 0.42908653846153844 0.3389423076923077 0.01201923076923077 0.014423076923076924
23 0.4375 0.4495192307692308 0.009615384615384616 0.004807692307692308
23 0.4375 0.44350961538461536 0.009615384615384616 0.002403846153846154
23 0.46875 0.8269230769230769 0.004807692307692308 0.004807692307692308
3 0.4495192307692308 0.5564903846153846 0.028846153846153848 0.021634615384615384
28 0.4543269230769231 0.6189903846153846 0.10576923076923077 0.08413461538461539
3 0.44350961538461536 0.42908653846153844 0.021634615384615384 0.016826923076923076
3 0.4483173076923077 0.49759615384615385 0.06490384615384616 0.04326923076923077
23 0.47596153846153844 0.84375 0.004807692307692308 0.004807692307692308
23 0.4483173076923077 0.4362980769230769 0.007211538461538462 0.002403846153846154
3 0.47475961538461536 0.8064903846153846 0.04567307692307692 0.036057692307692304
23 0.4807692307692308 0.84375 0.004807692307692308 0.004807692307692308
3 0.484375 0.8317307692307693 0.026442307692307692 0.019230769230769232
3 0.47716346153846156 0.7223557692307693 0.040865384615384616 0.03125
3 0.4675480769230769 0.5709134615384616 0.016826923076923076 0.007211538461538462
3 0.4807692307692308 0.7536057692307693 0.04326923076923077 0.026442307692307692
3 0.4519230769230769 0.33774038461538464 0.02403846153846154 0.04567307692307692
3 0.45552884615384615 0.38461538461538464 0.021634615384615384 0.04807692307692308
3 0.47596153846153844 0.6838942307692307 0.03365384615384615 0.01201923076923077
3 0.46153846153846156 0.41947115384615385 0.009615384615384616 0.016826923076923076
3 0.49278846153846156 0.8449519230769231 0.019230769230769232 0.01201923076923077
23 0.4831730769230769 0.6706730769230769 0.052884615384615384 0.014423076923076924
3 0.49038461538461536 0.7764423076923077 0.028846153846153848 0.019230769230769232
23 0.4855769230769231 0.6971153846153846 0.04807692307692308 0.014423076923076924
23 0.47596153846153844 0.5396634615384616 0.038461538461538464 0.01201923076923077
3 0.47596153846153844 0.4182692307692308 0.009615384615384616 0.014423076923076924
23 0.5036057692307693 0.8197115384615384 0.016826923076923076 0.019230769230769232
3 0.5096153846153846 0.8413461538461539 0.009615384615384616 0.014423076923076924
3 0.4831730769230769 0.46634615384615385 0.014423076923076924 0.009615384615384616
7 0.4855769230769231 0.4723557692307692 0.02403846153846154 0.007211538461538462
3 0.49278846153846156 0.5685096153846154 0.02403846153846154 0.01201923076923077
3 0.5048076923076923 0.6802884615384616 0.019230769230769232 0.009615384615384616
23 0.5132211538461539 0.7536057692307693 0.016826923076923076 0.036057692307692304
3 0.515625 0.7944711538461539 0.04567307692307692 0.036057692307692304
23 0.5168269230769231 0.7091346153846154 0.004807692307692308 0.004807692307692308
3 0.53125 0.7620192307692307 0.009615384615384616 0.014423076923076924
3 0.53125 0.44471153846153844 0.014423076923076924 0.009615384615384616
3 0.5324519230769231 0.3233173076923077 0.021634615384615384 0.03125
3 0.5552884615384616 0.5168269230769231 0.014423076923076924 0.014423076923076924
3 0.5588942307692307 0.5324519230769231 0.026442307692307692 0.021634615384615384
3 0.5673076923076923 0.6033653846153846 0.014423076923076924 0.014423076923076924
23 0.5769230769230769 0.5480769230769231 0.004807692307692308 0.004807692307692308
3 0.5925480769230769 0.7584134615384616 0.021634615384615384 0.026442307692307692
23 0.5745192307692307 0.5024038461538461 0.019230769230769232 0.028846153846153848
3 0.5949519230769231 0.734375 0.021634615384615384 0.016826923076923076
3 0.5649038461538461 0.3112980769230769 0.02403846153846154 0.016826923076923076
3 0.5961538461538461 0.7163461538461539 0.014423076923076924 0.009615384615384616
29 0.5865384615384616 0.53125 0.009615384615384616 0.004807692307692308
3 0.5865384615384616 0.5372596153846154 0.009615384615384616 0.002403846153846154
23 0.5865384615384616 0.5396634615384616 0.009615384615384616 0.002403846153846154
29 0.5913461538461539 0.59375 0.009615384615384616 0.004807692307692308
29 0.5913461538461539 0.6057692307692307 0.009615384615384616 0.004807692307692308
23 0.5913461538461539 0.5805288461538461 0.009615384615384616 0.002403846153846154
23 0.5889423076923077 0.5456730769230769 0.009615384615384616 0.004807692307692308
23 0.5889423076923077 0.5432692307692307 0.009615384615384616 0.004807692307692308
23 0.5913461538461539 0.5853365384615384 0.009615384615384616 0.002403846153846154
23 0.5913461538461539 0.6021634615384616 0.009615384615384616 0.002403846153846154
3 0.5913461538461539 0.5877403846153846 0.009615384615384616 0.002403846153846154
23 0.5889423076923077 0.5709134615384616 0.004807692307692308 0.007211538461538462
3 0.5913461538461539 0.5973557692307693 0.009615384615384616 0.002403846153846154
23 0.5757211538461539 0.3245192307692308 0.055288461538461536 0.019230769230769232
23 0.6009615384615384 0.5540865384615384 0.009615384615384616 0.002403846153846154
23 0.6033653846153846 0.5612980769230769 0.009615384615384616 0.002403846153846154
23 0.6009615384615384 0.5516826923076923 0.009615384615384616 0.002403846153846154
23 0.6033653846153846 0.5637019230769231 0.009615384615384616 0.002403846153846154
3 0.6033653846153846 0.5721153846153846 0.009615384615384616 0.004807692307692308
3 0.6057692307692307 0.6057692307692307 0.009615384615384616 0.014423076923076924
23 0.6021634615384616 0.5360576923076923 0.007211538461538462 0.004807692307692308
3 0.6033653846153846 0.53125 0.009615384615384616 0.004807692307692308
14 0.6057692307692307 0.5444711538461539 0.019230769230769232 0.01201923076923077
14 0.609375 0.5853365384615384 0.026442307692307692 0.021634615384615384
23 0.6081730769230769 0.5673076923076923 0.004807692307692308 0.004807692307692308
23 0.6105769230769231 0.5685096153846154 0.004807692307692308 0.007211538461538462
3 0.609375 0.5240384615384616 0.021634615384615384 0.014423076923076924
7 0.6334134615384616 0.8149038461538461 0.016826923076923076 0.038461538461538464
23 0.6153846153846154 0.5540865384615384 0.009615384615384616 0.002403846153846154
28 0.6057692307692307 0.36899038461538464 0.12980769230769232 0.08413461538461539
3 0.6262019230769231 0.6682692307692307 0.0889423076923077 0.028846153846153848
3 0.6225961538461539 0.6033653846153846 0.014423076923076924 0.014423076923076924
23 0.6165865384615384 0.4831730769230769 0.016826923076923076 0.028846153846153848
3 0.6201923076923077 0.5144230769230769 0.004807692307692308 0.004807692307692308
23 0.625 0.5384615384615384 0.009615384615384616 0.004807692307692308
23 0.6274038461538461 0.5805288461538461 0.009615384615384616 0.002403846153846154
23 0.6274038461538461 0.5853365384615384 0.009615384615384616 0.002403846153846154
28 0.6189903846153846 0.4338942307692308 0.0985576923076923 0.06009615384615385
23 0.6526442307692307 0.8209134615384616 0.021634615384615384 0.040865384615384616
23 0.6346153846153846 0.5408653846153846 0.009615384615384616 0.004807692307692308
23 0.6370192307692307 0.5625 0.009615384615384616 0.004807692307692308
23 0.6334134615384616 0.5336538461538461 0.007211538461538462 0.004807692307692308
3 0.6382211538461539 0.6009615384615384 0.01201923076923077 0.014423076923076924
23 0.6346153846153846 0.546875 0.009615384615384616 0.002403846153846154
23 0.6370192307692307 0.5649038461538461 0.009615384615384616 0.004807692307692308
23 0.6370192307692307 0.5817307692307693 0.009615384615384616 0.004807692307692308
23 0.6370192307692307 0.5516826923076923 0.009615384615384616 0.002403846153846154
23 0.6394230769230769 0.5865384615384616 0.009615384615384616 0.004807692307692308
29 0.6346153846153846 0.5288461538461539 0.009615384615384616 0.004807692307692308
23 0.6394230769230769 0.5793269230769231 0.009615384615384616 0.004807692307692308
3 0.6346153846153846 0.5240384615384616 0.009615384615384616 0.004807692307692308
23 0.6370192307692307 0.5576923076923077 0.009615384615384616 0.004807692307692308
23 0.6334134615384616 0.5204326923076923 0.007211538461538462 0.002403846153846154
23 0.6358173076923077 0.4807692307692308 0.016826923076923076 0.02403846153846154
23 0.6394230769230769 0.5144230769230769 0.004807692307692308 0.004807692307692308
3 0.6610576923076923 0.7848557692307693 0.019230769230769232 0.01201923076923077
3 0.6610576923076923 0.7728365384615384 0.02403846153846154 0.016826923076923076
23 0.6442307692307693 0.5144230769230769 0.004807692307692308 0.004807692307692308
29 0.6466346153846154 0.5228365384615384 0.009615384615384616 0.007211538461538462
23 0.6478365384615384 0.5300480769230769 0.007211538461538462 0.002403846153846154
7 0.6346153846153846 0.32211538461538464 0.052884615384615384 0.014423076923076924
23 0.671875 0.8185096153846154 0.021634615384615384 0.040865384615384616
23 0.6526442307692307 0.47836538461538464 0.01201923076923077 0.02403846153846154
3 0.6490384615384616 0.30288461538461536 0.019230769230769232 0.019230769230769232
3 0.6658653846153846 0.5348557692307693 0.019230769230769232 0.016826923076923076
3 0.6730769230769231 0.5576923076923077 0.019230769230769232 0.009615384615384616
3 0.6923076923076923 0.8100961538461539 0.009615384615384616 0.014423076923076924
3 0.6947115384615384 0.8269230769230769 0.014423076923076924 0.014423076923076924
23 0.6706730769230769 0.47596153846153844 0.019230769230769232 0.02403846153846154
3 0.7055288461538461 0.7740384615384616 0.04567307692307692 0.03365384615384615
3 0.6838942307692307 0.3485576923076923 0.021634615384615384 0.02403846153846154
3 0.7019230769230769 0.35096153846153844 0.014423076923076924 0.014423076923076924
3 0.7091346153846154 0.4326923076923077 0.009615384615384616 0.014423076923076924
3 0.7223557692307693 0.4326923076923077 0.01201923076923077 0.014423076923076924
23 0.7283653846153846 0.484375 0.019230769230769232 0.026442307692307692
15 0.7560096153846154 0.6598557692307693 0.036057692307692304 0.036057692307692304
23 0.7403846153846154 0.38822115384615385 0.019230769230769232 0.021634615384615384
15 0.765625 0.6057692307692307 0.06009615384615385 0.02403846153846154
3 0.7716346153846154 0.6322115384615384 0.07211538461538461 0.02403846153846154
3 0.7776442307692307 0.7199519230769231 0.0889423076923077 0.040865384615384616
13 0.7848557692307693 0.7836538461538461 0.06490384615384616 0.019230769230769232
3 0.7860576923076923 0.7512019230769231 0.08653846153846154 0.03125
23 0.7764423076923077 0.5757211538461539 0.04807692307692308 0.01201923076923077
3 0.7920673076923077 0.5396634615384616 0.0985576923076923 0.06490384615384616
3 0.7860576923076923 0.47475961538461536 0.10096153846153846 0.06490384615384616
15 0.8112980769230769 0.6574519230769231 0.06971153846153846 0.03125
3 0.8125 0.6826923076923077 0.07692307692307693 0.02403846153846154
23 0.7980769230769231 0.4326923076923077 0.04807692307692308 0.014423076923076924
3 0.8076923076923077 0.4050480769230769 0.014423076923076924 0.01201923076923077
3 0.8076923076923077 0.3737980769230769 0.02403846153846154 0.026442307692307692
13 0.8401442307692307 0.7391826923076923 0.026442307692307692 0.04567307692307692
3 0.23557692307692307 0.4987980769230769 0.019230769230769232 0.016826923076923076
3 0.234375 0.4879807692307692 0.026442307692307692 0.014423076923076924
6 0.25721153846153844 0.7692307692307693 0.019230769230769232 0.02403846153846154
6 0.24278846153846154 0.5492788461538461 0.03365384615384615 0.04567307692307692
6 0.25841346153846156 0.7439903846153846 0.021634615384615384 0.03125
3 0.2536057692307692 0.6983173076923077 0.021634615384615384 0.01201923076923077
3 0.2536057692307692 0.6875 0.026442307692307692 0.009615384615384616
3 0.2536057692307692 0.671875 0.03125 0.01201923076923077
6 0.25721153846153844 0.7163461538461539 0.019230769230769232 0.019230769230769232
6 0.2620192307692308 0.7848557692307693 0.019230769230769232 0.016826923076923076
3 0.25600961538461536 0.6814903846153846 0.03125 0.01201923076923077
6 0.2644230769230769 0.8028846153846154 0.019230769230769232 0.019230769230769232
3 0.2548076923076923 0.6526442307692307 0.028846153846153848 0.01201923076923077
3 0.2548076923076923 0.6658653846153846 0.028846153846153848 0.009615384615384616
6 0.265625 0.8185096153846154 0.021634615384615384 0.021634615384615384
23 0.2764423076923077 0.8064903846153846 0.004807692307692308 0.007211538461538462
23 0.2764423076923077 0.7956730769230769 0.004807692307692308 0.004807692307692308
3 0.27884615384615385 0.8353365384615384 0.028846153846153848 0.016826923076923076
16 0.27163461538461536 0.7091346153846154 0.009615384615384616 0.009615384615384616
23 0.2764423076923077 0.7896634615384616 0.009615384615384616 0.002403846153846154
23 0.2764423076923077 0.7836538461538461 0.009615384615384616 0.004807692307692308
23 0.2764423076923077 0.7764423076923077 0.009615384615384616 0.004807692307692308
16 0.2620192307692308 0.5853365384615384 0.009615384615384616 0.01201923076923077
23 0.2764423076923077 0.7788461538461539 0.009615384615384616 0.004807692307692308
6 0.27524038461538464 0.7391826923076923 0.021634615384615384 0.040865384615384616
3 0.2536057692307692 0.38100961538461536 0.09375 0.06009615384615385
3 0.25600961538461536 0.44350961538461536 0.09375 0.06971153846153846
3 0.27403846153846156 0.6382211538461539 0.02403846153846154 0.016826923076923076
16 0.2800480769230769 0.7091346153846154 0.007211538461538462 0.014423076923076924
29 0.28846153846153844 0.7932692307692307 0.009615384615384616 0.004807692307692308
29 0.2860576923076923 0.7860576923076923 0.009615384615384616 0.004807692307692308
3 0.28846153846153844 0.8052884615384616 0.009615384615384616 0.004807692307692308
23 0.29086538461538464 0.8100961538461539 0.009615384615384616 0.004807692307692308
23 0.28846153846153844 0.8076923076923077 0.009615384615384616 0.004807692307692308
29 0.28966346153846156 0.7980769230769231 0.01201923076923077 0.004807692307692308
16 0.2764423076923077 0.5841346153846154 0.009615384615384616 0.014423076923076924
6 0.2764423076923077 0.546875 0.038461538461538464 0.06009615384615385
3 0.29927884615384615 0.8353365384615384 0.021634615384615384 0.021634615384615384
15 0.2764423076923077 0.48677884615384615 0.038461538461538464 0.01201923076923077
3 0.2776442307692308 0.5024038461538461 0.055288461538461536 0.02403846153846154
23 0.3004807692307692 0.8028846153846154 0.004807692307692308 0.004807692307692308
3 0.29927884615384615 0.7596153846153846 0.03125 0.014423076923076924
23 0.296875 0.6598557692307693 0.021634615384615384 0.036057692307692304
16 0.30528846153846156 0.7680288461538461 0.02403846153846154 0.007211538461538462
15 0.29927884615384615 0.6899038461538461 0.016826923076923076 0.02403846153846154
3 0.31490384615384615 0.796875 0.019230769230769232 0.016826923076923076
23 0.3173076923076923 0.8161057692307693 0.052884615384615384 0.016826923076923076
23 0.31490384615384615 0.78125 0.057692307692307696 0.019230769230769232
3 0.3233173076923077 0.8317307692307693 0.016826923076923076 0.019230769230769232
3 0.3076923076923077 0.5853365384615384 0.028846153846153848 0.026442307692307692
3 0.30649038461538464 0.5396634615384616 0.036057692307692304 0.036057692307692304