2 0.5660034496753247 0.3074344512195122 0.018370535714285714 0.024624999999999998
15 0.5947625811688311 0.3087637195121951 0.012171266233766234 0.0059420731707317065
29 0.4999239042207792 0.3149969512195122 0.00877637987012987 0.009871951219512195
15 0.594885349025974 0.3161600609756098 0.012416801948051948 0.007320121951219513
2 0.4785521509740259 0.3211676829268293 0.0029646915584415584 0.0020914634146341465
2 0.4786515827922078 0.32404573170731704 0.0035693993506493507 0.0029695121951219513
9 0.41337357954545456 0.32721036585365854 0.011812094155844156 0.016615853658536586
2 0.5425710227272728 0.3297576219512195 0.018989448051948053 0.025978658536585365
2 0.5589458198051949 0.33041768292682927 0.017648133116883118 0.02729878048780488
2 0.5243506493506493 0.3318689024390244 0.017857142857142856 0.025932926829268295
2 0.47857853084415586 0.3320533536585366 0.0026116071428571425 0.0025213414634146342
2 0.4783745941558441 0.3351935975609756 0.003015422077922078 0.0027042682926829266
2 0.49281452922077923 0.33810670731707315 0.016067370129870133 0.02499390243902439
2 0.5085785308441558 0.33886128048780484 0.014316152597402597 0.026503048780487808
2 0.5741010551948053 0.3411951219512195 0.0025040584415584417 0.008609756097560975
2 0.4784070616883117 0.3425228658536585 0.003080357142857143 0.0027286585365853657
2 0.47860896915584417 0.3460807926829268 0.0026724837662337663 0.0031371951219512193
22 0.5735064935064934 0.34633841463414633 0.0033441558441558443 0.0024329268292682927
2 0.5336160714285714 0.3471966463414634 0.002297077922077922 0.006588414634146341
2 0.5399340503246753 0.34742378048780487 0.00762784090909091 0.005823170731707318
2 0.5315665584415584 0.348047256097561 0.0018506493506493505 0.007070121951219512
15 0.5567146915584416 0.349405487804878 0.0026339285714285714 0.009786585365853659
2 0.5731737012987013 0.3493445121951219 0.00349025974025974 0.002347560975609756
15 0.5609070616883117 0.34928506097560974 0.004119318181818182 0.010765243902439025
22 0.5730773133116883 0.35351676829268297 0.004515016233766234 0.003375
2 0.4783624188311688 0.35377896341463416 0.0029910714285714284 0.0020701219512195123
22 0.5441446834415584 0.35403658536585364 0.0018445616883116882 0.006243902439024391
22 0.5477922077922078 0.3542637195121951 0.00224025974025974 0.0054786585365853655
22 0.5461394074675324 0.3543033536585366 0.001369724025974026 0.006167682926829269
22 0.5499107142857143 0.3544923780487805 0.002418831168831169 0.0053262195121951215
2 0.47834821428571433 0.35608993902439023 0.0029626623376623378 0.002423780487804878
2 0.5712327516233766 0.35817378048780485 0.00447849025974026 0.003542682926829268
9 0.41349330357142855 0.36199695121951214 0.011645698051948051 0.016676829268292684
22 0.5701359577922078 0.36432012195121954 0.002690746753246753 0.002420731707317073
2 0.5606016639610389 0.3652042682926829 0.006755275974025974 0.004798780487804878
2 0.6996195211038961 0.3657530487804878 0.0047585227272727276 0.0034573170731707317
2 0.6916659902597403 0.3665457317073171 0.00630275974025974 0.005652439024390244
6 0.4321215503246753 0.3672606707317073 0.02414569805194805 0.23757012195121952
2 0.5701968344155843 0.3675503048780488 0.0036241883116883114 0.002173780487804878
2 0.7074928977272728 0.36796798780487805 0.002648133116883117 0.007277439024390244
2 0.7111201298701298 0.36805030487804874 0.0025974025974025974 0.007442073170731707
2 0.4785420048701299 0.3691189024390244 0.0029443993506493506 0.002871951219512195
2 0.560661525974026 0.3698384146341463 0.007280844155844156 0.004310975609756098
22 0.5701258116883117 0.37069664634146343 0.0030762987012987013 0.0017591463414634145
2 0.6999715909090909 0.3708079268292683 0.005056818181818182 0.0038109756097560975
2 0.6905570211038962 0.37133689024390243 0.004490665584415584 0.004259146341463415
2 0.4782325487012987 0.37254420731707316 0.002731331168831169 0.001795731707317073
22 0.5703530844155844 0.373797256097561 0.003936688311688311 0.002472560975609756
2 0.560872564935065 0.3747027439024391 0.007297077922077923 0.005503048780487805
2 0.6907609577922078 0.3759283536585366 0.004086850649350649 0.0036859756097560974
2 0.6994703733766233 0.3761920731707317 0.005271915584415585 0.004823170731707317
22 0.5706686282467532 0.37653963414634145 0.003350243506493507 0.0024695121951219512
2 0.47841923701298705 0.3802896341463414 0.0031047077922077924 0.0020426829268292684
2 0.6908553165584416 0.38102896341463416 0.004681412337662338 0.0035213414634146342
2 0.699645900974026 0.3810899390243902 0.006434659090909091 0.004253048780487804
2 0.7110927353896104 0.381 0.0029484577922077922 0.007121951219512195
2 0.7075192775974026 0.38128506097560977 0.003106737012987013 0.008301829268292683
22 0.39998478084415584 0.38289786585365854 0.008573457792207792 0.01091768292682927
2 0.47823965097402593 0.3832118902439024 0.00315137987012987 0.002399390243902439
6 0.4680073051948052 0.38446341463414635 0.017589285714285717 0.24087804878048782
2 0.6998366477272727 0.3857637195121951 0.004381087662337663 0.003844512195121951
2 0.6913007305194805 0.38621036585365853 0.005166396103896104 0.004128048780487804
2 0.40076603084415585 0.3893612804878049 0.004454139610389611 0.0031128048780487807
2 0.47825994318181814 0.3905823170731707 0.003191964285714286 0.00250609756097561
2 0.691179991883117 0.3907210365853659 0.004113230519480519 0.004612804878048781
2 0.6998498376623377 0.3911890243902439 0.004001623376623377 0.004329268292682926
2 0.4784385146103896 0.3935213414634146 0.0035491071428571425 0.00350609756097561
2 0.7076816152597403 0.3937682926829268 0.0034314123376623378 0.00826829268292683
2 0.7107538555194804 0.39403201219512196 0.00348823051948052 0.008185975609756098
2 0.6995251623376624 0.39612652439024393 0.004569805194805195 0.0038384146341463414
2 0.6910846185064935 0.3963704268292683 0.004734172077922078 0.004935975609756098
22 0.4010927353896104 0.39712652439024393 0.007136769480519481 0.011326219512195122
2 0.47857244318181824 0.40187042682926827 0.003005275974025974 0.0025213414634146342
2 0.47858157467532464 0.4030518292682927 0.003023538961038961 0.0000060975609756097564
2 0.47854910714285714 0.40469512195121954 0.00255275974025974 0.0032926829268292686
2 0.4786921672077922 0.41242378048780487 0.0028388798701298704 0.002896341463414634
2 0.4787347808441558 0.4155365853658537 0.002924107142857143 0.003024390243902439
2 0.3960349025974026 0.41822103658536586 0.01893668831168831 0.029125
2 0.47855823863636365 0.42305487804878045 0.002976866883116883 0.002207317073170732
29 0.4472301136363636 0.42407621951219515 0.006473214285714285 0.011567073170731707
2 0.47874391233766234 0.426375 0.00294237012987013 0.002140243902439024
2 0.5125700081168831 0.42759756097560975 0.012558847402597403 0.023487804878048784
2 0.41358766233766237 0.4277774390243902 0.011022727272727273 0.01896951219512195
2 0.47841112012987014 0.43333079268292685 0.0030884740259740262 0.002027439024390244
2 0.4785714285714286 0.4366310975609756 0.003814935064935065 0.002530487804878049
14 0.5638910308441558 0.4405990853658536 0.07583400974025974 0.11595426829268292
2 0.5230854301948051 0.4418246951219512 0.003557224025974026 0.008039634146341464
2 0.5198224431818181 0.44203201219512195 0.0031189123376623375 0.008454268292682927
2 0.4786840503246753 0.44369207317073167 0.002822646103896104 0.0026280487804878046
2 0.39696327110389606 0.44644054878048783 0.019981737012987014 0.028856707317073172
2 0.478617086038961 0.44667987804878045 0.0026887175324675325 0.00250609756097561
2 0.49441659902597407 0.4483810975609756 0.01440137987012987 0.026030487804878048
2 0.47860896915584417 0.44999542682926824 0.0026724837662337663 0.0036493902439024392
2 0.5195332792207793 0.4508170731707317 0.003352272727272727 0.008341463414634147
2 0.5228581574675325 0.451 0.0035085227272727273 0.00748780487804878
2 0.47835937500000003 0.45281249999999995 0.0025791396103896106 0.0031859756097560974
2 0.5219054383116882 0.459922256097561 0.002820616883116883 0.002771341463414634
2 0.47835227272727276 0.4606143292682927 0.002564935064935065 0.002935975609756098
2 0.4114539366883117 0.4627378048780488 0.009596185064935064 0.021207317073170733
2 0.47836647727272724 0.4632042682926829 0.0025933441558441558 0.0026280487804878046
2 0.5220505275974026 0.4634756097560976 0.0031107954545454546 0.0025609756097560977
2 0.4784344561688311 0.4660426829268292 0.002729301948051948 0.003426829268292683
29 0.42119216720779223 0.46735823170731705 0.006345373376623376 0.017643292682926828
2 0.4787489853896104 0.4690731707317073 0.002952516233766234 0.0027804878048780486
2 0.3973143262987013 0.47725304878048785 0.019466314935064937 0.03194512195121951
29 0.7715533685064936 0.4777301829268292 0.0077982954545454545 0.01033841463414634
2 0.6023062094155844 0.4786753048780488 0.00453125 0.006740853658536585
29 0.7618831168831168 0.4795701219512195 0.008344155844155843 0.00975
22 0.7553581574675325 0.48854115853658536 0.0042228084415584415 0.003301829268292683
22 0.42689529220779215 0.4886966463414634 0.004358766233766234 0.004222560975609756
29 0.7626501623376624 0.4908612804878049 0.007443181818181818 0.009771341463414632
22 0.7555073051948051 0.49208993902439024 0.004521103896103896 0.0030823170731707314
2 0.4275811688311688 0.49380792682926833 0.004107142857142857 0.004689024390243902
2 0.7145322646103897 0.49556402439024394 0.0021164772727272725 0.00698170731707317
22 0.7555631087662338 0.4956844512195122 0.004226866883116883 0.002954268292682927
2 0.5541558441558442 0.49636128048780487 0.003603896103896104 0.00735670731707317
2 0.5802475649350649 0.4963109756097561 0.004650974025974026 0.008475609756097562
2 0.5922108360389611 0.49636280487804874 0.005038555194805195 0.00675
2 0.5704423701298701 0.49700152439024387 0.0028977272727272727 0.008027439024390244
29 0.414237012987013 0.49864329268292684 0.01922077922077922 0.018628048780487804
22 0.7423407061688312 0.50425 0.003350243506493507 0.0030121951219512196
22 0.7424025974025974 0.5072225609756098 0.0034740259740259744 0.002859756097560976
22 0.742687702922078 0.510109756097561 0.0040442370129870125 0.0031463414634146343
22 0.7425487012987013 0.5131966463414634 0.003766233766233766 0.0032225609756097564
15 0.3893445616883117 0.5159115853658537 0.01083198051948052 0.007432926829268292
22 0.7425923295454545 0.5165518292682927 0.0038534902597402595 0.0038353658536585365
22 0.7427668425324675 0.5199359756097561 0.003796672077922078 0.0032865853658536584
29 0.4145068993506494 0.5199878048780487 0.01935470779220779 0.02107317073170732
6 0.7793080357142856 0.5216661585365854 0.015596590909090909 0.07442987804878048
15 0.38949269480519483 0.5233810975609756 0.01234577922077922 0.007128048780487804
15 0.4398356331168832 0.5258521341463415 0.0233400974025974 0.042557926829268296
2 0.3895505275974026 0.5311661585365853 0.006779626623376622 0.004405487804878048
2 0.3891426542207792 0.5357057926829268 0.006775568181818182 0.0031189024390243904
2 0.38950791396103895 0.5397103658536585 0.007506087662337663 0.005030487804878049
14 0.40116578733766234 0.5400518292682926 0.015399756493506493 0.02095731707317073
2 0.4114184253246753 0.5460701219512195 0.0050608766233766235 0.0031158536585365855
29 0.3866629464285714 0.55525 0.009121347402597403 0.011719512195121951
2 0.41517958603896105 0.5616920731707317 0.021105925324675326 0.02826219512195122
6 0.624903612012987 0.5622759146341464 0.29201501623376624 0.023942073170731708
2 0.4367745535714286 0.5625579268292683 0.020870535714285713 0.030603658536585365
6 0.7798630275974026 0.5870731707317073 0.01427150974025974 0.04426829268292683
2 0.41232142857142856 0.5904649390243902 0.005243506493506494 0.015076219512195123
6 0.6259618506493506 0.5988307926829268 0.2937256493506494 0.020832317073170733
29 0.4050750811688312 0.6055121951219512 0.007796266233766234 0.009195121951219512
2 0.41290990259740257 0.6067545731707317 0.001956168831168831 0.006801829268292683
2 0.43206980519480515 0.6145274390243902 0.002126623376623377 0.008323170731707318
2 0.4018729707792208 0.6148109756097561 0.002203733766233766 0.007670731707317073
2 0.4057112418831169 0.6151204268292683 0.002169237012987013 0.006460365853658537
2 0.4473001217532468 0.6152362804878049 0.002148944805194805 0.005472560975609756
2 0.451484375 0.6151951219512195 0.001994724025974026 0.005390243902439024
2 0.44926643668831173 0.6154329268292683 0.001617288961038961 0.0058658536585365845
2 0.4385237418831169 0.6155045731707317 0.0032650162337662337 0.006618902439024391
2 0.42622260551948055 0.6154923780487805 0.0026075487012987013 0.006594512195121951
2 0.41984679383116885 0.6155853658536585 0.0028429383116883116 0.006170731707317073
2 0.45334111201298705 0.6154283536585365 0.0016497564935064938 0.00463719512195122
2 0.411971387987013 0.6155137195121951 0.0021083603896103896 0.007246951219512195
2 0.40999492694805195 0.6156737804878049 0.002619724025974026 0.0063475609756097565
2 0.44522828733766234 0.615407012195122 0.0020637175324675324 0.007033536585365854
2 0.4554261363636364 0.6154542682926829 0.002167207792207792 0.005908536585365854
2 0.4428064123376624 0.6155060975609756 0.002090097402597403 0.004792682926829268
2 0.4281767451298701 0.6157469512195122 0.0024573863636363634 0.007713414634146341
2 0.4352506087662338 0.6156478658536586 0.0024005681818181817 0.006905487804878048
2 0.44055194805194803 0.6156509146341463 0.0016396103896103896 0.005082317073170732
2 0.4156737012987013 0.6159100609756097 0.002613636363636364 0.006820121951219512
2 0.4184496753246753 0.6159298780487805 0.002483766233766234 0.006859756097560976
2 0.421833400974026 0.6161615853658536 0.0031635551948051947 0.008542682926829269
2 0.462867288961039 0.6170701219512195 0.0020332792207792207 0.004871951219512195
2 0.7795089285714286 0.6195442073170732 0.014780844155844157 0.020185975609756095
2 0.579903612012987 0.6228689024390244 0.014515016233766234 0.02866463414634146
2 0.54875 0.6237271341463415 0.01836038961038961 0.028551829268292684
2 0.46236099837662337 0.6246524390243903 0.0022382305194805193 0.004792682926829268
2 0.46674310064935065 0.6248384146341462 0.0020738636363636367 0.005164634146341464
2 0.4645058847402597 0.6252301829268293 0.0020637175324675324 0.005948170731707317
2 0.6259446022727273 0.6269679878048781 0.015282061688311688 0.02710670731707317
2 0.594958400974026 0.6271067073170731 0.01580965909090909 0.031652439024390244
2 0.5650385551948053 0.6274359756097561 0.014005681818181818 0.029871951219512197
2 0.6738139204545455 0.6275533536585366 0.016053165584415583 0.030716463414634146
2 0.6096946022727272 0.6278368902439024 0.014032061688311689 0.023966463414634147
2 0.6576390016233766 0.6278018292682928 0.0169825487012987 0.030603658536585365
2 0.689067573051948 0.6278628048780488 0.014904626623376624 0.028896341463414636
2 0.6413179788961039 0.6282881097560975 0.015590503246753247 0.030966463414634143
1 0.7014721996753247 0.6283140243902439 0.004811282467532468 0.003579268292682927
2 0.46965807629870127 0.6307713414634146 0.0038453733766233766 0.0030060975609756094
2 0.4696499594155844 0.6336280487804878 0.004234983766233767 0.0032317073170731706
29 0.5064752435064934 0.6341128048780488 0.021067370129870127 0.021884146341463413
2 0.48867491883116887 0.6344557926829268 0.010223214285714287 0.018301829268292682
2 0.698919439935065 0.6374557926829268 0.0070109577922077915 0.013935975609756098
15 0.4659638798701299 0.6399451219512196 0.00903814935064935 0.00976829268292683
2 0.4643719561688312 0.6463185975609756 0.005854301948051949 0.0036128048780487802
2 0.4642796266233766 0.6492057926829268 0.0048579545454545455 0.0026798780487804876
2 0.46384740259740265 0.6521951219512194 0.005211038961038961 0.0031707317073170734
22 0.6532163149350649 0.653123475609756 0.001643668831168831 0.005637195121951219
22 0.39291396103896103 0.6538871951219513 0.0029545454545454545 0.0022865853658536584
22 0.38808238636363634 0.6542256097560976 0.003031655844155844 0.0029634146341463415
2 0.4641751217532467 0.6552987804878049 0.006272321428571428 0.0032804878048780487
29 0.585330762987013 0.6557164634146342 0.014005681818181818 0.02972560975609756
22 0.3928997564935065 0.657173780487805 0.00333198051948052 0.0021524390243902436
2 0.5620393668831168 0.6573673780487804 0.002731331168831169 0.005588414634146341
7 0.5575365259740259 0.6577865853658537 0.005900974025974026 0.007036585365853658
22 0.3930854301948052 0.6608384146341464 0.003297483766233766 0.002774390243902439
22 0.39291091720779225 0.6644329268292684 0.003354301948051948 0.002646341463414634
29 0.4887946428571429 0.6670045731707317 0.007215909090909091 0.012057926829268291
14 0.7599137581168831 0.6669984756097561 0.033220373376623376 0.06753353658536584
29 0.6847453327922078 0.667234756097561 0.007477678571428572 0.008859756097560975
29 0.5044490665584416 0.6673064024390244 0.00768060064935065 0.012051829268292683
22 0.4933147321428571 0.6676814024390244 0.002051542207792208 0.007314024390243902
22 0.49694906655844157 0.6678871951219513 0.001609172077922078 0.008335365853658537
22 0.3928997564935065 0.6679192073170732 0.002926136363636364 0.002301829268292683
22 0.4950598620129871 0.6678704268292682 0.0018892045454545455 0.007692073170731707
22 0.49914569805194803 0.6678871951219513 0.0019439935064935064 0.008945121951219511
2 0.4701247970779221 0.6685594512195122 0.0161424512987013 0.023704268292682927
14 0.42819805194805194 0.6687591463414635 0.0548538961038961 0.08264024390243903
29 0.5991314935064935 0.6692896341463415 0.012386363636363636 0.03126219512195122
15 0.6289630681818182 0.6699298780487805 0.03714691558441559 0.05571341463414634
22 0.38736708603896103 0.6709679878048781 0.00403612012987013 0.002911585365853659
22 0.39302150974025973 0.6712911585365854 0.0023579545454545455 0.0023384146341463414
2 0.7294521103896103 0.6734375 0.00476461038961039 0.004192073170731708
2 0.6583147321428572 0.6741158536585365 0.0016943993506493506 0.005548780487804878
22 0.3930580357142857 0.6743109756097561 0.0028368506493506493 0.002280487804878049
22 0.6628135146103896 0.6768734756097561 0.001763392857142857 0.004966463414634146
22 0.38736607142857143 0.6770518292682927 0.003628246753246753 0.002274390243902439
22 0.39291396103896103 0.677452743902439 0.003766233766233766 0.0024664634146341464
22 0.7370819805194806 0.6780594512195122 0.0041964285714285714 0.001850609756097561
29 0.6958593750000001 0.6791920731707317 0.013471996753246753 0.027896341463414635
13 0.4845342938311688 0.6796295731707317 0.0064062500000000005 0.011698170731707317
22 0.3929210633116883 0.6804893292682928 0.0033745941558441556 0.003051829268292683
2 0.5329504870129871 0.6809710365853658 0.0017775974025974026 0.005234756097560976
2 0.5368293425324675 0.6811295731707318 0.0018242694805194807 0.004942073170731707
2 0.5348579545454546 0.6813064024390244 0.001939935064935065 0.0052957317073170735
2 0.5387418831168831 0.6813445121951219 0.001590909090909091 0.005981707317073171
2 0.5408522727272728 0.6817835365853658 0.0017532467532467534 0.005030487804878049
22 0.7373366477272727 0.6820472560975609 0.0047057629870129875 0.0025091463414634147
22 0.3931300730519481 0.684060975609756 0.0029809253246753245 0.002878048780487805
6 0.7158106737012987 0.6854984756097561 0.021718750000000002 0.11977743902439024
2 0.7840168425324676 0.6865213414634146 0.010809659090909092 0.017554878048780486
22 0.39340300324675326 0.6866539634146341 0.00393262987012987 0.0025762195121951216
22 0.38785714285714284 0.6868384146341463 0.0033928571428571428 0.003554878048780488
29 0.6595535714285715 0.6884557926829269 0.011071428571428572 0.015326219512195123
22 0.39294845779220783 0.6902179878048781 0.003023538961038961 0.002996951219512195
2 0.4640411931818182 0.6915564024390244 0.003975243506493507 0.0026249999999999997
22 0.4687621753246753 0.6936493902439025 0.0032711038961038964 0.0037621951219512194
2 0.3867086038961039 0.6942042682926829 0.0035308441558441557 0.0024329268292682927
2 0.46404626623376627 0.6949344512195123 0.004391233766233766 0.002064024390243902
6 0.5130235389610389 0.6965365853658536 0.06744318181818182 0.018682926829268292
22 0.39294439935064934 0.6964222560975609 0.002609577922077922 0.0032103658536585364
22 0.38670556006493506 0.6979268292682926 0.003524756493506494 0.0025609756097560977
2 0.5550436282467532 0.697875 0.002132711038961039 0.007945121951219512
2 0.5571124188311688 0.6981219512195123 0.0022118506493506492 0.007829268292682927
22 0.393033685064935 0.7000807926829268 0.0031939935064935064 0.0026006097560975607
15 0.46606026785714283 0.7006341463414634 0.009636769480519482 0.009195121951219512
2 0.3863808847402597 0.7007835365853659 0.0032812500000000003 0.0021768292682926827
22 0.39303064123376624 0.7033932926829268 0.003187905844155844 0.0025182926829268293
2 0.3863403003246753 0.7038368902439025 0.0036059253246753247 0.002795731707317073
22 0.3931341314935065 0.7062896341463415 0.002989042207792208 0.0022134146341463413
2 0.37667918019480523 0.7072682926829269 0.0037642045454545454 0.0023414634146341463
2 0.38603084415584416 0.707545731707317 0.00461038961038961 0.00350609756097561
2 0.4659019886363637 0.7089024390243902 0.0076968344155844155 0.006829268292682927
22 0.39294237012987016 0.7095076219512195 0.0030113636363636362 0.0031615853658536583
22 0.376640625 0.7102942073170732 0.0036870941558441563 0.002295731707317073
29 0.554398336038961 0.7109603658536585 0.005712256493506493 0.009725609756097561
22 0.39310064935064937 0.7125609756097561 0.002922077922077922 0.0025609756097560977
2 0.3763240665584416 0.713185975609756 0.003459821428571429 0.0025914634146341465
7 0.3856970373376623 0.7153064024390243 0.008001217532467532 0.01110060975609756
22 0.37640929383116883 0.7166326219512195 0.003224431818181818 0.0021676829268292685
2 0.42411627435064936 0.7218932926829268 0.0016416396103896105 0.0053719512195121956
22 0.42215097402597407 0.7217378048780488 0.0013636363636363635 0.005060975609756098
22 0.3963068181818182 0.721827743902439 0.002029220779220779 0.004021341463414634
22 0.4414316152597403 0.7221737804878049 0.0017755681818181818 0.005932926829268293
2 0.4386596996753247 0.7219344512195123 0.0023193993506493505 0.005454268292682927
2 0.4543283279220779 0.7222621951219512 0.0020008116883116884 0.006719512195121951
22 0.43667918019480517 0.7221768292682926 0.0020109577922077923 0.0059390243902439025
2 0.3985653409090909 0.7221905487804877 0.0016761363636363636 0.0059664634146341464
22 0.4348741883116883 0.7223307926829268 0.001241883116883117 0.006246951219512195
22 0.45635450487012985 0.7223871951219512 0.0015888798701298701 0.006969512195121951
22 0.4327171266233766 0.722314024390244 0.0017978896103896104 0.006213414634146341
2 0.4127211850649351 0.7224039634146342 0.001984577922077922 0.005783536585365854
2 0.4499705762987013 0.7223871951219512 0.0022138798701298703 0.006969512195121951
22 0.4434456168831169 0.7223536585365854 0.002150974025974026 0.00751219512195122
2 0.4004596185064935 0.7225792682926829 0.0018120941558441557 0.006134146341463415
2 0.43026684253246755 0.7226341463414634 0.001767451298701299 0.006243902439024391
22 0.4584831574675325 0.722858231707317 0.0021935876623376625 0.006692073170731707
2 0.4165797483766234 0.7227073170731707 0.0015848214285714285 0.006390243902439025
2 0.4055945616883117 0.7227942073170731 0.0015300324675324676 0.007173780487804878
2 0.4105093344155844 0.7228551829268293 0.002025162337662338 0.005466463414634146
2 0.40265929383116883 0.7229801829268293 0.0017471590909090909 0.006935975609756098
2 0.41479606331168833 0.723 0.002481737012987013 0.006365853658536585
2 0.41997869318181824 0.7229359756097561 0.0018892045454545455 0.007457317073170732
2 0.40848011363636366 0.723265243902439 0.002025162337662338 0.006896341463414634
2 0.3795089285714286 0.7236478658536586 0.0045535714285714285 0.0052225609756097555
29 0.5658695211038961 0.7308689024390244 0.005115665584415585 0.011128048780487804
7 0.3799604301948052 0.7317042682926829 0.01600852272727273 0.01096951219512195
22 0.4388484172077922 0.7317439024390243 0.0022909902597402594 0.006780487804878049
22 0.442278814935065 0.7317865853658537 0.001846590909090909 0.006865853658536585
2 0.37919034090909093 0.7398810975609756 0.005945616883116883 0.0029329268292682923
14 0.7470342938311689 0.7428917682926829 0.027347808441558444 0.03273475609756098
29 0.3953226461038961 0.7557576219512195 0.00817775974025974 0.013954268292682927
22 0.45817370129870133 0.757109756097561 0.005633116883116883 0.004463414634146342
22 0.5759993912337662 0.7586219512195123 0.0014306006493506494 0.006268292682926829
22 0.5805560064935065 0.7585182926829268 0.002021103896103896 0.007280487804878048
22 0.5782558847402597 0.7588384146341463 0.0018851461038961038 0.006701219512195122
2 0.4862398538961039 0.7624420731707316 0.006164772727272727 0.004762195121951219
22 0.4588808847402597 0.7627560975609756 0.005018262987012987 0.004170731707317073
2 0.4165685876623376 0.762797256097561 0.0019683441558441556 0.00913109756097561
2 0.4256402191558441 0.7630045731707318 0.0026603084415584414 0.008935975609756097
2 0.41891132305194806 0.7630670731707317 0.002189529220779221 0.009670731707317073
2 0.42323965097402594 0.7631143292682926 0.002323457792207792 0.008545731707317074
22 0.4521550324675324 0.7672560975609756 0.0061769480519480524 0.004024390243902439
22 0.4591883116883117 0.7674725609756098 0.003198051948051948 0.0026280487804878046
22 0.48517654220779216 0.7679039634146341 0.004443993506493506 0.005320121951219512
22 0.45914569805194805 0.7725518292682926 0.004330357142857143 0.0030304878048780484
22 0.4541162743506494 0.7726996951219512 0.00401176948051948 0.003326219512195122
22 0.45856128246753247 0.7774496951219512 0.005190746753246753 0.0030701219512195123
6 0.5596164772727272 0.78525 0.10584009740259741 0.04184146341463415
6 0.6930407873376623 0.7860625 0.09346793831168831 0.03919817073170732
2 0.4564458198051948 0.787217987804878 0.005018262987012987 0.003704268292682927
6 0.7094896509740259 0.1550746951219512 0.09917410714285714 0.06319817073170732
15 0.4648041801948052 0.1649298780487805 0.0026603084415584414 0.00851829268292683
15 0.4681463068181818 0.165327743902439 0.002851055194805195 0.007484756097560976
6 0.5037824675324675 0.16592073170731708 0.026233766233766234 0.08001219512195122
6 0.6171509740259741 0.1659359756097561 0.05938311688311688 0.09345731707317073
6 0.5659872159090908 0.16976371951219513 0.02767248376623377 0.08586890243902438
2 0.4447635957792208 0.17065091463414633 0.0015401785714285715 0.0053262195121951215
15 0.40318892045454546 0.17211280487804878 0.0032122564935064936 0.010689024390243903
2 0.42043729707792205 0.1721615853658537 0.0032122564935064936 0.009567073170731707
2 0.43334111201298703 0.17236128048780489 0.0026400162337662336 0.010576219512195121
6 0.5355590503246753 0.17245426829268293 0.031345373376623374 0.08576219512195123
2 0.44186586850649345 0.17290853658536584 0.0018323863636363635 0.005573170731707318
29 0.3924198457792208 0.1731417682926829 0.007242288961038961 0.010307926829268293
29 0.45443689123376624 0.1740106707317073 0.01642248376623377 0.015704268292682927
22 0.4446479301948052 0.1764893292682927 0.0017146915584415584 0.004807926829268293
2 0.47286323051948054 0.18001524390243903 0.003356331168831169 0.0014939024390243903
22 0.4605539772727273 0.1839329268292683 0.0034943181818181818 0.0020121951219512196
22 0.44266639610389613 0.18387347560975612 0.001810064935064935 0.00738109756097561
2 0.44045251623376624 0.18416615853658538 0.001846590909090909 0.006137195121951219
2 0.43440949675324675 0.18454115853658534 0.0015300324675324676 0.0068871951219512196
2 0.4323366477272727 0.18451829268292683 0.0022544642857142854 0.006231707317073171
2 0.4365300324675324 0.1845670731707317 0.0021185064935064935 0.0069390243902439025
2 0.466658887987013 0.18498018292682927 0.004746347402597403 0.004106707317073171
22 0.45533380681818186 0.18704268292682927 0.005229301948051948 0.00274390243902439
22 0.4609030032467532 0.18725762195121953 0.0033806818181818183 0.0025640243902439025
9 0.4136576704545455 0.18810975609756098 0.016438717532467534 0.018902439024390243
2 0.47286323051948054 0.18834451219512194 0.003356331168831169 0.004128048780487804
6 0.48122869318181816 0.1895731707317073 0.011970373376623378 0.06573170731707317
22 0.4670951704545454 0.1894954268292683 0.005213068181818182 0.002771341463414634
2 0.460377435064935 0.18991615853658536 0.0031412337662337663 0.0023932926829268292
2 0.3857112418831169 0.19020426829268292 0.003565340909090909 0.0029695121951219513
22 0.45540990259740266 0.19026981707317075 0.004569805194805195 0.0024908536585365854
2 0.4731544237012987 0.1918033536585366 0.0035328733766233768 0.0018993902439024392
2 0.3858198051948052 0.19281859756097564 0.0033766233766233766 0.002710365853658537
22 0.4555549918831169 0.1932682926829268 0.004859983766233766 0.0023902439024390243
2 0.4606503652597403 0.1960609756097561 0.0036870941558441563 0.0024878048780487805
22 0.46731229707792205 0.1961753048780488 0.004835633116883117 0.003935975609756098
22 0.4556960227272727 0.19643750000000001 0.004330357142857143 0.00263109756097561
2 0.4603500405844156 0.19901219512195123 0.0022747564935064937 0.002292682926829268
22 0.45534598214285715 0.19933993902439026 0.004441964285714286 0.0023384146341463414
2 0.4731097808441559 0.2000137195121951 0.004255275974025974 0.003076219512195122
2 0.46821935876623383 0.20056554878048782 0.005432224025974026 0.0035701219512195123
2 0.39017045454545457 0.20132164634146343 0.0019318181818181817 0.007521341463414635
2 0.3923325892857143 0.20148475609756097 0.002197646103896104 0.00723780487804878
2 0.39474736201298705 0.2020564024390244 0.0017512175324675325 0.0059420731707317065
22 0.45577820616883113 0.20250914634146341 0.00408887987012987 0.002579268292682927
2 0.39896103896103896 0.2025564024390244 0.0020616883116883118 0.005112804878048781
2 0.4143080357142857 0.202640243902439 0.0031290584415584414 0.007109756097560976
2 0.3968719561688312 0.2025670731707317 0.0019419642857142858 0.005134146341463415
15 0.38625405844155847 0.2028140243902439 0.0030275974025974024 0.009896341463414634
2 0.3830945616883117 0.20360213414634148 0.0027962662337662337 0.008423780487804879
22 0.45561586850649355 0.20547256097560976 0.004170048701298701 0.0024085365853658536
22 0.4557893668831169 0.2085564024390244 0.004922889610389611 0.002478658536585366
2 0.46425020292207786 0.20880487804878048 0.005610795454545454 0.006024390243902439
2 0.3828226461038961 0.20964481707317073 0.0034699675324675328 0.002826219512195122
14 0.43554484577922076 0.2105746951219512 0.028151379870129868 0.043100609756097565
2 0.45620434253246755 0.2111341463414634 0.0033177759740259743 0.0015365853658536586
2 0.3827637987012987 0.21273932926829267 0.003352272727272727 0.003527439024390244
2 0.4069328327922078 0.21314786585365852 0.004612418831168831 0.003125
2 0.45593547077922075 0.21421189024390244 0.003591720779220779 0.0028140243902439028
15 0.464117288961039 0.2148704268292683 0.006156655844155844 0.004740853658536585
2 0.4069724025974026 0.21610670731707318 0.004691558441558442 0.004164634146341464
2 0.5104352678571429 0.2177454268292683 0.012347808441558443 0.020246951219512196
22 0.383184862012987 0.21759298780487807 0.002976866883116883 0.003478658536585366
2 0.4567390422077922 0.21791768292682925 0.0035754870129870134 0.002908536585365853
2 0.4978500405844156 0.21799542682926829 0.01315137987012987 0.02013719512195122
15 0.4644135551948052 0.21929115853658535 0.006749188311688311 0.004435975609756098
14 0.3951440746753247 0.21996036585365855 0.018372564935064936 0.027115853658536585
2 0.4069541396103896 0.22055487804878046 0.0046550324675324675 0.003914634146341463
2 0.4564458198051948 0.22116158536585365 0.0038007305194805194 0.0026890243902439027
22 0.38305093344155844 0.2214771341463415 0.0035206980519480523 0.0033201219512195125
2 0.4067299107142857 0.22441615853658536 0.004206574675324676 0.003100609756097561
2 0.4644805194805195 0.22460823170731709 0.006477272727272727 0.004094512195121951
2 0.45782366071428576 0.22513871951219513 0.0057447240259740255 0.005155487804878049
2 0.413244724025974 0.22653201219512195 0.0054667207792207795 0.004283536585365854
2 0.5705215097402598 0.2271859756097561 0.013607954545454546 0.02327439024390244
2 0.5843425324675324 0.2275167682926829 0.014464285714285714 0.024545731707317074
2 0.40672382305194804 0.2279939024390244 0.0033827110389610393 0.004158536585365854
15 0.46435166396103894 0.23392225609756098 0.00500202922077922 0.0032103658536585364
6 0.49082284902597406 0.23530640243902437 0.027506087662337666 0.016344512195121952
2 0.4004372970779221 0.23764024390243904 0.001767451298701299 0.008207317073170732
2 0.4315036525974026 0.23793902439024392 0.0018060064935064937 0.006365853658536585
2 0.42915178571428575 0.2380533536585366 0.0023782467532467533 0.006594512195121951
2 0.44256696428571424 0.23788871951219512 0.0020170454545454545 0.008094512195121951
2 0.4381960227272727 0.2379893292682927 0.002203733766233766 0.007076219512195122
2 0.4487256493506494 0.23817225609756099 0.002564935064935065 0.007442073170731707
22 0.3927982954545455 0.2380548780487805 0.001911525974025974 0.007817073170731707
2 0.44028713474025977 0.23828658536585368 0.001921672077922078 0.007670731707317073
2 0.3953581574675325 0.23813567073170733 0.0017552759740259742 0.007368902439024391
2 0.43570819805194805 0.23821493902439025 0.0025040584415584417 0.0075274390243902445
2 0.3978033685064935 0.2383719512195122 0.0017755681818181818 0.00845121951219512
22 0.3907893668831169 0.23842987804878046 0.0019521103896103895 0.007957317073170732
2 0.43307021103896104 0.2384420731707317 0.0025040584415584417 0.007981707317073171
22 0.40183035714285714 0.23922560975609755 0.0004951298701298701 0.00040243902439024393
2 0.5358786525974026 0.24022256097560973 0.012504058441558441 0.02251829268292683
29 0.4137357954545455 0.24070426829268293 0.011724837662337662 0.02348170731707317
2 0.3810075081168831 0.24501067073170732 0.004709821428571429 0.0034359756097560976
2 0.40296672077922074 0.24500914634146342 0.0015503246753246754 0.007091463414634147
22 0.43495738636363634 0.24611585365853658 0.003031655844155844 0.006865853658536585
22 0.44531655844155843 0.24625914634146343 0.002646103896103896 0.008371951219512196
2 0.4384882305194805 0.24643902439024393 0.0031939935064935064 0.006902439024390244
2 0.44196225649350646 0.24684603658536586 0.0032426948051948053 0.007716463414634146
2 0.38175324675324673 0.24839786585365853 0.0057954545454545455 0.003503048780487805
2 0.4032487824675325 0.25159603658536583 0.004955357142857143 0.0038018292682926833
2 0.5599370941558441 0.2521310975609756 0.009890422077922078 0.01523780487804878
2 0.380666599025974 0.2539131097560976 0.004028003246753247 0.00538719512195122
22 0.4149614448051948 0.2580792682926829 0.0028125 0.010060975609756098
2 0.4193222402597403 0.2594115853658537 0.0030113636363636362 0.010286585365853659
2 0.38456270292207795 0.26127286585365855 0.00492086038961039 0.006692073170731707
29 0.39962662337662336 0.26223323170731705 0.013944805194805194 0.016539634146341464
22 0.3897564935064935 0.26689329268292683 0.0051623376623376625 0.003908536585365854
2 0.6302069805194805 0.270765243902439 0.015689935064935063 0.025067073170731705
22 0.389825487012987 0.27069512195121953 0.004488636363636364 0.0035853658536585367
14 0.569609375 0.2721814024390244 0.013812905844155843 0.02241158536585366
2 0.7691183035714286 0.2735823170731707 0.015509334415584417 0.027042682926829268
2 0.6142664366883117 0.27433231707317074 0.01708806818181818 0.027323170731707317
29 0.4039021915584416 0.2760015243902439 0.008291396103896103 0.010539634146341464
22 0.38825081168831166 0.2763871951219512 0.004180194805194806 0.0033841463414634146
14 0.5101156655844156 0.27630945121951217 0.023478084415584417 0.053228658536585365
29 0.5415645292207792 0.2782301829268293 0.006830357142857142 0.010118902439024389
2 0.692619724025974 0.2795045731707317 0.016327110389610388 0.02791158536585366
2 0.6766883116883117 0.2800625 0.014902597402597402 0.02232012195121951
2 0.661810064935065 0.27990548780487806 0.01680194805194805 0.025664634146341465
2 0.7235744724025974 0.2803993902439024 0.01492491883116883 0.02299390243902439
2 0.7529778814935065 0.2802469512195122 0.014884334415584415 0.02878658536585366
2 0.7382051542207793 0.2806920731707317 0.014153814935064936 0.025408536585365855
2 0.7083745941558441 0.2810731707317073 0.013745941558441558 0.02373170731707317
2 0.6459344561688312 0.2823231707317073 0.016706574675324676 0.024402439024390245
2 0.45024756493506496 0.28786128048780485 0.014131493506493507 0.027551829268292683
29 0.4011049107142857 0.2963795731707317 0.009596185064935064 0.012881097560975609
9 0.41360085227272725 0.30096036585365854 0.012266639610389611 0.020823170731707315
15 0.5947321428571429 0.3011859756097561 0.01211038961038961 0.006030487804878049
29 0.5520028409090909 0.3028551829268293 0.014314123376623378 0.028271341463414635
29 0.5514803165584415 0.302952743902439 0.013269074675324675 0.03090548780487805