6 0.5625 0.5576923076923077 0.07211538461538461 0.10576923076923077
6 0.5829326923076923 0.6574519230769231 0.07932692307692307 0.11298076923076923
6 0.6069711538461539 0.7848557692307693 0.06490384615384616 0.06971153846153846
6 0.5853365384615384 0.7355769230769231 0.06490384615384616 0.038461538461538464
3 0.5228365384615384 0.59375 0.021634615384615384 0.014423076923076924
3 0.5252403846153846 0.6021634615384616 0.016826923076923076 0.01201923076923077
14 0.5420673076923077 0.6862980769230769 0.03125 0.021634615384615384
3 0.5456730769230769 0.7139423076923077 0.019230769230769232 0.009615384615384616
13 0.5600961538461539 0.7752403846153846 0.009615384615384616 0.007211538461538462
13 0.5576923076923077 0.765625 0.009615384615384616 0.007211538461538462
3 0.546875 0.7235576923076923 0.021634615384615384 0.014423076923076924
13 0.5540865384615384 0.7560096153846154 0.01201923076923077 0.007211538461538462
6 0.47596153846153844 0.4795673076923077 0.1971153846153846 0.12740384615384615
14 0.5516826923076923 0.7896634615384616 0.016826923076923076 0.016826923076923076
14 0.4891826923076923 0.6454326923076923 0.016826923076923076 0.016826923076923076
3 0.49759615384615385 0.7115384615384616 0.019230769230769232 0.019230769230769232
14 0.484375 0.6766826923076923 0.05048076923076923 0.03125
3 0.45913461538461536 0.6141826923076923 0.02403846153846154 0.016826923076923076
14 0.4651442307692308 0.6526442307692307 0.016826923076923076 0.01201923076923077
3 0.47475961538461536 0.7043269230769231 0.021634615384615384 0.014423076923076924
3 0.4795673076923077 0.7319711538461539 0.021634615384615384 0.016826923076923076
3 0.48197115384615385 0.7451923076923077 0.026442307692307692 0.019230769230769232
3 0.4723557692307692 0.71875 0.026442307692307692 0.019230769230769232
3 0.4411057692307692 0.6682692307692307 0.021634615384615384 0.019230769230769232
6 0.3762019230769231 0.4423076923076923 0.026442307692307692 0.014423076923076924
3 0.421875 0.6286057692307693 0.021634615384615384 0.016826923076923076
29 0.41466346153846156 0.6670673076923077 0.036057692307692304 0.036057692307692304
14 0.38341346153846156 0.5637019230769231 0.03125 0.021634615384615384
3 0.39903846153846156 0.6346153846153846 0.019230769230769232 0.014423076923076924
29 0.3870192307692308 0.5997596153846154 0.019230769230769232 0.021634615384615384
3 0.4050480769230769 0.6923076923076923 0.021634615384615384 0.014423076923076924
3 0.4362980769230769 0.8485576923076923 0.021634615384615384 0.019230769230769232
3 0.4326923076923077 0.8365384615384616 0.019230769230769232 0.014423076923076924
29 0.37740384615384615 0.6225961538461539 0.02403846153846154 0.02403846153846154
14 0.40384615384615385 0.7391826923076923 0.11057692307692307 0.08413461538461539
3 0.3701923076923077 0.6117788461538461 0.014423076923076924 0.007211538461538462
3 0.36658653846153844 0.6021634615384616 0.021634615384615384 0.016826923076923076
3 0.3713942307692308 0.6418269230769231 0.021634615384615384 0.014423076923076924
6 0.3233173076923077 0.453125 0.07451923076923077 0.026442307692307692
3 0.3425480769230769 0.546875 0.016826923076923076 0.01201923076923077
3 0.41225961538461536 0.84375 0.016826923076923076 0.014423076923076924
3 0.35697115384615385 0.6322115384615384 0.021634615384615384 0.014423076923076924
3 0.3293269230769231 0.5192307692307693 0.019230769230769232 0.014423076923076924
3 0.35216346153846156 0.6213942307692307 0.016826923076923076 0.01201923076923077
14 0.39783653846153844 0.8173076923076923 0.06971153846153846 0.04807692307692308
29 0.3389423076923077 0.5805288461538461 0.009615384615384616 0.007211538461538462
14 0.3629807692307692 0.6862980769230769 0.04807692307692308 0.036057692307692304
3 0.328125 0.5516826923076923 0.01201923076923077 0.01201923076923077
3 0.3425480769230769 0.6069711538461539 0.021634615384615384 0.016826923076923076
3 0.34134615384615385 0.6177884615384616 0.004807692307692308 0.004807692307692308
3 0.3449519230769231 0.6478365384615384 0.021634615384615384 0.016826923076923076
3 0.3233173076923077 0.5649038461538461 0.016826923076923076 0.009615384615384616
3 0.3329326923076923 0.6237980769230769 0.01201923076923077 0.01201923076923077
3 0.33413461538461536 0.6382211538461539 0.014423076923076924 0.01201923076923077
3 0.3269230769230769 0.6177884615384616 0.009615384615384616 0.004807692307692308
3 0.30528846153846156 0.5396634615384616 0.009615384615384616 0.007211538461538462
3 0.29447115384615385 0.53125 0.007211538461538462 0.004807692307692308
3 0.29927884615384615 0.5600961538461539 0.026442307692307692 0.019230769230769232
3 0.3016826923076923 0.5733173076923077 0.026442307692307692 0.016826923076923076
3 0.28725961538461536 0.5420673076923077 0.01201923076923077 0.01201923076923077
3 0.27283653846153844 0.5144230769230769 0.021634615384615384 0.019230769230769232
3 0.2692307692307692 0.5456730769230769 0.004807692307692308 0.004807692307692308
3 0.2704326923076923 0.5540865384615384 0.016826923076923076 0.01201923076923077
3 0.2800480769230769 0.59375 0.021634615384615384 0.019230769230769232
3 0.2824519230769231 0.6201923076923077 0.021634615384615384 0.019230769230769232
3 0.2776442307692308 0.6069711538461539 0.016826923076923076 0.01201923076923077
3 0.2824519230769231 0.65625 0.021634615384615384 0.014423076923076924
3 0.25600961538461536 0.5588942307692307 0.007211538461538462 0.007211538461538462
3 0.25841346153846156 0.5817307692307693 0.007211538461538462 0.004807692307692308
3 0.234375 0.5024038461538461 0.026442307692307692 0.014423076923076924
6 0.22235576923076922 0.47596153846153844 0.040865384615384616 0.019230769230769232
3 0.25600961538461536 0.6298076923076923 0.021634615384615384 0.019230769230769232
14 0.27283653846153844 0.7283653846153846 0.021634615384615384 0.019230769230769232
3 0.22956730769230768 0.6370192307692307 0.021634615384615384 0.019230769230769232
3 0.23677884615384615 0.6995192307692307 0.016826923076923076 0.009615384615384616
3 0.24879807692307693 0.7704326923076923 0.021634615384615384 0.016826923076923076
6 0.24519230769230768 0.8449519230769231 0.028846153846153848 0.04567307692307692
6 0.15865384615384615 0.5552884615384616 0.03365384615384615 0.04326923076923077
6 0.16466346153846154 0.5889423076923077 0.021634615384615384 0.019230769230769232
6 0.18389423076923078 0.6658653846153846 0.036057692307692304 0.052884615384615384
6 0.22596153846153846 0.8485576923076923 0.028846153846153848 0.04807692307692308