3 0.34975961538461536 0.5240384615384616 0.002403846153846154 0.004807692307692308
3 0.359375 0.5216346153846154 0.002403846153846154 0.004807692307692308
23 0.36899038461538464 0.5216346153846154 0.002403846153846154 0.004807692307692308
3 0.8016826923076923 0.47596153846153844 0.002403846153846154 0.004807692307692308
23 0.3641826923076923 0.5240384615384616 0.002403846153846154 0.004807692307692308
3 0.5829326923076923 0.5 0.002403846153846154 0.004807692307692308
3 0.5997596153846154 0.49759615384615385 0.002403846153846154 0.004807692307692308
3 0.6117788461538461 0.4963942307692308 0.002403846153846154 0.007211538461538462
3 0.8112980769230769 0.47596153846153844 0.002403846153846154 0.004807692307692308
3 0.5757211538461539 0.5 0.002403846153846154 0.004807692307692308
3 0.3762019230769231 0.5216346153846154 0.002403846153846154 0.004807692307692308
3 0.8401442307692307 0.4735576923076923 0.002403846153846154 0.004807692307692308
3 0.38822115384615385 0.5216346153846154 0.002403846153846154 0.004807692307692308
23 0.6502403846153846 0.5 0.002403846153846154 0.004807692307692308
3 0.6574519230769231 0.5 0.002403846153846154 0.004807692307692308
23 0.6670673076923077 0.5 0.002403846153846154 0.004807692307692308
3 0.5444711538461539 0.5120192307692307 0.002403846153846154 0.004807692307692308
3 0.6911057692307693 0.49759615384615385 0.002403846153846154 0.004807692307692308
23 0.6838942307692307 0.49759615384615385 0.002403846153846154 0.004807692307692308
23 0.6887019230769231 0.49759615384615385 0.002403846153846154 0.004807692307692308
23 0.6983173076923077 0.49759615384615385 0.002403846153846154 0.004807692307692308
23 0.4675480769230769 0.5216346153846154 0.002403846153846154 0.004807692307692308
23 0.45552884615384615 0.5240384615384616 0.002403846153846154 0.004807692307692308
23 0.4579326923076923 0.5240384615384616 0.002403846153846154 0.004807692307692308
23 0.46274038461538464 0.5240384615384616 0.002403846153846154 0.004807692307692308
23 0.4699519230769231 0.5240384615384616 0.002403846153846154 0.004807692307692308
23 0.8064903846153846 0.4879807692307692 0.002403846153846154 0.004807692307692308
23 0.8137019230769231 0.4879807692307692 0.002403846153846154 0.004807692307692308
23 0.8173076923076923 0.4879807692307692 0.004807692307692308 0.004807692307692308
23 0.8209134615384616 0.4879807692307692 0.002403846153846154 0.004807692307692308
3 0.828125 0.4855769230769231 0.002403846153846154 0.004807692307692308
23 0.8040865384615384 0.4879807692307692 0.002403846153846154 0.004807692307692308
3 0.8112980769230769 0.4879807692307692 0.002403846153846154 0.004807692307692308
23 0.8161057692307693 0.4879807692307692 0.002403846153846154 0.004807692307692308
23 0.8233173076923077 0.4879807692307692 0.002403846153846154 0.004807692307692308
23 0.8257211538461539 0.4879807692307692 0.002403846153846154 0.004807692307692308
3 0.5 0.5204326923076923 0.004807692307692308 0.007211538461538462
3 0.671875 0.5024038461538461 0.002403846153846154 0.004807692307692308
23 0.6742788461538461 0.5024038461538461 0.002403846153846154 0.004807692307692308
23 0.5564903846153846 0.515625 0.002403846153846154 0.007211538461538462
23 0.3473557692307692 0.5384615384615384 0.002403846153846154 0.004807692307692308
23 0.5036057692307693 0.5216346153846154 0.002403846153846154 0.004807692307692308
23 0.34975961538461536 0.5384615384615384 0.002403846153846154 0.004807692307692308
23 0.35216346153846156 0.5384615384615384 0.002403846153846154 0.004807692307692308
23 0.3545673076923077 0.5384615384615384 0.002403846153846154 0.004807692307692308
3 0.3918269230769231 0.5336538461538461 0.004807692307692308 0.009615384615384616
23 0.359375 0.5360576923076923 0.002403846153846154 0.004807692307692308
23 0.3641826923076923 0.5384615384615384 0.002403846153846154 0.004807692307692308
23 0.38100961538461536 0.5360576923076923 0.002403846153846154 0.004807692307692308
23 0.3786057692307692 0.5360576923076923 0.002403846153846154 0.004807692307692308
23 0.3762019230769231 0.5360576923076923 0.002403846153846154 0.004807692307692308
23 0.38341346153846156 0.5360576923076923 0.002403846153846154 0.004807692307692308
23 0.3858173076923077 0.5360576923076923 0.002403846153846154 0.004807692307692308
23 0.38822115384615385 0.5360576923076923 0.002403846153846154 0.004807692307692308
23 0.5396634615384616 0.5192307692307693 0.002403846153846154 0.004807692307692308
23 0.5324519230769231 0.5192307692307693 0.002403846153846154 0.004807692307692308
3 0.5420673076923077 0.5192307692307693 0.002403846153846154 0.004807692307692308
23 0.5516826923076923 0.5192307692307693 0.002403846153846154 0.004807692307692308
3 0.5348557692307693 0.5216346153846154 0.002403846153846154 0.004807692307692308
23 0.546875 0.5192307692307693 0.002403846153846154 0.004807692307692308
3 0.5252403846153846 0.5240384615384616 0.002403846153846154 0.004807692307692308
3 0.8305288461538461 0.49278846153846156 0.002403846153846154 0.004807692307692308
3 0.828125 0.49278846153846156 0.002403846153846154 0.004807692307692308
3 0.8112980769230769 0.4963942307692308 0.002403846153846154 0.007211538461538462
3 0.3762019230769231 0.5432692307692307 0.002403846153846154 0.004807692307692308
3 0.3786057692307692 0.5432692307692307 0.002403846153846154 0.004807692307692308
23 0.8088942307692307 0.49759615384615385 0.002403846153846154 0.004807692307692308
3 0.38100961538461536 0.5432692307692307 0.002403846153846154 0.004807692307692308
6 0.8581730769230769 0.49399038461538464 0.019230769230769232 0.01201923076923077
3 0.4987980769230769 0.53125 0.002403846153846154 0.004807692307692308
23 0.5036057692307693 0.53125 0.002403846153846154 0.004807692307692308
13 0.7067307692307693 0.5096153846153846 0.004807692307692308 0.009615384615384616
3 0.49158653846153844 0.5336538461538461 0.002403846153846154 0.004807692307692308
3 0.5012019230769231 0.53125 0.002403846153846154 0.004807692307692308
23 0.49399038461538464 0.5336538461538461 0.002403846153846154 0.004807692307692308
3 0.6502403846153846 0.5168269230769231 0.002403846153846154 0.004807692307692308
23 0.5252403846153846 0.53125 0.002403846153846154 0.004807692307692308
3 0.5276442307692307 0.53125 0.002403846153846154 0.004807692307692308
23 0.5348557692307693 0.5288461538461539 0.002403846153846154 0.004807692307692308
3 0.5300480769230769 0.53125 0.002403846153846154 0.004807692307692308
14 0.6598557692307693 0.5168269230769231 0.016826923076923076 0.02403846153846154
14 0.6862980769230769 0.5168269230769231 0.007211538461538462 0.019230769230769232
23 0.828125 0.5024038461538461 0.002403846153846154 0.004807692307692308
14 0.6959134615384616 0.515625 0.007211538461538462 0.021634615384615384
23 0.8329326923076923 0.5024038461538461 0.002403846153846154 0.004807692307692308
3 0.8353365384615384 0.5024038461538461 0.002403846153846154 0.004807692307692308
22 0.6730769230769231 0.5192307692307693 0.004807692307692308 0.009615384615384616
3 0.8377403846153846 0.5024038461538461 0.002403846153846154 0.004807692307692308
6 0.7379807692307693 0.5132211538461539 0.052884615384615384 0.021634615384615384
14 0.546875 0.5348557692307693 0.01201923076923077 0.016826923076923076
29 0.4951923076923077 0.5432692307692307 0.004807692307692308 0.004807692307692308
7 0.5 0.5432692307692307 0.004807692307692308 0.009615384615384616
7 0.7079326923076923 0.5216346153846154 0.002403846153846154 0.004807692307692308
3 0.7932692307692307 0.5132211538461539 0.004807692307692308 0.007211538461538462
3 0.7872596153846154 0.5120192307692307 0.002403846153846154 0.009615384615384616
3 0.7848557692307693 0.5132211538461539 0.002403846153846154 0.007211538461538462
3 0.7896634615384616 0.5132211538461539 0.002403846153846154 0.007211538461538462
15 0.5288461538461539 0.5432692307692307 0.009615384615384616 0.009615384615384616
7 0.5588942307692307 0.5408653846153846 0.002403846153846154 0.009615384615384616
3 0.5168269230769231 0.546875 0.004807692307692308 0.007211538461538462
3 0.5204326923076923 0.546875 0.002403846153846154 0.007211538461538462
15 0.8064903846153846 0.5168269230769231 0.016826923076923076 0.02403846153846154
23 0.34975961538461536 0.5649038461538461 0.002403846153846154 0.004807692307692308
3 0.7920673076923077 0.5204326923076923 0.002403846153846154 0.007211538461538462
13 0.7704326923076923 0.5240384615384616 0.002403846153846154 0.009615384615384616
3 0.7728365384615384 0.5228365384615384 0.002403846153846154 0.007211538461538462
3 0.7944711538461539 0.5204326923076923 0.002403846153846154 0.007211538461538462
3 0.7896634615384616 0.5204326923076923 0.002403846153846154 0.007211538461538462
3 0.7848557692307693 0.5216346153846154 0.002403846153846154 0.009615384615384616
7 0.8209134615384616 0.5168269230769231 0.002403846153846154 0.009615384615384616
3 0.6550480769230769 0.5360576923076923 0.002403846153846154 0.004807692307692308
3 0.6670673076923077 0.5360576923076923 0.002403846153846154 0.004807692307692308
23 0.49399038461538464 0.5552884615384616 0.002403846153846154 0.004807692307692308
23 0.4963942307692308 0.5552884615384616 0.002403846153846154 0.004807692307692308
3 0.5012019230769231 0.5528846153846154 0.002403846153846154 0.004807692307692308
3 0.5036057692307693 0.5528846153846154 0.002403846153846154 0.004807692307692308
23 0.5420673076923077 0.5504807692307693 0.002403846153846154 0.004807692307692308
23 0.5444711538461539 0.5480769230769231 0.002403846153846154 0.004807692307692308
22 0.6634615384615384 0.5360576923076923 0.004807692307692308 0.009615384615384616
23 0.3473557692307692 0.5745192307692307 0.002403846153846154 0.004807692307692308
7 0.5408653846153846 0.5528846153846154 0.004807692307692308 0.009615384615384616
15 0.5600961538461539 0.5528846153846154 0.009615384615384616 0.009615384615384616
3 0.5661057692307693 0.5528846153846154 0.002403846153846154 0.009615384615384616
3 0.53125 0.5576923076923077 0.004807692307692308 0.009615384615384616
3 0.5192307692307693 0.5600961538461539 0.004807692307692308 0.009615384615384616
3 0.5240384615384616 0.5600961538461539 0.004807692307692308 0.009615384615384616
3 0.5360576923076923 0.5576923076923077 0.004807692307692308 0.009615384615384616
23 0.546875 0.5576923076923077 0.002403846153846154 0.004807692307692308
23 0.5516826923076923 0.5576923076923077 0.002403846153846154 0.004807692307692308
3 0.5264423076923077 0.5600961538461539 0.004807692307692308 0.009615384615384616
23 0.5492788461538461 0.5576923076923077 0.002403846153846154 0.004807692307692308
7 0.7403846153846154 0.5360576923076923 0.004807692307692308 0.009615384615384616
7 0.7307692307692307 0.5384615384615384 0.004807692307692308 0.009615384615384616
7 0.7355769230769231 0.5384615384615384 0.004807692307692308 0.009615384615384616
7 0.7451923076923077 0.5384615384615384 0.004807692307692308 0.009615384615384616