14 0.24158653846153846 0.2644230769230769 0.026442307692307692 0.019230769230769232
3 0.2512019230769231 0.30528846153846156 0.007211538461538462 0.004807692307692308
3 0.25 0.3016826923076923 0.004807692307692308 0.002403846153846154
3 0.2512019230769231 0.3004807692307692 0.007211538461538462 0.004807692307692308
7 0.3161057692307692 0.5685096153846154 0.01201923076923077 0.01201923076923077
3 0.25961538461538464 0.33533653846153844 0.004807692307692308 0.002403846153846154
3 0.24879807692307693 0.2980769230769231 0.007211538461538462 0.004807692307692308
23 0.3137019230769231 0.5564903846153846 0.01201923076923077 0.01201923076923077
3 0.2608173076923077 0.34134615384615385 0.007211538461538462 0.004807692307692308
3 0.25841346153846156 0.3317307692307692 0.007211538461538462 0.004807692307692308
3 0.2608173076923077 0.33653846153846156 0.007211538461538462 0.004807692307692308
3 0.2439903846153846 0.2548076923076923 0.007211538461538462 0.004807692307692308
23 0.24278846153846154 0.24278846153846154 0.004807692307692308 0.004807692307692308
14 0.296875 0.4543269230769231 0.021634615384615384 0.019230769230769232
14 0.29086538461538464 0.42788461538461536 0.02403846153846154 0.019230769230769232
23 0.24759615384615385 0.2403846153846154 0.004807692307692308 0.004807692307692308
3 0.3016826923076923 0.43990384615384615 0.007211538461538462 0.004807692307692308
3 0.2956730769230769 0.4170673076923077 0.004807692307692308 0.002403846153846154
14 0.26802884615384615 0.29927884615384615 0.03125 0.026442307692307692
14 0.2776442307692308 0.33533653846153844 0.03125 0.026442307692307692
23 0.2548076923076923 0.23798076923076922 0.004807692307692308 0.004807692307692308
26 0.31850961538461536 0.4891826923076923 0.01201923076923077 0.007211538461538462
6 0.25 0.21394230769230768 0.16346153846153846 0.0625
3 0.3449519230769231 0.5865384615384616 0.026442307692307692 0.019230769230769232
3 0.33533653846153844 0.5516826923076923 0.026442307692307692 0.021634615384615384
15 0.34134615384615385 0.5697115384615384 0.009615384615384616 0.014423076923076924
23 0.3798076923076923 0.7091346153846154 0.004807692307692308 0.004807692307692308
23 0.2620192307692308 0.23798076923076922 0.004807692307692308 0.004807692307692308
3 0.27403846153846156 0.2848557692307692 0.004807692307692308 0.002403846153846154
3 0.28365384615384615 0.32091346153846156 0.004807692307692308 0.002403846153846154
3 0.3004807692307692 0.3858173076923077 0.009615384615384616 0.007211538461538462
23 0.2668269230769231 0.23557692307692307 0.004807692307692308 0.004807692307692308
23 0.3870192307692308 0.7067307692307693 0.004807692307692308 0.004807692307692308
3 0.3317307692307692 0.4795673076923077 0.004807692307692308 0.002403846153846154
23 0.30288461538461536 0.36658653846153844 0.014423076923076924 0.007211538461538462
23 0.3016826923076923 0.359375 0.01201923076923077 0.007211538461538462
23 0.30408653846153844 0.3713942307692308 0.01201923076923077 0.007211538461538462
3 0.2848557692307692 0.29086538461538464 0.007211538461538462 0.004807692307692308
3 0.34615384615384615 0.5276442307692307 0.004807692307692308 0.002403846153846154
3 0.28846153846153844 0.296875 0.004807692307692308 0.002403846153846154
3 0.2860576923076923 0.29447115384615385 0.004807692307692308 0.002403846153846154
3 0.2848557692307692 0.2860576923076923 0.007211538461538462 0.004807692307692308
3 0.2956730769230769 0.33052884615384615 0.004807692307692308 0.002403846153846154
3 0.29447115384615385 0.3269230769230769 0.007211538461538462 0.004807692307692308
3 0.29447115384615385 0.32211538461538464 0.007211538461538462 0.004807692307692308
3 0.296875 0.3329326923076923 0.007211538461538462 0.007211538461538462
23 0.27403846153846156 0.23317307692307693 0.004807692307692308 0.004807692307692308
23 0.3918269230769231 0.7067307692307693 0.004807692307692308 0.004807692307692308
14 0.2800480769230769 0.2548076923076923 0.026442307692307692 0.019230769230769232
3 0.3329326923076923 0.4495192307692308 0.007211538461538462 0.004807692307692308
3 0.36177884615384615 0.5673076923076923 0.007211538461538462 0.004807692307692308
14 0.39302884615384615 0.6826923076923077 0.026442307692307692 0.019230769230769232
23 0.39903846153846156 0.7043269230769231 0.004807692307692308 0.004807692307692308
23 0.28125 0.23317307692307693 0.004807692307692308 0.004807692307692308
3 0.2848557692307692 0.24519230769230768 0.007211538461538462 0.004807692307692308
23 0.2956730769230769 0.2920673076923077 0.004807692307692308 0.002403846153846154
23 0.2980769230769231 0.29447115384615385 0.004807692307692308 0.002403846153846154
23 0.29447115384615385 0.2860576923076923 0.007211538461538462 0.004807692307692308
23 0.30649038461538464 0.3269230769230769 0.007211538461538462 0.004807692307692308
23 0.30649038461538464 0.3317307692307692 0.007211538461538462 0.004807692307692308
23 0.30528846153846156 0.3233173076923077 0.004807692307692308 0.002403846153846154
23 0.30408653846153844 0.32211538461538464 0.007211538461538462 0.004807692307692308
23 0.296875 0.28846153846153844 0.007211538461538462 0.004807692307692308
14 0.32091346153846156 0.38461538461538464 0.03125 0.02403846153846154
3 0.3161057692307692 0.3557692307692308 0.007211538461538462 0.004807692307692308
14 0.31850961538461536 0.36177884615384615 0.01201923076923077 0.01201923076923077
3 0.39783653846153844 0.6706730769230769 0.007211538461538462 0.004807692307692308
23 0.2860576923076923 0.2283653846153846 0.004807692307692308 0.004807692307692308
23 0.40384615384615385 0.7019230769230769 0.004807692307692308 0.004807692307692308
3 0.3449519230769231 0.44711538461538464 0.007211538461538462 0.004807692307692308
3 0.3317307692307692 0.390625 0.004807692307692308 0.002403846153846154
14 0.36658653846153844 0.5300480769230769 0.026442307692307692 0.016826923076923076
23 0.4110576923076923 0.7019230769230769 0.004807692307692308 0.004807692307692308
23 0.2932692307692308 0.2283653846153846 0.004807692307692308 0.004807692307692308
23 0.3449519230769231 0.4182692307692308 0.01201923076923077 0.009615384615384616
3 0.3737980769230769 0.5216346153846154 0.007211538461538462 0.004807692307692308
23 0.4182692307692308 0.6995192307692307 0.004807692307692308 0.004807692307692308
23 0.3004807692307692 0.22596153846153846 0.004807692307692308 0.004807692307692308
23 0.3317307692307692 0.3389423076923077 0.004807692307692308 0.004807692307692308
3 0.3389423076923077 0.3557692307692308 0.019230769230769232 0.019230769230769232
23 0.3425480769230769 0.3786057692307692 0.01201923076923077 0.007211538461538462
23 0.34615384615384615 0.38341346153846156 0.014423076923076924 0.007211538461538462
23 0.4254807692307692 0.6971153846153846 0.004807692307692308 0.004807692307692308
23 0.3076923076923077 0.22355769230769232 0.004807692307692308 0.004807692307692308
3 0.35216346153846156 0.4014423076923077 0.007211538461538462 0.004807692307692308
3 0.3545673076923077 0.3942307692307692 0.007211538461538462 0.004807692307692308
23 0.3125 0.22355769230769232 0.004807692307692308 0.004807692307692308
23 0.4326923076923077 0.6971153846153846 0.004807692307692308 0.004807692307692308
14 0.31971153846153844 0.24519230769230768 0.02403846153846154 0.019230769230769232
14 0.3641826923076923 0.4110576923076923 0.026442307692307692 0.019230769230769232
14 0.40024038461538464 0.5528846153846154 0.026442307692307692 0.019230769230769232
14 0.4326923076923077 0.6730769230769231 0.02403846153846154 0.019230769230769232
3 0.4074519230769231 0.5769230769230769 0.007211538461538462 0.004807692307692308
23 0.4375 0.6947115384615384 0.004807692307692308 0.004807692307692308
14 0.38341346153846156 0.47115384615384615 0.10336538461538461 0.08173076923076923
23 0.31971153846153844 0.22115384615384615 0.004807692307692308 0.004807692307692308
3 0.3245192307692308 0.234375 0.004807692307692308 0.002403846153846154
3 0.3581730769230769 0.3713942307692308 0.009615384615384616 0.007211538461538462
7 0.3545673076923077 0.35216346153846156 0.01201923076923077 0.01201923076923077
3 0.36658653846153844 0.39663461538461536 0.007211538461538462 0.004807692307692308
14 0.40024038461538464 0.5216346153846154 0.026442307692307692 0.014423076923076924
3 0.4050480769230769 0.5432692307692307 0.007211538461538462 0.004807692307692308
14 0.4182692307692308 0.5961538461538461 0.0673076923076923 0.052884615384615384
23 0.44471153846153844 0.6923076923076923 0.004807692307692308 0.004807692307692308
3 0.4362980769230769 0.6610576923076923 0.007211538461538462 0.004807692307692308
23 0.3269230769230769 0.21875 0.004807692307692308 0.004807692307692308
3 0.4050480769230769 0.5120192307692307 0.007211538461538462 0.004807692307692308
23 0.33413461538461536 0.21875 0.004807692307692308 0.004807692307692308
23 0.4519230769230769 0.6899038461538461 0.004807692307692308 0.004807692307692308
14 0.3557692307692308 0.3016826923076923 0.0673076923076923 0.06009615384615385
23 0.4567307692307692 0.6875 0.004807692307692308 0.004807692307692308
23 0.3389423076923077 0.21634615384615385 0.004807692307692308 0.004807692307692308
3 0.3545673076923077 0.27163461538461536 0.007211538461538462 0.004807692307692308
14 0.3798076923076923 0.36778846153846156 0.028846153846153848 0.019230769230769232
23 0.4639423076923077 0.6875 0.004807692307692308 0.004807692307692308
14 0.3954326923076923 0.40384615384615385 0.026442307692307692 0.019230769230769232
3 0.41947115384615385 0.4951923076923077 0.007211538461538462 0.004807692307692308
3 0.390625 0.37740384615384615 0.007211538461538462 0.004807692307692308
14 0.4338942307692308 0.5456730769230769 0.026442307692307692 0.019230769230769232
23 0.47115384615384615 0.6850961538461539 0.004807692307692308 0.004807692307692308
6 0.4795673076923077 0.7079326923076923 0.19471153846153846 0.06490384615384616
3 0.40384615384615385 0.390625 0.004807692307692308 0.002403846153846154
3 0.4411057692307692 0.5360576923076923 0.007211538461538462 0.004807692307692308
23 0.47596153846153844 0.6826923076923077 0.004807692307692308 0.004807692307692308
14 0.47115384615384615 0.6610576923076923 0.02403846153846154 0.019230769230769232
23 0.40024038461538464 0.3581730769230769 0.007211538461538462 0.004807692307692308
23 0.4026442307692308 0.36177884615384615 0.01201923076923077 0.007211538461538462
23 0.4050480769230769 0.36658653846153844 0.01201923076923077 0.007211538461538462
3 0.47596153846153844 0.6526442307692307 0.004807692307692308 0.002403846153846154
23 0.4831730769230769 0.6826923076923077 0.004807692307692308 0.004807692307692308
23 0.3858173076923077 0.27524038461538464 0.01201923076923077 0.01201923076923077
3 0.4254807692307692 0.43509615384615385 0.004807692307692308 0.004807692307692308
23 0.49038461538461536 0.6802884615384616 0.004807692307692308 0.004807692307692308
26 0.3786057692307692 0.22596153846153846 0.007211538461538462 0.009615384615384616
23 0.4963942307692308 0.6778846153846154 0.002403846153846154 0.004807692307692308
3 0.47475961538461536 0.5769230769230769 0.007211538461538462 0.004807692307692308
23 0.5048076923076923 0.6778846153846154 0.004807692307692308 0.004807692307692308
3 0.4170673076923077 0.32091346153846156 0.007211538461538462 0.007211538461538462
26 0.43149038461538464 0.3786057692307692 0.007211538461538462 0.007211538461538462
3 0.44591346153846156 0.4206730769230769 0.007211538461538462 0.004807692307692308
23 0.5096153846153846 0.6754807692307693 0.004807692307692308 0.004807692307692308
14 0.4074519230769231 0.25961538461538464 0.026442307692307692 0.019230769230769232
3 0.47836538461538464 0.5408653846153846 0.004807692307692308 0.004807692307692308
14 0.4423076923076923 0.39663461538461536 0.02403846153846154 0.019230769230769232
3 0.47115384615384615 0.5048076923076923 0.004807692307692308 0.004807692307692308
6 0.4206730769230769 0.296875 0.02403846153846154 0.040865384615384616
14 0.5120192307692307 0.6514423076923077 0.02403846153846154 0.019230769230769232
23 0.5168269230769231 0.6730769230769231 0.004807692307692308 0.004807692307692308
3 0.41225961538461536 0.25 0.007211538461538462 0.004807692307692308
3 0.4483173076923077 0.38461538461538464 0.007211538461538462 0.004807692307692308
3 0.515625 0.6418269230769231 0.007211538461538462 0.004807692307692308
23 0.5240384615384616 0.6730769230769231 0.004807692307692308 0.004807692307692308
26 0.5120192307692307 0.6225961538461539 0.009615384615384616 0.009615384615384616
23 0.5288461538461539 0.6706730769230769 0.004807692307692308 0.004807692307692308
3 0.47115384615384615 0.43028846153846156 0.004807692307692308 0.004807692307692308
23 0.4543269230769231 0.34375 0.004807692307692308 0.004807692307692308
3 0.4639423076923077 0.37740384615384615 0.004807692307692308 0.004807692307692308
23 0.5360576923076923 0.6682692307692307 0.004807692307692308 0.004807692307692308
14 0.5096153846153846 0.5396634615384616 0.0625 0.06009615384615385
23 0.5432692307692307 0.6682692307692307 0.004807692307692308 0.004807692307692308
14 0.4387019230769231 0.25240384615384615 0.026442307692307692 0.019230769230769232
6 0.4230769230769231 0.1814903846153846 0.1778846153846154 0.08413461538461539
14 0.5408653846153846 0.6442307692307693 0.02403846153846154 0.019230769230769232
3 0.5084134615384616 0.5132211538461539 0.007211538461538462 0.007211538461538462
3 0.46274038461538464 0.32211538461538464 0.007211538461538462 0.004807692307692308
23 0.5480769230769231 0.6658653846153846 0.004807692307692308 0.004807692307692308
3 0.44591346153846156 0.2403846153846154 0.007211538461538462 0.004807692307692308
3 0.5276442307692307 0.5625 0.007211538461538462 0.004807692307692308
3 0.546875 0.6322115384615384 0.007211538461538462 0.004807692307692308
23 0.5552884615384616 0.6634615384615384 0.004807692307692308 0.004807692307692308
14 0.5168269230769231 0.49038461538461536 0.02403846153846154 0.019230769230769232
3 0.4963942307692308 0.4026442307692308 0.007211538461538462 0.007211538461538462
23 0.5637019230769231 0.6670673076923077 0.01201923076923077 0.01201923076923077
23 0.4795673076923077 0.31009615384615385 0.007211538461538462 0.004807692307692308
23 0.4807692307692308 0.3137019230769231 0.004807692307692308 0.002403846153846154
3 0.5252403846153846 0.4807692307692308 0.007211538461538462 0.004807692307692308
3 0.5432692307692307 0.5432692307692307 0.004807692307692308 0.004807692307692308
23 0.5745192307692307 0.6622596153846154 0.009615384615384616 0.01201923076923077
14 0.4735576923076923 0.24278846153846154 0.02403846153846154 0.019230769230769232
3 0.5288461538461539 0.46274038461538464 0.004807692307692308 0.002403846153846154
23 0.4891826923076923 0.30528846153846156 0.007211538461538462 0.004807692307692308
23 0.4891826923076923 0.31009615384615385 0.007211538461538462 0.004807692307692308
14 0.5060096153846154 0.3473557692307692 0.10817307692307693 0.08413461538461539
3 0.47716346153846156 0.23317307692307693 0.007211538461538462 0.004807692307692308
23 0.5012019230769231 0.3076923076923077 0.007211538461538462 0.004807692307692308
23 0.5 0.30288461538461536 0.009615384615384616 0.004807692307692308
14 0.5384615384615384 0.4254807692307692 0.1346153846153846 0.09134615384615384
23 0.49158653846153844 0.22716346153846154 0.01201923076923077 0.007211538461538462
23 0.5108173076923077 0.30528846153846156 0.007211538461538462 0.004807692307692308
23 0.5120192307692307 0.3016826923076923 0.004807692307692308 0.002403846153846154
3 0.5576923076923077 0.4831730769230769 0.004807692307692308 0.004807692307692308
3 0.5769230769230769 0.5528846153846154 0.004807692307692308 0.004807692307692308
3 0.5697115384615384 0.5144230769230769 0.004807692307692308 0.004807692307692308
14 0.5048076923076923 0.23557692307692307 0.02403846153846154 0.019230769230769232
23 0.5228365384615384 0.30288461538461536 0.007211538461538462 0.004807692307692308
23 0.5228365384615384 0.2980769230769231 0.007211538461538462 0.004807692307692308
23 0.5024038461538461 0.19471153846153846 0.009615384615384616 0.009615384615384616
23 0.5072115384615384 0.21033653846153846 0.009615384615384616 0.01201923076923077
3 0.5084134615384616 0.22355769230769232 0.007211538461538462 0.004807692307692308
23 0.5324519230769231 0.2980769230769231 0.007211538461538462 0.004807692307692308
23 0.5324519230769231 0.2956730769230769 0.007211538461538462 0.004807692307692308
3 0.5516826923076923 0.36899038461538464 0.007211538461538462 0.007211538461538462
23 0.5192307692307693 0.22235576923076922 0.004807692307692308 0.002403846153846154
23 0.5216346153846154 0.22956730769230768 0.004807692307692308 0.002403846153846154
3 0.5264423076923077 0.24639423076923078 0.004807692307692308 0.002403846153846154
23 0.5228365384615384 0.23557692307692307 0.007211538461538462 0.004807692307692308
3 0.5829326923076923 0.4495192307692308 0.007211538461538462 0.004807692307692308
3 0.5504807692307693 0.31490384615384615 0.004807692307692308 0.004807692307692308
23 0.5216346153846154 0.19471153846153846 0.004807692307692308 0.004807692307692308
14 0.6021634615384616 0.515625 0.06490384615384616 0.06009615384615385
3 0.5276442307692307 0.21875 0.007211538461538462 0.004807692307692308
3 0.5324519230769231 0.23317307692307693 0.007211538461538462 0.004807692307692308
3 0.5288461538461539 0.2247596153846154 0.004807692307692308 0.002403846153846154
23 0.5228365384615384 0.18870192307692307 0.01201923076923077 0.007211538461538462
3 0.5528846153846154 0.30288461538461536 0.004807692307692308 0.004807692307692308
3 0.6009615384615384 0.4891826923076923 0.004807692307692308 0.002403846153846154
3 0.6189903846153846 0.5384615384615384 0.007211538461538462 0.004807692307692308
23 0.5372596153846154 0.18629807692307693 0.01201923076923077 0.007211538461538462
14 0.5396634615384616 0.19951923076923078 0.026442307692307692 0.019230769230769232
26 0.6298076923076923 0.5516826923076923 0.009615384615384616 0.01201923076923077
14 0.5480769230769231 0.22355769230769232 0.02403846153846154 0.019230769230769232
7 0.5372596153846154 0.1622596153846154 0.036057692307692304 0.021634615384615384
3 0.6009615384615384 0.39903846153846156 0.004807692307692308 0.004807692307692308
3 0.5540865384615384 0.21394230769230768 0.007211538461538462 0.004807692307692308
3 0.546875 0.1875 0.007211538461538462 0.004807692307692308
3 0.6346153846153846 0.5384615384615384 0.004807692307692308 0.004807692307692308
23 0.5745192307692307 0.2860576923076923 0.004807692307692308 0.004807692307692308
23 0.5961538461538461 0.37740384615384615 0.004807692307692308 0.004807692307692308
23 0.5793269230769231 0.3076923076923077 0.004807692307692308 0.004807692307692308
23 0.5817307692307693 0.31971153846153844 0.004807692307692308 0.004807692307692308
23 0.5913461538461539 0.35336538461538464 0.004807692307692308 0.004807692307692308
23 0.5889423076923077 0.34134615384615385 0.004807692307692308 0.004807692307692308
3 0.6322115384615384 0.5096153846153846 0.004807692307692308 0.004807692307692308
23 0.5769230769230769 0.28365384615384615 0.004807692307692308 0.004807692307692308
23 0.5865384615384616 0.3173076923076923 0.004807692307692308 0.004807692307692308
23 0.5841346153846154 0.30528846153846156 0.004807692307692308 0.004807692307692308
23 0.6009615384615384 0.37740384615384615 0.004807692307692308 0.004807692307692308
23 0.59375 0.34134615384615385 0.004807692307692308 0.004807692307692308
23 0.5961538461538461 0.35096153846153844 0.004807692307692308 0.004807692307692308
14 0.5829326923076923 0.2932692307692308 0.021634615384615384 0.019230769230769232
14 0.5925480769230769 0.3293269230769231 0.021634615384615384 0.019230769230769232
14 0.6021634615384616 0.3629807692307692 0.021634615384615384 0.019230769230769232
23 0.5817307692307693 0.28125 0.004807692307692308 0.004807692307692308
23 0.6009615384615384 0.3485576923076923 0.004807692307692308 0.004807692307692308
23 0.6105769230769231 0.375 0.004807692307692308 0.004807692307692308
23 0.5865384615384616 0.28125 0.004807692307692308 0.004807692307692308
23 0.5973557692307693 0.3076923076923077 0.007211538461538462 0.004807692307692308
23 0.5973557692307693 0.30528846153846156 0.007211538461538462 0.004807692307692308
23 0.6069711538461539 0.35096153846153844 0.007211538461538462 0.004807692307692308
23 0.6153846153846154 0.37259615384615385 0.004807692307692308 0.004807692307692308
26 0.5769230769230769 0.21153846153846154 0.009615384615384616 0.009615384615384616
3 0.5985576923076923 0.2932692307692308 0.004807692307692308 0.004807692307692308
3 0.6057692307692307 0.3269230769230769 0.004807692307692308 0.004807692307692308
23 0.6117788461538461 0.34375 0.007211538461538462 0.004807692307692308
23 0.609375 0.3389423076923077 0.007211538461538462 0.004807692307692308
3 0.6153846153846154 0.3605769230769231 0.004807692307692308 0.004807692307692308
26 0.6658653846153846 0.5144230769230769 0.009615384615384616 0.009615384615384616
23 0.6610576923076923 0.4675480769230769 0.009615384615384616 0.007211538461538462
23 0.6610576923076923 0.4651442307692308 0.009615384615384616 0.007211538461538462
3 0.6574519230769231 0.43509615384615385 0.03125 0.038461538461538464
23 0.6935096153846154 0.5324519230769231 0.01201923076923077 0.01201923076923077
23 0.6899038461538461 0.5204326923076923 0.009615384615384616 0.01201923076923077
23 0.6838942307692307 0.4963942307692308 0.021634615384615384 0.03125
15 0.6682692307692307 0.40625 0.028846153846153848 0.019230769230769232
3 0.6658653846153846 0.3954326923076923 0.014423076923076924 0.007211538461538462
7 0.6730769230769231 0.41586538461538464 0.019230769230769232 0.009615384615384616
23 0.6334134615384616 0.24278846153846154 0.007211538461538462 0.004807692307692308
23 0.6394230769230769 0.27163461538461536 0.004807692307692308 0.004807692307692308
3 0.640625 0.2644230769230769 0.007211538461538462 0.004807692307692308
6 0.6622596153846154 0.34615384615384615 0.055288461538461536 0.04807692307692308
7 0.7151442307692307 0.5336538461538461 0.021634615384615384 0.014423076923076924
14 0.6430288461538461 0.25 0.036057692307692304 0.02403846153846154
3 0.640625 0.2403846153846154 0.007211538461538462 0.004807692307692308
23 0.6490384615384616 0.2692307692307692 0.004807692307692308 0.004807692307692308
7 0.6550480769230769 0.27524038461538464 0.01201923076923077 0.01201923076923077
3 0.6550480769230769 0.2620192307692308 0.007211538461538462 0.004807692307692308
15 0.6971153846153846 0.4387019230769231 0.0625 0.055288461538461536
23 0.6923076923076923 0.4050480769230769 0.009615384615384616 0.01201923076923077
23 0.6502403846153846 0.23798076923076922 0.007211538461538462 0.004807692307692308
23 0.6586538461538461 0.2668269230769231 0.004807692307692308 0.004807692307692308
23 0.6959134615384616 0.390625 0.01201923076923077 0.016826923076923076
3 0.7247596153846154 0.48677884615384615 0.06009615384615385 0.04567307692307692
29 0.7055288461538461 0.40024038461538464 0.01201923076923077 0.01201923076923077
23 0.7391826923076923 0.5228365384615384 0.01201923076923077 0.01201923076923077
7 0.7367788461538461 0.5096153846153846 0.021634615384615384 0.014423076923076924
7 0.7115384615384616 0.4074519230769231 0.009615384615384616 0.007211538461538462
23 0.7079326923076923 0.390625 0.01201923076923077 0.01201923076923077
6 0.6598557692307693 0.17548076923076922 0.1466346153846154 0.0673076923076923
6 0.7632211538461539 0.5673076923076923 0.1466346153846154 0.0625
3 0.6911057692307693 0.25 0.026442307692307692 0.019230769230769232
3 0.6850961538461539 0.23076923076923078 0.028846153846153848 0.019230769230769232
13 0.7524038461538461 0.40384615384615385 0.019230769230769232 0.014423076923076924
3 0.765625 0.44711538461538464 0.021634615384615384 0.014423076923076924
7 0.7704326923076923 0.46875 0.026442307692307692 0.028846153846153848
3 0.7668269230769231 0.4230769230769231 0.04326923076923077 0.03365384615384615
3 0.7956730769230769 0.5240384615384616 0.028846153846153848 0.019230769230769232
3 0.7692307692307693 0.38221153846153844 0.028846153846153848 0.02403846153846154
14 0.7584134615384616 0.31490384615384615 0.026442307692307692 0.019230769230769232
14 0.7620192307692307 0.33653846153846156 0.02403846153846154 0.019230769230769232
14 0.7692307692307693 0.3557692307692308 0.02403846153846154 0.019230769230769232
23 0.8016826923076923 0.4675480769230769 0.026442307692307692 0.036057692307692304
3 0.7608173076923077 0.30528846153846156 0.007211538461538462 0.004807692307692308
3 0.7668269230769231 0.3245192307692308 0.009615384615384616 0.004807692307692308
3 0.7728365384615384 0.34615384615384615 0.007211538461538462 0.004807692307692308
6 0.7764423076923077 0.2764423076923077 0.03365384615384615 0.052884615384615384
6 0.8185096153846154 0.4230769230769231 0.036057692307692304 0.052884615384615384
23 0.19471153846153846 0.25240384615384615 0.004807692307692308 0.004807692307692308
23 0.2127403846153846 0.31490384615384615 0.007211538461538462 0.004807692307692308
3 0.21514423076923078 0.3269230769230769 0.007211538461538462 0.004807692307692308
3 0.2127403846153846 0.31971153846153844 0.007211538461538462 0.004807692307692308
3 0.21995192307692307 0.35336538461538464 0.007211538461538462 0.004807692307692308
23 0.21875 0.3425480769230769 0.004807692307692308 0.002403846153846154
23 0.21514423076923078 0.3317307692307692 0.007211538461538462 0.004807692307692308
23 0.21394230769230768 0.3245192307692308 0.009615384615384616 0.004807692307692308
23 0.22235576923076922 0.3485576923076923 0.007211538461538462 0.004807692307692308
23 0.22355769230769232 0.3581730769230769 0.009615384615384616 0.004807692307692308
3 0.21754807692307693 0.33653846153846156 0.007211538461538462 0.004807692307692308
3 0.2247596153846154 0.3629807692307692 0.007211538461538462 0.004807692307692308
3 0.21995192307692307 0.34615384615384615 0.007211538461538462 0.004807692307692308
23 0.20072115384615385 0.265625 0.01201923076923077 0.01201923076923077
6 0.31009615384615385 0.6947115384615384 0.04326923076923077 0.0673076923076923
23 0.20192307692307693 0.25240384615384615 0.004807692307692308 0.004807692307692308
6 0.2980769230769231 0.6262019230769231 0.03365384615384615 0.026442307692307692
7 0.2283653846153846 0.3329326923076923 0.009615384615384616 0.007211538461538462
7 0.23798076923076922 0.36778846153846156 0.014423076923076924 0.009615384615384616
7 0.23317307692307693 0.35096153846153844 0.014423076923076924 0.009615384615384616
7 0.234375 0.3605769230769231 0.01201923076923077 0.009615384615384616
7 0.23076923076923078 0.34134615384615385 0.014423076923076924 0.009615384615384616
7 0.22716346153846154 0.3245192307692308 0.01201923076923077 0.009615384615384616
7 0.22596153846153846 0.31490384615384615 0.014423076923076924 0.009615384615384616
23 0.2091346153846154 0.25 0.004807692307692308 0.004807692307692308
7 0.2403846153846154 0.37740384615384615 0.014423076923076924 0.009615384615384616
23 0.21514423076923078 0.26322115384615385 0.01201923076923077 0.01201923076923077
23 0.2920673076923077 0.5637019230769231 0.01201923076923077 0.01201923076923077
23 0.21394230769230768 0.24759615384615385 0.004807692307692308 0.004807692307692308
23 0.22115384615384615 0.24759615384615385 0.004807692307692308 0.004807692307692308
23 0.30408653846153844 0.5588942307692307 0.01201923076923077 0.01201923076923077
26 0.2860576923076923 0.49038461538461536 0.009615384615384616 0.009615384615384616
14 0.29447115384615385 0.5288461538461539 0.055288461538461536 0.0625
23 0.2403846153846154 0.30408653846153844 0.004807692307692308 0.002403846153846154
23 0.2403846153846154 0.30408653846153844 0.004807692307692308 0.002403846153846154
23 0.23918269230769232 0.3004807692307692 0.007211538461538462 0.004807692307692308
23 0.2512019230769231 0.3389423076923077 0.007211538461538462 0.004807692307692308
23 0.24158653846153846 0.3076923076923077 0.007211538461538462 0.004807692307692308
23 0.25 0.3389423076923077 0.009615384615384616 0.004807692307692308
23 0.24879807692307693 0.33413461538461536 0.007211538461538462 0.004807692307692308
23 0.2512019230769231 0.34375 0.007211538461538462 0.004807692307692308
23 0.2283653846153846 0.24519230769230768 0.004807692307692308 0.004807692307692308
3 0.3161057692307692 0.59375 0.026442307692307692 0.019230769230769232
15 0.32572115384615385 0.6225961538461539 0.016826923076923076 0.009615384615384616
15 0.32211538461538464 0.6129807692307693 0.019230769230769232 0.009615384615384616
23 0.23557692307692307 0.24278846153846154 0.004807692307692308 0.004807692307692308