15 0.6942978896103896 0.4457317073170732 0.016842532467532468 0.04451219512195122
28 0.406351461038961 0.4821646341463415 0.09719967532467533 0.07469512195121951
28 0.6203327922077922 0.4833841463414634 0.09983766233766234 0.07774390243902439
28 0.8327922077922078 0.48384146341463413 0.10146103896103896 0.07804878048780488
2 0.31605113636363635 0.5120426829268293 0.0018262987012987013 0.00274390243902439
2 0.7340706168831169 0.5132621951219513 0.002637987012987013 0.00701219512195122
7 0.7588271103896104 0.5163109756097561 0.007102272727272727 0.011280487804878048
22 0.46712662337662336 0.5172256097560975 0.002029220779220779 0.00701219512195122
2 0.4693587662337662 0.5172256097560975 0.002029220779220779 0.00701219512195122
7 0.7150974025974026 0.5172256097560975 0.006899350649350649 0.011280487804878048
29 0.9000608766233766 0.5181402439024391 0.006696428571428571 0.011280487804878048
22 0.8920454545454546 0.5182926829268293 0.002435064935064935 0.007317073170731708
2 0.8947849025974026 0.5184451219512195 0.002637987012987013 0.00701219512195122
2 0.552150974025974 0.5189024390243903 0.002435064935064935 0.007317073170731708
22 0.554890422077922 0.5189024390243903 0.002232142857142857 0.006707317073170732
22 0.5357142857142857 0.5190548780487805 0.002435064935064935 0.00701219512195122
2 0.5384537337662337 0.5190548780487805 0.002232142857142857 0.00701219512195122
7 0.5471793831168831 0.5190548780487805 0.006696428571428571 0.011280487804878048
7 0.31787743506493504 0.5196646341463415 0.006696428571428571 0.00701219512195122
2 0.3314732142857143 0.5196646341463415 0.002637987012987013 0.00701219512195122
2 0.32406655844155846 0.5198170731707317 0.002840909090909091 0.007317073170731708
22 0.3287337662337662 0.5198170731707317 0.002435064935064935 0.007317073170731708
7 0.33999594155844154 0.519969512195122 0.007102272727272727 0.011280487804878048
2 0.34486607142857145 0.519969512195122 0.002637987012987013 0.00701219512195122
22 0.3476055194805195 0.5201219512195122 0.002840909090909091 0.007317073170731708
7 0.4742288961038961 0.5202743902439024 0.006899350649350649 0.011280487804878048
22 0.48214285714285715 0.5202743902439024 0.002029220779220779 0.00701219512195122
7 0.5254667207792207 0.5202743902439024 0.006696428571428571 0.00701219512195122
2 0.4794034090909091 0.5204268292682926 0.003043831168831169 0.007317073170731708
2 0.5305397727272727 0.520579268292683 0.002637987012987013 0.007621951219512195
22 0.7018060064935064 0.520579268292683 0.002637987012987013 0.00701219512195122
2 0.7204748376623377 0.520579268292683 0.002637987012987013 0.00701219512195122
22 0.747463474025974 0.520579268292683 0.002232142857142857 0.00701219512195122
2 0.7045454545454546 0.5207317073170732 0.002435064935064935 0.007317073170731708
22 0.7233157467532467 0.5207317073170732 0.002637987012987013 0.007317073170731708
7 0.7383319805194806 0.5207317073170732 0.006696428571428571 0.007317073170731708
2 0.7435064935064936 0.5207317073170732 0.002840909090909091 0.007317073170731708
2 0.750101461038961 0.5207317073170732 0.002637987012987013 0.007317073170731708
2 0.7636972402597403 0.5207317073170732 0.002637987012987013 0.007317073170731708
22 0.7665381493506493 0.5207317073170732 0.002637987012987013 0.007317073170731708
2 0.9050324675324676 0.5208841463414634 0.002435064935064935 0.00701219512195122
22 0.9080762987012987 0.5208841463414634 0.002435064935064935 0.00701219512195122
2 0.5256696428571429 0.5282012195121951 0.002637987012987013 0.00701219512195122
7 0.6828327922077922 0.5283536585365853 0.007711038961038961 0.01097560975609756
22 0.6953125 0.5291158536585366 0.0034496753246753245 0.010060975609756098
22 0.7150974025974026 0.5294207317073171 0.002435064935064935 0.00701219512195122
22 0.7046469155844156 0.5295731707317073 0.002637987012987013 0.007317073170731708
22 0.6810064935064936 0.5382621951219512 0.0036525974025974025 0.008841463414634146
22 0.6929788961038961 0.5391768292682927 0.002840909090909091 0.00701219512195122
22 0.7008928571428571 0.5391768292682927 0.002435064935064935 0.007621951219512195
22 0.6842532467532467 0.5393292682926829 0.002435064935064935 0.006707317073170732
22 0.6867897727272727 0.5393292682926829 0.002232142857142857 0.006707317073170732
22 0.6894277597402597 0.5393292682926829 0.002232142857142857 0.006707317073170732
2 0.38372564935064934 0.55 0.004058441558441558 0.013414634146341463
2 0.3914366883116883 0.55 0.004464285714285714 0.013414634146341463
2 0.3989448051948052 0.55 0.004464285714285714 0.013414634146341463
2 0.5953733766233766 0.55 0.004058441558441558 0.012804878048780487
2 0.6015625 0.55 0.004261363636363636 0.012804878048780487
2 0.5889813311688312 0.5501524390243903 0.0038555194805194805 0.013109756097560975
7 0.718547077922078 0.5504573170731707 0.007305194805194805 0.010670731707317074
2 0.8330965909090909 0.5504573170731707 0.004261363636363636 0.013109756097560975
2 0.825588474025974 0.550609756097561 0.004261363636363636 0.012804878048780487
2 0.817775974025974 0.5507621951219512 0.004058441558441558 0.013109756097560975
22 0.6577719155844156 0.55625 0.002637987012987013 0.007621951219512195
29 0.7436079545454546 0.5585365853658537 0.007508116883116883 0.011585365853658536
29 0.6761363636363636 0.5606707317073171 0.006899350649350649 0.011585365853658536
29 0.6832386363636364 0.5606707317073171 0.006493506493506494 0.011585365853658536
29 0.3671875 0.561280487804878 0.010349025974025974 0.020731707317073172
29 0.4213676948051948 0.561890243902439 0.009943181818181818 0.021341463414634148
29 0.6257102272727273 0.561890243902439 0.010349025974025974 0.021341463414634148
29 0.575487012987013 0.5620426829268292 0.010551948051948052 0.02225609756097561
22 0.6671063311688312 0.5623475609756098 0.0018262987012987013 0.00701219512195122
2 0.6698457792207793 0.5625 0.002840909090909091 0.006707317073170732
29 0.6626420454545454 0.563109756097561 0.006696428571428571 0.01097560975609756
2 0.692674512987013 0.563109756097561 0.002232142857142857 0.006707317073170732
2 0.695211038961039 0.563109756097561 0.002435064935064935 0.006707317073170732
22 0.6976461038961039 0.563109756097561 0.002029220779220779 0.006707317073170732
2 0.690137987012987 0.5632621951219512 0.002435064935064935 0.00701219512195122
7 0.7234172077922078 0.5650914634146341 0.006899350649350649 0.011280487804878048
29 0.6556412337662337 0.5658536585365853 0.006899350649350649 0.01097560975609756
22 0.7285917207792207 0.5666158536585366 0.002637987012987013 0.00701219512195122
7 0.7379261363636364 0.5667682926829268 0.0038555194805194805 0.01097560975609756
22 0.7326501623376623 0.567530487804878 0.0034496753246753245 0.009451219512195122
22 0.697747564935065 0.5701219512195121 0.002637987012987013 0.006097560975609756
22 0.6700487012987013 0.5702743902439025 0.002435064935064935 0.00701219512195122
2 0.4080762987012987 0.5704268292682927 0.004058441558441558 0.013414634146341463
2 0.5672686688311688 0.5705792682926829 0.0038555194805194805 0.013109756097560975
2 0.6142451298701299 0.5707317073170731 0.004058441558441558 0.012804878048780487
2 0.35775162337662336 0.5708841463414634 0.004058441558441558 0.013109756097560975
2 0.6841517857142857 0.5724085365853658 0.002232142857142857 0.00701219512195122
2 0.6501623376623377 0.573170731707317 0.007711038961038961 0.010365853658536586
13 0.3495332792207792 0.5742378048780488 0.006696428571428571 0.020426829268292684
22 0.700689935064935 0.5751524390243903 0.002435064935064935 0.00701219512195122
22 0.7195616883116883 0.5754573170731707 0.002029220779220779 0.0064024390243902435
2 0.7219967532467533 0.5756097560975609 0.002435064935064935 0.006707317073170732
22 0.7127637987012987 0.5757621951219513 0.002232142857142857 0.007621951219512195
22 0.7246347402597403 0.5757621951219513 0.002435064935064935 0.00701219512195122
29 0.8294439935064936 0.5757621951219513 0.010349025974025974 0.02103658536585366
29 0.8832183441558441 0.5760670731707317 0.010349025974025974 0.021646341463414633
22 0.6569602272727273 0.5771341463414634 0.0034496753246753245 0.00975609756097561
22 0.742086038961039 0.5794207317073171 0.002435064935064935 0.00701219512195122
22 0.7486810064935064 0.5794207317073171 0.002637987012987013 0.00701219512195122
22 0.7512175324675324 0.5794207317073171 0.002435064935064935 0.00701219512195122
2 0.8738839285714286 0.5794207317073171 0.004261363636363636 0.013109756097560975
2 0.7274756493506493 0.5797256097560975 0.002840909090909091 0.00701219512195122
22 0.7302150974025974 0.5797256097560975 0.002232142857142857 0.00701219512195122
22 0.7326501623376623 0.5797256097560975 0.002232142857142857 0.00701219512195122
2 0.7452313311688312 0.5806402439024391 0.0034496753246753245 0.008841463414634146
9 0.5324675324675324 0.581859756097561 0.04383116883116883 0.02652439024390244
9 0.4810267857142857 0.5821646341463415 0.04403409090909091 0.02652439024390244
2 0.40087256493506496 0.5829268292682926 0.002637987012987013 0.006707317073170732
2 0.4044237012987013 0.5829268292682926 0.002435064935064935 0.007317073170731708
2 0.4081777597402597 0.5829268292682926 0.002637987012987013 0.007317073170731708
2 0.411424512987013 0.5829268292682926 0.002637987012987013 0.007317073170731708
2 0.700588474025974 0.583689024390244 0.002637987012987013 0.007621951219512195
22 0.7098214285714286 0.583689024390244 0.002840909090909091 0.00701219512195122
2 0.8179788961038961 0.583689024390244 0.004058441558441558 0.013109756097560975
22 0.703327922077922 0.5838414634146342 0.002435064935064935 0.007317073170731708
2 0.6809050324675324 0.5844512195121951 0.002637987012987013 0.007317073170731708
2 0.739752435064935 0.5861280487804879 0.002637987012987013 0.0064024390243902435
14 0.6907467532467533 0.5867378048780488 0.016233766233766232 0.020426829268292684
22 0.7176339285714286 0.5870426829268293 0.002232142857142857 0.0064024390243902435
29 0.6612215909090909 0.5871951219512195 0.009537337662337662 0.01524390243902439
2 0.6751217532467533 0.5873475609756098 0.002435064935064935 0.007621951219512195
2 0.7206777597402597 0.5873475609756098 0.002232142857142857 0.00701219512195122
2 0.6779626623376623 0.5875 0.002840909090909091 0.007317073170731708
22 0.8903206168831169 0.5902439024390244 0.002232142857142857 0.006707317073170732
2 0.6680194805194806 0.5905487804878049 0.0036525974025974025 0.00975609756097561
2 0.6550324675324676 0.5908536585365853 0.002840909090909091 0.007317073170731708
22 0.8421266233766234 0.5917682926829269 0.002435064935064935 0.006707317073170732
22 0.7528409090909091 0.5920731707317073 0.002435064935064935 0.007317073170731708
2 0.7061688311688312 0.5939024390243902 0.002435064935064935 0.007926829268292683
22 0.739752435064935 0.5939024390243902 0.002232142857142857 0.007317073170731708
2 0.700689935064935 0.5942073170731708 0.002840909090909091 0.007926829268292683
22 0.7088068181818182 0.5942073170731708 0.002435064935064935 0.007926829268292683
7 0.7339691558441559 0.5942073170731708 0.0036525974025974025 0.01097560975609756
7 0.8389813311688312 0.5942073170731708 0.0034496753246753245 0.010365853658536586
2 0.6752232142857143 0.5945121951219512 0.002637987012987013 0.006707317073170732
2 0.6812094155844156 0.5945121951219512 0.002435064935064935 0.006707317073170732
2 0.7206777597402597 0.5945121951219512 0.002637987012987013 0.006097560975609756
22 0.7176339285714286 0.5946646341463414 0.002637987012987013 0.007621951219512195
2 0.6780641233766234 0.5948170731707317 0.002637987012987013 0.007317073170731708
14 0.7271712662337663 0.5948170731707317 0.009943181818181818 0.021341463414634148
7 0.8939732142857143 0.594969512195122 0.0034496753246753245 0.010670731707317074
14 0.7465503246753247 0.5957317073170731 0.010146103896103896 0.021341463414634148
7 0.8327922077922078 0.5963414634146341 0.002840909090909091 0.010365853658536586
2 0.8258928571428571 0.5964939024390243 0.002435064935064935 0.0064024390243902435
7 0.8843344155844156 0.5966463414634147 0.0036525974025974025 0.01097560975609756
22 0.835734577922078 0.5967987804878049 0.0018262987012987013 0.00701219512195122
22 0.8448660714285714 0.5967987804878049 0.002232142857142857 0.00701219512195122
9 0.7822646103896104 0.5969512195121951 0.045048701298701296 0.026829268292682926
7 0.8781452922077922 0.5969512195121951 0.004261363636363636 0.010365853658536586
22 0.8813920454545454 0.5969512195121951 0.0018262987012987013 0.007317073170731708
22 0.8877840909090909 0.5969512195121951 0.002435064935064935 0.007317073170731708
22 0.8422280844155844 0.598780487804878 0.002637987012987013 0.007317073170731708
22 0.8746956168831169 0.5990853658536586 0.002637987012987013 0.007317073170731708
22 0.890523538961039 0.5992378048780488 0.002637987012987013 0.00701219512195122
2 0.6969358766233766 0.6004573170731707 0.002232142857142857 0.00701219512195122
22 0.7206777597402597 0.6012195121951219 0.002637987012987013 0.00853658536585366
22 0.7528409090909091 0.6015243902439025 0.002435064935064935 0.007317073170731708
2 0.7398538961038961 0.6018292682926829 0.002840909090909091 0.007317073170731708
22 0.6617288961038961 0.6025914634146341 0.004058441558441558 0.013109756097560975
22 0.6683238636363636 0.6025914634146341 0.0038555194805194805 0.0125
22 0.6545251623376623 0.6027439024390244 0.004261363636363636 0.012804878048780487
2 0.6907467532467533 0.6032012195121951 0.002435064935064935 0.007621951219512195
2 0.6937905844155844 0.6033536585365854 0.002435064935064935 0.006707317073170732
2 0.700689935064935 0.6033536585365854 0.002435064935064935 0.006707317073170732
2 0.679484577922078 0.6036585365853658 0.002637987012987013 0.007317073170731708
2 0.703226461038961 0.6036585365853658 0.002232142857142857 0.007317073170731708
2 0.682325487012987 0.603810975609756 0.002232142857142857 0.007621951219512195
2 0.684760551948052 0.603810975609756 0.002232142857142857 0.007621951219512195
2 0.687297077922078 0.6039634146341464 0.002435064935064935 0.007317073170731708
13 0.6436688311688312 0.6041158536585366 0.006899350649350649 0.020426829268292684
6 0.3884943181818182 0.6045731707317074 0.059862012987012984 0.02621951219512195
29 0.5726461038961039 0.6074695121951219 0.03165584415584415 0.0003048780487804878
29 0.8234577922077922 0.6082317073170732 0.006899350649350649 0.011585365853658536
29 0.8300527597402597 0.6082317073170732 0.00588474025974026 0.011585365853658536
29 0.8686079545454546 0.6083841463414634 0.006696428571428571 0.011890243902439025
29 0.8754058441558441 0.6083841463414634 0.006493506493506494 0.011280487804878048
29 0.7362012987012987 0.6085365853658536 0.007711038961038961 0.010365853658536586
2 0.8353287337662337 0.6085365853658536 0.0038555194805194805 0.00975609756097561
29 0.8476055194805194 0.6085365853658536 0.006087662337662338 0.01097560975609756
2 0.8807832792207793 0.6085365853658536 0.0038555194805194805 0.00975609756097561
29 0.8861607142857143 0.6085365853658536 0.006899350649350649 0.011585365853658536
29 0.893060064935065 0.6085365853658536 0.006493506493506494 0.011585365853658536
29 0.8408076298701299 0.6086890243902439 0.006696428571428571 0.011280487804878048
22 0.7175324675324676 0.6089939024390244 0.003246753246753247 0.010670731707317074
2 0.7258522727272727 0.6091463414634146 0.002435064935064935 0.007317073170731708
22 0.7301136363636364 0.6091463414634146 0.002435064935064935 0.007317073170731708
22 0.8182832792207793 0.6102134146341464 0.002637987012987013 0.00701219512195122
22 0.8636363636363636 0.6103658536585366 0.002840909090909091 0.007317073170731708
22 0.6896306818181818 0.6112804878048781 0.002232142857142857 0.007317073170731708
22 0.6924715909090909 0.6114329268292683 0.002232142857142857 0.00701219512195122
22 0.6950081168831169 0.6114329268292683 0.002435064935064935 0.00701219512195122
22 0.6544237012987013 0.6152439024390244 0.004058441558441558 0.012195121951219513
22 0.6618303571428571 0.6153963414634146 0.004261363636363636 0.0125
22 0.6683238636363636 0.6153963414634146 0.0038555194805194805 0.0125