6 0.59375 0.09014423076923077 0.03365384615384615 0.07451923076923077
6 0.6081730769230769 0.359375 0.03365384615384615 0.07451923076923077
6 0.6334134615384616 0.7704326923076923 0.040865384615384616 0.07932692307692307
7 0.6177884615384616 0.7079326923076923 0.04326923076923077 0.021634615384615384
3 0.6129807692307693 0.7271634615384616 0.019230769230769232 0.007211538461538462
3 0.6057692307692307 0.7415865384615384 0.004807692307692308 0.007211538461538462
23 0.6033653846153846 0.7572115384615384 0.004807692307692308 0.004807692307692308
23 0.5552884615384616 0.11057692307692307 0.009615384615384616 0.004807692307692308
23 0.5528846153846154 0.10817307692307693 0.009615384615384616 0.004807692307692308
23 0.5552884615384616 0.11538461538461539 0.009615384615384616 0.004807692307692308
23 0.5961538461538461 0.7247596153846154 0.004807692307692308 0.007211538461538462
23 0.5985576923076923 0.75 0.004807692307692308 0.004807692307692308
29 0.5961538461538461 0.7403846153846154 0.009615384615384616 0.004807692307692308
14 0.5961538461538461 0.7608173076923077 0.009615384615384616 0.007211538461538462
23 0.5949519230769231 0.7704326923076923 0.007211538461538462 0.002403846153846154
23 0.5721153846153846 0.44591346153846156 0.004807692307692308 0.007211538461538462
23 0.5745192307692307 0.48677884615384615 0.004807692307692308 0.007211538461538462
23 0.5769230769230769 0.5324519230769231 0.004807692307692308 0.007211538461538462
3 0.5625 0.42427884615384615 0.019230769230769232 0.007211538461538462
3 0.5625 0.43149038461538464 0.019230769230769232 0.007211538461538462
3 0.5805288461538461 0.6899038461538461 0.01201923076923077 0.004807692307692308
3 0.5721153846153846 0.5709134615384616 0.019230769230769232 0.007211538461538462
3 0.5769230769230769 0.7043269230769231 0.004807692307692308 0.004807692307692308
3 0.5564903846153846 0.40384615384615385 0.007211538461538462 0.014423076923076924
3 0.5360576923076923 0.109375 0.004807692307692308 0.002403846153846154
3 0.5360576923076923 0.1141826923076923 0.004807692307692308 0.002403846153846154
3 0.5360576923076923 0.11177884615384616 0.004807692307692308 0.002403846153846154
29 0.5564903846153846 0.4651442307692308 0.040865384615384616 0.021634615384615384
29 0.5564903846153846 0.5060096153846154 0.04567307692307692 0.021634615384615384
29 0.5588942307692307 0.5492788461538461 0.04567307692307692 0.021634615384615384
23 0.5625 0.6081730769230769 0.004807692307692308 0.004807692307692308
23 0.5625 0.6009615384615384 0.004807692307692308 0.004807692307692308
23 0.5264423076923077 0.11298076923076923 0.009615384615384616 0.004807692307692308
23 0.5600961538461539 0.6298076923076923 0.004807692307692308 0.009615384615384616
29 0.5552884615384616 0.5985576923076923 0.004807692307692308 0.004807692307692308
29 0.5528846153846154 0.6081730769230769 0.004807692307692308 0.004807692307692308
7 0.5192307692307693 0.0985576923076923 0.004807692307692308 0.004807692307692308
7 0.5168269230769231 0.09134615384615384 0.004807692307692308 0.004807692307692308
23 0.5084134615384616 0.0829326923076923 0.007211538461538462 0.002403846153846154
3 0.5144230769230769 0.16105769230769232 0.014423076923076924 0.004807692307692308
7 0.5096153846153846 0.0985576923076923 0.004807692307692308 0.004807692307692308
29 0.515625 0.203125 0.040865384615384616 0.021634615384615384
23 0.5060096153846154 0.0985576923076923 0.002403846153846154 0.004807692307692308
29 0.5024038461538461 0.0889423076923077 0.004807692307692308 0.004807692307692308
3 0.5384615384615384 0.5985576923076923 0.014423076923076924 0.009615384615384616
23 0.5012019230769231 0.0985576923076923 0.002403846153846154 0.004807692307692308
23 0.5336538461538461 0.6105769230769231 0.004807692307692308 0.004807692307692308
29 0.5192307692307693 0.40625 0.038461538461538464 0.019230769230769232
3 0.4951923076923077 0.10576923076923077 0.004807692307692308 0.004807692307692308
3 0.5 0.17548076923076922 0.014423076923076924 0.004807692307692308
23 0.49278846153846156 0.0889423076923077 0.004807692307692308 0.004807692307692308
23 0.49038461538461536 0.09735576923076923 0.004807692307692308 0.002403846153846154
23 0.48677884615384615 0.08653846153846154 0.002403846153846154 0.004807692307692308
23 0.5228365384615384 0.6141826923076923 0.007211538461538462 0.002403846153846154
23 0.5204326923076923 0.5997596153846154 0.007211538461538462 0.002403846153846154
23 0.5204326923076923 0.6045673076923077 0.007211538461538462 0.002403846153846154
23 0.484375 0.09254807692307693 0.002403846153846154 0.002403846153846154
6 0.47836538461538464 0.06971153846153846 0.04807692307692308 0.019230769230769232
23 0.47596153846153844 0.08653846153846154 0.009615384615384616 0.004807692307692308
23 0.4831730769230769 0.21153846153846154 0.009615384615384616 0.004807692307692308
14 0.5072115384615384 0.6129807692307693 0.009615384615384616 0.004807692307692308
14 0.5072115384615384 0.6009615384615384 0.009615384615384616 0.004807692307692308
29 0.4795673076923077 0.25841346153846156 0.040865384615384616 0.021634615384615384
3 0.5048076923076923 0.6057692307692307 0.009615384615384616 0.004807692307692308
3 0.5048076923076923 0.6177884615384616 0.009615384615384616 0.004807692307692308
7 0.4831730769230769 0.3233173076923077 0.04326923076923077 0.021634615384615384
3 0.5036057692307693 0.6310096153846154 0.007211538461538462 0.01201923076923077
23 0.4651442307692308 0.10817307692307693 0.002403846153846154 0.004807692307692308
7 0.46634615384615385 0.11538461538461539 0.009615384615384616 0.004807692307692308
3 0.5108173076923077 0.7944711538461539 0.007211538461538462 0.01201923076923077
3 0.47115384615384615 0.27884615384615385 0.014423076923076924 0.004807692307692308
23 0.49399038461538464 0.6069711538461539 0.007211538461538462 0.002403846153846154
23 0.4567307692307692 0.09134615384615384 0.009615384615384616 0.004807692307692308
23 0.49278846153846156 0.609375 0.004807692307692308 0.002403846153846154
3 0.4735576923076923 0.3389423076923077 0.014423076923076924 0.004807692307692308
3 0.45072115384615385 0.11538461538461539 0.01201923076923077 0.004807692307692308
3 0.4987980769230769 0.7956730769230769 0.007211538461538462 0.009615384615384616
3 0.4723557692307692 0.4795673076923077 0.05048076923076923 0.036057692307692304
3 0.4735576923076923 0.515625 0.052884615384615384 0.036057692307692304
3 0.4699519230769231 0.5528846153846154 0.055288461538461536 0.028846153846153848
3 0.4723557692307692 0.5829326923076923 0.05048076923076923 0.03125
3 0.43990384615384615 0.1201923076923077 0.004807692307692308 0.004807692307692308
7 0.4375 0.11538461538461539 0.004807692307692308 0.004807692307692308
14 0.4375 0.12980769230769232 0.009615384615384616 0.009615384615384616
3 0.43509615384615385 0.1201923076923077 0.004807692307692308 0.004807692307692308
23 0.44471153846153844 0.2644230769230769 0.009615384615384616 0.004807692307692308
3 0.47115384615384615 0.6514423076923077 0.004807692307692308 0.009615384615384616
23 0.43990384615384615 0.25721153846153844 0.004807692307692308 0.004807692307692308
23 0.4375 0.21875 0.004807692307692308 0.004807692307692308
7 0.42788461538461536 0.11057692307692307 0.004807692307692308 0.004807692307692308
23 0.43509615384615385 0.23317307692307693 0.004807692307692308 0.004807692307692308
3 0.4266826923076923 0.10216346153846154 0.007211538461538462 0.002403846153846154
14 0.43028846153846156 0.2247596153846154 0.009615384615384616 0.007211538461538462
3 0.4375 0.3173076923076923 0.009615384615384616 0.004807692307692308
7 0.46033653846153844 0.6514423076923077 0.007211538461538462 0.009615384615384616
23 0.43028846153846156 0.2091346153846154 0.004807692307692308 0.004807692307692308
3 0.43028846153846156 0.24278846153846154 0.009615384615384616 0.004807692307692308
29 0.43028846153846156 0.2548076923076923 0.009615384615384616 0.004807692307692308
14 0.4206730769230769 0.12980769230769232 0.009615384615384616 0.004807692307692308
23 0.4230769230769231 0.23317307692307693 0.004807692307692308 0.004807692307692308
23 0.4495192307692308 0.609375 0.004807692307692308 0.007211538461538462
23 0.4326923076923077 0.40384615384615385 0.004807692307692308 0.004807692307692308
23 0.43509615384615385 0.41346153846153844 0.004807692307692308 0.004807692307692308
3 0.4495192307692308 0.6526442307692307 0.004807692307692308 0.01201923076923077
7 0.4338942307692308 0.43028846153846156 0.007211538461538462 0.009615384615384616
23 0.42788461538461536 0.3894230769230769 0.004807692307692308 0.004807692307692308
7 0.44471153846153844 0.6153846153846154 0.009615384615384616 0.004807692307692308
3 0.42788461538461536 0.41346153846153844 0.004807692307692308 0.004807692307692308
3 0.4387019230769231 0.6141826923076923 0.007211538461538462 0.002403846153846154
3 0.43149038461538464 0.49759615384615385 0.036057692307692304 0.03365384615384615
15 0.44471153846153844 0.6887019230769231 0.057692307692307696 0.040865384615384616
7 0.4375 0.6081730769230769 0.014423076923076924 0.004807692307692308
23 0.4206730769230769 0.40024038461538464 0.004807692307692308 0.002403846153846154
23 0.4375 0.6502403846153846 0.004807692307692308 0.007211538461538462
23 0.4375 0.6622596153846154 0.004807692307692308 0.007211538461538462
14 0.4182692307692308 0.40865384615384615 0.009615384615384616 0.004807692307692308
23 0.4182692307692308 0.39903846153846156 0.004807692307692308 0.004807692307692308
23 0.4182692307692308 0.3918269230769231 0.004807692307692308 0.004807692307692308
23 0.41586538461538464 0.36177884615384615 0.004807692307692308 0.007211538461538462
23 0.4230769230769231 0.4723557692307692 0.03365384615384615 0.01201923076923077
23 0.41586538461538464 0.41346153846153844 0.004807692307692308 0.004807692307692308
15 0.41947115384615385 0.45552884615384615 0.026442307692307692 0.016826923076923076
23 0.40865384615384615 0.35216346153846156 0.004807692307692308 0.002403846153846154
14 0.41225961538461536 0.4338942307692308 0.016826923076923076 0.016826923076923076
7 0.40865384615384615 0.39663461538461536 0.009615384615384616 0.004807692307692308
3 0.4254807692307692 0.6538461538461539 0.004807692307692308 0.009615384615384616
7 0.4230769230769231 0.6153846153846154 0.004807692307692308 0.004807692307692308
3 0.4074519230769231 0.40024038461538464 0.007211538461538462 0.002403846153846154
23 0.4206730769230769 0.6105769230769231 0.009615384615384616 0.004807692307692308
3 0.39903846153846156 0.34375 0.009615384615384616 0.004807692307692308
14 0.39783653846153844 0.3389423076923077 0.01201923076923077 0.004807692307692308
7 0.4014423076923077 0.4182692307692308 0.014423076923076924 0.004807692307692308
23 0.39302884615384615 0.35216346153846156 0.007211538461538462 0.002403846153846154
29 0.39302884615384615 0.36899038461538464 0.026442307692307692 0.021634615384615384
3 0.40384615384615385 0.5228365384615384 0.02403846153846154 0.016826923076923076
29 0.38822115384615385 0.29927884615384615 0.036057692307692304 0.021634615384615384
3 0.3954326923076923 0.4375 0.002403846153846154 0.004807692307692308
3 0.3954326923076923 0.4254807692307692 0.002403846153846154 0.004807692307692308
23 0.39663461538461536 0.44711538461538464 0.004807692307692308 0.004807692307692308
23 0.4074519230769231 0.6286057692307693 0.007211538461538462 0.002403846153846154
23 0.40625 0.6213942307692307 0.004807692307692308 0.002403846153846154
23 0.3858173076923077 0.33653846153846156 0.002403846153846154 0.004807692307692308
23 0.40625 0.6262019230769231 0.004807692307692308 0.002403846153846154
3 0.39903846153846156 0.5336538461538461 0.009615384615384616 0.004807692307692308
23 0.390625 0.4266826923076923 0.002403846153846154 0.002403846153846154
23 0.4014423076923077 0.6129807692307693 0.009615384615384616 0.004807692307692308
3 0.3894230769230769 0.43149038461538464 0.004807692307692308 0.002403846153846154
23 0.38100961538461536 0.34975961538461536 0.007211538461538462 0.002403846153846154
23 0.3786057692307692 0.3425480769230769 0.007211538461538462 0.002403846153846154
3 0.38822115384615385 0.5036057692307693 0.040865384615384616 0.026442307692307692
7 0.3737980769230769 0.3401442307692308 0.007211538461538462 0.002403846153846154
3 0.375 0.33774038461538464 0.004807692307692308 0.002403846153846154
3 0.37259615384615385 0.35216346153846156 0.004807692307692308 0.007211538461538462
7 0.39302884615384615 0.6262019230769231 0.007211538461538462 0.002403846153846154
7 0.3713942307692308 0.3317307692307692 0.01201923076923077 0.004807692307692308
23 0.3701923076923077 0.31490384615384615 0.004807692307692308 0.004807692307692308
29 0.39903846153846156 0.7608173076923077 0.0673076923076923 0.06971153846153846
3 0.36778846153846156 0.35216346153846156 0.004807692307692308 0.007211538461538462
23 0.3713942307692308 0.4699519230769231 0.036057692307692304 0.01201923076923077
23 0.3701923076923077 0.4579326923076923 0.03365384615384615 0.01201923076923077
7 0.38341346153846156 0.6646634615384616 0.03125 0.03125
3 0.3701923076923077 0.48677884615384615 0.014423076923076924 0.007211538461538462
7 0.35697115384615385 0.34375 0.01201923076923077 0.004807692307692308
6 0.36899038461538464 0.5456730769230769 0.04567307692307692 0.03365384615384615
23 0.35096153846153844 0.33774038461538464 0.004807692307692308 0.002403846153846154
23 0.35096153846153844 0.3317307692307692 0.004807692307692308 0.004807692307692308
23 0.34615384615384615 0.3557692307692308 0.009615384615384616 0.004807692307692308
7 0.34615384615384615 0.3317307692307692 0.004807692307692308 0.004807692307692308
3 0.34134615384615385 0.3485576923076923 0.004807692307692308 0.004807692307692308