23 0.3004807692307692 0.3473557692307692 0.004807692307692308 0.002403846153846154
3 0.30528846153846156 0.46274038461538464 0.019230769230769232 0.01201923076923077
3 0.30288461538461536 0.3473557692307692 0.004807692307692308 0.002403846153846154
3 0.30288461538461536 0.30408653846153844 0.004807692307692308 0.002403846153846154
3 0.31009615384615385 0.35336538461538464 0.004807692307692308 0.004807692307692308
23 0.31009615384615385 0.328125 0.009615384615384616 0.007211538461538462
23 0.3173076923076923 0.3942307692307692 0.004807692307692308 0.004807692307692308
23 0.31971153846153844 0.39302884615384615 0.004807692307692308 0.002403846153846154
23 0.31971153846153844 0.3329326923076923 0.009615384615384616 0.007211538461538462
22 0.3245192307692308 0.4495192307692308 0.009615384615384616 0.009615384615384616
23 0.32211538461538464 0.3401442307692308 0.004807692307692308 0.002403846153846154
3 0.32211538461538464 0.28365384615384615 0.004807692307692308 0.004807692307692308
23 0.3245192307692308 0.34134615384615385 0.004807692307692308 0.004807692307692308
23 0.3269230769230769 0.34375 0.004807692307692308 0.004807692307692308
3 0.3269230769230769 0.35336538461538464 0.004807692307692308 0.004807692307692308
23 0.3293269230769231 0.34975961538461536 0.004807692307692308 0.002403846153846154
3 0.33533653846153844 0.5108173076923077 0.016826923076923076 0.01201923076923077
3 0.3329326923076923 0.3701923076923077 0.002403846153846154 0.004807692307692308
23 0.3317307692307692 0.35216346153846156 0.004807692307692308 0.002403846153846154
23 0.3317307692307692 0.3762019230769231 0.004807692307692308 0.002403846153846154
23 0.33413461538461536 0.3786057692307692 0.004807692307692308 0.002403846153846154
3 0.33653846153846156 0.3545673076923077 0.004807692307692308 0.002403846153846154
23 0.34615384615384615 0.37259615384615385 0.004807692307692308 0.004807692307692308
23 0.34615384615384615 0.36177884615384615 0.004807692307692308 0.002403846153846154
23 0.3485576923076923 0.3737980769230769 0.004807692307692308 0.002403846153846154
3 0.3485576923076923 0.3076923076923077 0.004807692307692308 0.004807692307692308
23 0.35096153846153844 0.3701923076923077 0.004807692307692308 0.004807692307692308
23 0.35096153846153844 0.3641826923076923 0.004807692307692308 0.002403846153846154
23 0.35336538461538464 0.37259615384615385 0.004807692307692308 0.004807692307692308
3 0.35336538461538464 0.30408653846153844 0.004807692307692308 0.002403846153846154
23 0.3557692307692308 0.375 0.004807692307692308 0.004807692307692308
23 0.3581730769230769 0.3762019230769231 0.004807692307692308 0.002403846153846154
23 0.3581730769230769 0.31850961538461536 0.004807692307692308 0.002403846153846154
23 0.3629807692307692 0.37259615384615385 0.004807692307692308 0.004807692307692308
23 0.36538461538461536 0.31490384615384615 0.004807692307692308 0.004807692307692308
23 0.36778846153846156 0.3798076923076923 0.009615384615384616 0.009615384615384616
3 0.375 0.5432692307692307 0.004807692307692308 0.004807692307692308
23 0.375 0.546875 0.004807692307692308 0.002403846153846154
23 0.36538461538461536 0.27884615384615385 0.004807692307692308 0.004807692307692308
23 0.36778846153846156 0.3137019230769231 0.004807692307692308 0.002403846153846154
23 0.36778846153846156 0.296875 0.004807692307692308 0.002403846153846154
23 0.3798076923076923 0.546875 0.004807692307692308 0.002403846153846154
23 0.3701923076923077 0.3112980769230769 0.004807692307692308 0.002403846153846154
23 0.38221153846153844 0.5492788461538461 0.004807692307692308 0.002403846153846154
23 0.37259615384615385 0.3088942307692308 0.004807692307692308 0.002403846153846154
23 0.37740384615384615 0.40024038461538464 0.009615384615384616 0.007211538461538462
3 0.38221153846153844 0.5492788461538461 0.004807692307692308 0.002403846153846154
3 0.37740384615384615 0.2692307692307692 0.014423076923076924 0.009615384615384616
23 0.38461538461538464 0.3870192307692308 0.004807692307692308 0.004807692307692308
23 0.3798076923076923 0.30649038461538464 0.009615384615384616 0.007211538461538462
14 0.38221153846153844 0.34615384615384615 0.057692307692307696 0.038461538461538464
23 0.38461538461538464 0.390625 0.004807692307692308 0.002403846153846154
23 0.3870192307692308 0.3942307692307692 0.004807692307692308 0.004807692307692308
14 0.38822115384615385 0.45072115384615385 0.11298076923076923 0.07932692307692307
23 0.39302884615384615 0.5048076923076923 0.002403846153846154 0.004807692307692308
23 0.3918269230769231 0.3942307692307692 0.004807692307692308 0.004807692307692308
23 0.3954326923076923 0.5024038461538461 0.002403846153846154 0.004807692307692308
3 0.3942307692307692 0.25961538461538464 0.014423076923076924 0.009615384615384616
3 0.39903846153846156 0.26322115384615385 0.004807692307692308 0.002403846153846154
23 0.40625 0.31971153846153844 0.004807692307692308 0.004807692307692308
3 0.40625 0.3076923076923077 0.004807692307692308 0.004807692307692308
3 0.40865384615384615 0.2668269230769231 0.004807692307692308 0.004807692307692308
3 0.4110576923076923 0.3125 0.004807692307692308 0.004807692307692308
14 0.41346153846153844 0.28966346153846156 0.038461538461538464 0.03125
23 0.41346153846153844 0.3233173076923077 0.004807692307692308 0.002403846153846154
23 0.421875 0.5036057692307693 0.01201923076923077 0.007211538461538462
23 0.4230769230769231 0.3858173076923077 0.009615384615384616 0.007211538461538462
23 0.4230769230769231 0.2644230769230769 0.004807692307692308 0.004807692307692308
23 0.4254807692307692 0.3161057692307692 0.004807692307692308 0.002403846153846154
23 0.4254807692307692 0.3233173076923077 0.004807692307692308 0.002403846153846154
23 0.4326923076923077 0.5 0.004807692307692308 0.009615384615384616
3 0.42788461538461536 0.28125 0.004807692307692308 0.004807692307692308
23 0.4254807692307692 0.2668269230769231 0.004807692307692308 0.004807692307692308
23 0.4326923076923077 0.35697115384615385 0.004807692307692308 0.002403846153846154
23 0.4326923076923077 0.3629807692307692 0.004807692307692308 0.004807692307692308
3 0.43028846153846156 0.28125 0.004807692307692308 0.004807692307692308
23 0.4338942307692308 0.3557692307692308 0.002403846153846154 0.004807692307692308
23 0.43509615384615385 0.37740384615384615 0.014423076923076924 0.009615384615384616
23 0.43509615384615385 0.328125 0.004807692307692308 0.002403846153846154
23 0.4375 0.3870192307692308 0.014423076923076924 0.009615384615384616
23 0.43509615384615385 0.3713942307692308 0.004807692307692308 0.002403846153846154
23 0.43509615384615385 0.3545673076923077 0.004807692307692308 0.002403846153846154
23 0.4375 0.3605769230769231 0.004807692307692308 0.004807692307692308
23 0.43509615384615385 0.31009615384615385 0.004807692307692308 0.004807692307692308
23 0.4375 0.3545673076923077 0.004807692307692308 0.002403846153846154
23 0.43509615384615385 0.265625 0.004807692307692308 0.002403846153846154
23 0.43990384615384615 0.35697115384615385 0.004807692307692308 0.002403846153846154
23 0.43990384615384615 0.3317307692307692 0.004807692307692308 0.004807692307692308
23 0.44471153846153844 0.453125 0.004807692307692308 0.002403846153846154
23 0.43990384615384615 0.3112980769230769 0.004807692307692308 0.002403846153846154
3 0.43990384615384615 0.28725961538461536 0.004807692307692308 0.002403846153846154
23 0.4423076923076923 0.35096153846153844 0.004807692307692308 0.004807692307692308
23 0.44350961538461536 0.3713942307692308 0.002403846153846154 0.002403846153846154
23 0.4423076923076923 0.3329326923076923 0.004807692307692308 0.002403846153846154
23 0.4423076923076923 0.3545673076923077 0.004807692307692308 0.002403846153846154
23 0.4423076923076923 0.33533653846153844 0.004807692307692308 0.002403846153846154
23 0.44711538461538464 0.4483173076923077 0.004807692307692308 0.002403846153846154
14 0.44350961538461536 0.25240384615384615 0.03125 0.019230769230769232
23 0.44711538461538464 0.36177884615384615 0.004807692307692308 0.002403846153846154
23 0.44711538461538464 0.3473557692307692 0.004807692307692308 0.002403846153846154
23 0.44711538461538464 0.33533653846153844 0.004807692307692308 0.002403846153846154
3 0.44471153846153844 0.2920673076923077 0.004807692307692308 0.002403846153846154
23 0.44711538461538464 0.34134615384615385 0.004807692307692308 0.004807692307692308
23 0.4519230769230769 0.44591346153846156 0.004807692307692308 0.002403846153846154
3 0.44471153846153844 0.27403846153846156 0.019230769230769232 0.014423076923076924
23 0.4495192307692308 0.33774038461538464 0.004807692307692308 0.002403846153846154
23 0.4495192307692308 0.3293269230769231 0.004807692307692308 0.004807692307692308
23 0.4495192307692308 0.33774038461538464 0.004807692307692308 0.002403846153846154
23 0.4519230769230769 0.3473557692307692 0.004807692307692308 0.002403846153846154
23 0.4519230769230769 0.3401442307692308 0.004807692307692308 0.002403846153846154
3 0.45072115384615385 0.2932692307692308 0.007211538461538462 0.004807692307692308
23 0.4519230769230769 0.3329326923076923 0.004807692307692308 0.002403846153846154
23 0.46033653846153844 0.44471153846153844 0.01201923076923077 0.009615384615384616
23 0.45913461538461536 0.3485576923076923 0.004807692307692308 0.004807692307692308
23 0.4567307692307692 0.3425480769230769 0.004807692307692308 0.002403846153846154
23 0.4735576923076923 0.4519230769230769 0.009615384615384616 0.009615384615384616
23 0.46634615384615385 0.27283653846153844 0.004807692307692308 0.002403846153846154
3 0.46634615384615385 0.2620192307692308 0.014423076923076924 0.009615384615384616
23 0.46875 0.2848557692307692 0.004807692307692308 0.002403846153846154
23 0.46875 0.2776442307692308 0.004807692307692308 0.002403846153846154
3 0.47836538461538464 0.47716346153846156 0.004807692307692308 0.002403846153846154
23 0.4735576923076923 0.2824519230769231 0.004807692307692308 0.002403846153846154
23 0.4735576923076923 0.27403846153846156 0.004807692307692308 0.004807692307692308
6 0.48197115384615385 0.5192307692307693 0.06009615384615385 0.052884615384615384
23 0.47596153846153844 0.2800480769230769 0.004807692307692308 0.002403846153846154
23 0.47836538461538464 0.2800480769230769 0.004807692307692308 0.002403846153846154
3 0.4807692307692308 0.2764423076923077 0.004807692307692308 0.004807692307692308
14 0.4855769230769231 0.28725961538461536 0.02403846153846154 0.016826923076923076
23 0.5024038461538461 0.33052884615384615 0.004807692307692308 0.002403846153846154
7 0.5072115384615384 0.32091346153846156 0.004807692307692308 0.002403846153846154
23 0.5072115384615384 0.328125 0.004807692307692308 0.002403846153846154
23 0.5144230769230769 0.3233173076923077 0.004807692307692308 0.002403846153846154
14 0.5288461538461539 0.3425480769230769 0.04326923076923077 0.026442307692307692
6 0.5769230769230769 0.40625 0.19230769230769232 0.1346153846153846
23 0.17067307692307693 0.39663461538461536 0.004807692307692308 0.004807692307692308
3 0.17307692307692307 0.3954326923076923 0.004807692307692308 0.002403846153846154
14 0.18629807692307693 0.4014423076923077 0.01201923076923077 0.009615384615384616
7 0.18509615384615385 0.38461538461538464 0.009615384615384616 0.009615384615384616
3 0.19230769230769232 0.4098557692307692 0.004807692307692308 0.002403846153846154
23 0.1971153846153846 0.4182692307692308 0.004807692307692308 0.004807692307692308
3 0.1971153846153846 0.40865384615384615 0.004807692307692308 0.004807692307692308
3 0.19951923076923078 0.4170673076923077 0.004807692307692308 0.002403846153846154
23 0.19951923076923078 0.4110576923076923 0.004807692307692308 0.004807692307692308
15 0.20072115384615385 0.3942307692307692 0.016826923076923076 0.014423076923076924
3 0.2091346153846154 0.38221153846153844 0.019230769230769232 0.014423076923076924
14 0.21153846153846154 0.4230769230769231 0.019230769230769232 0.014423076923076924
23 0.21153846153846154 0.39903846153846156 0.004807692307692308 0.004807692307692308
7 0.21394230769230768 0.40865384615384615 0.014423076923076924 0.009615384615384616
23 0.21394230769230768 0.39663461538461536 0.004807692307692308 0.004807692307692308
3 0.21875 0.43149038461538464 0.004807692307692308 0.002403846153846154
23 0.22115384615384615 0.39663461538461536 0.004807692307692308 0.004807692307692308
3 0.22115384615384615 0.3641826923076923 0.004807692307692308 0.002403846153846154
23 0.22596153846153846 0.42908653846153844 0.004807692307692308 0.002403846153846154
3 0.22355769230769232 0.39783653846153844 0.004807692307692308 0.002403846153846154
3 0.22596153846153846 0.43149038461538464 0.004807692307692308 0.002403846153846154
15 0.22596153846153846 0.41466346153846156 0.014423076923076924 0.01201923076923077
22 0.2247596153846154 0.35096153846153844 0.007211538461538462 0.004807692307692308
7 0.23076923076923078 0.390625 0.004807692307692308 0.002403846153846154
23 0.22956730769230768 0.3473557692307692 0.002403846153846154 0.002403846153846154
3 0.22956730769230768 0.36538461538461536 0.016826923076923076 0.009615384615384616
23 0.22956730769230768 0.3449519230769231 0.002403846153846154 0.002403846153846154
3 0.23798076923076922 0.4050480769230769 0.019230769230769232 0.01201923076923077
23 0.23798076923076922 0.4230769230769231 0.004807692307692308 0.004807692307692308
3 0.23677884615384615 0.38100961538461536 0.002403846153846154 0.002403846153846154
3 0.2403846153846154 0.4182692307692308 0.004807692307692308 0.004807692307692308
22 0.23798076923076922 0.34134615384615385 0.014423076923076924 0.009615384615384616
23 0.24519230769230768 0.4182692307692308 0.004807692307692308 0.004807692307692308
23 0.24759615384615385 0.4206730769230769 0.004807692307692308 0.004807692307692308
3 0.24759615384615385 0.4387019230769231 0.004807692307692308 0.002403846153846154
3 0.24759615384615385 0.35216346153846156 0.014423076923076924 0.01201923076923077
3 0.25240384615384615 0.43990384615384615 0.004807692307692308 0.004807692307692308
23 0.24759615384615385 0.3401442307692308 0.004807692307692308 0.002403846153846154
23 0.25 0.33533653846153844 0.004807692307692308 0.002403846153846154
23 0.25240384615384615 0.3329326923076923 0.004807692307692308 0.002403846153846154
7 0.25721153846153844 0.4182692307692308 0.004807692307692308 0.004807692307692308
15 0.25841346153846156 0.44711538461538464 0.007211538461538462 0.009615384615384616
23 0.2620192307692308 0.39783653846153844 0.004807692307692308 0.002403846153846154
3 0.2620192307692308 0.4326923076923077 0.014423076923076924 0.009615384615384616
3 0.2620192307692308 0.40024038461538464 0.004807692307692308 0.002403846153846154
23 0.26322115384615385 0.35697115384615385 0.007211538461538462 0.007211538461538462
23 0.2620192307692308 0.3293269230769231 0.009615384615384616 0.004807692307692308
3 0.26802884615384615 0.39663461538461536 0.007211538461538462 0.004807692307692308
3 0.27163461538461536 0.3894230769230769 0.004807692307692308 0.004807692307692308
23 0.27163461538461536 0.35336538461538464 0.004807692307692308 0.004807692307692308
3 0.27283653846153844 0.375 0.007211538461538462 0.004807692307692308
3 0.2764423076923077 0.43990384615384615 0.019230769230769232 0.014423076923076924
3 0.2764423076923077 0.35697115384615385 0.004807692307692308 0.002403846153846154
3 0.27524038461538464 0.37740384615384615 0.007211538461538462 0.004807692307692308
14 0.27884615384615385 0.40384615384615385 0.014423076923076924 0.009615384615384616
7 0.2824519230769231 0.49759615384615385 0.016826923076923076 0.014423076923076924
3 0.27884615384615385 0.3641826923076923 0.004807692307692308 0.002403846153846154
23 0.27884615384615385 0.34615384615384615 0.004807692307692308 0.004807692307692308
23 0.28365384615384615 0.41466346153846156 0.004807692307692308 0.002403846153846154
3 0.28365384615384615 0.35216346153846156 0.004807692307692308 0.002403846153846154
3 0.2860576923076923 0.38461538461538464 0.004807692307692308 0.004807692307692308
3 0.2860576923076923 0.3581730769230769 0.004807692307692308 0.004807692307692308
23 0.28966346153846156 0.39783653846153844 0.01201923076923077 0.007211538461538462
3 0.28846153846153844 0.359375 0.004807692307692308 0.002403846153846154
3 0.29086538461538464 0.4519230769230769 0.019230769230769232 0.014423076923076924
7 0.2860576923076923 0.3076923076923077 0.02403846153846154 0.014423076923076924
23 0.28846153846153844 0.34134615384615385 0.004807692307692308 0.004807692307692308
3 0.29086538461538464 0.40865384615384615 0.004807692307692308 0.004807692307692308
14 0.2932692307692308 0.3942307692307692 0.014423076923076924 0.009615384615384616
3 0.2932692307692308 0.35096153846153844 0.004807692307692308 0.004807692307692308
3 0.2956730769230769 0.3545673076923077 0.004807692307692308 0.002403846153846154
3 0.2980769230769231 0.3425480769230769 0.004807692307692308 0.002403846153846154