23 0.44471153846153844 0.35336538461538464 0.004807692307692308 0.004807692307692308
23 0.4375 0.2548076923076923 0.004807692307692308 0.004807692307692308
3 0.46875 0.5793269230769231 0.004807692307692308 0.004807692307692308
3 0.46875 0.5865384615384616 0.004807692307692308 0.004807692307692308
23 0.46634615384615385 0.5697115384615384 0.004807692307692308 0.004807692307692308
3 0.4495192307692308 0.3629807692307692 0.004807692307692308 0.004807692307692308
3 0.46153846153846156 0.4879807692307692 0.004807692307692308 0.004807692307692308
3 0.45913461538461536 0.47836538461538464 0.004807692307692308 0.004807692307692308
23 0.45913461538461536 0.47115384615384615 0.004807692307692308 0.004807692307692308
3 0.4423076923076923 0.2644230769230769 0.004807692307692308 0.004807692307692308
3 0.4495192307692308 0.35336538461538464 0.004807692307692308 0.004807692307692308
3 0.44471153846153844 0.2548076923076923 0.004807692307692308 0.004807692307692308
22 0.4567307692307692 0.22956730769230768 0.009615384615384616 0.007211538461538462
3 0.46875 0.22596153846153846 0.004807692307692308 0.004807692307692308
3 0.46875 0.19591346153846154 0.014423076923076924 0.007211538461538462
3 0.5144230769230769 0.6334134615384616 0.014423076923076924 0.007211538461538462
3 0.5096153846153846 0.5324519230769231 0.004807692307692308 0.007211538461538462
3 0.5024038461538461 0.43149038461538464 0.004807692307692308 0.007211538461538462
3 0.4951923076923077 0.3088942307692308 0.004807692307692308 0.007211538461538462
3 0.5168269230769231 0.5324519230769231 0.004807692307692308 0.007211538461538462
7 0.5336538461538461 0.6502403846153846 0.03365384615384615 0.016826923076923076
7 0.5432692307692307 0.453125 0.03365384615384615 0.016826923076923076