3 0.46634615384615385 0.23918269230769232 0.009615384615384616 0.007211538461538462
23 0.46033653846153844 0.22115384615384615 0.007211538461538462 0.004807692307692308
3 0.5012019230769231 0.37740384615384615 0.007211538461538462 0.004807692307692308
12 0.45552884615384615 0.20432692307692307 0.002403846153846154 0.004807692307692308
23 0.46033653846153844 0.21634615384615385 0.007211538461538462 0.004807692307692308
23 0.46033653846153844 0.21875 0.007211538461538462 0.004807692307692308
3 0.5408653846153846 0.5120192307692307 0.009615384615384616 0.004807692307692308
23 0.5300480769230769 0.4735576923076923 0.007211538461538462 0.004807692307692308
3 0.5288461538461539 0.4699519230769231 0.009615384615384616 0.007211538461538462
3 0.6009615384615384 0.7367788461538461 0.009615384615384616 0.007211538461538462
3 0.4723557692307692 0.25600961538461536 0.007211538461538462 0.007211538461538462
3 0.49759615384615385 0.34615384615384615 0.009615384615384616 0.004807692307692308
23 0.6021634615384616 0.7403846153846154 0.007211538461538462 0.004807692307692308
23 0.6538461538461539 0.9350961538461539 0.009615384615384616 0.004807692307692308
3 0.5348557692307693 0.48197115384615385 0.007211538461538462 0.007211538461538462
23 0.5372596153846154 0.49278846153846156 0.007211538461538462 0.004807692307692308
23 0.5360576923076923 0.4879807692307692 0.009615384615384616 0.004807692307692308
23 0.5384615384615384 0.4951923076923077 0.009615384615384616 0.004807692307692308
3 0.49759615384615385 0.3425480769230769 0.014423076923076924 0.007211538461538462
3 0.6069711538461539 0.7524038461538461 0.007211538461538462 0.004807692307692308
23 0.6105769230769231 0.7668269230769231 0.009615384615384616 0.004807692307692308
23 0.6105769230769231 0.7596153846153846 0.009615384615384616 0.004807692307692308
23 0.6117788461538461 0.7644230769230769 0.007211538461538462 0.004807692307692308
3 0.5360576923076923 0.4795673076923077 0.009615384615384616 0.007211538461538462
23 0.5757211538461539 0.6274038461538461 0.007211538461538462 0.004807692307692308
3 0.5709134615384616 0.6129807692307693 0.007211538461538462 0.004807692307692308
23 0.5733173076923077 0.6225961538461539 0.007211538461538462 0.004807692307692308
3 0.5733173076923077 0.6153846153846154 0.007211538461538462 0.004807692307692308
23 0.5757211538461539 0.625 0.007211538461538462 0.004807692307692308
3 0.6454326923076923 0.8870192307692307 0.007211538461538462 0.004807692307692308
23 0.6490384615384616 0.8966346153846154 0.009615384615384616 0.004807692307692308
3 0.6454326923076923 0.8894230769230769 0.007211538461538462 0.004807692307692308
23 0.6478365384615384 0.8990384615384616 0.007211538461538462 0.004807692307692308
23 0.6490384615384616 0.9014423076923077 0.009615384615384616 0.004807692307692308
3 0.5144230769230769 0.3870192307692308 0.009615384615384616 0.004807692307692308
23 0.47716346153846156 0.24759615384615385 0.007211538461538462 0.004807692307692308
23 0.47716346153846156 0.25 0.007211538461538462 0.004807692307692308
23 0.4675480769230769 0.21394230769230768 0.007211538461538462 0.004807692307692308
23 0.4675480769230769 0.21634615384615385 0.007211538461538462 0.004807692307692308
3 0.515625 0.3918269230769231 0.007211538461538462 0.004807692307692308
3 0.4675480769230769 0.21153846153846154 0.007211538461538462 0.004807692307692308
23 0.6634615384615384 0.9399038461538461 0.009615384615384616 0.004807692307692308
3 0.6634615384615384 0.9447115384615384 0.009615384615384616 0.004807692307692308
3 0.5504807692307693 0.5216346153846154 0.009615384615384616 0.004807692307692308
3 0.5492788461538461 0.5144230769230769 0.007211538461538462 0.004807692307692308
3 0.5504807692307693 0.5168269230769231 0.009615384615384616 0.004807692307692308
3 0.5528846153846154 0.5264423076923077 0.009615384615384616 0.004807692307692308
3 0.5504807692307693 0.5240384615384616 0.009615384615384616 0.004807692307692308
23 0.5084134615384616 0.3557692307692308 0.007211538461538462 0.004807692307692308
3 0.5060096153846154 0.35096153846153844 0.007211538461538462 0.004807692307692308
23 0.5456730769230769 0.49158653846153844 0.004807692307692308 0.002403846153846154
3 0.5444711538461539 0.4855769230769231 0.007211538461538462 0.004807692307692308
23 0.546875 0.49038461538461536 0.007211538461538462 0.004807692307692308
3 0.6189903846153846 0.7572115384615384 0.007211538461538462 0.004807692307692308
23 0.6189903846153846 0.7620192307692307 0.007211538461538462 0.004807692307692308
23 0.6213942307692307 0.7644230769230769 0.007211538461538462 0.004807692307692308
3 0.5817307692307693 0.6201923076923077 0.009615384615384616 0.004807692307692308
23 0.5829326923076923 0.625 0.007211538461538462 0.004807692307692308
3 0.4735576923076923 0.21634615384615385 0.004807692307692308 0.004807692307692308
3 0.65625 0.8978365384615384 0.009615384615384616 0.007211538461538462
3 0.65625 0.8942307692307693 0.009615384615384616 0.004807692307692308
3 0.5805288461538461 0.6105769230769231 0.007211538461538462 0.004807692307692308
23 0.6646634615384616 0.9254807692307693 0.007211538461538462 0.004807692307692308
23 0.484375 0.24759615384615385 0.007211538461538462 0.004807692307692308
23 0.4855769230769231 0.24519230769230768 0.009615384615384616 0.004807692307692308
23 0.484375 0.24278846153846154 0.007211538461538462 0.004807692307692308
3 0.640625 0.8209134615384616 0.01201923076923077 0.007211538461538462
3 0.6430288461538461 0.8257211538461539 0.01201923076923077 0.007211538461538462
3 0.5480769230769231 0.47115384615384615 0.009615384615384616 0.004807692307692308
3 0.6177884615384616 0.7307692307692307 0.004807692307692308 0.004807692307692308
3 0.5492788461538461 0.4735576923076923 0.007211538461538462 0.004807692307692308
3 0.5516826923076923 0.47596153846153844 0.007211538461538462 0.004807692307692308
3 0.5144230769230769 0.3389423076923077 0.009615384615384616 0.004807692307692308
3 0.5132211538461539 0.33413461538461536 0.007211538461538462 0.004807692307692308
3 0.5144230769230769 0.33653846153846156 0.009615384615384616 0.004807692307692308
3 0.5901442307692307 0.6201923076923077 0.007211538461538462 0.004807692307692308
23 0.5865384615384616 0.6009615384615384 0.004807692307692308 0.004807692307692308
3 0.6298076923076923 0.7584134615384616 0.004807692307692308 0.002403846153846154
23 0.6225961538461539 0.7283653846153846 0.004807692307692308 0.004807692307692308
23 0.6322115384615384 0.7668269230769231 0.004807692307692308 0.004807692307692308
23 0.6370192307692307 0.7764423076923077 0.004807692307692308 0.004807692307692308
23 0.5997596153846154 0.6370192307692307 0.007211538461538462 0.004807692307692308
23 0.5913461538461539 0.6009615384615384 0.004807692307692308 0.004807692307692308
23 0.6237980769230769 0.7211538461538461 0.007211538461538462 0.004807692307692308
23 0.6237980769230769 0.7235576923076923 0.007211538461538462 0.004807692307692308
23 0.6514423076923077 0.8269230769230769 0.004807692307692308 0.004807692307692308
3 0.6358173076923077 0.7692307692307693 0.007211538461538462 0.004807692307692308
23 0.6262019230769231 0.7283653846153846 0.002403846153846154 0.004807692307692308
3 0.6081730769230769 0.6538461538461539 0.009615384615384616 0.004807692307692308
14 0.609375 0.6598557692307693 0.016826923076923076 0.01201923076923077
3 0.6057692307692307 0.6490384615384616 0.009615384615384616 0.004807692307692308
23 0.4891826923076923 0.2127403846153846 0.007211538461538462 0.007211538461538462
23 0.5997596153846154 0.6274038461538461 0.007211538461538462 0.004807692307692308
23 0.5997596153846154 0.6225961538461539 0.007211538461538462 0.004807692307692308
3 0.6370192307692307 0.7668269230769231 0.004807692307692308 0.004807692307692308
23 0.6394230769230769 0.7740384615384616 0.004807692307692308 0.004807692307692308
3 0.6141826923076923 0.6658653846153846 0.007211538461538462 0.004807692307692308
3 0.6538461538461539 0.8149038461538461 0.009615384615384616 0.004807692307692308
3 0.6322115384615384 0.7403846153846154 0.004807692307692308 0.004807692307692308
23 0.5949519230769231 0.5985576923076923 0.002403846153846154 0.004807692307692308
23 0.5997596153846154 0.6105769230769231 0.002403846153846154 0.004807692307692308
3 0.6538461538461539 0.8185096153846154 0.009615384615384616 0.007211538461538462
3 0.6538461538461539 0.8221153846153846 0.009615384615384616 0.004807692307692308
23 0.6550480769230769 0.8269230769230769 0.002403846153846154 0.004807692307692308
3 0.6622596153846154 0.8461538461538461 0.007211538461538462 0.009615384615384616
23 0.6442307692307693 0.7788461538461539 0.004807692307692308 0.004807692307692308
3 0.6081730769230769 0.6370192307692307 0.004807692307692308 0.004807692307692308
3 0.6382211538461539 0.7524038461538461 0.007211538461538462 0.004807692307692308
12 0.4951923076923077 0.21153846153846154 0.004807692307692308 0.004807692307692308
23 0.6442307692307693 0.7740384615384616 0.004807692307692308 0.004807692307692308
3 0.6634615384615384 0.8389423076923077 0.009615384615384616 0.004807692307692308
3 0.6526442307692307 0.8052884615384616 0.007211538461538462 0.004807692307692308
23 0.6382211538461539 0.7475961538461539 0.007211538461538462 0.004807692307692308
23 0.6021634615384616 0.6105769230769231 0.002403846153846154 0.004807692307692308
23 0.5985576923076923 0.5985576923076923 0.004807692307692308 0.004807692307692308
3 0.6514423076923077 0.7932692307692307 0.004807692307692308 0.004807692307692308
7 0.6514423076923077 0.7848557692307693 0.009615384615384616 0.007211538461538462
14 0.6334134615384616 0.7247596153846154 0.01201923076923077 0.016826923076923076
23 0.5985576923076923 0.5913461538461539 0.004807692307692308 0.004807692307692308
23 0.6622596153846154 0.8257211538461539 0.007211538461538462 0.007211538461538462
3 0.6117788461538461 0.6370192307692307 0.002403846153846154 0.004807692307692308
23 0.6550480769230769 0.8004807692307693 0.007211538461538462 0.004807692307692308
3 0.6550480769230769 0.7956730769230769 0.007211538461538462 0.004807692307692308
14 0.640625 0.7415865384615384 0.01201923076923077 0.01201923076923077
23 0.6526442307692307 0.7788461538461539 0.007211538461538462 0.004807692307692308
23 0.6538461538461539 0.7884615384615384 0.004807692307692308 0.004807692307692308
23 0.6033653846153846 0.5889423076923077 0.004807692307692308 0.004807692307692308
3 0.6802884615384616 0.8822115384615384 0.009615384615384616 0.004807692307692308
23 0.6033653846153846 0.59375 0.004807692307692308 0.004807692307692308
23 0.6490384615384616 0.7644230769230769 0.009615384615384616 0.004807692307692308
23 0.6442307692307693 0.7475961538461539 0.004807692307692308 0.004807692307692308
23 0.6514423076923077 0.7680288461538461 0.009615384615384616 0.007211538461538462
12 0.6153846153846154 0.6346153846153846 0.004807692307692308 0.004807692307692308
23 0.6526442307692307 0.7716346153846154 0.007211538461538462 0.004807692307692308
23 0.6670673076923077 0.8245192307692307 0.002403846153846154 0.004807692307692308
3 0.6550480769230769 0.7752403846153846 0.01201923076923077 0.007211538461538462
3 0.609375 0.6057692307692307 0.007211538461538462 0.004807692307692308
3 0.6105769230769231 0.6081730769230769 0.009615384615384616 0.004807692307692308
23 0.6478365384615384 0.7487980769230769 0.007211538461538462 0.007211538461538462
23 0.6081730769230769 0.5961538461538461 0.004807692307692308 0.004807692307692308
23 0.6057692307692307 0.5889423076923077 0.004807692307692308 0.004807692307692308
23 0.6622596153846154 0.8004807692307693 0.002403846153846154 0.004807692307692308
3 0.6610576923076923 0.7932692307692307 0.004807692307692308 0.004807692307692308
14 0.6670673076923077 0.8112980769230769 0.016826923076923076 0.01201923076923077
23 0.6586538461538461 0.78125 0.004807692307692308 0.004807692307692308
23 0.6730769230769231 0.8293269230769231 0.004807692307692308 0.004807692307692308
23 0.6526442307692307 0.7548076923076923 0.002403846153846154 0.004807692307692308
23 0.6887019230769231 0.8870192307692307 0.002403846153846154 0.004807692307692308
23 0.6706730769230769 0.8173076923076923 0.004807692307692308 0.004807692307692308
23 0.7019230769230769 0.9350961538461539 0.004807692307692308 0.004807692307692308
23 0.6105769230769231 0.5889423076923077 0.004807692307692308 0.004807692307692308
23 0.671875 0.8233173076923077 0.007211538461538462 0.007211538461538462
23 0.6730769230769231 0.8245192307692307 0.009615384615384616 0.004807692307692308
3 0.6754807692307693 0.8329326923076923 0.009615384615384616 0.007211538461538462
23 0.6105769230769231 0.59375 0.004807692307692308 0.004807692307692308
23 0.6754807692307693 0.8365384615384616 0.009615384615384616 0.004807692307692308
23 0.6778846153846154 0.8389423076923077 0.009615384615384616 0.004807692307692308
3 0.6526442307692307 0.7451923076923077 0.002403846153846154 0.004807692307692308
23 0.6574519230769231 0.7620192307692307 0.007211538461538462 0.004807692307692308
23 0.6887019230769231 0.8798076923076923 0.007211538461538462 0.004807692307692308
23 0.6899038461538461 0.8822115384615384 0.009615384615384616 0.004807692307692308
14 0.6189903846153846 0.6189903846153846 0.03125 0.026442307692307692
29 0.6971153846153846 0.9014423076923077 0.009615384615384616 0.009615384615384616
3 0.6634615384615384 0.7788461538461539 0.004807692307692308 0.004807692307692308
23 0.65625 0.7548076923076923 0.004807692307692308 0.004807692307692308
23 0.6778846153846154 0.8293269230769231 0.004807692307692308 0.004807692307692308
23 0.6923076923076923 0.8870192307692307 0.004807692307692308 0.004807692307692308
3 0.6754807692307693 0.8173076923076923 0.004807692307692308 0.004807692307692308
23 0.65625 0.7451923076923077 0.004807692307692308 0.004807692307692308
23 0.6153846153846154 0.5913461538461539 0.004807692307692308 0.004807692307692308
12 0.7067307692307693 0.9326923076923077 0.004807692307692308 0.004807692307692308
29 0.6983173076923077 0.8930288461538461 0.007211538461538462 0.007211538461538462
23 0.6682692307692307 0.7788461538461539 0.004807692307692308 0.004807692307692308
3 0.6610576923076923 0.7427884615384616 0.004807692307692308 0.004807692307692308
3 0.6298076923076923 0.6298076923076923 0.004807692307692308 0.004807692307692308
23 0.7067307692307693 0.90625 0.009615384615384616 0.004807692307692308
3 0.6754807692307693 0.7884615384615384 0.004807692307692308 0.004807692307692308
23 0.6586538461538461 0.7235576923076923 0.004807692307692308 0.004807692307692308
3 0.6274038461538461 0.5985576923076923 0.009615384615384616 0.004807692307692308
3 0.6274038461538461 0.6009615384615384 0.009615384615384616 0.004807692307692308
3 0.6274038461538461 0.6057692307692307 0.009615384615384616 0.004807692307692308
3 0.6346153846153846 0.6298076923076923 0.004807692307692308 0.004807692307692308
23 0.6598557692307693 0.7151442307692307 0.007211538461538462 0.007211538461538462
23 0.6598557692307693 0.71875 0.007211538461538462 0.004807692307692308
13 0.6634615384615384 0.7283653846153846 0.004807692307692308 0.004807692307692308
3 0.6394230769230769 0.6298076923076923 0.004807692307692308 0.004807692307692308
3 0.6826923076923077 0.7884615384615384 0.004807692307692308 0.004807692307692308
23 0.6382211538461539 0.6105769230769231 0.007211538461538462 0.004807692307692308
23 0.6370192307692307 0.609375 0.004807692307692308 0.002403846153846154
3 0.6923076923076923 0.8209134615384616 0.009615384615384616 0.007211538461538462
23 0.6346153846153846 0.59375 0.004807692307692308 0.004807692307692308
3 0.6899038461538461 0.7860576923076923 0.009615384615384616 0.009615384615384616
3 0.703125 0.8305288461538461 0.01201923076923077 0.007211538461538462
3 0.7055288461538461 0.8353365384615384 0.01201923076923077 0.007211538461538462
3 0.7055288461538461 0.8425480769230769 0.01201923076923077 0.007211538461538462
3 0.6442307692307693 0.6033653846153846 0.009615384615384616 0.004807692307692308
3 0.6454326923076923 0.6057692307692307 0.007211538461538462 0.004807692307692308
23 0.6466346153846154 0.6105769230769231 0.009615384615384616 0.004807692307692308
6 0.6694711538461539 0.6935096153846154 0.036057692307692304 0.06971153846153846
7 0.703125 0.8137019230769231 0.007211538461538462 0.007211538461538462