2 0.4878885957792208 0.30571646341463415 0.0025629058441558445 0.008384146341463415
2 0.471833400974026 0.3084009146341463 0.003731737012987013 0.0033871951219512195
2 0.5055773133116883 0.3103658536585366 0.00953125 0.01524390243902439
2 0.49413047889610384 0.31078506097560976 0.006118100649350649 0.005716463414634146
2 0.47226156655844154 0.31194054878048777 0.004182224025974026 0.0025396341463414635
2 0.4719460227272727 0.3155487804878049 0.003956980519480519 0.003048780487804878
2 0.47206980519480524 0.3196478658536585 0.0033928571428571428 0.002710365853658537
2 0.47226156655844154 0.322984756097561 0.004182224025974026 0.003896341463414634
2 0.5823021509740259 0.3239832317073171 0.009571834415584415 0.013210365853658536
2 0.4720931412337662 0.3272698170731707 0.0038453733766233766 0.002710365853658537
2 0.4720251623376623 0.33123323170731706 0.004521103896103896 0.002710365853658537
2 0.47235186688311687 0.3348064024390244 0.003956980519480519 0.0025396341463414635
2 0.47211546266233767 0.33863414634146344 0.00429586038961039 0.002878048780487805
2 0.47237520292207785 0.3424283536585366 0.004409496753246754 0.0025396341463414635
2 0.4722737418831168 0.3458673780487805 0.003394886363636364 0.002710365853658537
2 0.4724086850649351 0.3498307926829268 0.0040706168831168826 0.002710365853658537
2 0.4724086850649351 0.3539634146341463 0.0040706168831168826 0.003048780487804878
2 0.47263392857142855 0.3570625 0.004521103896103896 0.0025396341463414635
14 0.5107883522727272 0.3588079268292683 0.022388392857142857 0.03285975609756098
2 0.472554788961039 0.3607042682926829 0.003956980519480519 0.0037256097560975612
2 0.47281452922077927 0.36515853658536584 0.0040706168831168826 0.002878048780487805
14 0.6406605113636364 0.38216463414634144 0.030509334415584413 0.04603658536585366
2 0.46351663961038964 0.38594207317073176 0.010637175324675325 0.017615853658536587
2 0.47725142045454544 0.38611128048780485 0.011321022727272726 0.017954268292682925
14 0.5689793019480519 0.40094817073170735 0.055572240259740266 0.0829939024390244
29 0.663763189935065 0.40378201219512194 0.0065036525974025965 0.007564024390243902
2 0.4644409496753247 0.40907926829268293 0.010862418831168832 0.016939024390243904
14 0.4900456574675325 0.40987500000000004 0.011747159090909091 0.0221890243902439
29 0.6634679383116884 0.4143856707317073 0.005913149350649351 0.00864939024390244
2 0.485872564935065 0.42428810975609754 0.005430194805194805 0.004064024390243903
29 0.6636698457792208 0.42481402439024396 0.006722808441558442 0.00877439024390244
2 0.5064143668831169 0.42545731707317075 0.007146915584415584 0.011890243902439025
2 0.535679788961039 0.42877743902439025 0.0019602272727272728 0.006945121951219512
2 0.4856178977272727 0.4298399390243902 0.005732548701298701 0.004192073170731708
2 0.4650953733766233 0.4315045731707317 0.009736201298701298 0.017277439024390245
2 0.49202922077922073 0.4340960365853659 0.0047564935064935065 0.003557926829268293
2 0.5359395292207793 0.4484923780487805 0.0020738636363636367 0.007960365853658537
29 0.6561038961038962 0.4490015243902439 0.0062012987012987015 0.00836890243902439
14 0.6413676948051947 0.45 0.0075730519480519485 0.012804878048780487
2 0.46511769480519477 0.4510838414634147 0.010186688311688312 0.01863109756097561
14 0.5084456168831168 0.4560975609756098 0.017702922077922078 0.027439024390243903
29 0.630419034090909 0.4665670731707317 0.005967938311688311 0.007524390243902439
2 0.6467471590909091 0.4716463414634146 0.008997564935064937 0.011585365853658536
2 0.4647575081168831 0.4719512195121951 0.013118912337662339 0.018292682926829267
14 0.5082244318181819 0.4834344512195122 0.01807224025974026 0.016259146341463415
6 0.7009172077922078 0.48454878048780486 0.013847402597402596 0.03678048780487805
29 0.6885775162337662 0.5138094512195123 0.006213474025974026 0.008106707317073171
29 0.7002343750000001 0.5208978658536586 0.006799918831168831 0.00886890243902439
2 0.6551704545454545 0.5217987804878049 0.007581168831168831 0.014329268292682927
29 0.6917968750000001 0.5262393292682928 0.00575284090909091 0.008576219512195121
2 0.5333512581168831 0.546265243902439 0.001767451298701299 0.0041158536585365856
14 0.6732355925324676 0.5478658536585366 0.011649756493506493 0.01097560975609756
2 0.5337571022727273 0.5528201219512195 0.001361607142857143 0.004420731707317073
2 0.5316264204545454 0.5529725609756098 0.0019703733766233767 0.004725609756097561
14 0.6008806818181818 0.5599085365853659 0.05200487012987012 0.06798780487804879
29 0.660955762987013 0.571297256097561 0.006570616883116884 0.008448170731707318
2 0.5318293425324675 0.5735518292682927 0.0015645292207792207 0.004420731707317073
2 0.5337063717532468 0.5734756097560976 0.00166599025974026 0.004878048780487805
14 0.5471215503246754 0.5734420731707317 0.022408685064935065 0.060298780487804876
14 0.6721195211038961 0.5844512195121951 0.00901176948051948 0.01402439024390244
6 0.6995454545454546 0.5846920731707317 0.018814935064935066 0.07609146341463414
29 0.6583796672077922 0.5887362804878049 0.005476866883116883 0.01039939024390244
2 0.5308177759740259 0.6082896341463415 0.005629058441558441 0.004384146341463415
2 0.47712763798701296 0.6110670731707317 0.007826704545454545 0.014207317073170732
2 0.5304372970779221 0.6130899390243902 0.004868100649350649 0.00361890243902439
2 0.5421469155844155 0.6170548780487805 0.008806818181818181 0.01276829268292683
29 0.6840553977272728 0.6263856707317074 0.006097808441558441 0.010698170731707318
29 0.6740006087662338 0.6274893292682927 0.006280438311688312 0.008027439024390244
29 0.6664864042207792 0.6276295731707318 0.006268262987012987 0.01013719512195122
14 0.5080823863636363 0.628420731707317 0.025093344155844154 0.03184146341463415
2 0.4847179383116883 0.6389664634146341 0.008396915584415585 0.013908536585365852
2 0.6511109983766235 0.6397865853658536 0.009202516233766235 0.015548780487804878
29 0.6728469967532468 0.6421753048780487 0.006002435064935065 0.009350609756097562
14 0.6278703327922078 0.6557926829268292 0.007769886363636363 0.012804878048780487
29 0.6720951704545455 0.6570457317073171 0.006933847402597403 0.009213414634146341
14 0.6477617694805194 0.6592987804878049 0.004533279220779221 0.00701219512195122
2 0.476268262987013 0.6607286585365854 0.000020292207792207792 0.0013353658536585365
6 0.4663250811688312 0.6666920731707318 0.024370941558441557 0.014481707317073171
6 0.5077465503246754 0.6731036585365854 0.04065543831168831 0.016939024390243904
6 0.512849025974026 0.1858734756097561 0.08170454545454545 0.010161585365853657
14 0.6446164772727273 0.19847560975609757 0.009200487012987014 0.01402439024390244
2 0.49381087662337664 0.20709756097560975 0.0038555194805194805 0.0032195121951219515
29 0.49336444805194807 0.216234756097561 0.006615259740259741 0.008689024390243903
7 0.6884354707792208 0.21988414634146342 0.0034943181818181818 0.016597560975609757
2 0.5414204545454545 0.22113871951219513 0.008165584415584416 0.005082317073170732
2 0.5315310470779221 0.22144359756097562 0.008273133116883118 0.005082317073170732
2 0.46033989448051943 0.2214939024390244 0.011994724025974025 0.016158536585365854
29 0.6819206574675325 0.22502743902439026 0.005480925324675325 0.009201219512195121
2 0.5412672483766233 0.22621951219512196 0.0038007305194805194 0.003048780487804878
2 0.5313220373376624 0.2263719512195122 0.003390827922077922 0.003353658536585366
29 0.4935673701298702 0.22827743902439024 0.006209415584415585 0.007164634146341464
29 0.4843313717532467 0.22827743902439024 0.0055945616883116885 0.008384146341463415
29 0.5092471590909091 0.22858231707317073 0.006318993506493507 0.007164634146341464
29 0.5014833603896104 0.22888719512195121 0.006213474025974026 0.008384146341463415
2 0.5417755681818182 0.22957317073170733 0.005223214285714285 0.0024390243902439024
2 0.5316264204545454 0.22980182926829268 0.004405438311688312 0.0022865853658536584
2 0.5394916801948052 0.23201219512195123 0.003090503246753247 0.0024390243902439024
2 0.5335541801948052 0.23224085365853658 0.003796672077922078 0.001676829268292683
2 0.5529555600649351 0.23573475609756098 0.0048559253246753245 0.0031768292682926827
22 0.4844744318181818 0.23583993902439024 0.005880681818181818 0.0033871951219512195
22 0.49320211038961037 0.23597560975609755 0.00588474025974026 0.003048780487804878
2 0.5376643668831169 0.23597560975609755 0.0022767857142857143 0.00548780487804878
2 0.5352790178571428 0.23605182926829268 0.0015645292207792207 0.0038109756097560975
14 0.6902851055194805 0.23948170731707316 0.0075994318181818185 0.011280487804878048
14 0.4601024756493507 0.23953201219512193 0.0176075487012987 0.019307926829268292
22 0.509406452922078 0.24053201219512196 0.006231737012987014 0.004234756097560976
22 0.5014904626623377 0.24080335365853658 0.0062276785714285715 0.003557926829268293
2 0.5530397727272728 0.24080335365853658 0.00502435064935065 0.003557926829268293
22 0.4931463068181818 0.2411920731707317 0.005773133116883117 0.0037256097560975612
22 0.4847341720779221 0.24141310975609756 0.005994318181818181 0.003557926829268293
2 0.5205123782467532 0.24275914634146342 0.004904626623376623 0.0038109756097560975
2 0.48586140422077917 0.2499832317073171 0.00216112012987013 0.007283536585365854
2 0.5131544237012987 0.25 0.003987418831168831 0.003658536585365854
2 0.4834588068181818 0.2503719512195122 0.001820211038961039 0.0074512195121951225
14 0.5774310064935064 0.25167682926829266 0.00997564935064935 0.015548780487804878
14 0.5983380681818182 0.2538109756097561 0.008770292207792208 0.013109756097560975
2 0.5570738636363637 0.2539375 0.001728896103896104 0.004826219512195122
2 0.5597118506493507 0.25396341463414634 0.001728896103896104 0.006097560975609756
2 0.5552130681818183 0.2544085365853659 0.002065746753246753 0.006987804878048781
2 0.5131036931818181 0.2558689024390244 0.004291801948051948 0.0025914634146341465
2 0.6929241071428571 0.2608231707317073 0.008007305194805196 0.011280487804878048
7 0.6807984983766233 0.26335670731707317 0.011759334415584416 0.005981707317073171
14 0.6433005275974026 0.2652439024390244 0.03822443181818182 0.051829268292682924
14 0.5375771103896103 0.27016463414634145 0.030917207792207795 0.04703658536585366
2 0.47135957792207794 0.28148780487804875 0.004407467532467532 0.0032195121951219515
2 0.5110633116883117 0.28594969512195123 0.00224025974025974 0.007875
2 0.47159496753246755 0.2862042682926829 0.004472402597402597 0.002896341463414634
7 0.4988453733766234 0.2884908536585366 0.014736201298701299 0.014786585365853658
2 0.47144277597402595 0.28971036585365856 0.00416801948051948 0.0025914634146341465
2 0.4717471590909091 0.2933689024390244 0.003965097402597402 0.0032012195121951218
2 0.4718486201298701 0.2972560975609756 0.0037621753246753244 0.003048780487804878
14 0.5795616883116883 0.2998125 0.01667207792207792 0.014259146341463415
2 0.4717471590909091 0.30053353658536586 0.0035592532467532464 0.002896341463414634
2 0.5422311282467532 0.30121951219512194 0.0016700487012987013 0.00548780487804878
2 0.5297991071428572 0.3014481707317073 0.0019683441558441556 0.005335365853658537
14 0.6784111201298701 0.3041158536585366 0.009013798701298701 0.011890243902439025
2 0.47164569805194806 0.3044969512195122 0.003356331168831169 0.002896341463414634