6 0.44460024350649346 0.43461280487804876 0.030028409090909088 0.022274390243902438
22 0.5329383116883117 0.43629573170731706 0.004188311688311688 0.0036890243902439022
6 0.5525517451298702 0.4402454268292683 0.03245738636363636 0.012807926829268292
22 0.5758786525974026 0.44052439024390244 0.002406655844155844 0.0066585365853658535
22 0.7691274350649351 0.4472240853658537 0.00497564935064935 0.004204268292682926
2 0.5238920454545454 0.4491326219512195 0.008417207792207792 0.013509146341463414
2 0.371442775974026 0.44976829268292684 0.01804788961038961 0.029414634146341465
2 0.5096032873376622 0.45001067073170736 0.008654626623376623 0.010996951219512194
22 0.5717522321428571 0.4514756097560975 0.0047057629870129875 0.004170731707317073
22 0.5815066964285714 0.4514649390243903 0.0022991071428571427 0.006588414634146341
22 0.5629170048701299 0.4531829268292683 0.004486607142857143 0.0033170731707317077
22 0.5451126217532468 0.4539893292682927 0.0021570616883116885 0.005539634146341464
22 0.5546073457792208 0.4540335365853659 0.0020718344155844157 0.006237804878048781
2 0.4030478896103896 0.45399999999999996 0.020381493506493507 0.033
22 0.5511160714285714 0.45410213414634143 0.0023944805194805194 0.0063750000000000005
22 0.5482568993506494 0.45415853658536587 0.0023579545454545455 0.006487804878048781
22 0.5585125811688312 0.4542012195121951 0.0021712662337662336 0.006573170731707317
22 0.5426704545454546 0.45432317073170736 0.002548701298701299 0.006207317073170731
22 0.5952790178571429 0.45532621951219515 0.004681412337662338 0.0045548780487804875
22 0.5381128246753247 0.45608841463414634 0.00398538961038961 0.0042499999999999994
22 0.5033421266233766 0.45633689024390245 0.002625811688311688 0.006576219512195122
22 0.3548762175324675 0.45916920731707317 0.0023660714285714288 0.00736280487804878
2 0.7698396915584416 0.4597957317073171 0.014517045454545456 0.020201219512195123
2 0.48587560876623376 0.46548780487804875 0.012741477272727272 0.019999999999999997
2 0.5300405844155844 0.4718765243902439 0.010162337662337663 0.01936280487804878
2 0.3287428977272727 0.47297256097560975 0.007729301948051949 0.006920731707317073
22 0.5141609172077922 0.4750426829268293 0.0023478084415584416 0.006792682926829268
2 0.5172970779220779 0.4752774390243903 0.0025324675324675324 0.00726219512195122
2 0.6040330762987013 0.47551524390243904 0.0018973214285714286 0.005908536585365854
6 0.6464153814935064 0.4755823170731708 0.02010349025974026 0.08165243902439025
2 0.3627059659090909 0.47767225609756103 0.011532061688311689 0.020588414634146342
22 0.4514732142857143 0.4779024390243902 0.0023782467532467533 0.006414634146341463
2 0.38293831168831166 0.47801829268292684 0.013035714285714284 0.019451219512195122
22 0.4772615665584416 0.4789740853658537 0.00403612012987013 0.003679878048780488
2 0.42831676136363633 0.4794557926829268 0.0019257305194805194 0.007692073170731707
22 0.5469013798701299 0.4794024390243903 0.004111201298701299 0.0033170731707317077
2 0.4319155844155844 0.47953810975609756 0.002224025974025974 0.00785670731707317
22 0.4816467126623376 0.4803064024390244 0.0022544642857142854 0.006344512195121951
22 0.7689174107142857 0.4823658536585366 0.00455560064935065 0.0031463414634146343
22 0.6044328327922078 0.4828643292682927 0.0022909902597402594 0.0065823170731707315
2 0.45281047077922076 0.4835411585365854 0.004241071428571428 0.003667682926829268
2 0.3963961038961039 0.4836128048780488 0.006672077922077923 0.012347560975609757
22 0.5514630681818182 0.48485823170731707 0.004711850649350649 0.0038628048780487804
2 0.5434943181818183 0.4860792682926829 0.002167207792207792 0.008134146341463415
2 0.5467299107142857 0.48654420731707315 0.0025507305194805195 0.007844512195121951
22 0.6082457386363637 0.48789939024390244 0.004234983766233767 0.003847560975609756
22 0.5517694805194805 0.4901646341463415 0.004512987012987013 0.0035
2 0.6041010551948053 0.49045426829268296 0.0024391233766233767 0.007128048780487804
2 0.4789600243506494 0.49071646341463415 0.005403814935064935 0.00399390243902439
2 0.5102617694805195 0.490797256097561 0.012812500000000001 0.018789634146341463
2 0.5242390422077922 0.49159146341463417 0.01195211038961039 0.01732926829268293
2 0.4286810064935065 0.493375 0.0022483766233766236 0.006871951219512195
22 0.5448508522727273 0.4945 0.004474431818181818 0.003634146341463415
2 0.7713585633116883 0.49555945121951217 0.01390219155844156 0.01733841463414634
2 0.3902972808441558 0.4965731707317073 0.005432224025974026 0.004121951219512195
2 0.5495150162337663 0.4967256097560976 0.0024391233766233767 0.006865853658536585
22 0.603653612012987 0.49989939024390245 0.004385146103896104 0.0034573170731707317
2 0.42845068993506497 0.5006570121951219 0.0021935876623376625 0.007411585365853658
2 0.3632102272727273 0.5008993902439024 0.0032061688311688314 0.009115853658536585
2 0.6599462256493507 0.5033932926829269 0.0041456980519480515 0.0037378048780487803
22 0.548786525974026 0.5041539634146341 0.00463474025974026 0.0040396341463414635
2 0.42515422077922077 0.5047057926829268 0.002905844155844156 0.008192073170731708
22 0.6038078327922078 0.504873475609756 0.004287743506493506 0.0036493902439024392
22 0.6037560876623377 0.5098765243902439 0.005401785714285715 0.0038993902439024386
22 0.3963890016233766 0.5099237804878048 0.0046286525974025975 0.00399390243902439
2 0.3451887175324675 0.5100487804878049 0.007341720779220779 0.005463414634146342
2 0.42674715909090916 0.5115609756097561 0.004874188311688311 0.004829268292682927
22 0.3508522727272727 0.5125609756097561 0.002435064935064935 0.007439024390243902
2 0.40692674512987015 0.5125076219512196 0.006629464285714286 0.010990853658536585
22 0.4787611607142857 0.5146585365853659 0.0025710227272727273 0.007975609756097561
2 0.7652536525974026 0.5152012195121951 0.0020982142857142857 0.0054024390243902435
22 0.39626623376623377 0.5151310975609756 0.003977272727272728 0.0034329268292682927
22 0.7685531655844156 0.5153475609756097 0.002203733766233766 0.005695121951219512
22 0.7725669642857143 0.5169176829268293 0.004549512987012987 0.003347560975609756
2 0.42736810064935066 0.5174634146341464 0.00205762987012987 0.006268292682926829
2 0.42155438311688315 0.5176280487804877 0.0026055194805194807 0.006597560975609756
2 0.40080762987012986 0.518547256097561 0.002913961038961039 0.007216463414634147
2 0.36337053571428574 0.5189405487804878 0.0027150974025974025 0.006783536585365854
22 0.7674888392857143 0.5221981707317073 0.002510146103896104 0.005981707317073171
22 0.7704088879870129 0.5223948170731707 0.0022625811688311687 0.005765243902439024
22 0.773635349025974 0.5226966463414634 0.002627840909090909 0.006368902439024391
22 0.5607335633116883 0.5236158536585366 0.004178165584415585 0.004548780487804878
6 0.32343952922077923 0.5243567073170732 0.013356331168831167 0.045054878048780486
2 0.4009689529220779 0.5272743902439024 0.0028307629870129867 0.008207317073170732
2 0.36323559253246757 0.5276021341463415 0.002851055194805195 0.007033536585365854
2 0.578065137987013 0.5282682926829269 0.004344561688311688 0.004097560975609756
22 0.5604565746753246 0.528685975609756 0.004435876623376623 0.0037134146341463413
6 0.8003388798701299 0.529108231707317 0.030872564935064933 0.1795579268292683
2 0.5933461850649351 0.5294756097560975 0.0024391233766233767 0.007731707317073171
2 0.5904535308441559 0.5296082317073171 0.002335633116883117 0.006167682926829269
22 0.5852435064935064 0.5297454268292683 0.0020616883116883118 0.006442073170731707
22 0.5879545454545455 0.5296875 0.002207792207792208 0.006935975609756098
22 0.7673528814935064 0.5298993902439024 0.0026440746753246753 0.007359756097560976
22 0.5819744318181818 0.5300182926829269 0.0024228896103896105 0.006378048780487805
2 0.39626116071428574 0.5300396341463415 0.005184659090909091 0.004591463414634146
22 0.7645170454545455 0.5301814024390243 0.002654220779220779 0.007314024390243902
6 0.7425497159090909 0.5320670731707318 0.030959821428571427 0.18120731707317073
6 0.6970282061688311 0.53325 0.02433238636363636 0.1915
22 0.3508563311688312 0.5349969512195122 0.002443181818181818 0.007189024390243902
2 0.3450426136363636 0.5370914634146342 0.0078612012987013 0.005890243902439024
22 0.3964752435064935 0.5373810975609756 0.004395292207792208 0.004030487804878049
2 0.4822433035714285 0.5379070121951219 0.004665178571428571 0.004472560975609756
2 0.5695109577922078 0.5381570121951219 0.011992694805194805 0.018996951219512195
22 0.7216243912337662 0.5389085365853659 0.004125405844155844 0.003426829268292683
2 0.4062012987012987 0.5391173780487805 0.00801948051948052 0.009332317073170731
2 0.4325344967532468 0.5400015243902438 0.0046793831168831165 0.00439329268292683
22 0.7216659902597402 0.5431112804878049 0.005020292207792208 0.0032957317073170735
2 0.5969774756493507 0.5433125 0.0044257305194805195 0.0036981707317073173
22 0.7735693993506494 0.543452743902439 0.0024959415584415584 0.007027439024390244
22 0.7766649756493507 0.5437606707317073 0.0021935876623376625 0.007033536585365854
2 0.41905336850649344 0.5458445121951219 0.0077495941558441556 0.011810975609756098
2 0.46152394480519476 0.5461143292682927 0.0025933441558441558 0.006862804878048781
2 0.46932934253246755 0.5463231707317073 0.0027820616883116886 0.007890243902439024
2 0.3638443587662338 0.5463734756097561 0.002851055194805195 0.007990853658536586
2 0.44774147727272723 0.5468917682926829 0.002625811688311688 0.007807926829268293
2 0.4577232142857143 0.5467057926829268 0.002702922077922078 0.007435975609756098
2 0.45105316558441555 0.5467881097560975 0.002349837662337662 0.007600609756097561
2 0.46532366071428566 0.5471371951219511 0.002481737012987013 0.008298780487804878
2 0.47280133928571433 0.5470731707317074 0.002015016233766234 0.007560975609756098
2 0.44062601461038964 0.5471996951219512 0.0025994318181818184 0.008423780487804879
22 0.7220342938311688 0.5473384146341463 0.004945211038961039 0.0032134146341463413
22 0.7707061688311688 0.5474451219512195 0.0020454545454545456 0.007085365853658536
2 0.45492187500000003 0.5476204268292683 0.0023762175324675327 0.01109451219512195
2 0.44388595779220774 0.5480868902439024 0.002625811688311688 0.0071493902439024384
2 0.37160612824675326 0.5501768292682927 0.004981737012987013 0.004621951219512195
2 0.380252637987013 0.550094512195122 0.005635146103896104 0.004457317073170731
2 0.3908979301948052 0.5507454268292683 0.0058218344155844155 0.004539634146341464
22 0.5819592126623376 0.5509710365853658 0.001986607142857143 0.006820121951219512
22 0.5856087662337662 0.550795731707317 0.002386363636363636 0.006469512195121951
22 0.5887591314935066 0.5513612804878049 0.0021935876623376625 0.0069908536585365855
22 0.5788149350649351 0.551655487804878 0.002191558441558442 0.006969512195121951
2 0.4856990665584416 0.5520030487804878 0.011576704545454545 0.017420731707317075
2 0.42710227272727275 0.5522332317073171 0.00801948051948052 0.011173780487804878
22 0.7199847808441558 0.5541783536585365 0.0024695616883116884 0.005917682926829268
29 0.775515422077922 0.5542301829268292 0.004358766233766234 0.003582317073170732
2 0.43555397727272727 0.556547256097561 0.002601461038961039 0.0076067073170731705
22 0.7148681006493506 0.5575914634146342 0.002788149350649351 0.006646341463414634
22 0.7230275974025974 0.5583125 0.0024675324675324677 0.006259146341463415
2 0.5970586444805195 0.5586387195121951 0.013110795454545455 0.0209359756097561
22 0.44069906655844154 0.5590060975609756 0.0027455357142857142 0.007036585365853658
22 0.4441680194805195 0.5589573170731708 0.0023782467532467533 0.006329268292682927
22 0.4619602272727273 0.5592286585365853 0.0018425324675324676 0.006871951219512195
22 0.46565036525974024 0.5593475609756098 0.0019176136363636361 0.007109756097560976
22 0.5303662743506493 0.561717987804878 0.004320211038961038 0.003923780487804878
2 0.39645089285714286 0.5642484756097561 0.0071875 0.012033536585365854
2 0.47294034090909093 0.5654496951219512 0.0026988636363636364 0.0071189024390243905
2 0.440638189935065 0.5662484756097561 0.0022179383116883115 0.0068871951219512196
2 0.36271002435064936 0.5683125 0.011134334415584415 0.020161585365853656
2 0.3829352678571429 0.5689237804878049 0.01140625 0.017115853658536587
2 0.44837357954545454 0.5698689024390244 0.006730925324675325 0.01351829268292683
2 0.4658025568181818 0.5696067073170732 0.0066862824675324685 0.01299390243902439
29 0.7150040584415585 0.5699420731707318 0.002654220779220779 0.006957317073170732
22 0.775997362012987 0.573077743902439 0.004916801948051948 0.003472560975609756
2 0.42783887987012986 0.5731204268292683 0.012333603896103896 0.018192073170731706
2 0.45739549512987016 0.5735670731707317 0.0020474837662337662 0.008109756097560976
2 0.32938108766233765 0.5739923780487804 0.008193993506493507 0.005911585365853659
22 0.7759943181818182 0.5772256097560976 0.00450487012987013 0.0038414634146341463
2 0.8280458603896104 0.5781875 0.0022767857142857143 0.0063750000000000005
2 0.8395951704545453 0.5783079268292682 0.013605925324675324 0.02551829268292683
2 0.3962571022727273 0.5791112804878048 0.001929788961038961 0.007003048780487804
29 0.8225842126623377 0.579516768292683 0.003122970779220779 0.007814024390243902
22 0.7172585227272728 0.5807545731707318 0.002293019480519481 0.006021341463414634
22 0.7203987418831169 0.581125 0.0020799512987012985 0.0067621951219512194
22 0.7234040178571428 0.5811539634146341 0.002002840909090909 0.007429878048780488
22 0.7758898133116883 0.5819542682926829 0.004701704545454545 0.004152439024390243
22 0.5697433035714285 0.5827210365853659 0.004340503246753247 0.0032469512195121954
2 0.47793323863636367 0.5859161585365854 0.012278814935064934 0.018783536585365853
22 0.5389174107142857 0.5858689024390245 0.0023478084415584416 0.006493902439024391
22 0.5596621347402597 0.5862957317073171 0.004470373376623377 0.0036890243902439022
2 0.7756645698051948 0.5880625 0.002221996753246753 0.006612804878048781
22 0.43946124188311686 0.5878506097560976 0.004734172077922078 0.004359756097560976
22 0.5163626217532468 0.5884756097560976 0.002286931818181818 0.007439024390243902
22 0.46658583603896103 0.5886509146341463 0.004194399350649351 0.0035213414634146342
22 0.5136241883116883 0.588704268292683 0.0020860389610389608 0.007286585365853658
2 0.462661323051948 0.589532012195122 0.0028388798701298704 0.008942073170731707
2 0.4436972402597403 0.5902987804878049 0.002654220779220779 0.008036585365853659
22 0.7712976866883117 0.5939131097560976 0.004446022727272727 0.003679878048780488
2 0.37724736201298703 0.5948856707317073 0.01585836038961039 0.02513719512195122
6 0.5694957386363636 0.5990335365853658 0.021702516233766234 0.013310975609756097
6 0.534393262987013 0.6008048780487805 0.02130275974025974 0.011975609756097561
22 0.721916599025974 0.6323414634146342 0.003898133116883117 0.0030975609756097562
29 0.7703327922077922 0.6371128048780488 0.004545454545454545 0.004103658536585366
29 0.7637205762987013 0.6371753048780487 0.00471387987012987 0.004228658536585365
22 0.7506676136363636 0.6377804878048781 0.0017410714285714286 0.0066585365853658535
22 0.731401176948052 0.6383384146341463 0.002169237012987013 0.007164634146341464
2 0.7904291801948052 0.6393810975609756 0.013894074675324676 0.02205487804878049
22 0.7583482142857143 0.6411600609756097 0.00411525974025974 0.0036615853658536583
2 0.7270718344155844 0.6414527439024391 0.004874188311688311 0.0036371951219512193
22 0.7746580762987013 0.6421707317073171 0.0026440746753246753 0.006902439024390244
2 0.7540351055194806 0.6424954268292684 0.002388392857142857 0.007551829268292683
22 0.7474310064935066 0.6423856707317074 0.002167207792207792 0.006722560975609756
2 0.7813727678571428 0.6426067073170731 0.001868912337662338 0.005945121951219512
22 0.7178216314935065 0.6436783536585365 0.0022017045454545453 0.006259146341463415
2 0.850187702922078 0.6491417682926829 0.002323457792207792 0.007429878048780488
29 0.7706960227272727 0.6496905487804878 0.002431006493506494 0.006698170731707317
22 0.7618323863636364 0.6499725609756097 0.0021550324675324675 0.006652439024390244
22 0.7651055194805195 0.6501676829268294 0.002207792207792208 0.006432926829268293
2 0.7324330357142856 0.6501981707317074 0.002203733766233766 0.007103658536585366
22 0.7360896915584415 0.6501783536585366 0.0022118506493506492 0.006454268292682927
22 0.7539052353896104 0.6503003048780488 0.0021286525974025974 0.006088414634146341
2 0.8581381899350649 0.6504131097560976 0.0040198863636363635 0.0032652439024390247
2 0.7454616477272727 0.6506265243902438 0.002692775974025974 0.0073506097560975606
2 0.7826268262987013 0.6511143292682927 0.0019419642857142858 0.00710670731707317
2 0.7577871347402597 0.651298780487805 0.003398944805194805 0.0038170731707317072
22 0.7494754464285714 0.6516585365853659 0.0038210227272727267 0.0033170731707317077
22 0.7759202516233766 0.6525106707317073 0.005168425324675325 0.0038018292682926833
2 0.7739995941558442 0.6578673780487805 0.004979707792207792 0.004149390243902439
22 0.7289864042207792 0.6578826219512195 0.003833198051948052 0.0035701219512195123
2 0.7823772321428571 0.661608231707317 0.0018486201298701297 0.006143292682926829
22 0.7628277191558441 0.6616432926829269 0.0021164772727272725 0.006823170731707317
22 0.7794368912337662 0.6617530487804879 0.0020556006493506495 0.006432926829268293
29 0.757945413961039 0.6618948170731707 0.0024979707792207794 0.007326219512195122
29 0.7483106737012988 0.6621295731707316 0.00473823051948052 0.003527439024390244
22 0.7290310470779221 0.6625426829268293 0.003922483766233766 0.0031341463414634144
22 0.7716680194805196 0.6628826219512195 0.0043749999999999995 0.0038140243902439024
2 0.7417217938311688 0.6645975609756097 0.00414163961038961 0.0041951219512195125
2 0.791309862012987 0.6676951219512195 0.014032061688311689 0.022585365853658536
6 0.6727922077922078 0.6683246951219513 0.053782467532467536 0.025673780487804877
2 0.720362215909091 0.6682423780487805 0.013370535714285715 0.02063109756097561
29 0.7320657467532468 0.6691981707317073 0.0030925324675324674 0.0072987804878048785
22 0.7791325081168832 0.6698582317073172 0.0022585227272727275 0.006179878048780488
2 0.7502749594155844 0.6699817073170732 0.0021732954545454547 0.0064268292682926826
22 0.7531868912337663 0.6702210365853658 0.0023153409090909093 0.006905487804878048
22 0.7468283279220779 0.6699923780487804 0.002179383116883117 0.0058384146341463414
22 0.7625710227272727 0.6701722560975609 0.0020089285714285717 0.006807926829268292
2 0.7823193993506493 0.6703277439024391 0.0021387987012987013 0.005899390243902439
22 0.7407842938311688 0.670422256097561 0.0022666396103896104 0.006088414634146341
2 0.760041599025974 0.6703292682926829 0.0026318993506493507 0.007731707317073171
22 0.7567755681818181 0.6703323170731708 0.0025933441558441558 0.006518292682926829
29 0.767945413961039 0.6717073170731707 0.004234983766233767 0.003780487804878049
29 0.7742745535714286 0.6719573170731707 0.005123782467532468 0.004280487804878048
2 0.7277597402597403 0.6721417682926829 0.00137987012987013 0.00586890243902439
22 0.7360075081168831 0.6755625 0.004076704545454546 0.002954268292682927
6 0.8486870941558441 0.6780564024390244 0.024078733766233765 0.013429878048780488