3 0.5877403846153846 0.41586538461538464 0.002403846153846154 0.004807692307692308
3 0.5853365384615384 0.41586538461538464 0.002403846153846154 0.004807692307692308
23 0.5048076923076923 0.421875 0.004807692307692308 0.002403846153846154
23 0.5060096153846154 0.42427884615384615 0.002403846153846154 0.002403846153846154
23 0.5757211538461539 0.4254807692307692 0.002403846153846154 0.004807692307692308
23 0.5733173076923077 0.4254807692307692 0.002403846153846154 0.004807692307692308
3 0.375 0.42788461538461536 0.004807692307692308 0.004807692307692308
3 0.3557692307692308 0.43028846153846156 0.004807692307692308 0.004807692307692308
3 0.3870192307692308 0.43028846153846156 0.004807692307692308 0.004807692307692308
3 0.3701923076923077 0.43028846153846156 0.004807692307692308 0.004807692307692308
3 0.5480769230769231 0.42788461538461536 0.004807692307692308 0.004807692307692308
14 0.4951923076923077 0.43028846153846156 0.009615384615384616 0.019230769230769232
3 0.3557692307692308 0.4326923076923077 0.004807692307692308 0.004807692307692308
23 0.5757211538461539 0.43028846153846156 0.002403846153846154 0.004807692307692308
23 0.578125 0.43028846153846156 0.002403846153846154 0.004807692307692308
23 0.5048076923076923 0.43509615384615385 0.004807692307692308 0.004807692307692308
23 0.44471153846153844 0.4362980769230769 0.004807692307692308 0.002403846153846154
23 0.40384615384615385 0.4387019230769231 0.004807692307692308 0.002403846153846154
3 0.6322115384615384 0.43509615384615385 0.004807692307692308 0.004807692307692308
23 0.5048076923076923 0.43990384615384615 0.004807692307692308 0.004807692307692308
2 0.3485576923076923 0.4423076923076923 0.019230769230769232 0.014423076923076924
23 0.44471153846153844 0.43990384615384615 0.004807692307692308 0.004807692307692308
23 0.40384615384615385 0.43990384615384615 0.004807692307692308 0.004807692307692308
3 0.6274038461538461 0.43990384615384615 0.004807692307692308 0.004807692307692308
3 0.6322115384615384 0.43990384615384615 0.004807692307692308 0.004807692307692308
2 0.3161057692307692 0.44591346153846156 0.03125 0.01201923076923077
9 0.38822115384615385 0.44471153846153844 0.01201923076923077 0.019230769230769232
23 0.5600961538461539 0.44350961538461536 0.004807692307692308 0.002403846153846154
10 0.578125 0.44471153846153844 0.01201923076923077 0.02403846153846154
3 0.6322115384615384 0.44471153846153844 0.004807692307692308 0.004807692307692308
23 0.5600961538461539 0.44711538461538464 0.004807692307692308 0.004807692307692308
23 0.47716346153846156 0.4495192307692308 0.002403846153846154 0.004807692307692308
23 0.4723557692307692 0.4519230769230769 0.002403846153846154 0.004807692307692308
23 0.3293269230769231 0.4543269230769231 0.004807692307692308 0.004807692307692308
23 0.3245192307692308 0.4567307692307692 0.004807692307692308 0.004807692307692308
3 0.6334134615384616 0.4495192307692308 0.002403846153846154 0.004807692307692308
23 0.5588942307692307 0.4543269230769231 0.002403846153846154 0.004807692307692308
23 0.3245192307692308 0.45913461538461536 0.004807692307692308 0.004807692307692308
23 0.3269230769230769 0.45913461538461536 0.004807692307692308 0.004807692307692308
3 0.6322115384615384 0.4567307692307692 0.004807692307692308 0.004807692307692308
3 0.6322115384615384 0.45913461538461536 0.004807692307692308 0.004807692307692308
14 0.5108173076923077 0.46875 0.016826923076923076 0.019230769230769232
23 0.4050480769230769 0.47475961538461536 0.002403846153846154 0.002403846153846154
14 0.5576923076923077 0.4735576923076923 0.014423076923076924 0.019230769230769232
23 0.40625 0.47716346153846156 0.004807692307692308 0.002403846153846154
9 0.5985576923076923 0.47596153846153844 0.009615384615384616 0.014423076923076924
7 0.6274038461538461 0.47836538461538464 0.004807692307692308 0.019230769230769232
3 0.5913461538461539 0.4807692307692308 0.004807692307692308 0.004807692307692308
3 0.5901442307692307 0.4855769230769231 0.007211538461538462 0.004807692307692308
23 0.5745192307692307 0.49038461538461536 0.004807692307692308 0.004807692307692308
23 0.5745192307692307 0.4951923076923077 0.004807692307692308 0.004807692307692308
3 0.6081730769230769 0.4963942307692308 0.004807692307692308 0.007211538461538462
3 0.5805288461538461 0.49759615384615385 0.007211538461538462 0.004807692307692308
23 0.6346153846153846 0.5 0.004807692307692308 0.004807692307692308
14 0.4879807692307692 0.5048076923076923 0.02403846153846154 0.02403846153846154
23 0.6346153846153846 0.5036057692307693 0.004807692307692308 0.002403846153846154
14 0.5961538461538461 0.5048076923076923 0.019230769230769232 0.028846153846153848
29 0.5745192307692307 0.5036057692307693 0.004807692307692308 0.007211538461538462
29 0.5817307692307693 0.5060096153846154 0.004807692307692308 0.007211538461538462
23 0.5637019230769231 0.5048076923076923 0.002403846153846154 0.004807692307692308
23 0.5564903846153846 0.5048076923076923 0.002403846153846154 0.004807692307692308
3 0.6237980769230769 0.5060096153846154 0.016826923076923076 0.026442307692307692
23 0.6334134615384616 0.5060096153846154 0.002403846153846154 0.002403846153846154
2 0.3317307692307692 0.5108173076923077 0.038461538461538464 0.01201923076923077
14 0.5120192307692307 0.5096153846153846 0.009615384615384616 0.019230769230769232
23 0.6346153846153846 0.5084134615384616 0.004807692307692308 0.002403846153846154
3 0.6105769230769231 0.5096153846153846 0.004807692307692308 0.004807692307692308
3 0.5817307692307693 0.5120192307692307 0.004807692307692308 0.004807692307692308
3 0.5745192307692307 0.5120192307692307 0.004807692307692308 0.004807692307692308
2 0.2956730769230769 0.5168269230769231 0.014423076923076924 0.014423076923076924
23 0.6346153846153846 0.5108173076923077 0.004807692307692308 0.002403846153846154
3 0.5649038461538461 0.5132211538461539 0.004807692307692308 0.007211538461538462
23 0.5745192307692307 0.515625 0.004807692307692308 0.002403846153846154
3 0.5817307692307693 0.5168269230769231 0.004807692307692308 0.004807692307692308
23 0.6346153846153846 0.5144230769230769 0.004807692307692308 0.004807692307692308
23 0.5745192307692307 0.5180288461538461 0.004807692307692308 0.002403846153846154
23 0.6346153846153846 0.5180288461538461 0.004807692307692308 0.002403846153846154
3 0.4831730769230769 0.5216346153846154 0.004807692307692308 0.004807692307692308
3 0.49399038461538464 0.5216346153846154 0.002403846153846154 0.004807692307692308
23 0.6346153846153846 0.5204326923076923 0.004807692307692308 0.002403846153846154
7 0.6153846153846154 0.5216346153846154 0.009615384615384616 0.004807692307692308
23 0.6274038461538461 0.5228365384615384 0.004807692307692308 0.002403846153846154
23 0.609375 0.5216346153846154 0.002403846153846154 0.004807692307692308
23 0.5997596153846154 0.5240384615384616 0.002403846153846154 0.004807692307692308
3 0.6033653846153846 0.5216346153846154 0.004807692307692308 0.004807692307692308
3 0.59375 0.5228365384615384 0.004807692307692308 0.007211538461538462
3 0.5877403846153846 0.5252403846153846 0.007211538461538462 0.007211538461538462
23 0.5817307692307693 0.5252403846153846 0.004807692307692308 0.002403846153846154
3 0.4879807692307692 0.5276442307692307 0.004807692307692308 0.007211538461538462
23 0.6346153846153846 0.5240384615384616 0.004807692307692308 0.004807692307692308
3 0.5649038461538461 0.5276442307692307 0.004807692307692308 0.007211538461538462
23 0.6274038461538461 0.5264423076923077 0.004807692307692308 0.004807692307692308
23 0.515625 0.5288461538461539 0.002403846153846154 0.004807692307692308
23 0.5745192307692307 0.5300480769230769 0.004807692307692308 0.002403846153846154
23 0.6274038461538461 0.5276442307692307 0.004807692307692308 0.002403846153846154
3 0.3870192307692308 0.5348557692307693 0.004807692307692308 0.007211538461538462
3 0.3942307692307692 0.5348557692307693 0.004807692307692308 0.007211538461538462
23 0.6225961538461539 0.5324519230769231 0.004807692307692308 0.002403846153846154
23 0.5360576923076923 0.5360576923076923 0.004807692307692308 0.004807692307692308
23 0.6346153846153846 0.5384615384615384 0.004807692307692308 0.004807692307692308
3 0.33413461538461536 0.5432692307692307 0.004807692307692308 0.004807692307692308
6 0.6430288461538461 0.5384615384615384 0.01201923076923077 0.08173076923076923
23 0.5072115384615384 0.5408653846153846 0.004807692307692308 0.004807692307692308
23 0.5024038461538461 0.5420673076923077 0.004807692307692308 0.002403846153846154
23 0.6346153846153846 0.5396634615384616 0.004807692307692308 0.002403846153846154
3 0.3954326923076923 0.5456730769230769 0.007211538461538462 0.004807692307692308
23 0.5108173076923077 0.5432692307692307 0.002403846153846154 0.009615384615384616
3 0.33413461538461536 0.5480769230769231 0.004807692307692308 0.004807692307692308
23 0.5012019230769231 0.546875 0.002403846153846154 0.002403846153846154
23 0.515625 0.5456730769230769 0.002403846153846154 0.004807692307692308
23 0.6358173076923077 0.5444711538461539 0.002403846153846154 0.002403846153846154
3 0.3942307692307692 0.5504807692307693 0.004807692307692308 0.004807692307692308
14 0.3701923076923077 0.5528846153846154 0.02403846153846154 0.014423076923076924
23 0.6346153846153846 0.546875 0.004807692307692308 0.002403846153846154
23 0.6346153846153846 0.5492788461538461 0.004807692307692308 0.002403846153846154
23 0.25721153846153844 0.5637019230769231 0.004807692307692308 0.002403846153846154
3 0.41346153846153844 0.5625 0.004807692307692308 0.004807692307692308
23 0.4098557692307692 0.5612980769230769 0.002403846153846154 0.002403846153846154
3 0.34375 0.5637019230769231 0.004807692307692308 0.01201923076923077
23 0.6370192307692307 0.5588942307692307 0.004807692307692308 0.002403846153846154
3 0.35096153846153844 0.5649038461538461 0.004807692307692308 0.004807692307692308
23 0.4110576923076923 0.5661057692307693 0.004807692307692308 0.002403846153846154
3 0.41346153846153844 0.5649038461538461 0.004807692307692308 0.004807692307692308
23 0.6370192307692307 0.5637019230769231 0.004807692307692308 0.002403846153846154
23 0.25240384615384615 0.5697115384615384 0.004807692307692308 0.004807692307692308
23 0.40384615384615385 0.5685096153846154 0.004807692307692308 0.002403846153846154
23 0.6370192307692307 0.5661057692307693 0.004807692307692308 0.002403846153846154
23 0.25240384615384615 0.5745192307692307 0.004807692307692308 0.004807692307692308
23 0.38822115384615385 0.5733173076923077 0.002403846153846154 0.002403846153846154
3 0.3942307692307692 0.5745192307692307 0.004807692307692308 0.004807692307692308
23 0.6346153846153846 0.5685096153846154 0.004807692307692308 0.002403846153846154
23 0.25240384615384615 0.578125 0.004807692307692308 0.002403846153846154
3 0.44350961538461536 0.5745192307692307 0.002403846153846154 0.004807692307692308
3 0.4387019230769231 0.5733173076923077 0.002403846153846154 0.007211538461538462
3 0.4338942307692308 0.5745192307692307 0.002403846153846154 0.004807692307692308
3 0.43149038461538464 0.5745192307692307 0.002403846153846154 0.004807692307692308
3 0.42427884615384615 0.5745192307692307 0.002403846153846154 0.004807692307692308
3 0.4362980769230769 0.5745192307692307 0.002403846153846154 0.004807692307692308
3 0.4266826923076923 0.5745192307692307 0.002403846153846154 0.004807692307692308
3 0.35096153846153844 0.5745192307692307 0.004807692307692308 0.004807692307692308
3 0.41466346153846156 0.5745192307692307 0.002403846153846154 0.004807692307692308
3 0.4098557692307692 0.5745192307692307 0.002403846153846154 0.004807692307692308
3 0.4338942307692308 0.5745192307692307 0.002403846153846154 0.004807692307692308
3 0.42427884615384615 0.5745192307692307 0.002403846153846154 0.004807692307692308
3 0.41947115384615385 0.5745192307692307 0.002403846153846154 0.004807692307692308
3 0.40384615384615385 0.5745192307692307 0.004807692307692308 0.004807692307692308
3 0.34375 0.5745192307692307 0.004807692307692308 0.004807692307692308
3 0.41225961538461536 0.5745192307692307 0.002403846153846154 0.004807692307692308
3 0.4050480769230769 0.5745192307692307 0.002403846153846154 0.004807692307692308
3 0.4074519230769231 0.5745192307692307 0.002403846153846154 0.004807692307692308
23 0.6370192307692307 0.5733173076923077 0.004807692307692308 0.002403846153846154
23 0.3942307692307692 0.578125 0.004807692307692308 0.002403846153846154
23 0.3894230769230769 0.578125 0.004807692307692308 0.002403846153846154
3 0.38221153846153844 0.5793269230769231 0.004807692307692308 0.004807692307692308
23 0.4362980769230769 0.5793269230769231 0.002403846153846154 0.004807692307692308
23 0.4338942307692308 0.5793269230769231 0.002403846153846154 0.004807692307692308
23 0.4411057692307692 0.5793269230769231 0.002403846153846154 0.004807692307692308
23 0.42427884615384615 0.5793269230769231 0.002403846153846154 0.004807692307692308
23 0.44591346153846156 0.5793269230769231 0.002403846153846154 0.004807692307692308
23 0.44350961538461536 0.5793269230769231 0.002403846153846154 0.004807692307692308
23 0.41947115384615385 0.5793269230769231 0.002403846153846154 0.004807692307692308
23 0.421875 0.5793269230769231 0.002403846153846154 0.004807692307692308
23 0.3870192307692308 0.5805288461538461 0.004807692307692308 0.002403846153846154
3 0.3942307692307692 0.5841346153846154 0.004807692307692308 0.004807692307692308
23 0.4206730769230769 0.5829326923076923 0.004807692307692308 0.002403846153846154
3 0.38100961538461536 0.5841346153846154 0.007211538461538462 0.004807692307692308
23 0.44591346153846156 0.5841346153846154 0.002403846153846154 0.004807692307692308
23 0.4411057692307692 0.5841346153846154 0.002403846153846154 0.004807692307692308
23 0.4014423076923077 0.5853365384615384 0.004807692307692308 0.002403846153846154
3 0.39903846153846156 0.5841346153846154 0.004807692307692308 0.004807692307692308
23 0.43509615384615385 0.5853365384615384 0.004807692307692308 0.002403846153846154
3 0.34615384615384615 0.5877403846153846 0.004807692307692308 0.007211538461538462
23 0.42908653846153844 0.5865384615384616 0.002403846153846154 0.004807692307692308
23 0.3954326923076923 0.5877403846153846 0.002403846153846154 0.002403846153846154
23 0.4230769230769231 0.5877403846153846 0.004807692307692308 0.002403846153846154
23 0.39783653846153844 0.5877403846153846 0.002403846153846154 0.002403846153846154
3 0.4014423076923077 0.5877403846153846 0.004807692307692308 0.002403846153846154
23 0.5853365384615384 0.5865384615384616 0.002403846153846154 0.004807692307692308
23 0.578125 0.5865384615384616 0.002403846153846154 0.004807692307692308
23 0.5721153846153846 0.5853365384615384 0.004807692307692308 0.007211538461538462
23 0.578125 0.5865384615384616 0.002403846153846154 0.004807692307692308
23 0.5637019230769231 0.5853365384615384 0.002403846153846154 0.007211538461538462
23 0.5805288461538461 0.5865384615384616 0.002403846153846154 0.004807692307692308
23 0.5757211538461539 0.5865384615384616 0.002403846153846154 0.004807692307692308
23 0.5420673076923077 0.5877403846153846 0.002403846153846154 0.007211538461538462
3 0.4182692307692308 0.5889423076923077 0.004807692307692308 0.004807692307692308
3 0.38100961538461536 0.5913461538461539 0.007211538461538462 0.004807692307692308
23 0.5673076923076923 0.5865384615384616 0.004807692307692308 0.004807692307692308
23 0.5600961538461539 0.5865384615384616 0.004807692307692308 0.004807692307692308
23 0.5516826923076923 0.5865384615384616 0.002403846153846154 0.004807692307692308
23 0.5492788461538461 0.5865384615384616 0.002403846153846154 0.004807692307692308
23 0.3942307692307692 0.5901442307692307 0.004807692307692308 0.002403846153846154
23 0.5540865384615384 0.5865384615384616 0.002403846153846154 0.004807692307692308
23 0.5516826923076923 0.5865384615384616 0.002403846153846154 0.004807692307692308
23 0.5372596153846154 0.5877403846153846 0.002403846153846154 0.007211538461538462
23 0.546875 0.5865384615384616 0.002403846153846154 0.004807692307692308
23 0.5396634615384616 0.5865384615384616 0.002403846153846154 0.004807692307692308
23 0.5420673076923077 0.5865384615384616 0.002403846153846154 0.004807692307692308
23 0.39783653846153844 0.5901442307692307 0.002403846153846154 0.002403846153846154
23 0.2548076923076923 0.59375 0.004807692307692308 0.004807692307692308
23 0.2644230769230769 0.5925480769230769 0.004807692307692308 0.002403846153846154
23 0.42427884615384615 0.5913461538461539 0.002403846153846154 0.004807692307692308
3 0.3942307692307692 0.59375 0.004807692307692308 0.004807692307692308
3 0.41346153846153844 0.59375 0.004807692307692308 0.004807692307692308
23 0.38822115384615385 0.5949519230769231 0.002403846153846154 0.002403846153846154
23 0.38461538461538464 0.5949519230769231 0.004807692307692308 0.002403846153846154
3 0.4182692307692308 0.59375 0.004807692307692308 0.004807692307692308
3 0.4014423076923077 0.59375 0.004807692307692308 0.004807692307692308
3 0.40625 0.59375 0.004807692307692308 0.004807692307692308
3 0.4014423076923077 0.59375 0.004807692307692308 0.004807692307692308
23 0.3737980769230769 0.5961538461538461 0.002403846153846154 0.004807692307692308
23 0.25961538461538464 0.5985576923076923 0.004807692307692308 0.004807692307692308
3 0.5901442307692307 0.59375 0.002403846153846154 0.004807692307692308
3 0.5925480769230769 0.59375 0.002403846153846154 0.004807692307692308
7 0.578125 0.59375 0.002403846153846154 0.004807692307692308
23 0.38461538461538464 0.5973557692307693 0.004807692307692308 0.002403846153846154
7 0.5841346153846154 0.59375 0.004807692307692308 0.004807692307692308
23 0.4230769230769231 0.5961538461538461 0.004807692307692308 0.004807692307692308
23 0.3870192307692308 0.5973557692307693 0.004807692307692308 0.002403846153846154
7 0.5817307692307693 0.59375 0.004807692307692308 0.004807692307692308
3 0.5540865384615384 0.59375 0.002403846153846154 0.004807692307692308
3 0.5516826923076923 0.59375 0.002403846153846154 0.004807692307692308
7 0.546875 0.59375 0.002403846153846154 0.004807692307692308
23 0.2548076923076923 0.5997596153846154 0.004807692307692308 0.002403846153846154
23 0.26322115384615385 0.5985576923076923 0.002403846153846154 0.004807692307692308
7 0.5444711538461539 0.5949519230769231 0.002403846153846154 0.007211538461538462
7 0.5408653846153846 0.5961538461538461 0.004807692307692308 0.004807692307692308
7 0.5360576923076923 0.5961538461538461 0.004807692307692308 0.004807692307692308
23 0.25240384615384615 0.6009615384615384 0.004807692307692308 0.004807692307692308
23 0.390625 0.5985576923076923 0.002403846153846154 0.004807692307692308
3 0.4182692307692308 0.5985576923076923 0.004807692307692308 0.004807692307692308
23 0.40625 0.5973557692307693 0.004807692307692308 0.002403846153846154
23 0.5144230769230769 0.5961538461538461 0.004807692307692308 0.004807692307692308
3 0.3798076923076923 0.5985576923076923 0.004807692307692308 0.004807692307692308
23 0.39903846153846156 0.5973557692307693 0.004807692307692308 0.002403846153846154
3 0.40865384615384615 0.5985576923076923 0.004807692307692308 0.004807692307692308
23 0.3894230769230769 0.5997596153846154 0.004807692307692308 0.002403846153846154
3 0.5 0.5985576923076923 0.004807692307692308 0.004807692307692308
3 0.4951923076923077 0.5985576923076923 0.004807692307692308 0.004807692307692308
23 0.41346153846153844 0.6009615384615384 0.004807692307692308 0.004807692307692308
23 0.40625 0.6021634615384616 0.004807692307692308 0.002403846153846154
23 0.39903846153846156 0.6021634615384616 0.004807692307692308 0.002403846153846154
23 0.38461538461538464 0.6033653846153846 0.004807692307692308 0.004807692307692308
23 0.5949519230769231 0.6009615384615384 0.002403846153846154 0.004807692307692308
23 0.5901442307692307 0.6009615384615384 0.002403846153846154 0.004807692307692308
3 0.4182692307692308 0.6033653846153846 0.004807692307692308 0.004807692307692308
7 0.5925480769230769 0.6009615384615384 0.002403846153846154 0.004807692307692308
7 0.5877403846153846 0.6009615384615384 0.002403846153846154 0.004807692307692308
23 0.5925480769230769 0.6009615384615384 0.002403846153846154 0.004807692307692308
7 0.5853365384615384 0.6009615384615384 0.002403846153846154 0.004807692307692308
23 0.5048076923076923 0.6009615384615384 0.004807692307692308 0.004807692307692308
7 0.578125 0.6009615384615384 0.002403846153846154 0.004807692307692308
23 0.5 0.6021634615384616 0.004807692307692308 0.002403846153846154
23 0.49759615384615385 0.6021634615384616 0.004807692307692308 0.002403846153846154
7 0.5564903846153846 0.6009615384615384 0.002403846153846154 0.004807692307692308
7 0.5985576923076923 0.6009615384615384 0.004807692307692308 0.004807692307692308
7 0.5829326923076923 0.6009615384615384 0.002403846153846154 0.004807692307692308
7 0.5757211538461539 0.6009615384615384 0.002403846153846154 0.004807692307692308
23 0.5588942307692307 0.6009615384615384 0.002403846153846154 0.004807692307692308
7 0.5492788461538461 0.6009615384615384 0.002403846153846154 0.004807692307692308
7 0.5384615384615384 0.6009615384615384 0.004807692307692308 0.004807692307692308
7 0.5420673076923077 0.6009615384615384 0.002403846153846154 0.004807692307692308
7 0.5612980769230769 0.6009615384615384 0.002403846153846154 0.004807692307692308
7 0.5540865384615384 0.6009615384615384 0.002403846153846154 0.004807692307692308
7 0.5516826923076923 0.6009615384615384 0.002403846153846154 0.004807692307692308
7 0.546875 0.6009615384615384 0.002403846153846154 0.004807692307692308
23 0.5348557692307693 0.6033653846153846 0.002403846153846154 0.004807692307692308
23 0.5372596153846154 0.6009615384615384 0.002403846153846154 0.004807692307692308
7 0.5432692307692307 0.6021634615384616 0.004807692307692308 0.007211538461538462
23 0.5072115384615384 0.6033653846153846 0.004807692307692308 0.004807692307692308
23 0.5024038461538461 0.6033653846153846 0.004807692307692308 0.004807692307692308
23 0.49759615384615385 0.6033653846153846 0.004807692307692308 0.004807692307692308
3 0.49278846153846156 0.6033653846153846 0.004807692307692308 0.004807692307692308
3 0.49038461538461536 0.6057692307692307 0.004807692307692308 0.004807692307692308
7 0.4735576923076923 0.6057692307692307 0.004807692307692308 0.004807692307692308
3 0.4855769230769231 0.6057692307692307 0.004807692307692308 0.004807692307692308
7 0.46875 0.6057692307692307 0.004807692307692308 0.004807692307692308
23 0.5072115384615384 0.6069711538461539 0.004807692307692308 0.002403846153846154
15 0.49278846153846156 0.6081730769230769 0.004807692307692308 0.004807692307692308
15 0.5024038461538461 0.6081730769230769 0.004807692307692308 0.004807692307692308
15 0.49759615384615385 0.6081730769230769 0.004807692307692308 0.004807692307692308
15 0.4879807692307692 0.6081730769230769 0.004807692307692308 0.004807692307692308
15 0.4855769230769231 0.6081730769230769 0.004807692307692308 0.004807692307692308
3 0.46875 0.6081730769230769 0.004807692307692308 0.004807692307692308
3 0.4735576923076923 0.6081730769230769 0.004807692307692308 0.004807692307692308
23 0.5697115384615384 0.6081730769230769 0.004807692307692308 0.004807692307692308
7 0.49038461538461536 0.6105769230769231 0.004807692307692308 0.004807692307692308
23 0.4735576923076923 0.6105769230769231 0.004807692307692308 0.004807692307692308
7 0.5024038461538461 0.6105769230769231 0.004807692307692308 0.004807692307692308
7 0.49759615384615385 0.6105769230769231 0.004807692307692308 0.004807692307692308
7 0.49278846153846156 0.6105769230769231 0.004807692307692308 0.004807692307692308
23 0.5072115384615384 0.6105769230769231 0.004807692307692308 0.004807692307692308
7 0.4855769230769231 0.6105769230769231 0.004807692307692308 0.004807692307692308
23 0.24759615384615385 0.6165865384615384 0.004807692307692308 0.002403846153846154
23 0.46875 0.6129807692307693 0.004807692307692308 0.004807692307692308
23 0.5697115384615384 0.6129807692307693 0.004807692307692308 0.004807692307692308
23 0.24759615384615385 0.6189903846153846 0.004807692307692308 0.002403846153846154
7 0.5252403846153846 0.6153846153846154 0.002403846153846154 0.004807692307692308
7 0.5204326923076923 0.6153846153846154 0.002403846153846154 0.004807692307692308
7 0.5276442307692307 0.6153846153846154 0.002403846153846154 0.004807692307692308
23 0.5697115384615384 0.6153846153846154 0.004807692307692308 0.004807692307692308
7 0.5228365384615384 0.6177884615384616 0.002403846153846154 0.004807692307692308
23 0.5697115384615384 0.6201923076923077 0.004807692307692308 0.004807692307692308