23 0.6201923076923077 0.3125 0.004807692307692308 0.014423076923076924
6 0.5132211538461539 0.3076923076923077 0.20432692307692307 0.028846153846153848
23 0.7860576923076923 0.3245192307692308 0.004807692307692308 0.009615384615384616
23 0.7764423076923077 0.3245192307692308 0.004807692307692308 0.009615384615384616
23 0.7908653846153846 0.3245192307692308 0.004807692307692308 0.009615384615384616
23 0.78125 0.3245192307692308 0.004807692307692308 0.009615384615384616
6 0.5588942307692307 0.34375 0.10336538461538461 0.02403846153846154
14 0.6538461538461539 0.35096153846153844 0.0625 0.08653846153846154
6 0.4567307692307692 0.34134615384615385 0.09134615384615384 0.028846153846153848
14 0.7271634615384616 0.3713942307692308 0.040865384615384616 0.07451923076923077
14 0.7836538461538461 0.3737980769230769 0.04326923076923077 0.07451923076923077
23 0.4639423076923077 0.36538461538461536 0.07211538461538461 0.02403846153846154
6 0.5552884615384616 0.3701923076923077 0.10576923076923077 0.028846153846153848
23 0.41586538461538464 0.3629807692307692 0.004807692307692308 0.009615384615384616
3 0.4110576923076923 0.3629807692307692 0.004807692307692308 0.009615384615384616
23 0.4182692307692308 0.3629807692307692 0.004807692307692308 0.009615384615384616
15 0.3557692307692308 0.375 0.009615384615384616 0.03365384615384615
3 0.3629807692307692 0.375 0.004807692307692308 0.009615384615384616
3 0.4182692307692308 0.37740384615384615 0.004807692307692308 0.009615384615384616
23 0.40865384615384615 0.3798076923076923 0.004807692307692308 0.014423076923076924
23 0.41346153846153844 0.3786057692307692 0.004807692307692308 0.01201923076923077
23 0.5865384615384616 0.390625 0.004807692307692308 0.01201923076923077
23 0.5600961538461539 0.3870192307692308 0.004807692307692308 0.009615384615384616
23 0.5769230769230769 0.38822115384615385 0.004807692307692308 0.01201923076923077
23 0.5649038461538461 0.3894230769230769 0.004807692307692308 0.009615384615384616
23 0.5552884615384616 0.3870192307692308 0.004807692307692308 0.009615384615384616
23 0.5721153846153846 0.3894230769230769 0.004807692307692308 0.009615384615384616
23 0.5817307692307693 0.3894230769230769 0.004807692307692308 0.009615384615384616
23 0.5913461538461539 0.3918269230769231 0.004807692307692308 0.009615384615384616
23 0.5504807692307693 0.3894230769230769 0.004807692307692308 0.009615384615384616
3 0.4807692307692308 0.38461538461538464 0.004807692307692308 0.009615384615384616
3 0.5 0.3858173076923077 0.004807692307692308 0.01201923076923077
3 0.4951923076923077 0.3870192307692308 0.004807692307692308 0.009615384615384616
3 0.4735576923076923 0.3858173076923077 0.004807692307692308 0.01201923076923077
3 0.4855769230769231 0.3870192307692308 0.004807692307692308 0.009615384615384616
3 0.49038461538461536 0.3858173076923077 0.004807692307692308 0.01201923076923077
3 0.47836538461538464 0.3858173076923077 0.004807692307692308 0.01201923076923077
3 0.46875 0.3870192307692308 0.004807692307692308 0.009615384615384616
3 0.4495192307692308 0.38461538461538464 0.004807692307692308 0.009615384615384616
3 0.4639423076923077 0.38461538461538464 0.004807692307692308 0.009615384615384616
3 0.44711538461538464 0.38461538461538464 0.004807692307692308 0.009615384615384616
3 0.45913461538461536 0.38461538461538464 0.004807692307692308 0.009615384615384616
3 0.4543269230769231 0.3858173076923077 0.004807692307692308 0.01201923076923077
3 0.4423076923076923 0.38461538461538464 0.004807692307692308 0.009615384615384616
3 0.4326923076923077 0.38461538461538464 0.004807692307692308 0.009615384615384616
3 0.4375 0.38461538461538464 0.004807692307692308 0.009615384615384616
7 0.6033653846153846 0.4014423076923077 0.004807692307692308 0.014423076923076924
7 0.5985576923076923 0.4014423076923077 0.004807692307692308 0.014423076923076924
23 0.5793269230769231 0.4026442307692308 0.004807692307692308 0.01201923076923077
23 0.5913461538461539 0.4050480769230769 0.004807692307692308 0.01201923076923077
23 0.3629807692307692 0.39302884615384615 0.004807692307692308 0.01201923076923077
23 0.6394230769230769 0.40625 0.004807692307692308 0.009615384615384616
23 0.5865384615384616 0.4050480769230769 0.004807692307692308 0.016826923076923076
23 0.7836538461538461 0.41947115384615385 0.004807692307692308 0.01201923076923077
23 0.6346153846153846 0.41466346153846156 0.004807692307692308 0.01201923076923077
22 0.6574519230769231 0.41586538461538464 0.036057692307692304 0.009615384615384616
6 0.49038461538461536 0.4110576923076923 0.15384615384615385 0.028846153846153848
23 0.5769230769230769 0.41586538461538464 0.004807692307692308 0.009615384615384616
22 0.6538461538461539 0.4254807692307692 0.03365384615384615 0.009615384615384616
23 0.6322115384615384 0.4254807692307692 0.004807692307692308 0.009615384615384616
23 0.5769230769230769 0.43149038461538464 0.004807692307692308 0.01201923076923077
23 0.5793269230769231 0.4326923076923077 0.004807692307692308 0.009615384615384616
23 0.5841346153846154 0.43509615384615385 0.004807692307692308 0.009615384615384616
14 0.3954326923076923 0.42908653846153844 0.03125 0.036057692307692304
23 0.5913461538461539 0.4411057692307692 0.004807692307692308 0.01201923076923077
6 0.7067307692307693 0.44711538461538464 0.1971153846153846 0.028846153846153848
23 0.5769230769230769 0.44711538461538464 0.004807692307692308 0.009615384615384616
23 0.5817307692307693 0.44711538461538464 0.004807692307692308 0.009615384615384616
7 0.359375 0.4375 0.007211538461538462 0.028846153846153848
16 0.3545673076923077 0.4375 0.007211538461538462 0.028846153846153848
23 0.6442307692307693 0.4651442307692308 0.004807692307692308 0.01201923076923077
23 0.6490384615384616 0.4651442307692308 0.004807692307692308 0.01201923076923077
23 0.5793269230769231 0.46153846153846156 0.004807692307692308 0.009615384615384616
23 0.5745192307692307 0.46153846153846156 0.004807692307692308 0.009615384615384616
9 0.7752403846153846 0.47716346153846156 0.021634615384615384 0.021634615384615384
23 0.6947115384615384 0.47596153846153844 0.004807692307692308 0.009615384615384616
23 0.6850961538461539 0.47596153846153844 0.004807692307692308 0.009615384615384616
23 0.6899038461538461 0.47596153846153844 0.004807692307692308 0.009615384615384616
23 0.7067307692307693 0.47836538461538464 0.004807692307692308 0.009615384615384616
23 0.7115384615384616 0.47836538461538464 0.004807692307692308 0.009615384615384616
23 0.7019230769230769 0.47836538461538464 0.004807692307692308 0.009615384615384616
23 0.6995192307692307 0.47836538461538464 0.004807692307692308 0.009615384615384616
6 0.4879807692307692 0.4675480769230769 0.15384615384615385 0.026442307692307692
23 0.6790865384615384 0.47836538461538464 0.007211538461538462 0.004807692307692308
3 0.7932692307692307 0.484375 0.004807692307692308 0.01201923076923077
23 0.7980769230769231 0.484375 0.004807692307692308 0.01201923076923077
23 0.6033653846153846 0.47596153846153844 0.004807692307692308 0.009615384615384616
15 0.7355769230769231 0.4879807692307692 0.019230769230769232 0.014423076923076924
23 0.7163461538461539 0.4879807692307692 0.004807692307692308 0.009615384615384616
23 0.6754807692307693 0.4855769230769231 0.004807692307692308 0.009615384615384616
23 0.6538461538461539 0.49038461538461536 0.004807692307692308 0.009615384615384616
23 0.5168269230769231 0.48677884615384615 0.004807692307692308 0.01201923076923077
23 0.53125 0.4891826923076923 0.004807692307692308 0.01201923076923077
22 0.4338942307692308 0.4831730769230769 0.036057692307692304 0.009615384615384616
23 0.6754807692307693 0.49759615384615385 0.004807692307692308 0.009615384615384616
23 0.7307692307692307 0.5 0.004807692307692308 0.009615384615384616
23 0.49038461538461536 0.4879807692307692 0.004807692307692308 0.009615384615384616
3 0.7211538461538461 0.5 0.004807692307692308 0.009615384615384616
23 0.5480769230769231 0.49278846153846156 0.004807692307692308 0.009615384615384616
23 0.5552884615384616 0.49399038461538464 0.004807692307692308 0.01201923076923077
14 0.6935096153846154 0.5012019230769231 0.036057692307692304 0.03125
14 0.38341346153846156 0.48677884615384615 0.05048076923076923 0.055288461538461536
22 0.35216346153846156 0.4855769230769231 0.007211538461538462 0.052884615384615384
23 0.4735576923076923 0.49278846153846156 0.004807692307692308 0.009615384615384616
23 0.6514423076923077 0.5024038461538461 0.004807692307692308 0.009615384615384616
23 0.6394230769230769 0.5048076923076923 0.004807692307692308 0.009615384615384616
23 0.46153846153846156 0.4963942307692308 0.004807692307692308 0.01201923076923077
23 0.4375 0.4951923076923077 0.004807692307692308 0.009615384615384616
23 0.4543269230769231 0.49759615384615385 0.004807692307692308 0.009615384615384616
23 0.4326923076923077 0.4951923076923077 0.004807692307692308 0.009615384615384616
23 0.4423076923076923 0.4963942307692308 0.004807692307692308 0.01201923076923077
23 0.4567307692307692 0.49759615384615385 0.004807692307692308 0.009615384615384616
23 0.4206730769230769 0.49759615384615385 0.004807692307692308 0.009615384615384616
23 0.4254807692307692 0.49759615384615385 0.004807692307692308 0.009615384615384616
23 0.7932692307692307 0.5204326923076923 0.004807692307692308 0.01201923076923077
23 0.6658653846153846 0.5144230769230769 0.004807692307692308 0.009615384615384616
9 0.7776442307692307 0.5192307692307693 0.021634615384615384 0.02403846153846154
23 0.7860576923076923 0.5216346153846154 0.004807692307692308 0.009615384615384616
23 0.6706730769230769 0.5144230769230769 0.004807692307692308 0.009615384615384616
3 0.6754807692307693 0.5144230769230769 0.004807692307692308 0.009615384615384616
9 0.7524038461538461 0.5204326923076923 0.02403846153846154 0.026442307692307692
23 0.6442307692307693 0.5168269230769231 0.004807692307692308 0.009615384615384616
23 0.6394230769230769 0.5168269230769231 0.004807692307692308 0.009615384615384616
9 0.65625 0.5216346153846154 0.014423076923076924 0.019230769230769232
23 0.7067307692307693 0.5288461538461539 0.004807692307692308 0.009615384615384616
23 0.71875 0.53125 0.004807692307692308 0.009615384615384616
23 0.7307692307692307 0.5300480769230769 0.004807692307692308 0.01201923076923077
23 0.7235576923076923 0.53125 0.004807692307692308 0.009615384615384616
23 0.7139423076923077 0.5288461538461539 0.004807692307692308 0.009615384615384616
23 0.6971153846153846 0.5288461538461539 0.004807692307692308 0.009615384615384616
23 0.6875 0.5288461538461539 0.004807692307692308 0.009615384615384616
23 0.6778846153846154 0.5288461538461539 0.004807692307692308 0.009615384615384616
23 0.6923076923076923 0.5288461538461539 0.004807692307692308 0.009615384615384616
23 0.6418269230769231 0.5264423076923077 0.009615384615384616 0.004807692307692308
23 0.6826923076923077 0.5288461538461539 0.004807692307692308 0.009615384615384616
6 0.4855769230769231 0.5192307692307693 0.15384615384615385 0.028846153846153848
29 0.3918269230769231 0.5264423076923077 0.009615384615384616 0.019230769230769232
14 0.6033653846153846 0.5396634615384616 0.0625 0.0889423076923077
15 0.3629807692307692 0.5360576923076923 0.004807692307692308 0.019230769230769232
15 0.35096153846153844 0.5384615384615384 0.004807692307692308 0.019230769230769232
15 0.3557692307692308 0.5384615384615384 0.004807692307692308 0.019230769230769232
29 0.3894230769230769 0.5480769230769231 0.009615384615384616 0.019230769230769232
3 0.3701923076923077 0.5504807692307693 0.004807692307692308 0.009615384615384616
3 0.46634615384615385 0.5673076923076923 0.004807692307692308 0.009615384615384616
23 0.39663461538461536 0.5637019230769231 0.004807692307692308 0.01201923076923077
23 0.3870192307692308 0.5625 0.004807692307692308 0.009615384615384616
23 0.36778846153846156 0.5673076923076923 0.004807692307692308 0.009615384615384616
23 0.3701923076923077 0.5661057692307693 0.004807692307692308 0.01201923076923077
23 0.39663461538461536 0.5769230769230769 0.004807692307692308 0.009615384615384616
23 0.3918269230769231 0.5769230769230769 0.004807692307692308 0.009615384615384616
23 0.3894230769230769 0.5769230769230769 0.004807692307692308 0.009615384615384616
23 0.375 0.5793269230769231 0.004807692307692308 0.009615384615384616
23 0.3870192307692308 0.5889423076923077 0.004807692307692308 0.009615384615384616
14 0.7067307692307693 0.6189903846153846 0.12980769230769232 0.17548076923076922
6 0.7884615384615384 0.6262019230769231 0.04807692307692308 0.18028846153846154
6 0.7884615384615384 0.6274038461538461 0.03365384615384615 0.16346153846153846
23 0.6370192307692307 0.6213942307692307 0.004807692307692308 0.01201923076923077
6 0.4987980769230769 0.6141826923076923 0.24759615384615385 0.03125
23 0.6105769230769231 0.6418269230769231 0.004807692307692308 0.014423076923076924
23 0.6009615384615384 0.6430288461538461 0.004807692307692308 0.01201923076923077
23 0.59375 0.6418269230769231 0.004807692307692308 0.014423076923076924
23 0.5889423076923077 0.6418269230769231 0.004807692307692308 0.014423076923076924
23 0.6153846153846154 0.6442307692307693 0.004807692307692308 0.009615384615384616
23 0.6057692307692307 0.6442307692307693 0.004807692307692308 0.014423076923076924
23 0.5360576923076923 0.640625 0.004807692307692308 0.01201923076923077
23 0.5793269230769231 0.6430288461538461 0.004807692307692308 0.01201923076923077
23 0.5745192307692307 0.640625 0.004807692307692308 0.01201923076923077
23 0.5504807692307693 0.640625 0.004807692307692308 0.01201923076923077
23 0.5408653846153846 0.640625 0.004807692307692308 0.01201923076923077
3 0.4951923076923077 0.6394230769230769 0.004807692307692308 0.009615384615384616
23 0.5 0.6394230769230769 0.004807692307692308 0.009615384615384616
23 0.5048076923076923 0.6394230769230769 0.004807692307692308 0.009615384615384616
23 0.5096153846153846 0.6418269230769231 0.004807692307692308 0.009615384615384616
23 0.6322115384615384 0.6610576923076923 0.004807692307692308 0.009615384615384616
6 0.4963942307692308 0.6694711538461539 0.24759615384615385 0.03125
9 0.6286057692307693 0.6923076923076923 0.016826923076923076 0.028846153846153848
23 0.38221153846153844 0.6850961538461539 0.004807692307692308 0.009615384615384616
3 0.4831730769230769 0.6923076923076923 0.004807692307692308 0.009615384615384616
23 0.6057692307692307 0.7067307692307693 0.004807692307692308 0.009615384615384616
7 0.5745192307692307 0.7055288461538461 0.009615384615384616 0.007211538461538462
15 0.7043269230769231 0.7175480769230769 0.02403846153846154 0.021634615384615384
23 0.7620192307692307 0.7211538461538461 0.004807692307692308 0.009615384615384616
23 0.7596153846153846 0.7223557692307693 0.004807692307692308 0.01201923076923077
23 0.7259615384615384 0.7211538461538461 0.004807692307692308 0.009615384615384616
9 0.7764423076923077 0.7235576923076923 0.014423076923076924 0.019230769230769232
23 0.7548076923076923 0.7223557692307693 0.004807692307692308 0.01201923076923077
9 0.7199519230769231 0.7211538461538461 0.007211538461538462 0.014423076923076924
23 0.7307692307692307 0.7211538461538461 0.004807692307692308 0.009615384615384616
23 0.7355769230769231 0.7211538461538461 0.004807692307692308 0.014423076923076924
23 0.6802884615384616 0.71875 0.004807692307692308 0.009615384615384616
7 0.6310096153846154 0.7175480769230769 0.021634615384615384 0.007211538461538462
23 0.6442307692307693 0.7211538461538461 0.004807692307692308 0.014423076923076924
7 0.6298076923076923 0.7271634615384616 0.02403846153846154 0.01201923076923077
6 0.4963942307692308 0.7247596153846154 0.24759615384615385 0.036057692307692304
23 0.6442307692307693 0.7331730769230769 0.004807692307692308 0.009615384615384616
23 0.7764423076923077 0.7427884615384616 0.004807692307692308 0.009615384615384616
23 0.78125 0.7439903846153846 0.004807692307692308 0.01201923076923077
3 0.7716346153846154 0.7427884615384616 0.004807692307692308 0.009615384615384616
7 0.6298076923076923 0.7379807692307693 0.019230769230769232 0.009615384615384616
23 0.5528846153846154 0.7451923076923077 0.004807692307692308 0.014423076923076924
23 0.5360576923076923 0.7451923076923077 0.004807692307692308 0.014423076923076924
29 0.78125 0.7632211538461539 0.009615384615384616 0.016826923076923076
29 0.7716346153846154 0.7620192307692307 0.009615384615384616 0.014423076923076924
23 0.43990384615384615 0.7536057692307693 0.004807692307692308 0.01201923076923077
23 0.4254807692307692 0.7524038461538461 0.004807692307692308 0.009615384615384616
23 0.44711538461538464 0.7524038461538461 0.004807692307692308 0.009615384615384616
23 0.4206730769230769 0.7512019230769231 0.004807692307692308 0.01201923076923077
23 0.43509615384615385 0.7524038461538461 0.004807692307692308 0.009615384615384616
23 0.3389423076923077 0.7487980769230769 0.004807692307692308 0.01201923076923077
23 0.7740384615384616 0.7836538461538461 0.004807692307692308 0.014423076923076924
23 0.7692307692307693 0.7836538461538461 0.004807692307692308 0.009615384615384616
23 0.625 0.7764423076923077 0.004807692307692308 0.009615384615384616
23 0.7788461538461539 0.7836538461538461 0.004807692307692308 0.014423076923076924
6 0.49158653846153844 0.78125 0.24759615384615385 0.03365384615384615
16 0.6274038461538461 0.7884615384615384 0.019230769230769232 0.009615384615384616
23 0.7860576923076923 0.23076923076923078 0.004807692307692308 0.009615384615384616
22 0.6959134615384616 0.22596153846153846 0.036057692307692304 0.009615384615384616
23 0.7716346153846154 0.23076923076923078 0.004807692307692308 0.009615384615384616
6 0.515625 0.22596153846153846 0.20432692307692307 0.028846153846153848
22 0.6959134615384616 0.234375 0.036057692307692304 0.01201923076923077
22 0.6550480769230769 0.23317307692307693 0.036057692307692304 0.009615384615384616
22 0.6935096153846154 0.2439903846153846 0.036057692307692304 0.007211538461538462
22 0.6550480769230769 0.2439903846153846 0.036057692307692304 0.01201923076923077
6 0.5168269230769231 0.2548076923076923 0.20673076923076922 0.028846153846153848
23 0.8076923076923077 0.27403846153846156 0.004807692307692308 0.009615384615384616
15 0.375 0.25 0.019230769230769232 0.009615384615384616
14 0.7367788461538461 0.2704326923076923 0.040865384615384616 0.06971153846153846
23 0.6322115384615384 0.2668269230769231 0.004807692307692308 0.009615384615384616
14 0.7836538461538461 0.27403846153846156 0.038461538461538464 0.07211538461538461
23 0.6274038461538461 0.2668269230769231 0.004807692307692308 0.009615384615384616
14 0.6790865384615384 0.2776442307692308 0.026442307692307692 0.036057692307692304
14 0.6526442307692307 0.2776442307692308 0.026442307692307692 0.03125
6 0.3954326923076923 0.26802884615384615 0.026442307692307692 0.12740384615384615
6 0.5144230769230769 0.2800480769230769 0.20673076923076922 0.026442307692307692