29 0.6947115384615384 0.5408653846153846 0.019230769230769232 0.014423076923076924
14 0.6923076923076923 0.6153846153846154 0.09134615384615384 0.07211538461538461
29 0.6923076923076923 0.6911057692307693 0.009615384615384616 0.007211538461538462
6 0.7019230769230769 0.7704326923076923 0.09615384615384616 0.036057692307692304
14 0.6935096153846154 0.7295673076923077 0.016826923076923076 0.01201923076923077
29 0.6790865384615384 0.6814903846153846 0.021634615384615384 0.01201923076923077
14 0.6418269230769231 0.578125 0.028846153846153848 0.016826923076923076
14 0.6706730769230769 0.7415865384615384 0.014423076923076924 0.01201923076923077
29 0.6550480769230769 0.7151442307692307 0.021634615384615384 0.016826923076923076
3 0.5997596153846154 0.44350961538461536 0.021634615384615384 0.01201923076923077
3 0.5997596153846154 0.4579326923076923 0.021634615384615384 0.01201923076923077
14 0.6370192307692307 0.7295673076923077 0.009615384615384616 0.007211538461538462
6 0.6334134615384616 0.7548076923076923 0.03125 0.014423076923076924
6 0.5745192307692307 0.4254807692307692 0.12980769230769232 0.09134615384615384
29 0.6177884615384616 0.6826923076923077 0.019230769230769232 0.014423076923076924
6 0.5841346153846154 0.4879807692307692 0.07211538461538461 0.04326923076923077
14 0.5913461538461539 0.6081730769230769 0.03365384615384615 0.03365384615384615
14 0.5961538461538461 0.6935096153846154 0.014423076923076924 0.01201923076923077
14 0.5913461538461539 0.7271634615384616 0.014423076923076924 0.01201923076923077
6 0.5865384615384616 0.7788461538461539 0.057692307692307696 0.019230769230769232
14 0.5348557692307693 0.5276442307692307 0.026442307692307692 0.021634615384615384
14 0.5673076923076923 0.7439903846153846 0.019230769230769232 0.01201923076923077
29 0.5564903846153846 0.7043269230769231 0.007211538461538462 0.004807692307692308
29 0.5528846153846154 0.7752403846153846 0.009615384615384616 0.007211538461538462
14 0.5480769230769231 0.7524038461538461 0.014423076923076924 0.009615384615384616
3 0.4987980769230769 0.5072115384615384 0.021634615384615384 0.014423076923076924
29 0.53125 0.7091346153846154 0.009615384615384616 0.009615384615384616
14 0.5372596153846154 0.7391826923076923 0.016826923076923076 0.01201923076923077
14 0.5324519230769231 0.7560096153846154 0.016826923076923076 0.01201923076923077
29 0.5252403846153846 0.7091346153846154 0.007211538461538462 0.004807692307692308
14 0.5132211538461539 0.6574519230769231 0.040865384615384616 0.026442307692307692
14 0.49278846153846156 0.6045673076923077 0.09615384615384616 0.07451923076923077
29 0.4495192307692308 0.41586538461538464 0.009615384615384616 0.009615384615384616
29 0.4375 0.4182692307692308 0.009615384615384616 0.009615384615384616
6 0.4266826923076923 0.46033653846153844 0.0889423076923077 0.0985576923076923
6 0.43509615384615385 0.5264423076923077 0.057692307692307696 0.038461538461538464
29 0.43028846153846156 0.5060096153846154 0.009615384615384616 0.007211538461538462
14 0.45913461538461536 0.8185096153846154 0.009615384615384616 0.007211538461538462
3 0.4230769230769231 0.7007211538461539 0.019230769230769232 0.01201923076923077
14 0.3701923076923077 0.42427884615384615 0.009615384615384616 0.007211538461538462
6 0.42788461538461536 0.7596153846153846 0.18269230769230768 0.13942307692307693
6 0.40384615384615385 0.6622596153846154 0.052884615384615384 0.06490384615384616
14 0.3942307692307692 0.6153846153846154 0.014423076923076924 0.009615384615384616
7 0.36658653846153844 0.46634615384615385 0.002403846153846154 0.004807692307692308
3 0.4266826923076923 0.8257211538461539 0.021634615384615384 0.01201923076923077
14 0.3581730769230769 0.45072115384615385 0.04326923076923077 0.03125
3 0.40024038461538464 0.6983173076923077 0.021634615384615384 0.016826923076923076
6 0.3713942307692308 0.5360576923076923 0.06009615384615385 0.038461538461538464
6 0.36177884615384615 0.49158653846153844 0.055288461538461536 0.036057692307692304
7 0.38341346153846156 0.6237980769230769 0.01201923076923077 0.007211538461538462
14 0.37740384615384615 0.6105769230769231 0.014423076923076924 0.009615384615384616
14 0.3473557692307692 0.5889423076923077 0.03125 0.02403846153846154
3 0.328125 0.5348557692307693 0.021634615384615384 0.01201923076923077
3 0.3233173076923077 0.5192307692307693 0.021634615384615384 0.014423076923076924
6 0.32572115384615385 0.6538461538461539 0.0889423076923077 0.0673076923076923
29 0.31009615384615385 0.5877403846153846 0.009615384615384616 0.007211538461538462
7 0.2956730769230769 0.5877403846153846 0.004807692307692308 0.007211538461538462
6 0.3137019230769231 0.703125 0.04567307692307692 0.03125
6 0.27283653846153844 0.5216346153846154 0.040865384615384616 0.08173076923076923
6 0.28725961538461536 0.6117788461538461 0.03125 0.036057692307692304
6 0.7920673076923077 0.6766826923076923 0.026442307692307692 0.04567307692307692
6 0.7800480769230769 0.6153846153846154 0.03125 0.0625
6 0.7668269230769231 0.546875 0.028846153846153848 0.06490384615384616
6 0.7572115384615384 0.5036057692307693 0.019230769230769232 0.026442307692307692
14 0.7379807692307693 0.45552884615384615 0.014423076923076924 0.01201923076923077
14 0.7283653846153846 0.41947115384615385 0.019230769230769232 0.021634615384615384
14 0.7307692307692307 0.44591346153846156 0.014423076923076924 0.01201923076923077
14 0.7463942307692307 0.6670673076923077 0.016826923076923076 0.01201923076923077
14 0.7463942307692307 0.7175480769230769 0.040865384615384616 0.021634615384615384
14 0.7103365384615384 0.5516826923076923 0.016826923076923076 0.01201923076923077