2 0.6576146509740259 0.3078582317073171 0.004352678571428572 0.002911585365853659
2 0.6505509334415585 0.3076829268292683 0.004429788961038961 0.003780487804878049
22 0.5097331574675324 0.30935213414634144 0.002015016233766234 0.007728658536585367
22 0.5165969967532468 0.3094192073170732 0.003161525974025974 0.00786280487804878
22 0.5193942775974025 0.30933536585365856 0.0030742694805194807 0.007695121951219512
22 0.512302150974026 0.309827743902439 0.0026887175324675325 0.007460365853658536
2 0.6251095779220779 0.3100487804878049 0.004683441558441558 0.003024390243902439
22 0.514195413961039 0.3105533536585366 0.0032284902597402598 0.00891158536585366
22 0.6929788961038961 0.31176219512195125 0.0012175324675324675 0.005231707317073171
22 0.6506747159090909 0.31203658536585366 0.005083198051948052 0.003951219512195122
22 0.6574523133116883 0.3122759146341464 0.004839691558441559 0.004429878048780487
22 0.6899868100649351 0.31221493902439024 0.002132711038961039 0.006746951219512195
22 0.6842694805194806 0.3123399390243902 0.0024675324675324677 0.008826219512195121
22 0.6813839285714286 0.3124954268292683 0.0027840909090909092 0.007307926829268292
22 0.6715087256493507 0.3125335365853658 0.0021083603896103896 0.006774390243902439
22 0.6983664772727273 0.3125381097560976 0.002658279220779221 0.007393292682926829
22 0.6689924918831169 0.3125426829268293 0.0019460227272727272 0.00801219512195122
22 0.6872869318181818 0.3127210365853658 0.0016030844155844157 0.007759146341463415
2 0.6744825487012986 0.31277743902439026 0.0023741883116883116 0.007871951219512195
22 0.6775223214285714 0.3127621951219512 0.0019602272727272728 0.007841463414634146
22 0.6952759740259741 0.3130503048780488 0.002564935064935065 0.0071981707317073165
9 0.5695271915584416 0.3131448170731707 0.003096590909090909 0.00738719512195122
9 0.5606889204545454 0.31321189024390245 0.0024655032467532467 0.00813109756097561
9 0.5669683441558442 0.3133003048780488 0.002849025974025974 0.00586890243902439
9 0.5638230519480519 0.31341310975609754 0.002646103896103896 0.009143292682926829
22 0.7314904626623376 0.3140685975609756 0.0055945616883116885 0.0025274390243902435
2 0.6251410308441558 0.31404268292682924 0.004746347402597403 0.003695121951219512
2 0.5768120941558442 0.3158887195121951 0.002650162337662338 0.008606707317073171
2 0.6511881087662338 0.3158856707317073 0.004486607142857143 0.0031128048780487807
9 0.5530357142857143 0.31600914634146343 0.015974025974025974 0.02043292682926829
2 0.574002637987013 0.31600762195121956 0.003524756493506494 0.007625000000000001
2 0.6573681006493507 0.3163734756097561 0.004671266233766234 0.003478658536585366
22 0.7311860795454546 0.3179314024390244 0.004579951298701299 0.002935975609756098
15 0.7881534090909091 0.3190487804878049 0.006501623376623376 0.005170731707317073
2 0.6573701298701299 0.32082164634146343 0.005081168831168831 0.0032286585365853657
2 0.6975740665584416 0.3217286585365854 0.0006676136363636363 0.0074817073170731704
2 0.6897402597402598 0.3217820121951219 0.0016396103896103896 0.006978658536585366
22 0.6846966314935065 0.32196798780487806 0.001698457792207792 0.007960365853658537
22 0.687541599025974 0.32196798780487806 0.0021124188311688313 0.007960365853658537
2 0.6766771509740259 0.32208079268292683 0.0022991071428571427 0.008185975609756098
22 0.681140422077922 0.3220137195121951 0.002297077922077922 0.00866158536585366
22 0.6955854301948051 0.3221920731707317 0.001966314935064935 0.008408536585365852
22 0.6927719155844156 0.3221265243902439 0.002021103896103896 0.008887195121951219
9 0.5612976866883117 0.3222423780487805 0.0024655032467532467 0.007899390243902439
15 0.6739163961038961 0.32274390243902434 0.0032711038961038964 0.010121951219512195
9 0.5691446834415584 0.32300457317073167 0.0027374188311688314 0.008204268292682927
9 0.5663808847402597 0.3231890243902439 0.003703327922077922 0.009182926829268292
9 0.5638900162337662 0.32340853658536584 0.003185876623376623 0.009621951219512195
22 0.5761921672077922 0.3256814024390244 0.002627840909090909 0.008679878048780487
2 0.5735998376623376 0.32546341463414635 0.0019074675324675325 0.007024390243902439
22 0.5792136769480519 0.32622256097560975 0.002583198051948052 0.008542682926829269
29 0.5952191558441557 0.32968597560975604 0.01551948051948052 0.03254268292682927
2 0.689752435064935 0.33141768292682927 0.0020698051948051946 0.0073475609756097566
2 0.6952303165584415 0.33141768292682927 0.002067775974025974 0.0073475609756097566
2 0.698432426948052 0.33147865853658537 0.0023843344155844155 0.008079268292682927
22 0.5622199675324675 0.33356097560975606 0.005527597402597402 0.003707317073170732
22 0.576825284090909 0.3343567073170732 0.0055174512987012985 0.0034695121951219513
22 0.5619673295454546 0.3376478658536585 0.005022321428571429 0.002734756097560976
22 0.5768262987012986 0.3382088414634146 0.005113636363636364 0.0038567073170731707
22 0.5546580762987013 0.3386829268292683 0.003390827922077922 0.007853658536585366
22 0.5581584821428571 0.3390579268292683 0.001463068181818182 0.007384146341463414
2 0.6834030032467532 0.33950304878048776 0.0015462662337662337 0.007054878048780488
22 0.5617877435064934 0.3417850609756098 0.004257305194805195 0.0030823170731707314
2 0.577140827922078 0.342592987804878 0.005336850649350649 0.004698170731707317
22 0.5620890827922078 0.3468536585365854 0.005265827922077922 0.0022439024390243905
2 0.5769044237012987 0.3474359756097561 0.005269886363636364 0.004018292682926829
2 0.5675608766233766 0.3485396341463415 0.004845779220779221 0.0037865853658536584
2 0.6831574675324675 0.3485198170731707 0.0022727272727272726 0.007405487804878048
22 0.7083116883116883 0.3496676829268293 0.005503246753246754 0.003603658536585366
22 0.6995799512987013 0.3500731707317073 0.0050852272727272725 0.003804878048780488
15 0.7458989448051948 0.3531371951219512 0.002755681818181818 0.009323170731707317
22 0.5982447240259741 0.3541935975609756 0.0016842532467532469 0.007167682926829269
22 0.6010511363636364 0.35435060975609756 0.002832792207792208 0.0074817073170731704
22 0.5923975243506494 0.3546646341463415 0.0025710227272727273 0.008109756097560976
22 0.5950669642857143 0.3548033536585366 0.0018222402597402598 0.007167682926829269
2 0.5833269074675325 0.35497560975609754 0.005127840909090909 0.0038536585365853662
7 0.6996702516233766 0.3557057926829268 0.009730113636363637 0.0071432926829268295
7 0.7100375405844156 0.35593445121951217 0.009766639610389611 0.007600609756097561
6 0.3199127435064935 0.3560121951219512 0.01807224025974026 0.11385365853658537
22 0.41073254870129866 0.3586310975609756 0.002065746753246753 0.006896341463414634
22 0.40182528409090906 0.3589039634146341 0.0017025162337662339 0.007442073170731707
22 0.39048498376623375 0.3588079268292683 0.0033725649350649354 0.007859756097560976
22 0.4136170860389611 0.3590655487804878 0.0021530032467532464 0.006545731707317073
22 0.5831057224025974 0.35916310975609755 0.005091314935064935 0.002472560975609756
22 0.3995637175324675 0.35983536585365855 0.001643668831168831 0.008085365853658537
15 0.5826440746753246 0.3640106707317073 0.006603084415584415 0.004850609756097561
6 0.8374168019480519 0.36659298780487803 0.017771915584415585 0.13684451219512195
14 0.5983614042207792 0.3679649390243902 0.014498782467532468 0.014588414634146342
2 0.4959456168831169 0.3679451219512195 0.005284090909090909 0.0029634146341463415
2 0.5834648944805195 0.36920884146341465 0.005403814935064935 0.003051829268292683
2 0.4959659090909091 0.3714420731707317 0.006542207792207793 0.002030487804878049
2 0.5833614042207792 0.3734435975609756 0.005196834415584416 0.004204268292682926
2 0.4960349025974026 0.375625 0.005462662337662338 0.0024695121951219512
22 0.38591213474025976 0.37858689024390246 0.004778814935064935 0.0029054878048780488
15 0.5891883116883117 0.3799771341463415 0.003457792207792208 0.010564024390243901
2 0.5956351461038961 0.3816189024390244 0.00255275974025974 0.007750000000000001
2 0.5986789772727272 0.3817743902439025 0.00255275974025974 0.008060975609756098
2 0.6040838068181819 0.3820365853658536 0.0028104707792207793 0.008585365853658537
22 0.6014529220779221 0.3821326219512195 0.002012987012987013 0.008167682926829269
22 0.3857934253246753 0.3828125 0.005758928571428571 0.003429878048780488
22 0.3792177353896104 0.3831112804878049 0.004377029220779221 0.00463719512195122
22 0.5833959009740259 0.3834557926829268 0.005265827922077922 0.003496951219512195
22 0.6197980925324675 0.38535670731707317 0.005018262987012987 0.003640243902439024
22 0.3858492288961039 0.38664634146341464 0.0042471590909090905 0.0031707317073170734
22 0.5832254464285714 0.38762804878048784 0.004519074675324675 0.003914634146341463
2 0.5893060064935065 0.3877286585365854 0.005316558441558442 0.002896341463414634
24 0.3796002435064935 0.3900411585365854 0.005547889610389611 0.008740853658536586
2 0.38582690746753245 0.3915731707317073 0.00460836038961039 0.002048780487804878
2 0.5832132711038961 0.39181097560975614 0.004900568181818181 0.0031341463414634144
2 0.5892015016233766 0.3919329268292683 0.005107548701298701 0.002768292682926829
2 0.6107954545454546 0.3937454268292683 0.015422077922077922 0.02285670731707317
22 0.38581574675324676 0.39608231707317076 0.004991883116883117 0.0031402439024390246
2 0.5830742694805194 0.3992926829268293 0.004622564935064935 0.002853658536585366
22 0.38581574675324676 0.3998551829268293 0.004991883116883117 0.002759146341463415
2 0.7991294642857143 0.4000457317073171 0.004914772727272727 0.0037500000000000003
2 0.619742288961039 0.4027088414634146 0.0053124999999999995 0.004198170731707317
2 0.5892948457792208 0.4038231707317073 0.004482548701298702 0.003378048780487805
22 0.5833614042207792 0.40401524390243904 0.005196834415584416 0.0025426829268292684
22 0.7990381493506493 0.4040670731707317 0.0043262987012987015 0.0032560975609756096
24 0.7601917613636363 0.40721341463414634 0.005367288961038961 0.009548780487804878
22 0.583317775974026 0.4079878048780488 0.005109577922077922 0.0031707317073170734
2 0.5899695616883117 0.4079878048780488 0.005020292207792208 0.0031707317073170734
22 0.7992035308441559 0.408405487804878 0.005874594155844156 0.003396341463414634
22 0.46677252435064936 0.4193033536585366 0.001726866883116883 0.006899390243902439
22 0.4692593344155845 0.4197530487804878 0.0022362012987012987 0.007798780487804877
22 0.4748894074675325 0.4198170731707317 0.002132711038961039 0.007926829268292683
22 0.47178064123376623 0.4201219512195122 0.002408685064935065 0.007317073170731708
2 0.6202130681818182 0.42565548780487805 0.0050365259740259745 0.0031402439024390246
2 0.3414590097402597 0.4268673780487805 0.019362824675324675 0.027515243902439025
2 0.799169034090909 0.4313368902439025 0.004588068181818182 0.0029176829268292683
2 0.7629728084415585 0.4321265243902439 0.005247564935064935 0.0032774390243902438
2 0.6103814935064935 0.4376265243902439 0.01987012987012987 0.04415548780487805
6 0.63567674512987 0.44643597560975606 0.022165178571428572 0.2593353658536585
6 0.6345951704545454 0.4473521341463415 0.02081371753246753 0.26177743902439027
2 0.3384689529220779 0.45570731707317075 0.019876217532467533 0.027878048780487805
22 0.5563717532467533 0.4661143292682927 0.001948051948051948 0.007228658536585366
2 0.5629900568181818 0.4663658536585366 0.0017918019480519481 0.007121951219512195
2 0.553083400974026 0.46640853658536585 0.001864853896103896 0.007207317073170732
2 0.549880275974026 0.46643902439024393 0.0023579545454545455 0.00726829268292683
2 0.5595911120129871 0.4667042682926829 0.0022991071428571427 0.007798780487804877
2 0.5439813311688311 0.4668079268292683 0.002329545454545455 0.007396341463414635
22 0.5410856331168831 0.4667545731707317 0.0022199675324675325 0.007289634146341464
2 0.5381889204545455 0.46678658536585366 0.0021083603896103896 0.007353658536585366
22 0.5355935470779222 0.46716768292682925 0.0021935876623376625 0.008115853658536586
2 0.6180519480519481 0.4676310975609756 0.003961038961038961 0.013920731707317072
22 0.7989833603896104 0.46987500000000004 0.005028409090909091 0.0031646341463414636
24 0.7213291396103896 0.47237804878048784 0.006375811688311688 0.009999999999999998
24 0.7605661525974027 0.47399847560975605 0.005710227272727273 0.008362804878048781
22 0.7988352272727273 0.4744649390243902 0.005137987012987013 0.0031981707317073173
2 0.32123579545454545 0.47481249999999997 0.01828327922077922 0.026454268292682926
22 0.5441000405844155 0.47676676829268294 0.00216112012987013 0.007192073170731708
15 0.5612439123376624 0.477015243902439 0.003169642857142857 0.01073780487804878
22 0.5409933035714285 0.4770823170731707 0.0024411525974025973 0.007823170731707317
22 0.5381747159090909 0.4772301829268293 0.0020799512987012985 0.007509146341463414
22 0.5355164366883117 0.47754573170731707 0.0020393668831168834 0.0075304878048780485
2 0.5498407061688311 0.48017530487804877 0.0039021915584415584 0.01339939024390244
2 0.33983969155844157 0.48432774390243905 0.019776785714285712 0.02963109756097561
24 0.7213778409090909 0.4851539634146342 0.006067370129870129 0.009332317073170731
2 0.5440655438311689 0.48692225609756096 0.0020921266233766235 0.006161585365853659
2 0.5410369318181818 0.4870091463414635 0.002122564935064935 0.0075548780487804884
2 0.7629413555194805 0.4989024390243903 0.004778814935064935 0.0032926829268292686
2 0.7990767045454545 0.4990990853658537 0.004809253246753247 0.0036859756097560974
22 0.5782792207792208 0.49927286585365854 0.0019318181818181817 0.007082317073170732
22 0.5868638392857143 0.4993810975609756 0.0020556006493506495 0.007908536585365854
22 0.4000730519480519 0.4998338414634146 0.0018506493506493505 0.0063750000000000005
29 0.5914914772727272 0.500219512195122 0.005629058441558441 0.007146341463414634
22 0.4033096590909091 0.5000411585365854 0.001424512987012987 0.006789634146341463
29 0.5824056412337661 0.5002850609756098 0.005314529220779221 0.006667682926829269
22 0.39419237012987013 0.5004375 0.0022646103896103898 0.007582317073170732
22 0.3972737418831169 0.5006707317073171 0.0023396915584415583 0.006829268292682927
22 0.4054332386363636 0.5008551829268293 0.0028307629870129867 0.007807926829268293
6 0.7065533685064935 0.5031524390243902 0.02187297077922078 0.23496341463414633
6 0.7783086444805195 0.5031524390243902 0.02252637987012987 0.23496341463414633
2 0.3218273133116883 0.5033490853658537 0.019466314935064937 0.02986890243902439
6 0.8131381899350649 0.5038612804878049 0.02197443181818182 0.23028353658536588
6 0.7411109983766234 0.503859756097561 0.017530438311688313 0.2266219512195122
6 0.6690848214285714 0.5042667682926829 0.015523538961038962 0.2274359756097561
7 0.5295647321428572 0.5061219512195122 0.016921672077922077 0.015902439024390244
15 0.37841517857142853 0.5097621951219512 0.0027719155844155843 0.010378048780487805
15 0.38559354707792204 0.5095914634146341 0.0025182629870129872 0.010036585365853659
22 0.40607751623376626 0.5103536585365854 0.0033076298701298704 0.006682926829268293
22 0.39732447240259744 0.5107240853658537 0.0032528409090909092 0.00864329268292683
22 0.40065442370129867 0.5107393292682927 0.0022017045454545453 0.009283536585365853
22 0.6814052353896104 0.511045731707317 0.0044500811688311685 0.0031890243902439027
15 0.6005407873376624 0.5114146341463415 0.0026237824675324675 0.010634146341463415
22 0.40315036525974024 0.5112835365853658 0.002729301948051948 0.007323170731707317
2 0.6147778003246753 0.5114085365853659 0.0018770292207792208 0.006963414634146342
2 0.6103449675324676 0.5117545731707317 0.001939935064935065 0.007045731707317073
2 0.5793445616883117 0.5116112804878049 0.0024391233766233767 0.007978658536585366
22 0.5840148133116884 0.5116204268292683 0.0020393668831168834 0.007996951219512195
22 0.5905184659090909 0.5118033536585366 0.002059659090909091 0.007753048780487805
22 0.5928053977272727 0.5119176829268293 0.002169237012987013 0.007371951219512195
22 0.5862530438311688 0.512032012195122 0.0024573863636363634 0.0069908536585365855
2 0.6172088068181818 0.5119588414634146 0.001868912337662338 0.0074542682926829265
2 0.5816517857142858 0.512140243902439 0.0021834415584415586 0.007207317073170732
2 0.6079880275974026 0.5122439024390244 0.002096185064935065 0.00802439024390244
2 0.5974066558441559 0.5122850609756098 0.002443181818181818 0.008106707317073171
2 0.34032771915584414 0.5124283536585366 0.020346996753246752 0.027295731707317073
22 0.7214042207792207 0.5153719512195122 0.005308441558441558 0.002695121951219512
22 0.7990767045454545 0.5164603658536585 0.004809253246753247 0.0030426829268292684
2 0.61237012987013 0.5213932926829269 0.0023376623376623377 0.007420731707317073
15 0.5789448051948052 0.5216265243902439 0.0032629870129870127 0.009106707317073172
2 0.5984699675324676 0.5214481707317072 0.0021347402597402597 0.0075304878048780485
22 0.5817278814935065 0.5217454268292683 0.001929788961038961 0.006905487804878048
22 0.5908705357142857 0.5218536585365854 0.0019521103896103895 0.007121951219512195
22 0.5930174512987013 0.5217317073170732 0.0021874999999999998 0.006878048780487805
22 0.6030022321428571 0.5217256097560976 0.001864853896103896 0.007475609756097561
22 0.5952140827922078 0.5219634146341463 0.0021164772727272725 0.007341463414634146
22 0.6151887175324675 0.5218399390243902 0.0018871753246753249 0.0070945121951219514
22 0.5838849431818183 0.5220228658536585 0.002185470779220779 0.006850609756097561
2 0.5884943181818182 0.5220716463414634 0.0024756493506493506 0.0075579268292682925
22 0.5861170860389611 0.5219496951219512 0.002185470779220779 0.007314024390243902
22 0.6083593749999999 0.5221173780487806 0.001215503246753247 0.007039634146341464
22 0.6007153003246752 0.5221722560975609 0.0017552759740259742 0.0071493902439024384
22 0.6060156250000001 0.5221661585365853 0.0022098214285714286 0.007746951219512195
22 0.6103987418831169 0.5221051829268293 0.0020474837662337662 0.0070152439024390245
22 0.6170748782467533 0.5223384146341463 0.0024127435064935066 0.008701219512195121
22 0.7549959415584415 0.5249070121951219 0.004715909090909091 0.003472560975609756
2 0.32255377435064936 0.5285213414634147 0.00022118506493506494 0.0003353658536585366
22 0.39220779220779217 0.5296920731707317 0.001948051948051948 0.0075548780487804884
2 0.3947189529220779 0.5299039634146342 0.0021002435064935063 0.007978658536585366
6 0.5124918831168831 0.5301524390243902 0.019301948051948053 0.027378048780487805
22 0.6145140016233765 0.5309649390243902 0.0017552759740259742 0.007051829268292682
2 0.4138585633116883 0.5310243902439025 0.005071022727272727 0.002902439024390244
2 0.6171032873376624 0.5314146341463415 0.0020637175324675324 0.007341463414634146
2 0.3253581574675325 0.531655487804878 0.020846185064935067 0.02916463414634146
15 0.83697950487013 0.5330487804878049 0.008780438311688312 0.006951219512195122
22 0.5741467126623376 0.5352408536585366 0.005030438311688311 0.002798780487804878
22 0.5801694399350649 0.5357530487804878 0.004900568181818181 0.0032134146341463413
22 0.41499797077922074 0.5360381097560976 0.006538149350649351 0.00439329268292683
14 0.40244013798701295 0.536920731707317 0.010643262987012988 0.021402439024390246
22 0.6155631087662338 0.5389405487804878 0.005071022727272727 0.003490853658536585
22 0.5804545454545454 0.5397179878048781 0.005064935064935065 0.0032164634146341466
13 0.8367370129870129 0.5419969512195122 0.013165584415584415 0.009603658536585366
2 0.6209659090909091 0.5432378048780487 0.004512987012987013 0.003548780487804878
22 0.615583400974026 0.5434283536585366 0.0042999188311688315 0.0021006097560975607
2 0.5742410714285715 0.543625 0.004407467532467532 0.0037134146341463413
22 0.5801603084415585 0.5439832317073171 0.0048823051948051945 0.0026006097560975607
14 0.5981452922077922 0.5454207317073171 0.02867694805194805 0.03047560975609756
22 0.6210602678571429 0.5473048780487805 0.005107548701298701 0.0031463414634146343
22 0.6151390016233766 0.5474329268292683 0.0042228084415584415 0.002792682926829268
22 0.7629849837662337 0.5477134146341464 0.004866071428571429 0.003353658536585366
22 0.5802079951298701 0.5480426829268292 0.00416599025974026 0.002792682926829268
22 0.7174726055194806 0.5482118902439025 0.0035328733766233768 0.0031310975609756095
22 0.5472656250000001 0.5485716463414634 0.0028104707792207793 0.006899390243902439
22 0.5391862824675325 0.5486707317073171 0.0020738636363636367 0.005878048780487805
22 0.5362053571428571 0.5490137195121951 0.0026055194805194807 0.007173780487804878
22 0.5444805194805195 0.5490015243902439 0.002516233766233766 0.006539634146341463
22 0.5498589691558441 0.5492362804878048 0.0023153409090909093 0.007009146341463414
22 0.7538291396103896 0.5493795731707317 0.004411525974025974 0.003027439024390244
22 0.6811708603896104 0.5494024390243902 0.005198863636363637 0.003682926829268293
22 0.5417775974025975 0.5493323170731708 0.002386363636363636 0.007201219512195122
22 0.7988849431818182 0.5494435975609756 0.0056432629870129866 0.0043749999999999995
22 0.8405418019480518 0.5499740853658537 0.004947240259740259 0.003606707317073171
15 0.8340868506493506 0.5506707317073171 0.006647727272727272 0.004999999999999999
2 0.6205296266233766 0.5519908536585366 0.0044521103896103895 0.00276219512195122
22 0.6152749594155844 0.5521051829268293 0.00408887987012987 0.004210365853658537
22 0.5803074269480519 0.5524329268292683 0.005176542207792208 0.0036463414634146343
2 0.5743871753246753 0.5526798780487805 0.00510551948051948 0.002920731707317073
2 0.8402780032467533 0.554297256097561 0.004825487012987013 0.0031067073170731705
22 0.8342116477272727 0.5551463414634147 0.005273944805194805 0.0035853658536585367
22 0.615390625 0.5560106707317073 0.003914366883116883 0.002875
2 0.6208877840909092 0.5560975609756098 0.003950892857142857 0.003658536585365854
22 0.5806118100649351 0.5566189024390245 0.00497362012987013 0.0022621951219512194
22 0.5745058847402598 0.5569375000000001 0.005342938311688312 0.0022896341463414633
2 0.5336140422077922 0.5576219512195122 0.002293019480519481 0.007317073170731708
2 0.530919237012987 0.5578003048780488 0.002585227272727273 0.008283536585365854
2 0.5366213474025974 0.557733231707317 0.0022199675324675325 0.007539634146341463
2 0.5394521103896104 0.5577317073170731 0.0026055194805194807 0.008146341463414634
2 0.5283116883116883 0.5582317073170732 0.002646103896103896 0.007317073170731708
2 0.8404007711038961 0.5585213414634147 0.005071022727272727 0.003628048780487805
22 0.8340990259740259 0.5594039634146342 0.005048701298701298 0.004173780487804878
22 0.6146560470779221 0.5599740853658536 0.004068587662337662 0.002875
22 0.6210125811688312 0.5601036585365854 0.004606331168831169 0.0025243902439024387
22 0.5803185876623377 0.5605945121951219 0.004387175324675325 0.002896341463414634
2 0.5744358766233767 0.5609801829268293 0.00398538961038961 0.004277439024390243
2 0.515872564935065 0.5611128048780488 0.0061769480519480524 0.004542682926829268
22 0.5216599025974026 0.5614054878048781 0.005170454545454546 0.003908536585365854
2 0.8405316558441559 0.5627545731707317 0.004926948051948052 0.002948170731707317
22 0.8341741071428572 0.5628734756097561 0.005198863636363637 0.0031859756097560974
2 0.7630346996753247 0.5629314024390244 0.005371347402597403 0.003301829268292683
2 0.7259517045454545 0.5630914634146341 0.0034456168831168833 0.010329268292682927
2 0.6208198051948052 0.5642698170731707 0.004220779220779221 0.002929878048780488
22 0.5744683441558441 0.5649695121951219 0.005673701298701299 0.003719512195121951
22 0.5805387581168832 0.5648475609756097 0.004827516233766233 0.0028658536585365853
22 0.5159253246753247 0.5653201219512195 0.006282467532467533 0.0038109756097560975
22 0.5215290178571428 0.5651981707317073 0.0057203733766233765 0.0029573170731707313
22 0.6010369318181817 0.5671981707317073 0.002398538961038961 0.0063475609756097565
2 0.8405093344155844 0.567202743902439 0.0044764610389610385 0.002698170731707317
22 0.6029291801948052 0.5672942073170731 0.0017187500000000002 0.0071493902439024384
2 0.5933969155844157 0.567532012195122 0.001728896103896104 0.006405487804878049
2 0.5888737824675324 0.567405487804878 0.0024228896103896105 0.0067621951219512194
2 0.6052972808441559 0.5675182926829269 0.0023965097402597405 0.006378048780487805
22 0.6094937094155845 0.5675167682926829 0.0022666396103896104 0.006984756097560976
22 0.6119754464285715 0.5678079268292683 0.0019541396103896105 0.0063475609756097565
2 0.5954900568181818 0.5677362804878049 0.001856737012987013 0.007423780487804879
15 0.8332751623376624 0.5679161585365854 0.006647727272727272 0.0047347560975609755
22 0.6069419642857143 0.5679573170731708 0.001221590909090909 0.007865853658536585
2 0.5857477678571429 0.5681387195121951 0.0018526785714285715 0.00761890243902439
22 0.5981331168831169 0.5681387195121951 0.0018668831168831166 0.00761890243902439
15 0.34216822240259737 0.5700335365853658 0.01794034090909091 0.04982317073170731
22 0.515523538961039 0.5705457317073171 0.004667207792207792 0.0032865853658536584
2 0.5216000405844157 0.5707118902439025 0.005050730519480519 0.00361890243902439
2 0.8405915178571429 0.5712576219512194 0.004640827922077922 0.0028810975609756097
22 0.8344226866883117 0.5727698170731708 0.0048843344155844156 0.0028567073170731707
22 0.5158187905844156 0.5743948170731707 0.004851866883116883 0.0030579268292682924
2 0.5214904626623377 0.5745579268292683 0.0048315746753246755 0.0033841463414634146
22 0.840390625 0.5755731707317073 0.005050730519480519 0.0035853658536585367
2 0.607307224025974 0.5758170731707317 0.0019521103896103895 0.007731707317073171
2 0.6005905032467532 0.5757515243902439 0.00231737012987013 0.006381097560975609
2 0.6030722402597403 0.5761371951219513 0.002410714285714286 0.0077621951219512195
2 0.6099655032467532 0.5762469512195122 0.0015868506493506493 0.007981707317073171
2 0.8343120941558441 0.576704268292683 0.005068993506493507 0.002798780487804878
29 0.36342228084415584 0.5774786585365854 0.019052353896103897 0.02873780487804878
29 0.4071814123376623 0.577765243902439 0.021343344155844157 0.028701219512195123
29 0.4400821834415584 0.5787225609756098 0.021398133116883118 0.028176829268292684
2 0.5214448051948052 0.5788810975609756 0.00474025974025974 0.0034939024390243903
22 0.8406138392857143 0.5794283536585366 0.005091314935064935 0.0033689024390243906
2 0.4660095373376623 0.5796432926829268 0.022928165584415582 0.03367682926829268
22 0.8340888798701299 0.5807057926829268 0.005028409090909091 0.004094512195121951
15 0.32289772727272725 0.5807073170731707 0.01836038961038961 0.04982926829268293
15 0.4915746753246753 0.582545731707317 0.02819805194805195 0.023628048780487805
2 0.8404413555194805 0.5836798780487805 0.005152191558441558 0.0033353658536585365
24 0.7898538961038961 0.5839588414634146 0.00625 0.009990853658536586
22 0.5155316558441558 0.583876524390244 0.005089285714285714 0.0031189024390243904
2 0.5215919237012987 0.5842835365853659 0.0046286525974025975 0.003323170731707317
22 0.5216375811688312 0.5849893292682927 0.005125811688311689 0.003515243902439024
2 0.8341710633116883 0.5848795731707317 0.005192775974025974 0.0032957317073170735
2 0.8405012175324675 0.587657012195122 0.004866071428571429 0.0033628048780487804
22 0.5155336850649351 0.5882713414634146 0.004687500000000001 0.003371951219512195
2 0.8341710633116883 0.588875 0.005192775974025974 0.0033597560975609756
15 0.8410379464285714 0.5920884146341463 0.006751217532467533 0.004908536585365854
22 0.8341893262987014 0.5927195121951219 0.004823457792207792 0.003731707317073171
22 0.521452922077922 0.5936524390243902 0.0051623376623376625 0.004378048780487804
22 0.5156331168831169 0.5938307926829268 0.005292207792207792 0.0029054878048780488
22 0.8341112012987013 0.5972911585365853 0.005478896103896104 0.0031189024390243904
2 0.8402181412337663 0.5973094512195122 0.005111607142857143 0.0031554878048780485
22 0.5213423295454546 0.5977378048780487 0.004941152597402598 0.002792682926829268
22 0.5154210633116882 0.5980015243902439 0.005273944805194805 0.0033201219512195125
2 0.5477536525974026 0.5987987804878049 0.0021631493506493508 0.007963414634146342
22 0.5449878246753246 0.5987301829268292 0.002719155844155844 0.007826219512195122
2 0.5367867288961039 0.5988521341463414 0.0025507305194805195 0.008679878048780487
2 0.5307842938311688 0.5990228658536586 0.0023153409090909093 0.007192073170731708
2 0.5396286525974026 0.5990762195121951 0.0021469155844155846 0.007908536585365854
22 0.5338534902597403 0.5990213414634146 0.0027719155844155843 0.007798780487804877
2 0.5424218749999999 0.5994618902439024 0.0028632305194805194 0.008679878048780487
24 0.790776176948052 0.6001006097560976 0.005253652597402597 0.010567073170731706
2 0.8340249594155844 0.6010777439024391 0.004494724025974025 0.0027652439024390247
15 0.8407650162337662 0.6023003048780488 0.007017045454545455 0.0039908536585365854
22 0.8342715097402598 0.604810975609756 0.004987824675324675 0.0029146341463414634
2 0.5182163149350649 0.6083658536585366 0.0015300324675324676 0.006975609756097561
22 0.5126258116883117 0.6084756097560976 0.0021185064935064935 0.0071951219512195125
22 0.5234527191558441 0.6084756097560976 0.0022625811688311687 0.0071951219512195125
2 0.5206026785714286 0.6085167682926829 0.002244318181818182 0.00788719512195122
22 0.515440340909091 0.6087515243902438 0.002065746753246753 0.007746951219512195
2 0.5342623782467532 0.6109664634146341 0.005213068181818182 0.003640243902439024
29 0.36308948863636364 0.6137256097560976 0.02041599025974026 0.028670731707317074
29 0.40743810876623376 0.6139268292682927 0.020639204545454544 0.028463414634146342
29 0.44008015422077923 0.6148521341463414 0.020582386363636365 0.028484756097560977
2 0.4916741071428571 0.6155640243902439 0.02190340909090909 0.028079268292682924
22 0.7523944805194805 0.6182743902439024 0.001948051948051948 0.006670731707317073
2 0.7501907467532468 0.6181875 0.00200487012987013 0.006496951219512195
22 0.7624776785714286 0.6183765243902439 0.002228084415584416 0.007484756097560976
2 0.7649614448051948 0.6183765243902439 0.0019196428571428574 0.007484756097560976
22 0.7546722808441558 0.6183323170731707 0.002445211038961039 0.007396341463414635
22 0.75690137987013 0.6187256097560976 0.001627435064935065 0.006963414634146342
2 0.7598701298701298 0.6187240853658537 0.0022889610389610388 0.007570121951219512
2 0.46703429383116885 0.6204649390243903 0.022136769480519482 0.03727134146341463
22 0.540390625 0.6242682926829268 0.005294237012987013 0.0034146341463414634
2 0.5875426136363636 0.625923780487805 0.002601461038961039 0.006725609756097561
22 0.5907406655844156 0.625923780487805 0.0020982142857142857 0.006725609756097561
22 0.5935531655844156 0.6258658536585366 0.00244724025974026 0.007829268292682927
2 0.5680215097402598 0.6261295731707317 0.011854707792207793 0.016893292682926827
2 0.5962114448051948 0.6263094512195122 0.002487824675324675 0.007496951219512195
13 0.5801359577922077 0.6263231707317074 0.009703733766233767 0.009963414634146342
2 0.3510054788961039 0.6263064024390244 0.002335633116883117 0.008710365853658537
22 0.34743405032467534 0.6263506097560975 0.0024979707792207794 0.008798780487804877
22 0.7710206980519481 0.6285564024390243 0.0018628246753246752 0.00711280487804878
22 0.7680529626623377 0.628842987804878 0.002015016233766234 0.0076859756097560974
22 0.7771580762987013 0.628952743902439 0.0023681006493506494 0.008515243902439025
22 0.7546966314935065 0.628873475609756 0.002088068181818182 0.00713719512195122
22 0.7451410308441558 0.629108231707317 0.002051542207792208 0.006996951219512195
22 0.7428155438311688 0.6292042682926829 0.002270698051948052 0.007189024390243902
22 0.7518496347402597 0.6291875 0.0020758928571428573 0.007155487804878048
22 0.7576014610389611 0.6292210365853658 0.002215909090909091 0.0072225609756097564
22 0.7608329951298701 0.6295914634146341 0.002185470779220779 0.00674390243902439
22 0.7369795048701299 0.6296310975609756 0.0015564123376623376 0.007432926829268292
22 0.749622564935065 0.6296905487804879 0.0020860389610389608 0.007551829268292683
15 0.7643222402597403 0.6296036585365853 0.0030762987012987013 0.009817073170731707
22 0.740049715909091 0.6296829268292683 0.002015016233766234 0.007536585365853658
22 0.7474776785714285 0.6297606707317073 0.0018547077922077923 0.007692073170731707
7 0.7085095373376623 0.6329329268292683 0.0054931006493506495 0.013426829268292683
7 0.7029332386363636 0.6335365853658537 0.005298295454545455 0.014634146341463415
22 0.6939640827922078 0.6333003048780488 0.0023762175324675327 0.0074542682926829265
22 0.6984517045454545 0.6334375000000001 0.0020170454545454545 0.0071189024390243905
2 0.6960349025974026 0.6336326219512195 0.0020535714285714285 0.007509146341463414
22 0.5506574675324675 0.6341371951219512 0.004318181818181818 0.003640243902439024
22 0.5449472402597403 0.6343185975609756 0.005073051948051948 0.0033932926829268297
22 0.5390736607142856 0.6346935975609757 0.004689529220779221 0.002923780487804878
22 0.7285714285714285 0.6349420731707317 0.005032467532467532 0.003420731707317073
22 0.6135186688311689 0.638045731707317 0.0021996753246753247 0.006579268292682927
2 0.7718009334415584 0.638766768292683 0.0026116071428571425 0.009240853658536585
22 0.6108076298701298 0.6387560975609756 0.0024594155844155845 0.007390243902439024
22 0.6076846590909091 0.6388399390243903 0.0023011363636363637 0.006948170731707317
2 0.7530377435064934 0.6393384146341464 0.0020170454545454545 0.007335365853658536
22 0.748505478896104 0.6392164634146342 0.0018810876623376622 0.007091463414634147
22 0.7551532061688312 0.639327743902439 0.002189529220779221 0.007923780487804878
22 0.7772280844155843 0.6395060975609755 0.0021022727272727274 0.006451219512195122
2 0.7507944399350649 0.6395945121951219 0.0024005681818181817 0.007847560975609756
22 0.7660744724025974 0.6393902439024389 0.0021164772727272725 0.007439024390243902
22 0.7747118506493507 0.6396524390243902 0.002345779220779221 0.007353658536585366
2 0.757513189935065 0.6394954268292683 0.0020393668831168834 0.007039634146341464
2 0.6321854707792207 0.639719512195122 0.0017897727272727273 0.006878048780487805
2 0.7440361201298702 0.6396920731707317 0.0022767857142857143 0.007432926829268292
2 0.7462337662337662 0.6396920731707317 0.002207792207792208 0.007432926829268292
2 0.6274959415584416 0.6396341463414634 0.002150974025974026 0.007317073170731708
2 0.7394510957792207 0.639719512195122 0.0020353084415584413 0.006878048780487805
22 0.7371499594155845 0.639782012195122 0.0018973214285714286 0.007003048780487804
2 0.7625608766233767 0.6398262195121952 0.0023944805194805194 0.007091463414634147
2 0.768606939935065 0.6398612804878049 0.0023112824675324676 0.007161585365853658
22 0.7602374188311688 0.6397743902439025 0.0022118506493506492 0.006987804878048781
2 0.7416649756493506 0.6401432926829268 0.0019987824675324673 0.007725609756097561
22 0.3415553977272727 0.6400716463414634 0.002104301948051948 0.008192073170731708
22 0.8254078733766234 0.64025 0.0026826298701298702 0.007329268292682926
2 0.8279910714285714 0.6404070121951219 0.002573051948051948 0.007033536585365854
15 0.566763392857143 0.6409451219512196 0.002844967532467532 0.012378048780487805
13 0.33366477272727274 0.641327743902439 0.005803571428571429 0.008875
22 0.6373366477272727 0.6426509146341464 0.0019460227272727272 0.00786280487804878
24 0.7304748376623377 0.6432423780487805 0.0051866883116883115 0.009655487804878049
22 0.708606939935065 0.644935975609756 0.004470373376623377 0.003896341463414634
22 0.6791781655844156 0.6464268292682928 0.005271915584415585 0.0032195121951219515
4 0.3642319399350649 0.6468140243902439 0.006467126623376624 0.00826219512195122
22 0.37901176948051946 0.6469878048780487 0.002341720779220779 0.008609756097560975
2 0.38152597402597405 0.6475731707317073 0.0025 0.007951219512195122
4 0.373588676948052 0.6475807926829269 0.006917613636363637 0.009185975609756097
15 0.5033674918831168 0.6482378048780487 0.0014590097402597403 0.006841463414634146
15 0.5071398133116883 0.6485152439024391 0.002104301948051948 0.009835365853658537
2 0.805197849025974 0.648954268292683 0.03572037337662338 0.04729878048780487
15 0.5146966314935065 0.6488262195121951 0.0034192370129870133 0.01045731707317073
15 0.5592349837662337 0.6495076219512196 0.002804383116883117 0.008771341463414633
15 0.5106747159090909 0.6493841463414635 0.001868912337662338 0.009134146341463414
15 0.555606737012987 0.6493795731707318 0.003664772727272727 0.009734756097560976
15 0.5623133116883117 0.6494359756097561 0.0036850649350649353 0.009847560975609754
15 0.5521377840909091 0.6497149390243903 0.0028145292207792205 0.008576219512195121
24 0.4131777597402598 0.6496814024390244 0.00614448051948052 0.007289634146341464
22 0.7085399756493507 0.6500823170731708 0.004742288961038961 0.0032134146341463413
24 0.44702617694805197 0.6500350609756097 0.006471185064935065 0.007996951219512195
24 0.3981554383116883 0.6500243902439025 0.00856737012987013 0.007975609756097561
2 0.8253277191558441 0.6499984756097561 0.0021164772727272725 0.007923780487804878
24 0.4330245535714286 0.6503429878048781 0.006065340909090909 0.008612804878048781
22 0.489411525974026 0.6510030487804878 0.002767857142857143 0.00749390243902439
22 0.48633827110389616 0.650951219512195 0.0023031655844155843 0.008
2 0.6635592532467532 0.6512118902439024 0.0020373376623376623 0.006692073170731707
15 0.6787560876623376 0.6511356707317073 0.0064569805194805195 0.004100609756097561
22 0.6608674918831169 0.6513231707317073 0.002335633116883117 0.0069146341463414635
15 0.3334283685064935 0.6515076219512196 0.0037073863636363637 0.009722560975609756
2 0.4918770292207792 0.6515076219512196 0.0020170454545454545 0.010332317073170732
2 0.483294439935065 0.651469512195122 0.0023031655844155843 0.008426829268292683
15 0.3373325892857143 0.651577743902439 0.0029931006493506495 0.009253048780487806
15 0.3299005681818182 0.6517560975609756 0.003145292207792208 0.010219512195121952
14 0.3489488636363636 0.6515503048780488 0.01161525974025974 0.023222560975609756
22 0.6400933441558442 0.6518506097560977 0.0013717532467532466 0.00675
15 0.340841112012987 0.651797256097561 0.0031107954545454546 0.009692073170731707
2 0.637973823051948 0.6518338414634146 0.002408685064935065 0.007326219512195122
22 0.6275415990259741 0.6522576219512196 0.0018364448051948054 0.007564024390243902
2 0.6298559253246753 0.6521036585365854 0.0020008116883116884 0.006646341463414634
15 0.3188900162337662 0.6521844512195122 0.003851461038961039 0.013515243902439024
2 0.6324147727272728 0.6522560975609757 0.0022483766233766236 0.006341463414634147
2 0.6355610795454546 0.652172256097561 0.002453327922077922 0.007393292682926829
2 0.6460602678571429 0.6522408536585366 0.0019419642857142858 0.008749999999999999
22 0.642351866883117 0.6523932926829268 0.0022362012987012987 0.008445121951219513
2 0.6516974431818182 0.6526951219512196 0.005099431818181818 0.002951219512195122
22 0.5724015827922078 0.6529969512195122 0.005192775974025974 0.004164634146341464
22 0.5779068587662338 0.653096036585366 0.005245535714285715 0.003753048780487805
24 0.7307487824675325 0.6535396341463415 0.005734577922077922 0.010128048780487805
2 0.5668415178571429 0.653609756097561 0.005030438311688311 0.0035609756097560977
22 0.5926369724025974 0.6539237804878049 0.00507913961038961 0.0029695121951219513
22 0.5987165178571429 0.6542149390243902 0.00546875 0.003551829268292683
2 0.4666213474025974 0.655001524390244 0.009135551948051948 0.01488109756097561
22 0.7085775162337662 0.6549664634146342 0.005223214285714285 0.0038353658536585365
22 0.6169683441558441 0.6552667682926829 0.005040584415584416 0.001996951219512195
2 0.6792583198051948 0.6556615853658537 0.00502637987012987 0.002786585365853659
22 0.6513139204545455 0.6563719512195122 0.005549918831168832 0.0035975609756097563
15 0.3644003652597403 0.6587271341463414 0.00315137987012987 0.01013719512195122
22 0.6236383928571428 0.6589100609756098 0.004581980519480519 0.0031859756097560974
15 0.3579068587662338 0.6589466463414634 0.003557224025974026 0.010576219512195121
15 0.38045353084415584 0.6589466463414634 0.0027901785714285715 0.010576219512195121
15 0.3738007305194805 0.6589893292682927 0.002877435064935065 0.010661585365853658
2 0.598575487012987 0.6589481707317073 0.0043749999999999995 0.0032621951219512194
15 0.3611454951298701 0.6588795731707318 0.0031351461038961036 0.010442073170731708
15 0.36755275974025975 0.659077743902439 0.0029626623376623378 0.01083841463414634
15 0.37050324675324675 0.6590228658536584 0.003181818181818182 0.010728658536585365
15 0.3769926948051948 0.6591006097560975 0.0035795454545454546 0.010884146341463416
15 0.4194176136363636 0.6593841463414635 0.0027962662337662337 0.009012195121951219
4 0.44728997564935064 0.6598414634146342 0.006998782467532468 0.00870731707317073
4 0.3969500811688312 0.6598948170731707 0.006562500000000001 0.008204268292682927
4 0.4132599431818182 0.659875 0.006308847402597403 0.00877439024390244
2 0.6180691964285714 0.6603780487804878 0.0035896915584415585 0.0024634146341463415
4 0.43298396915584414 0.6601996951219512 0.006390016233766233 0.008204268292682927
2 0.3835592532467533 0.6602439024390243 0.0021022727272727274 0.008292682926829269
2 0.6725872564935066 0.6608963414634146 0.005077110389610389 0.0035
22 0.6795413961038962 0.6607911585365853 0.0051866883116883115 0.0032896341463414633
2 0.3379859983766234 0.6613749999999999 0.0026765422077922076 0.008115853658536586
2 0.3350111607142857 0.6613536585365853 0.002408685064935065 0.008073170731707317
22 0.6519561688311689 0.6613018292682927 0.0056168831168831165 0.003701219512195122
2 0.3323427353896104 0.6615396341463414 0.0023478084415584416 0.008445121951219513
2 0.32935470779220777 0.6614298780487804 0.0024594155844155845 0.008225609756097561
6 0.6097788149350649 0.6618307926829268 0.014200487012987014 0.034027439024390246
2 0.47766538149350646 0.6629024390243903 0.002408685064935065 0.008121951219512195
2 0.5988200081168832 0.6630823170731707 0.004864042207792208 0.0029939024390243903
2 0.3252282873376623 0.663359756097561 0.005164366883116883 0.003548780487804878
2 0.6234730113636363 0.6633643292682927 0.005062905844155844 0.002948170731707317
24 0.730827922077922 0.6633810975609755 0.00711038961038961 0.010908536585365855
22 0.6170647321428572 0.6647393292682926 0.004015827922077922 0.0026493902439024388
22 0.651742086038961 0.6647835365853658 0.004377029220779221 0.003347560975609756
22 0.6794003652597402 0.6651539634146342 0.005310470779220779 0.003478658536585366
15 0.47405539772727273 0.6652210365853659 0.004117288961038961 0.015198170731707317
2 0.6726176948051947 0.6657469512195122 0.005137987012987013 0.0034451219512195122
2 0.5928591720779222 0.6670350609756097 0.004711850649350649 0.003582317073170732
22 0.5989021915584415 0.6676219512195123 0.005028409090909091 0.0035365853658536586
2 0.6237246347402597 0.6682698170731708 0.0047544642857142855 0.0023932926829268292
22 0.6173356331168831 0.6684100609756098 0.004557629870129871 0.0032835365853658535
22 0.6519226866883118 0.669016768292683 0.00473823051948052 0.0032774390243902438
22 0.7073051948051948 0.6690304878048781 0.0022727272727272726 0.007573170731707317
2 0.7129190340909091 0.6691509146341463 0.0025426136363636363 0.007814024390243902
22 0.7101887175324675 0.6691387195121952 0.0023579545454545455 0.006570121951219513
15 0.6795140016233766 0.6699878048780488 0.007161120129870129 0.004
2 0.6726603084415584 0.6699618902439024 0.00481737012987013 0.0033384146341463414
2 0.5924178165584415 0.6713612804878049 0.004234983766233767 0.0030884146341463416
22 0.5982761769480519 0.6720259146341463 0.004588068181818182 0.0031981707317073173
22 0.6173102678571428 0.6722789634146341 0.004101055194805195 0.0018750000000000001
2 0.6237621753246754 0.6725868902439025 0.00523538961038961 0.003100609756097561
2 0.6517867288961039 0.6729085365853659 0.004466314935064935 0.0031341463414634144
14 0.7570911120129871 0.6731158536585367 0.04462053571428571 0.05110975609756097
14 0.6386596996753247 0.6731920731707317 0.01920251623376623 0.02748170731707317
24 0.730611810064935 0.6736875 0.005460633116883117 0.009570121951219512
2 0.4703023538961039 0.6765899390243902 0.005539772727272727 0.004399390243902439
2 0.6237124594155845 0.6767271341463414 0.005135957792207792 0.002844512195121951
2 0.7046550324675325 0.6770640243902439 0.0018425324675324676 0.006567073170731707
2 0.6174959415584416 0.6771448170731706 0.004472402597402597 0.0024603658536585366
2 0.7017157061688312 0.6772774390243902 0.0016456980519480519 0.00699390243902439
22 0.6515959821428572 0.6775 0.004490665584415584 0.0031707317073170734
22 0.7073599837662338 0.6774573170731707 0.001976461038961039 0.007353658536585366
2 0.6976826298701299 0.6776036585365853 0.0016964285714285714 0.008256097560975608
22 0.7099249188311689 0.6776524390243902 0.0026420454545454546 0.00774390243902439
2 0.694953327922078 0.6776692073170733 0.0019196428571428574 0.00838719512195122
2 0.6235592532467533 0.680967987804878 0.00523538961038961 0.0027896341463414637
22 0.617348823051948 0.6811829268292684 0.004584009740259741 0.0026097560975609758
24 0.7308756087662338 0.6839542682926829 0.006799918831168831 0.009371951219512195
22 0.6236637581168831 0.6851463414634147 0.005038555194805195 0.0032195121951219515
2 0.6674320211038961 0.6853201219512195 0.004506899350649351 0.002347560975609756
2 0.617362012987013 0.6851935975609756 0.005016233766233766 0.0027042682926829266
2 0.6235095373376623 0.6893628048780488 0.0047301136363636365 0.0031158536585365855
22 0.617711038961039 0.6896158536585366 0.004496753246753247 0.0030121951219512196
22 0.7972717126623377 0.6928856707317073 0.0024168019480519482 0.007722560975609755
22 0.7947646103896103 0.6929451219512196 0.0026785714285714286 0.00723170731707317
29 0.8021337256493506 0.6931326219512195 0.006053165584415584 0.008216463414634147
22 0.8074878246753248 0.6931524390243903 0.002150974025974026 0.007036585365853658
2 0.6236941964285715 0.6936509146341464 0.005099431818181818 0.0031554878048780485
22 0.6175710227272727 0.6939039634146342 0.005028409090909091 0.003051829268292683
2 0.6540858360389611 0.6938612804878048 0.0017593344155844156 0.006625
2 0.6468364448051949 0.6940823170731708 0.0022767857142857143 0.0070670731707317075
2 0.6514478490259741 0.6939969512195122 0.0021651785714285714 0.00750609756097561
2 0.6490574269480519 0.6941326219512195 0.0026603084415584414 0.007777439024390245
2 0.6445921266233766 0.6942850609756098 0.002252435064935065 0.007472560975609757
2 0.6420890827922078 0.6943536585365854 0.0021164772727272725 0.007
2 0.6320505275974025 0.6942530487804879 0.003143262987012987 0.00923780487804878
2 0.6354028003246753 0.6945564024390244 0.0021367694805194803 0.008015243902439025
2 0.6377932224025974 0.6944039634146342 0.0020474837662337662 0.00710060975609756
24 0.7221174918831168 0.694327743902439 0.006734983766233766 0.009996951219512195
7 0.6662104301948052 0.6945914634146342 0.005310470779220779 0.01479268292682927
24 0.7307284902597403 0.6945762195121952 0.0052881493506493505 0.00927439024390244
2 0.6401390016233767 0.6946920731707318 0.0022747564935064937 0.006457317073170731
2 0.6289163961038962 0.6947439024390245 0.002150974025974026 0.007780487804878049
6 0.5711596996753248 0.6960350609756097 0.030712256493506493 0.0701189024390244
6 0.5321367694805195 0.6961295731707317 0.02855925324675325 0.05201524390243903
6 0.4960227272727273 0.6964329268292684 0.03181818181818182 0.04835365853658537
6 0.32660917207792206 0.6973506097560975 0.027406655844155844 0.05445731707317073
14 0.659163961038961 0.6978185975609755 0.008262987012987012 0.015759146341463415
22 0.6119886363636364 0.6981371951219512 0.005227272727272728 0.003591463414634146
22 0.6176450892857143 0.6980990853658536 0.005176542207792208 0.0029054878048780488
2 0.6239082792207792 0.6981051829268292 0.004715909090909091 0.0029176829268292683
2 0.7709983766233767 0.7007286585365853 0.005470779220779221 0.0032865853658536584
2 0.7409435876623376 0.7015 0.005426136363636363 0.0036097560975609758
22 0.6062885551948052 0.7018704268292684 0.005190746753246753 0.0031310975609756095
2 0.6238413149350649 0.7022256097560976 0.004987824675324675 0.002621951219512195
22 0.6175588474025974 0.7022667682926829 0.005409902597402597 0.0033140243902439023
22 0.6119886363636364 0.7023887195121952 0.005227272727272728 0.003557926829268293
6 0.40567775974025977 0.7047759146341463 0.09747564935064935 0.07418597560975611
22 0.40567877435064936 0.15020121951219512 0.002510146103896104 0.007719512195121951
22 0.3973579545454546 0.1503109756097561 0.002508116883116883 0.007939024390243903
2 0.3945251623376623 0.1504893292682927 0.002930194805194805 0.00890548780487805
22 0.39980925324675326 0.1503734756097561 0.0021347402597402597 0.008064024390243903
22 0.46098620129870127 0.15070274390243904 0.005170454545454546 0.003844512195121951
2 0.4543435470779221 0.1505640243902439 0.004466314935064935 0.0029573170731707313
22 0.40306209415584415 0.15052286585365854 0.0017410714285714286 0.007753048780487805
2 0.38817775974025975 0.1534923780487805 0.0032224025974025975 0.008814024390243903
2 0.38302353896103897 0.15341463414634146 0.0022483766233766236 0.008658536585365853
22 0.46072138798701295 0.15441006097560975 0.005046672077922078 0.002722560975609756
6 0.5742126623376624 0.15470274390243902 0.10459415584415585 0.02830792682926829
2 0.45459821428571434 0.15473780487804878 0.004569805194805195 0.002768292682926829
22 0.49677759740259736 0.154984756097561 0.005324675324675324 0.0032621951219512194
2 0.503143262987013 0.15497560975609756 0.005068993506493507 0.004463414634146342
2 0.3499969561688312 0.1563643292682927 0.003971185064935065 0.013338414634146341
29 0.36091213474025974 0.15741768292682928 0.010379464285714285 0.02276219512195122
22 0.4415543831168831 0.15753353658536587 0.002426948051948052 0.007750000000000001
2 0.4325517451298701 0.1576981707317073 0.0022788149350649353 0.007469512195121951
2 0.43547686688311693 0.15765853658536585 0.00244724025974026 0.008
2 0.42980215097402596 0.15786128048780487 0.002867288961038961 0.00840548780487805
22 0.43853084415584415 0.15791006097560978 0.0024675324675324677 0.007283536585365854
2 0.4479717938311688 0.15898932926829268 0.004303977272727273 0.002734756097560976
22 0.49006392045454544 0.15892225609756097 0.0052901785714285715 0.0032103658536585364
22 0.45438514610389613 0.15920731707317073 0.004549512987012987 0.0031707317073170734
2 0.5033187905844156 0.15908689024390243 0.005014204545454546 0.003539634146341463
22 0.4610440340909091 0.15912042682926827 0.004880275974025974 0.003606707317073171
22 0.4971205357142857 0.15961128048780487 0.005198863636363637 0.0033689024390243906
7 0.32538149350649354 0.16016920731707318 0.011558441558441558 0.026435975609756097
2 0.3417268668831169 0.16016158536585368 0.01015827922077922 0.016054878048780488
2 0.3761191152597403 0.161547256097561 0.010355113636363636 0.015777439024390244
7 0.517445211038961 0.1617439024390244 0.0052637987012987015 0.014951219512195121
2 0.4901430600649351 0.1631173780487805 0.004636769480519481 0.0030640243902439026
22 0.4613859577922078 0.16315396341463415 0.005564123376623377 0.0031371951219512193
22 0.4972595373376623 0.16357317073170732 0.005071022727272727 0.0033658536585365853
2 0.45424411525974023 0.1636935975609756 0.004673295454545455 0.003606707317073171
2 0.5033309659090909 0.16381097560975608 0.004632711038961039 0.0038414634146341463
2 0.454526176948052 0.16732774390243904 0.0044257305194805195 0.002948170731707317
2 0.49046672077922077 0.16756707317073172 0.005689935064935064 0.0028170731707317072
22 0.4611109983766234 0.16771646341463414 0.005420048701298702 0.0037256097560975612
2 0.49683238636363636 0.16791768292682926 0.005434253246753247 0.003518292682926829
14 0.3866507711038961 0.16853201219512196 0.009096996753246753 0.019990853658536582
22 0.6584446022727273 0.16870731707317074 0.002765827922077922 0.008146341463414634
29 0.6642400568181818 0.16959908536585364 0.006645698051948052 0.008710365853658537
22 0.670161323051948 0.1703140243902439 0.0030661525974025974 0.008920731707317074
29 0.6754190340909091 0.17091310975609758 0.005870535714285714 0.008289634146341464
22 0.45409395292207794 0.17111280487804878 0.004778814935064935 0.0032012195121951218
22 0.6813991477272727 0.17128201219512193 0.002408685064935065 0.009027439024390243
2 0.4480123782467532 0.17128963414634146 0.004385146103896104 0.002945121951219512
2 0.46094460227272727 0.17185518292682925 0.0050872564935064936 0.0028567073170731707
2 0.49028814935064935 0.1724344512195122 0.004926948051948052 0.0040152439024390245
7 0.3336262175324675 0.172375 0.004103084415584416 0.03377439024390244
29 0.4369237012987013 0.17319512195121953 0.014675324675324675 0.022609756097560975
2 0.359025974025974 0.17404268292682928 0.002548701298701299 0.00845121951219512
22 0.36182122564935065 0.17390243902439023 0.002051542207792208 0.008170731707317073
22 0.36425121753246753 0.17390243902439023 0.00244724025974026 0.008170731707317073
14 0.4757913961038961 0.17415396341463416 0.020170454545454547 0.04282012195121951
2 0.3714498782467533 0.1755533536585366 0.008321834415584416 0.013911585365853659
2 0.454020900974026 0.17571798780487805 0.004632711038961039 0.0032652439024390247
2 0.4612530438311688 0.1760731707317073 0.004486607142857143 0.0027560975609756096
29 0.3475243506493506 0.1760594512195122 0.0067370129870129875 0.010045731707317073
22 0.490294237012987 0.17608689024390245 0.005344967532467533 0.002783536585365854
22 0.34179383116883116 0.17664634146341462 0.0033928571428571428 0.009390243902439024
22 0.826838474025974 0.17717378048780488 0.0043262987012987015 0.004347560975609756
22 0.3550659496753247 0.17768902439024392 0.0023396915584415583 0.007207317073170732
22 0.3523285308441559 0.17756249999999998 0.002546672077922078 0.008173780487804878
22 0.33845474837662337 0.1777515243902439 0.0023965097402597405 0.007332317073170732
2 0.4476055194805195 0.17883079268292684 0.005194805194805195 0.0033932926829268297
22 0.4609030032467532 0.18014481707317073 0.005004058441558441 0.002972560975609756
2 0.490252637987013 0.18040853658536585 0.0048559253246753245 0.0028902439024390244
7 0.5169368912337663 0.18039786585365855 0.0054646915584415584 0.01384451219512195
22 0.45432731331168835 0.18069817073170732 0.004839691558441559 0.004079268292682927
9 0.3240148133116883 0.18295884146341465 0.010448457792207792 0.015307926829268292
6 0.5736779626623376 0.18341768292682928 0.1051481331168831 0.024152439024390245
22 0.8272047483766234 0.18417530487804878 0.0046530032467532465 0.003716463414634146
2 0.45448457792207786 0.18435060975609754 0.004342532467532467 0.0034573170731707317
2 0.4970109577922078 0.18466768292682928 0.004979707792207792 0.002871951219512195
22 0.460762987012987 0.18466920731707318 0.00512987012987013 0.002875
22 0.4903338068181818 0.18512195121951222 0.005018262987012987 0.0025609756097560977
29 0.8177658279220779 0.18521798780487805 0.006879058441558441 0.010679878048780489
2 0.454104099025974 0.18772256097560977 0.004799107142857142 0.002274390243902439
22 0.8273498376623376 0.1880533536585366 0.004537337662337662 0.004155487804878049
22 0.46109577922077927 0.18867682926829268 0.0049837662337662335 0.004182926829268293
2 0.4971864853896104 0.18883841463414633 0.004924918831168831 0.003896341463414634
2 0.444981737012987 0.18894207317073172 0.011310876623376624 0.016908536585365855
22 0.49039468344155845 0.18897103658536588 0.00554586038961039 0.0029420731707317073
2 0.4105478896103896 0.1889405487804878 0.011030844155844155 0.018125000000000002
22 0.3763747970779221 0.18915701219512193 0.0023437500000000003 0.008192073170731708
22 0.37922077922077924 0.18915701219512193 0.00275974025974026 0.008192073170731708
22 0.8110237418831169 0.18947256097560977 0.005570211038961039 0.0033353658536585365
22 0.8041649756493506 0.1894359756097561 0.005245535714285715 0.003871951219512195
2 0.36124898538961037 0.1895731707317073 0.015111607142857142 0.02121951219512195
22 0.3707355925324675 0.18942225609756097 0.002023133116883117 0.007503048780487805
22 0.37279931006493505 0.18989329268292685 0.0020921266233766235 0.0072256097560975605
22 0.826783685064935 0.19173323170731707 0.0038108766233766237 0.003588414634146341
22 0.460960836038961 0.19277286585365852 0.00471387987012987 0.0038384146341463414
2 0.45415381493506496 0.192890243902439 0.006521915584415584 0.0034634146341463415
2 0.49678064123376625 0.19315548780487804 0.004924918831168831 0.002774390243902439
22 0.4905762987012987 0.19348780487804879 0.004691558441558442 0.0028292682926829267
2 0.8038687094155844 0.19345426829268292 0.0050588474025974025 0.003371951219512195
22 0.8105671672077922 0.19476219512195123 0.005874594155844156 0.003548780487804878
22 0.8268851461038961 0.19593140243902438 0.004419642857142857 0.003448170731707317
2 0.4610186688311689 0.19667225609756098 0.0044237012987012984 0.0037103658536585364
22 0.6994632711038961 0.19753658536585364 0.005257711038961039 0.0036097560975609758
2 0.49709009740259735 0.19741768292682926 0.0043262987012987015 0.003371951219512195
22 0.49032163149350644 0.1976234756097561 0.004182224025974026 0.001954268292682927
29 0.8176176948051948 0.19764481707317072 0.0061769480519480524 0.009314024390243902
22 0.8268922483766235 0.20078963414634146 0.004839691558441559 0.0034085365853658537
15 0.47215300324675324 0.20119817073170732 0.006400162337662337 0.0048353658536585365
29 0.8043445616883117 0.2017515243902439 0.005198863636363637 0.007771341463414633
2 0.3936262175324675 0.20233384146341463 0.002755681818181818 0.007716463414634146
2 0.382536525974026 0.20256097560975608 0.0028977272727272727 0.007560975609756098
2 0.3981858766233766 0.2024207317073171 0.0021347402597402597 0.007280487804878048
2 0.37117694805194806 0.20258536585365855 0.0025 0.007
2 0.36809456168831167 0.20248323170731708 0.0016112012987012988 0.007405487804878048
2 0.3763798701298701 0.20248323170731708 0.0031655844155844153 0.007405487804878048
2 0.4033999594155844 0.20260823170731707 0.0020109577922077923 0.007655487804878049
2 0.38830762987012984 0.2028109756097561 0.0026704545454545453 0.008060975609756098
2 0.4078023538961039 0.2027560975609756 0.0026988636363636364 0.007341463414634146
2 0.4277181412337662 0.20302134146341463 0.002351866883116883 0.007871951219512195
2 0.422789163961039 0.20288109756097564 0.0026400162337662336 0.007591463414634146
2 0.4975304383116883 0.20300914634146341 0.0019602272727272728 0.00723780487804878
2 0.41190239448051946 0.2029435975609756 0.0027820616883116886 0.007716463414634146
2 0.4821560470779221 0.2029405487804878 0.0020556006493506495 0.00710060975609756
2 0.43217836850649355 0.20321798780487804 0.0019379058441558444 0.007655487804878049
2 0.4889184253246753 0.20333689024390245 0.001781655844155844 0.00789329268292683
2 0.4394835633116883 0.2035106707317073 0.002749594155844156 0.010679878048780489
2 0.4452658279220779 0.20348323170731705 0.002544642857142857 0.008185975609756098
2 0.47767451298701297 0.20326829268292684 0.002021103896103896 0.007756097560975611
2 0.5212286931818182 0.2035060975609756 0.0022788149350649353 0.00701219512195122
2 0.5087043425324675 0.2034466463414634 0.0023924512987012984 0.00811280487804878
2 0.5457782061688311 0.20356097560975608 0.002270698051948052 0.007121951219512195
2 0.5156412337662337 0.20355640243902437 0.0020616883116883118 0.007722560975609755
29 0.8108370535714285 0.20346951219512194 0.005196834415584416 0.008158536585365854
2 0.5339985795454546 0.20373323170731708 0.0026562499999999998 0.006246951219512195
2 0.5290381493506493 0.20378810975609754 0.0024756493506493506 0.006356707317073171
2 0.5030509334415584 0.20377896341463414 0.0024492694805194806 0.008167682926829269
2 0.5633471996753248 0.20389329268292683 0.0021002435064935063 0.007176829268292682
2 0.5521377840909091 0.2040060975609756 0.0015969967532467532 0.006792682926829268
2 0.5393191964285714 0.2038201219512195 0.0015280032467532467 0.007640243902439024
2 0.5584080762987013 0.2040609756097561 0.0027739448051948053 0.006902439024390244
29 0.3312489853896104 0.20390091463414634 0.021264204545454548 0.01938719512195122
22 0.8274036120129871 0.20471646341463415 0.005050730519480519 0.0033353658536585365
22 0.8165655438311687 0.2057545731707317 0.0048843344155844156 0.003582317073170732
2 0.573901176948052 0.20731097560975612 0.013467938311688313 0.024378048780487802
22 0.8048295454545454 0.21019207317073169 0.004951298701298701 0.0045304878048780485
2 0.8043273133116883 0.21377439024390243 0.0047585227272727276 0.0031585365853658534
29 0.8108806818181818 0.21615396341463414 0.004472402597402597 0.009746951219512195
22 0.8047970779220779 0.21812957317073173 0.004886363636363636 0.003942073170731707
22 0.6514600243506493 0.22058841463414633 0.0025953733766233764 0.007640243902439024
22 0.6824857954545455 0.22091158536585367 0.0017410714285714286 0.008896341463414633
2 0.6944257305194805 0.22088262195121952 0.002893668831168831 0.008228658536585366
2 0.6915137987012987 0.2210121951219512 0.002345779220779221 0.007878048780487805
2 0.8043821022727272 0.2222393292682927 0.005273944805194805 0.004234756097560976
6 0.4612966720779221 0.22616310975609757 0.2927232142857143 0.018789634146341463
22 0.804346590909091 0.22630487804878047 0.00398538961038961 0.0032195121951219515
22 0.7935359172077923 0.2266295731707317 0.002250405844155844 0.006917682926829268
2 0.7106412337662338 0.2269268292682927 0.004886363636363636 0.0032439024390243905
15 0.825689935064935 0.22722408536585365 0.006493506493506494 0.0038384146341463414
2 0.7038027597402597 0.2274481707317073 0.004602272727272727 0.0030670731707317074
22 0.7561810064935065 0.22807012195121953 0.004650974025974026 0.003701219512195122
22 0.7035907061688312 0.23165396341463415 0.004989853896103896 0.003551829268292683
15 0.8260409902597403 0.23207469512195122 0.005978084415584416 0.005003048780487805
2 0.7107264610389611 0.23532621951219512 0.005462662337662338 0.003579268292682927
2 0.633538961038961 0.23596189024390246 0.004902597402597402 0.004240853658536586
22 0.7039042207792208 0.23616463414634145 0.004805194805194805 0.0028170731707317072
7 0.7562824675324675 0.23640701219512195 0.004853896103896104 0.008179878048780488
15 0.8256026785714285 0.23684603658536585 0.005913149350649351 0.0035701219512195123
29 0.7870099431818183 0.23899390243902438 0.006649756493506494 0.009695121951219512
29 0.7956574675324676 0.23962804878048782 0.008522727272727272 0.009134146341463414
22 0.703523741883117 0.2401814024390244 0.0048559253246753245 0.002923780487804878
22 0.7106919642857142 0.24039634146341463 0.004987824675324675 0.003353658536585366
15 0.6335856331168831 0.24035213414634146 0.006619318181818181 0.005094512195121951
2 0.6402343749999999 0.24064786585365855 0.004900568181818181 0.0032469512195121954
15 0.8259912743506493 0.24153658536585365 0.006284496753246753 0.004414634146341464
2 0.7103967126623376 0.24441158536585364 0.004397321428571429 0.0034573170731707317
2 0.6262855113636364 0.24579115853658537 0.005411931818181818 0.0037774390243902442
22 0.633617086038961 0.24583231707317074 0.0050588474025974025 0.00325
2 0.6404951298701299 0.24587347560975611 0.005016233766233766 0.002722560975609756
22 0.6337713068181818 0.24897256097560974 0.004961444805194805 0.0034329268292682927
7 0.7506422483766234 0.24933841463414635 0.004937094155844156 0.013920731707317072
7 0.7448011363636364 0.24942682926829268 0.005430194805194805 0.014097560975609756
2 0.6402911931818182 0.24971189024390242 0.00460836038961039 0.003692073170731707
22 0.7860450487012988 0.24965396341463414 0.0022849025974025976 0.008454268292682927
22 0.7910237418831169 0.2503018292682927 0.0025020292207792207 0.007310975609756098
15 0.6250750811688311 0.25016615853658536 0.007049512987012988 0.004600609756097561
22 0.8130773133116883 0.2527317073170732 0.0044013798701298705 0.003024390243902439
6 0.46373173701298703 0.25259451219512197 0.29759334415584415 0.021042682926829266
22 0.8187094155844156 0.2527454268292683 0.004301948051948052 0.0024420731707317073
22 0.6406280438311688 0.25276981707317075 0.004470373376623377 0.0024908536585365854
13 0.8262185470779221 0.25345731707317076 0.006333198051948052 0.016670731707317074
2 0.633617086038961 0.2535411585365854 0.0050588474025974025 0.0028140243902439028
22 0.6404839691558442 0.25666615853658536 0.004588068181818182 0.003576219512195122
2 0.8188707386363636 0.25691310975609755 0.004624594155844155 0.0034603658536585366
2 0.8133603896103896 0.25724542682926826 0.004561688311688312 0.0029054878048780488
2 0.633382711038961 0.2574009146341463 0.004590097402597403 0.002606707317073171
22 0.6403277191558441 0.26040853658536584 0.004275568181818182 0.0031341463414634144
2 0.6336150568181818 0.2616265243902439 0.004648944805194805 0.0031310975609756095
2 0.7740188717532467 0.26217530487804874 0.0017715097402597403 0.00788719512195122
22 0.7763392857142858 0.26246646341463414 0.002353896103896104 0.007859756097560976
22 0.7716477272727272 0.26267073170731703 0.0018993506493506492 0.00826829268292683
22 0.7876420454545454 0.26246646341463414 0.0018262987012987013 0.00725
22 0.783286323051948 0.2626326219512195 0.0020434253246753246 0.007582317073170732
2 0.7785420048701299 0.2625685975609756 0.0014833603896103895 0.0074542682926829265
22 0.7808766233766233 0.2628231707317073 0.002094155844155844 0.00674390243902439
22 0.7851643668831169 0.2631905487804878 0.00255275974025974 0.00686890243902439
22 0.7385957792207792 0.2636798780487805 0.001948051948051948 0.00723780487804878
22 0.7485714285714286 0.26409908536585364 0.002418831168831169 0.008076219512195122
22 0.7540320616883117 0.263984756097561 0.001976461038961039 0.007847560975609756
22 0.6401694399350649 0.2643003048780488 0.005582386363636364 0.003600609756097561
22 0.6336262175324676 0.2655564024390244 0.005077110389610389 0.002454268292682927
15 0.8364082792207792 0.2681966463414634 0.009261363636363637 0.007125
14 0.672283887987013 0.2683643292682927 0.04830154220779221 0.07392378048780487
2 0.842237215909091 0.2686371951219512 0.0018445616883116882 0.006786585365853659
22 0.6335775162337662 0.2703048780487805 0.004979707792207792 0.0028048780487804877
7 0.7324756493506493 0.27035213414634146 0.004724025974025974 0.013875
2 0.6143668831168831 0.2722591463414634 0.009172077922077923 0.00549390243902439
22 0.76276075487013 0.2727332317073171 0.0027942370129870127 0.008271341463414635
22 0.7810714285714285 0.27282164634146344 0.0016720779220779222 0.007228658536585366
22 0.7744439935064935 0.2728094512195122 0.002621753246753247 0.007204268292682926
22 0.7787723214285714 0.27284756097560975 0.0019439935064935064 0.007280487804878048
24 0.7532802353896104 0.27317225609756096 0.005748782467532467 0.007929878048780488
22 0.7721702516233766 0.2735076219512195 0.002132711038961039 0.009210365853658536
24 0.7410470779220779 0.27365396341463416 0.006444805194805195 0.00889329268292683
22 0.7767684659090909 0.27375 0.0024005681818181817 0.008475609756097562
22 0.7883269074675324 0.2739984756097561 0.005225243506493506 0.0034847560975609757
6 0.46336444805194804 0.27567225609756096 0.293612012987013 0.02207621951219512
22 0.7881584821428571 0.2782301829268293 0.004888392857142857 0.002801829268292683
2 0.8385643262987013 0.2785289634146342 0.010732548701298701 0.01864329268292683
22 0.6321469155844155 0.27953048780487805 0.0049594155844155845 0.003573170731707317
22 0.7312540584415584 0.2800015243902439 0.004715909090909091 0.004515243902439025
22 0.6125111607142857 0.28151829268292683 0.004648944805194805 0.0032804878048780487
22 0.6403703327922078 0.2824923780487805 0.005172483766233766 0.0027896341463414637
15 0.6314255275974026 0.2833231707317073 0.006357548701298701 0.004451219512195122
22 0.7311444805194806 0.2837301829268293 0.005308441558441558 0.002826219512195122
22 0.7037773944805195 0.28597408536585367 0.0049573863636363635 0.0030457317073170733
22 0.6123762175324675 0.2865060975609756 0.004379058441558442 0.0028902439024390244
7 0.6189549512987013 0.2866768292682927 0.004549512987012987 0.014817073170731708
7 0.6241000405844156 0.28675 0.004693587662337662 0.014963414634146341
22 0.7311444805194806 0.287032012195122 0.004902597402597402 0.0033323170731707316
2 0.632353896103896 0.28740548780487807 0.004561688311688312 0.002859756097560976
22 0.7036221590909091 0.28879725609756096 0.004646915584415584 0.0038140243902439024
15 0.7885034496753247 0.2893521341463415 0.005984172077922078 0.004923780487804877
22 0.6127506087662338 0.2904314024390244 0.004721996753246753 0.0028140243902439028
22 0.7313220373376623 0.2910960365853658 0.005257711038961039 0.0035335365853658538
2 0.6324918831168831 0.29128506097560974 0.004837662337662338 0.003301829268292683
2 0.7037601461038961 0.2923658536585366 0.005328733766233767 0.003024390243902439
22 0.6123143262987013 0.29428201219512196 0.004255275974025974 0.0038079268292682926
2 0.6322088068181818 0.29477743902439024 0.005083198051948052 0.003579268292682927
2 0.7035917207792208 0.2958841463414634 0.004991883116883117 0.00274390243902439
24 0.4877972808441558 0.29720121951219514 0.006438717532467533 0.01025609756097561
24 0.49392857142857144 0.2973368902439024 0.00612012987012987 0.009917682926829268
24 0.5355580357142857 0.29789939024390244 0.005775162337662338 0.00799390243902439
22 0.5280549918831169 0.29789939024390244 0.002132711038961039 0.007384146341463414
24 0.5485917207792208 0.2978140243902439 0.005868506493506494 0.008432926829268293
24 0.5420728490259741 0.29803353658536585 0.007035308441558442 0.00826219512195122
24 0.5615107548701299 0.29816615853658535 0.006950081168831169 0.01035670731707317
24 0.5548691152597403 0.29877896341463417 0.007465503246753246 0.008533536585365853
22 0.49870535714285713 0.299202743902439 0.002280844155844156 0.008161585365853659
24 0.5239995941558442 0.2993201219512195 0.006197240259740259 0.009615853658536585
22 0.5080265827922078 0.2993216463414634 0.0022544642857142854 0.00839939024390244
22 0.7038616071428572 0.29992682926829267 0.004719967532467533 0.002902439024390244
22 0.5193384740259741 0.29988109756097564 0.002556818181818182 0.007689024390243902
22 0.5319155844155845 0.30028201219512196 0.00011363636363636365 0.011539634146341463
24 0.5031737012987013 0.3003704268292683 0.006347402597402597 0.009277439024390243
22 0.5123143262987013 0.3002881097560976 0.002307224025974026 0.00789329268292683
22 0.5098681006493506 0.3004405487804878 0.0018790584415584416 0.007588414634146341
22 0.5172980925324675 0.3003551829268293 0.0025344967532467534 0.008027439024390244
22 0.5143658685064936 0.30064329268292683 0.002351866883116883 0.00799390243902439
29 0.6198244724025974 0.3014817073170732 0.007100243506493507 0.01028048780487805
2 0.7032274756493506 0.30428506097560976 0.0038575487012987015 0.0030823170731707314