15 0.5709134615384616 0.4483173076923077 0.007211538461538462 0.007211538461538462
3 0.5709134615384616 0.4579326923076923 0.007211538461538462 0.007211538461538462
3 0.5324519230769231 0.3004807692307692 0.007211538461538462 0.004807692307692308
6 0.5456730769230769 0.35096153846153844 0.019230769230769232 0.04326923076923077
23 0.5336538461538461 0.296875 0.004807692307692308 0.002403846153846154
3 0.53125 0.3088942307692308 0.019230769230769232 0.016826923076923076
22 0.5552884615384616 0.4182692307692308 0.004807692307692308 0.004807692307692308
23 0.5264423076923077 0.3016826923076923 0.004807692307692308 0.002403846153846154
22 0.5516826923076923 0.41225961538461536 0.007211538461538462 0.007211538461538462
6 0.5072115384615384 0.22596153846153846 0.03365384615384615 0.03365384615384615
22 0.5504807692307693 0.42788461538461536 0.004807692307692308 0.004807692307692308
15 0.5264423076923077 0.32091346153846156 0.009615384615384616 0.007211538461538462
23 0.5324519230769231 0.34615384615384615 0.002403846153846154 0.004807692307692308
23 0.5336538461538461 0.35096153846153844 0.004807692307692308 0.004807692307692308
23 0.5168269230769231 0.3016826923076923 0.004807692307692308 0.002403846153846154
3 0.53125 0.36538461538461536 0.009615384615384616 0.004807692307692308
22 0.5396634615384616 0.4050480769230769 0.007211538461538462 0.007211538461538462
3 0.5336538461538461 0.3713942307692308 0.009615384615384616 0.007211538461538462
3 0.5300480769230769 0.3605769230769231 0.007211538461538462 0.004807692307692308
3 0.5300480769230769 0.3605769230769231 0.007211538461538462 0.004807692307692308
22 0.546875 0.4387019230769231 0.007211538461538462 0.007211538461538462
22 0.5396634615384616 0.41225961538461536 0.007211538461538462 0.007211538461538462
3 0.5252403846153846 0.3485576923076923 0.007211538461538462 0.004807692307692308
3 0.5288461538461539 0.35697115384615385 0.004807692307692308 0.002403846153846154
23 0.5240384615384616 0.3449519230769231 0.004807692307692308 0.002403846153846154
14 0.5588942307692307 0.4891826923076923 0.040865384615384616 0.04567307692307692
22 0.5432692307692307 0.4206730769230769 0.004807692307692308 0.004807692307692308
22 0.5456730769230769 0.4326923076923077 0.004807692307692308 0.004807692307692308
3 0.5264423076923077 0.3545673076923077 0.004807692307692308 0.002403846153846154
3 0.5264423076923077 0.34975961538461536 0.004807692307692308 0.002403846153846154
3 0.5240384615384616 0.3425480769230769 0.004807692307692308 0.002403846153846154
3 0.5264423076923077 0.35216346153846156 0.004807692307692308 0.002403846153846154
15 0.53125 0.36899038461538464 0.009615384615384616 0.007211538461538462
3 0.5036057692307693 0.26322115384615385 0.040865384615384616 0.026442307692307692
29 0.53125 0.38461538461538464 0.02403846153846154 0.02403846153846154
15 0.5132211538461539 0.30408653846153844 0.007211538461538462 0.007211538461538462
3 0.5060096153846154 0.31850961538461536 0.026442307692307692 0.021634615384615384
22 0.5408653846153846 0.4675480769230769 0.009615384615384616 0.007211538461538462
3 0.49278846153846156 0.2536057692307692 0.004807692307692308 0.002403846153846154
23 0.5168269230769231 0.39663461538461536 0.004807692307692308 0.004807692307692308
23 0.515625 0.3942307692307692 0.002403846153846154 0.004807692307692308
3 0.5132211538461539 0.3798076923076923 0.002403846153846154 0.004807692307692308
15 0.5132211538461539 0.3858173076923077 0.007211538461538462 0.007211538461538462
3 0.47836538461538464 0.23798076923076922 0.028846153846153848 0.02403846153846154
23 0.5096153846153846 0.39903846153846156 0.004807692307692308 0.004807692307692308
3 0.5072115384615384 0.3870192307692308 0.004807692307692308 0.004807692307692308
23 0.5036057692307693 0.38221153846153844 0.002403846153846154 0.004807692307692308
23 0.5060096153846154 0.39903846153846156 0.002403846153846154 0.004807692307692308
3 0.4795673076923077 0.28365384615384615 0.03125 0.02403846153846154
14 0.49278846153846156 0.359375 0.04326923076923077 0.036057692307692304
15 0.4987980769230769 0.3858173076923077 0.007211538461538462 0.007211538461538462
23 0.5012019230769231 0.39663461538461536 0.002403846153846154 0.004807692307692308
23 0.5 0.4014423076923077 0.004807692307692308 0.004807692307692308
23 0.4831730769230769 0.32211538461538464 0.004807692307692308 0.004807692307692308
22 0.5168269230769231 0.4723557692307692 0.009615384615384616 0.007211538461538462
23 0.47836538461538464 0.32211538461538464 0.004807692307692308 0.004807692307692308
23 0.49399038461538464 0.38461538461538464 0.002403846153846154 0.004807692307692308
3 0.4951923076923077 0.39663461538461536 0.004807692307692308 0.004807692307692308
23 0.4831730769230769 0.3401442307692308 0.004807692307692308 0.002403846153846154
3 0.4639423076923077 0.26322115384615385 0.038461538461538464 0.026442307692307692
23 0.4891826923076923 0.3870192307692308 0.002403846153846154 0.004807692307692308
3 0.49278846153846156 0.4026442307692308 0.009615384615384616 0.007211538461538462
23 0.4891826923076923 0.3918269230769231 0.002403846153846154 0.004807692307692308
23 0.47716346153846156 0.34134615384615385 0.002403846153846154 0.004807692307692308
15 0.4891826923076923 0.39783653846153844 0.007211538461538462 0.007211538461538462
22 0.5048076923076923 0.47475961538461536 0.009615384615384616 0.007211538461538462
23 0.48677884615384615 0.3918269230769231 0.002403846153846154 0.004807692307692308
23 0.4723557692307692 0.34134615384615385 0.002403846153846154 0.004807692307692308
14 0.4951923076923077 0.43990384615384615 0.09134615384615384 0.07211538461538461
3 0.4483173076923077 0.24519230769230768 0.03125 0.02403846153846154
15 0.484375 0.4026442307692308 0.007211538461538462 0.007211538461538462
22 0.5 0.48197115384615385 0.009615384615384616 0.007211538461538462
22 0.46634615384615385 0.3425480769230769 0.009615384615384616 0.007211538461538462
22 0.49038461538461536 0.47716346153846156 0.009615384615384616 0.007211538461538462
6 0.49038461538461536 0.5024038461538461 0.07211538461538461 0.028846153846153848
7 0.44711538461538464 0.33052884615384615 0.009615384615384616 0.01201923076923077
22 0.453125 0.3641826923076923 0.007211538461538462 0.007211538461538462
22 0.4807692307692308 0.4795673076923077 0.009615384615384616 0.007211538461538462
3 0.44471153846153844 0.3485576923076923 0.03365384615384615 0.028846153846153848
3 0.4483173076923077 0.37740384615384615 0.021634615384615384 0.019230769230769232
22 0.47115384615384615 0.48197115384615385 0.009615384615384616 0.007211538461538462
22 0.47115384615384615 0.48197115384615385 0.009615384615384616 0.007211538461538462
29 0.4495192307692308 0.39663461538461536 0.03365384615384615 0.03365384615384615
22 0.46153846153846156 0.484375 0.009615384615384616 0.007211538461538462
22 0.46153846153846156 0.484375 0.009615384615384616 0.007211538461538462
15 0.4639423076923077 0.5180288461538461 0.009615384615384616 0.007211538461538462
3 0.46033653846153844 0.5168269230769231 0.007211538461538462 0.004807692307692308
3 0.4170673076923077 0.33653846153846156 0.03125 0.02403846153846154
3 0.4495192307692308 0.4807692307692308 0.004807692307692308 0.004807692307692308
3 0.4483173076923077 0.47596153846153844 0.002403846153846154 0.004807692307692308
3 0.4110576923076923 0.31009615384615385 0.03365384615384615 0.028846153846153848
3 0.44711538461538464 0.4723557692307692 0.004807692307692308 0.002403846153846154
3 0.44471153846153844 0.4675480769230769 0.004807692307692308 0.002403846153846154
15 0.4338942307692308 0.41466346153846156 0.01201923076923077 0.007211538461538462
23 0.4362980769230769 0.43028846153846156 0.007211538461538462 0.004807692307692308
3 0.41947115384615385 0.35697115384615385 0.026442307692307692 0.021634615384615384
23 0.4362980769230769 0.4326923076923077 0.007211538461538462 0.004807692307692308
23 0.4362980769230769 0.43509615384615385 0.007211538461538462 0.004807692307692308
3 0.4230769230769231 0.37259615384615385 0.004807692307692308 0.004807692307692308
3 0.4423076923076923 0.46033653846153844 0.009615384615384616 0.007211538461538462
3 0.4423076923076923 0.4639423076923077 0.009615384615384616 0.004807692307692308
3 0.43990384615384615 0.45552884615384615 0.009615384615384616 0.007211538461538462
7 0.40384615384615385 0.29086538461538464 0.019230769230769232 0.019230769230769232
15 0.4423076923076923 0.4699519230769231 0.009615384615384616 0.007211538461538462
3 0.43149038461538464 0.4182692307692308 0.007211538461538462 0.004807692307692308
3 0.44591346153846156 0.47716346153846156 0.007211538461538462 0.007211538461538462
3 0.44591346153846156 0.47716346153846156 0.007211538461538462 0.007211538461538462
6 0.4230769230769231 0.39783653846153844 0.02403846153846154 0.036057692307692304
3 0.43990384615384615 0.4675480769230769 0.004807692307692308 0.002403846153846154
23 0.4170673076923077 0.37740384615384615 0.007211538461538462 0.004807692307692308
3 0.4254807692307692 0.41586538461538464 0.004807692307692308 0.004807692307692308
23 0.41466346153846156 0.375 0.002403846153846154 0.004807692307692308
15 0.4387019230769231 0.4795673076923077 0.007211538461538462 0.007211538461538462
3 0.43149038461538464 0.46033653846153844 0.007211538461538462 0.007211538461538462