23 0.3713942307692308 0.11538461538461539 0.007211538461538462 0.004807692307692308
23 0.3713942307692308 0.12259615384615384 0.007211538461538462 0.004807692307692308
23 0.3701923076923077 0.1201923076923077 0.009615384615384616 0.004807692307692308
3 0.36778846153846156 0.14302884615384615 0.009615384615384616 0.007211538461538462
29 0.33533653846153844 0.3293269230769231 0.036057692307692304 0.019230769230769232
23 0.34375 0.2956730769230769 0.009615384615384616 0.004807692307692308
6 0.3137019230769231 0.4879807692307692 0.07451923076923077 0.28846153846153844
23 0.375 0.14903846153846154 0.009615384615384616 0.004807692307692308
23 0.38100961538461536 0.125 0.007211538461538462 0.004807692307692308
6 0.35336538461538464 0.28125 0.13942307692307693 0.04326923076923077
3 0.35336538461538464 0.2956730769230769 0.009615384615384616 0.004807692307692308
23 0.3605769230769231 0.25841346153846156 0.009615384615384616 0.007211538461538462
14 0.38822115384615385 0.11778846153846154 0.026442307692307692 0.019230769230769232
3 0.36778846153846156 0.24879807692307693 0.009615384615384616 0.007211538461538462
3 0.3798076923076923 0.17307692307692307 0.004807692307692308 0.004807692307692308
23 0.36778846153846156 0.24879807692307693 0.009615384615384616 0.007211538461538462
23 0.3701923076923077 0.23798076923076922 0.004807692307692308 0.004807692307692308
23 0.36899038461538464 0.25240384615384615 0.007211538461538462 0.004807692307692308
23 0.36177884615384615 0.2980769230769231 0.007211538461538462 0.004807692307692308
3 0.38461538461538464 0.1778846153846154 0.004807692307692308 0.004807692307692308
3 0.3737980769230769 0.24519230769230768 0.007211538461538462 0.004807692307692308
3 0.3798076923076923 0.23557692307692307 0.004807692307692308 0.004807692307692308
3 0.3786057692307692 0.24278846153846154 0.007211538461538462 0.004807692307692308
3 0.37740384615384615 0.2403846153846154 0.009615384615384616 0.004807692307692308
14 0.3858173076923077 0.20793269230769232 0.07932692307692307 0.06009615384615385
3 0.3701923076923077 0.3004807692307692 0.009615384615384616 0.004807692307692308
6 0.3425480769230769 0.4879807692307692 0.07451923076923077 0.2932692307692308
23 0.38461538461538464 0.24759615384615385 0.004807692307692308 0.004807692307692308
3 0.39903846153846156 0.17548076923076922 0.004807692307692308 0.004807692307692308
7 0.3894230769230769 0.2548076923076923 0.03365384615384615 0.009615384615384616
7 0.3894230769230769 0.265625 0.014423076923076924 0.007211538461538462
7 0.40384615384615385 0.26802884615384615 0.014423076923076924 0.007211538461538462
6 0.36538461538461536 0.4879807692307692 0.07211538461538461 0.27884615384615385
3 0.40865384615384615 0.24158653846153846 0.009615384615384616 0.007211538461538462
3 0.43028846153846156 0.13221153846153846 0.009615384615384616 0.004807692307692308
3 0.43028846153846156 0.1346153846153846 0.009615384615384616 0.004807692307692308
23 0.4014423076923077 0.30528846153846156 0.009615384615384616 0.004807692307692308
22 0.42788461538461536 0.15865384615384615 0.009615384615384616 0.009615384615384616
3 0.42908653846153844 0.15384615384615385 0.007211538461538462 0.004807692307692308
3 0.42788461538461536 0.21875 0.009615384615384616 0.004807692307692308
23 0.42908653846153844 0.20432692307692307 0.007211538461538462 0.004807692307692308
3 0.4326923076923077 0.19471153846153846 0.004807692307692308 0.004807692307692308
3 0.43028846153846156 0.2091346153846154 0.009615384615384616 0.004807692307692308
3 0.42427884615384615 0.23557692307692307 0.007211538461538462 0.004807692307692308
3 0.43028846153846156 0.21153846153846154 0.009615384615384616 0.004807692307692308
3 0.43028846153846156 0.21394230769230768 0.009615384615384616 0.004807692307692308
22 0.43028846153846156 0.2247596153846154 0.009615384615384616 0.007211538461538462
3 0.41586538461538464 0.3076923076923077 0.009615384615384616 0.004807692307692308
6 0.3894230769230769 0.4951923076923077 0.07211538461538461 0.27403846153846156
3 0.43990384615384615 0.22115384615384615 0.009615384615384616 0.004807692307692308
23 0.42788461538461536 0.33413461538461536 0.004807692307692308 0.004807692307692308
22 0.4495192307692308 0.22716346153846154 0.009615384615384616 0.007211538461538462
3 0.4014423076923077 0.5661057692307693 0.02403846153846154 0.016826923076923076
3 0.4639423076923077 0.2283653846153846 0.009615384615384616 0.004807692307692308
3 0.39663461538461536 0.6069711538461539 0.02403846153846154 0.016826923076923076
3 0.4375 0.38221153846153844 0.009615384615384616 0.004807692307692308
6 0.40024038461538464 0.59375 0.021634615384615384 0.014423076923076924
3 0.44471153846153844 0.36538461538461536 0.009615384615384616 0.004807692307692308
3 0.41346153846153844 0.5372596153846154 0.009615384615384616 0.007211538461538462
3 0.43028846153846156 0.44591346153846156 0.02403846153846154 0.016826923076923076
3 0.4230769230769231 0.5360576923076923 0.004807692307692308 0.004807692307692308
3 0.4423076923076923 0.43028846153846156 0.004807692307692308 0.004807692307692308
23 0.4254807692307692 0.5336538461538461 0.004807692307692308 0.004807692307692308
29 0.4182692307692308 0.59375 0.009615384615384616 0.009615384615384616
23 0.4206730769230769 0.5793269230769231 0.004807692307692308 0.004807692307692308
23 0.4206730769230769 0.5877403846153846 0.009615384615384616 0.007211538461538462
3 0.43028846153846156 0.5360576923076923 0.004807692307692308 0.004807692307692308
3 0.44711538461538464 0.4423076923076923 0.004807692307692308 0.004807692307692308
23 0.4230769230769231 0.5769230769230769 0.009615384615384616 0.004807692307692308
23 0.4254807692307692 0.5817307692307693 0.004807692307692308 0.004807692307692308
3 0.46875 0.3401442307692308 0.02403846153846154 0.016826923076923076
29 0.43149038461538464 0.5841346153846154 0.01201923076923077 0.009615384615384616
23 0.47115384615384615 0.37259615384615385 0.009615384615384616 0.004807692307692308
23 0.47115384615384615 0.3701923076923077 0.009615384615384616 0.004807692307692308
23 0.4326923076923077 0.5889423076923077 0.009615384615384616 0.004807692307692308
6 0.4735576923076923 0.3557692307692308 0.1971153846153846 0.04807692307692308
29 0.43509615384615385 0.5961538461538461 0.009615384615384616 0.009615384615384616
3 0.43990384615384615 0.5913461538461539 0.004807692307692308 0.004807692307692308
29 0.4362980769230769 0.6286057692307693 0.05048076923076923 0.026442307692307692
22 0.5072115384615384 0.234375 0.009615384615384616 0.007211538461538462
23 0.44471153846153844 0.6009615384615384 0.004807692307692308 0.004807692307692308
23 0.4723557692307692 0.4567307692307692 0.007211538461538462 0.004807692307692308
3 0.47115384615384615 0.4543269230769231 0.009615384615384616 0.004807692307692308
3 0.47836538461538464 0.4254807692307692 0.004807692307692308 0.004807692307692308
23 0.49038461538461536 0.35336538461538464 0.009615384615384616 0.004807692307692308
23 0.44471153846153844 0.6153846153846154 0.004807692307692308 0.004807692307692308
3 0.4735576923076923 0.4639423076923077 0.009615384615384616 0.004807692307692308
3 0.45913461538461536 0.5432692307692307 0.004807692307692308 0.004807692307692308
23 0.4735576923076923 0.46634615384615385 0.009615384615384616 0.004807692307692308
3 0.47475961538461536 0.46153846153846156 0.007211538461538462 0.004807692307692308
14 0.4675480769230769 0.5012019230769231 0.10817307692307693 0.08413461538461539
3 0.4495192307692308 0.6177884615384616 0.004807692307692308 0.004807692307692308
29 0.453125 0.6069711538461539 0.016826923076923076 0.01201923076923077
3 0.4807692307692308 0.4519230769230769 0.009615384615384616 0.004807692307692308
3 0.4831730769230769 0.44471153846153844 0.009615384615384616 0.004807692307692308
23 0.4807692307692308 0.44711538461538464 0.009615384615384616 0.004807692307692308
3 0.4807692307692308 0.4543269230769231 0.009615384615384616 0.004807692307692308
23 0.4807692307692308 0.4495192307692308 0.009615384615384616 0.004807692307692308
3 0.46634615384615385 0.5432692307692307 0.009615384615384616 0.004807692307692308
23 0.4675480769230769 0.5408653846153846 0.007211538461538462 0.004807692307692308
23 0.5 0.35336538461538464 0.009615384615384616 0.004807692307692308
23 0.4951923076923077 0.37740384615384615 0.004807692307692308 0.004807692307692308
3 0.4651442307692308 0.5480769230769231 0.007211538461538462 0.004807692307692308
23 0.4639423076923077 0.5504807692307693 0.009615384615384616 0.004807692307692308
14 0.46033653846153844 0.5793269230769231 0.026442307692307692 0.019230769230769232
6 0.5432692307692307 0.125 0.3605769230769231 0.08173076923076923
29 0.4567307692307692 0.6201923076923077 0.009615384615384616 0.009615384615384616
23 0.5012019230769231 0.37740384615384615 0.002403846153846154 0.004807692307692308
23 0.5096153846153846 0.34134615384615385 0.004807692307692308 0.004807692307692308
3 0.5096153846153846 0.3557692307692308 0.009615384615384616 0.004807692307692308
23 0.49759615384615385 0.43028846153846156 0.004807692307692308 0.004807692307692308
22 0.5072115384615384 0.3786057692307692 0.009615384615384616 0.007211538461538462
23 0.4639423076923077 0.6201923076923077 0.004807692307692308 0.004807692307692308
23 0.46153846153846156 0.640625 0.009615384615384616 0.007211538461538462
23 0.4651442307692308 0.625 0.007211538461538462 0.004807692307692308
22 0.46634615384615385 0.6334134615384616 0.009615384615384616 0.007211538461538462
23 0.47115384615384615 0.6225961538461539 0.004807692307692308 0.004807692307692308
22 0.5216346153846154 0.34375 0.009615384615384616 0.009615384615384616
3 0.47115384615384615 0.6418269230769231 0.004807692307692308 0.004807692307692308
6 0.5552884615384616 0.18870192307692307 0.23076923076923078 0.06490384615384616
23 0.4807692307692308 0.6045673076923077 0.009615384615384616 0.007211538461538462
6 0.5492788461538461 0.22355769230769232 0.2283653846153846 0.057692307692307696
3 0.5096153846153846 0.4495192307692308 0.004807692307692308 0.004807692307692308
7 0.47716346153846156 0.6418269230769231 0.007211538461538462 0.009615384615384616
6 0.5444711538461539 0.25961538461538464 0.2283653846153846 0.057692307692307696
6 0.5384615384615384 0.296875 0.23076923076923078 0.06009615384615385
6 0.5637019230769231 0.15264423076923078 0.2283653846153846 0.06009615384615385
3 0.4855769230769231 0.5985576923076923 0.004807692307692308 0.004807692307692308
6 0.5336538461538461 0.3317307692307692 0.22596153846153846 0.057692307692307696
29 0.484375 0.6153846153846154 0.036057692307692304 0.019230769230769232
23 0.4807692307692308 0.6334134615384616 0.009615384615384616 0.007211538461538462
7 0.4891826923076923 0.5913461538461539 0.007211538461538462 0.009615384615384616
29 0.5180288461538461 0.42788461538461536 0.021634615384615384 0.02403846153846154
10 0.4855769230769231 0.6274038461538461 0.02403846153846154 0.014423076923076924
3 0.5144230769230769 0.4735576923076923 0.004807692307692308 0.004807692307692308
3 0.5192307692307693 0.4639423076923077 0.004807692307692308 0.004807692307692308
23 0.4951923076923077 0.5913461538461539 0.004807692307692308 0.004807692307692308
3 0.5192307692307693 0.4735576923076923 0.004807692307692308 0.004807692307692308
23 0.49038461538461536 0.6370192307692307 0.009615384615384616 0.004807692307692308
3 0.5216346153846154 0.4639423076923077 0.004807692307692308 0.004807692307692308
14 0.4891826923076923 0.6430288461538461 0.021634615384615384 0.01201923076923077
23 0.4951923076923077 0.6322115384615384 0.004807692307692308 0.004807692307692308
22 0.5072115384615384 0.59375 0.009615384615384616 0.009615384615384616
29 0.5036057692307693 0.6033653846153846 0.036057692307692304 0.019230769230769232
3 0.5360576923076923 0.4326923076923077 0.004807692307692308 0.004807692307692308
23 0.5240384615384616 0.5168269230769231 0.004807692307692308 0.004807692307692308
3 0.5180288461538461 0.5649038461538461 0.007211538461538462 0.004807692307692308
23 0.5024038461538461 0.6466346153846154 0.004807692307692308 0.004807692307692308
23 0.5048076923076923 0.6418269230769231 0.004807692307692308 0.004807692307692308
3 0.5396634615384616 0.4423076923076923 0.016826923076923076 0.014423076923076924
3 0.5288461538461539 0.5144230769230769 0.004807692307692308 0.004807692307692308
3 0.5697115384615384 0.28365384615384615 0.009615384615384616 0.004807692307692308
22 0.5168269230769231 0.5961538461538461 0.009615384615384616 0.009615384615384616
3 0.5336538461538461 0.5168269230769231 0.004807692307692308 0.004807692307692308
3 0.546875 0.43149038461538464 0.016826923076923076 0.01201923076923077
23 0.5841346153846154 0.25 0.009615384615384616 0.004807692307692308
23 0.5372596153846154 0.5168269230769231 0.002403846153846154 0.004807692307692308
6 0.515625 0.6502403846153846 0.021634615384615384 0.01201923076923077
23 0.5240384615384616 0.6105769230769231 0.004807692307692308 0.004807692307692308
23 0.5240384615384616 0.6057692307692307 0.004807692307692308 0.004807692307692308
3 0.5336538461538461 0.5697115384615384 0.009615384615384616 0.004807692307692308
23 0.5324519230769231 0.6490384615384616 0.007211538461538462 0.004807692307692308
22 0.6009615384615384 0.28725961538461536 0.009615384615384616 0.007211538461538462
6 0.5649038461538461 0.5168269230769231 0.08653846153846154 0.25961538461538464
29 0.6117788461538461 0.28725961538461536 0.01201923076923077 0.01201923076923077
3 0.6105769230769231 0.2956730769230769 0.009615384615384616 0.004807692307692308
7 0.5480769230769231 0.65625 0.03365384615384615 0.009615384615384616
23 0.6346153846153846 0.2644230769230769 0.009615384615384616 0.004807692307692308
23 0.5925480769230769 0.5456730769230769 0.002403846153846154 0.004807692307692308
3 0.5913461538461539 0.5504807692307693 0.004807692307692308 0.004807692307692308
3 0.5913461538461539 0.5576923076923077 0.004807692307692308 0.004807692307692308
3 0.6033653846153846 0.49038461538461536 0.004807692307692308 0.004807692307692308
13 0.578125 0.6598557692307693 0.021634615384615384 0.01201923076923077
23 0.6081730769230769 0.49278846153846156 0.004807692307692308 0.004807692307692308
3 0.5961538461538461 0.5600961538461539 0.009615384615384616 0.004807692307692308
3 0.5985576923076923 0.5552884615384616 0.009615384615384616 0.004807692307692308
3 0.5865384615384616 0.6189903846153846 0.02403846153846154 0.016826923076923076
23 0.6538461538461539 0.265625 0.009615384615384616 0.007211538461538462
3 0.6057692307692307 0.5576923076923077 0.009615384615384616 0.004807692307692308
3 0.6057692307692307 0.5612980769230769 0.009615384615384616 0.007211538461538462
14 0.6129807692307693 0.5408653846153846 0.038461538461538464 0.038461538461538464
3 0.6105769230769231 0.5745192307692307 0.004807692307692308 0.004807692307692308
3 0.6105769230769231 0.5697115384615384 0.004807692307692308 0.004807692307692308
6 0.6574519230769231 0.3016826923076923 0.01201923076923077 0.016826923076923076
23 0.6201923076923077 0.5216346153846154 0.004807692307692308 0.004807692307692308
23 0.6634615384615384 0.28365384615384615 0.009615384615384616 0.004807692307692308
23 0.6646634615384616 0.27884615384615385 0.007211538461538462 0.004807692307692308
3 0.6153846153846154 0.5576923076923077 0.009615384615384616 0.004807692307692308
23 0.625 0.5204326923076923 0.004807692307692308 0.007211538461538462
3 0.6610576923076923 0.31971153846153844 0.004807692307692308 0.004807692307692308
3 0.6610576923076923 0.3269230769230769 0.004807692307692308 0.004807692307692308
3 0.6201923076923077 0.5649038461538461 0.009615384615384616 0.004807692307692308
3 0.6201923076923077 0.5697115384615384 0.009615384615384616 0.004807692307692308
23 0.65625 0.3701923076923077 0.004807692307692308 0.004807692307692308
23 0.6514423076923077 0.39663461538461536 0.004807692307692308 0.004807692307692308
7 0.6322115384615384 0.5132211538461539 0.019230769230769232 0.007211538461538462
29 0.6346153846153846 0.5 0.04807692307692308 0.02403846153846154
3 0.6322115384615384 0.5204326923076923 0.004807692307692308 0.007211538461538462
23 0.625 0.5600961538461539 0.009615384615384616 0.004807692307692308
29 0.6466346153846154 0.4567307692307692 0.03365384615384615 0.03365384615384615
3 0.6346153846153846 0.5288461538461539 0.004807692307692308 0.004807692307692308
23 0.6298076923076923 0.5528846153846154 0.004807692307692308 0.004807692307692308
3 0.6322115384615384 0.5456730769230769 0.004807692307692308 0.004807692307692308
3 0.6346153846153846 0.5336538461538461 0.004807692307692308 0.004807692307692308
3 0.6322115384615384 0.5408653846153846 0.004807692307692308 0.004807692307692308
23 0.6322115384615384 0.5576923076923077 0.009615384615384616 0.004807692307692308
6 0.6237980769230769 0.6105769230769231 0.040865384615384616 0.08173076923076923
23 0.6370192307692307 0.5384615384615384 0.004807692307692308 0.004807692307692308
23 0.6370192307692307 0.5432692307692307 0.004807692307692308 0.004807692307692308
23 0.6382211538461539 0.53125 0.002403846153846154 0.004807692307692308
23 0.6370192307692307 0.5504807692307693 0.004807692307692308 0.004807692307692308
7 0.640625 0.5252403846153846 0.01201923076923077 0.007211538461538462
3 0.7007211538461539 0.18028846153846154 0.007211538461538462 0.004807692307692308
23 0.6358173076923077 0.5625 0.007211538461538462 0.004807692307692308
23 0.7043269230769231 0.171875 0.009615384615384616 0.007211538461538462
23 0.6430288461538461 0.5288461538461539 0.007211538461538462 0.004807692307692308
23 0.6370192307692307 0.5552884615384616 0.009615384615384616 0.004807692307692308
23 0.6418269230769231 0.5384615384615384 0.004807692307692308 0.004807692307692308
3 0.6442307692307693 0.5336538461538461 0.004807692307692308 0.004807692307692308
7 0.6754807692307693 0.35096153846153844 0.03365384615384615 0.009615384615384616
7 0.6875 0.29086538461538464 0.03365384615384615 0.009615384615384616
23 0.6418269230769231 0.5456730769230769 0.004807692307692308 0.004807692307692308
23 0.6394230769230769 0.5504807692307693 0.004807692307692308 0.004807692307692308
7 0.6899038461538461 0.28365384615384615 0.03365384615384615 0.009615384615384616
23 0.6394230769230769 0.5600961538461539 0.009615384615384616 0.004807692307692308
29 0.6466346153846154 0.5168269230769231 0.009615384615384616 0.009615384615384616
14 0.6959134615384616 0.24158653846153846 0.06009615384615385 0.08413461538461539
14 0.6754807692307693 0.36538461538461536 0.038461538461538464 0.028846153846153848
14 0.6706730769230769 0.3894230769230769 0.038461538461538464 0.028846153846153848
15 0.6237980769230769 0.6694711538461539 0.01201923076923077 0.007211538461538462
15 0.625 0.6658653846153846 0.009615384615384616 0.004807692307692308
15 0.625 0.6610576923076923 0.009615384615384616 0.004807692307692308
3 0.6466346153846154 0.5336538461538461 0.004807692307692308 0.004807692307692308
23 0.6466346153846154 0.5408653846153846 0.004807692307692308 0.004807692307692308
23 0.6466346153846154 0.5456730769230769 0.004807692307692308 0.004807692307692308
23 0.6442307692307693 0.5528846153846154 0.004807692307692308 0.004807692307692308
29 0.7127403846153846 0.1814903846153846 0.01201923076923077 0.01201923076923077
3 0.6418269230769231 0.5841346153846154 0.004807692307692308 0.004807692307692308
3 0.6298076923076923 0.6574519230769231 0.004807692307692308 0.007211538461538462
3 0.6418269230769231 0.5793269230769231 0.004807692307692308 0.004807692307692308
3 0.640625 0.5961538461538461 0.002403846153846154 0.004807692307692308
23 0.6418269230769231 0.6081730769230769 0.004807692307692308 0.004807692307692308
23 0.6418269230769231 0.6129807692307693 0.004807692307692308 0.004807692307692308
3 0.6442307692307693 0.5961538461538461 0.004807692307692308 0.004807692307692308
13 0.6382211538461539 0.6382211538461539 0.01201923076923077 0.016826923076923076
23 0.6947115384615384 0.3076923076923077 0.009615384615384616 0.004807692307692308
15 0.6370192307692307 0.6538461538461539 0.009615384615384616 0.004807692307692308
23 0.6346153846153846 0.6658653846153846 0.004807692307692308 0.004807692307692308
23 0.71875 0.1971153846153846 0.004807692307692308 0.004807692307692308
3 0.6586538461538461 0.5288461538461539 0.009615384615384616 0.004807692307692308
3 0.6586538461538461 0.53125 0.009615384615384616 0.004807692307692308
3 0.6610576923076923 0.5264423076923077 0.009615384615384616 0.004807692307692308
3 0.6586538461538461 0.5456730769230769 0.009615384615384616 0.004807692307692308
3 0.6610576923076923 0.5252403846153846 0.009615384615384616 0.007211538461538462
3 0.6610576923076923 0.5216346153846154 0.009615384615384616 0.004807692307692308
3 0.6634615384615384 0.515625 0.009615384615384616 0.007211538461538462
3 0.65625 0.5504807692307693 0.009615384615384616 0.004807692307692308
3 0.6346153846153846 0.6706730769230769 0.009615384615384616 0.004807692307692308
3 0.6586538461538461 0.5420673076923077 0.009615384615384616 0.007211538461538462
3 0.6586538461538461 0.5336538461538461 0.009615384615384616 0.004807692307692308
3 0.6634615384615384 0.5192307692307693 0.009615384615384616 0.004807692307692308
3 0.6538461538461539 0.5697115384615384 0.009615384615384616 0.004807692307692308
3 0.65625 0.5552884615384616 0.009615384615384616 0.004807692307692308
3 0.6586538461538461 0.5384615384615384 0.009615384615384616 0.004807692307692308
3 0.6538461538461539 0.5600961538461539 0.009615384615384616 0.004807692307692308
3 0.6538461538461539 0.5673076923076923 0.009615384615384616 0.004807692307692308
3 0.6538461538461539 0.5625 0.009615384615384616 0.004807692307692308
23 0.6370192307692307 0.6658653846153846 0.004807692307692308 0.004807692307692308
14 0.6995192307692307 0.3269230769230769 0.0673076923076923 0.04326923076923077
23 0.6947115384615384 0.3485576923076923 0.004807692307692308 0.004807692307692308
23 0.7271634615384616 0.171875 0.021634615384615384 0.040865384615384616
23 0.6947115384615384 0.3605769230769231 0.004807692307692308 0.004807692307692308
3 0.6899038461538461 0.3870192307692308 0.004807692307692308 0.004807692307692308
23 0.6947115384615384 0.3701923076923077 0.004807692307692308 0.004807692307692308
15 0.6478365384615384 0.6394230769230769 0.007211538461538462 0.009615384615384616
3 0.6490384615384616 0.6298076923076923 0.009615384615384616 0.004807692307692308
3 0.6514423076923077 0.6274038461538461 0.009615384615384616 0.004807692307692308
3 0.6514423076923077 0.6201923076923077 0.009615384615384616 0.004807692307692308
3 0.6514423076923077 0.6322115384615384 0.009615384615384616 0.004807692307692308
3 0.6514423076923077 0.625 0.009615384615384616 0.004807692307692308
15 0.6790865384615384 0.47475961538461536 0.040865384615384616 0.03125
22 0.7043269230769231 0.3545673076923077 0.009615384615384616 0.007211538461538462
3 0.6598557692307693 0.6021634615384616 0.021634615384615384 0.016826923076923076
23 0.71875 0.2860576923076923 0.009615384615384616 0.004807692307692308
3 0.7283653846153846 0.23798076923076922 0.004807692307692308 0.004807692307692308
23 0.7283653846153846 0.23317307692307693 0.004807692307692308 0.004807692307692308
15 0.6935096153846154 0.44350961538461536 0.05048076923076923 0.036057692307692304
23 0.7439903846153846 0.16826923076923078 0.007211538461538462 0.004807692307692308
3 0.7307692307692307 0.24278846153846154 0.004807692307692308 0.004807692307692308
29 0.7091346153846154 0.3713942307692308 0.009615384615384616 0.007211538461538462
22 0.7139423076923077 0.35697115384615385 0.009615384615384616 0.007211538461538462
3 0.7115384615384616 0.3798076923076923 0.004807692307692308 0.004807692307692308
23 0.7247596153846154 0.3125 0.007211538461538462 0.004807692307692308
23 0.7295673076923077 0.2860576923076923 0.007211538461538462 0.004807692307692308
3 0.7259615384615384 0.3076923076923077 0.004807692307692308 0.004807692307692308
3 0.7367788461538461 0.24519230769230768 0.002403846153846154 0.004807692307692308
14 0.7319711538461539 0.2692307692307692 0.03125 0.038461538461538464
23 0.7151442307692307 0.3798076923076923 0.002403846153846154 0.004807692307692308
14 0.7403846153846154 0.23557692307692307 0.02403846153846154 0.014423076923076924
23 0.7403846153846154 0.24519230769230768 0.004807692307692308 0.004807692307692308
23 0.7451923076923077 0.2283653846153846 0.004807692307692308 0.004807692307692308
23 0.7451923076923077 0.2283653846153846 0.004807692307692308 0.004807692307692308
7 0.7235576923076923 0.3641826923076923 0.014423076923076924 0.026442307692307692
23 0.7319711538461539 0.3125 0.007211538461538462 0.004807692307692308
3 0.7331730769230769 0.31490384615384615 0.009615384615384616 0.004807692307692308
3 0.7331730769230769 0.3076923076923077 0.009615384615384616 0.004807692307692308
23 0.7451923076923077 0.25240384615384615 0.009615384615384616 0.004807692307692308
23 0.7403846153846154 0.28846153846153844 0.009615384615384616 0.004807692307692308
23 0.7451923076923077 0.25 0.009615384615384616 0.004807692307692308
3 0.75 0.23076923076923078 0.004807692307692308 0.004807692307692308
3 0.7548076923076923 0.2091346153846154 0.004807692307692308 0.004807692307692308
22 0.7211538461538461 0.41225961538461536 0.009615384615384616 0.007211538461538462
3 0.7259615384615384 0.38221153846153844 0.004807692307692308 0.004807692307692308
22 0.7091346153846154 0.4723557692307692 0.009615384615384616 0.007211538461538462
22 0.7115384615384616 0.4651442307692308 0.009615384615384616 0.007211538461538462
23 0.7079326923076923 0.49278846153846156 0.007211538461538462 0.004807692307692308
6 0.6778846153846154 0.6670673076923077 0.07692307692307693 0.040865384615384616
6 0.6850961538461539 0.6334134615384616 0.057692307692307696 0.040865384615384616
3 0.7091346153846154 0.4879807692307692 0.004807692307692308 0.004807692307692308
6 0.7043269230769231 0.5516826923076923 0.10096153846153846 0.13221153846153846
3 0.2644230769230769 0.1971153846153846 0.004807692307692308 0.004807692307692308
3 0.28125 0.10096153846153846 0.004807692307692308 0.004807692307692308
7 0.28365384615384615 0.09134615384615384 0.009615384615384616 0.009615384615384616
23 0.2644230769230769 0.20432692307692307 0.004807692307692308 0.004807692307692308
3 0.2644230769230769 0.21153846153846154 0.004807692307692308 0.004807692307692308
3 0.2644230769230769 0.21875 0.004807692307692308 0.004807692307692308
3 0.27884615384615385 0.125 0.009615384615384616 0.004807692307692308
3 0.2764423076923077 0.14182692307692307 0.009615384615384616 0.004807692307692308
3 0.2620192307692308 0.23076923076923078 0.009615384615384616 0.004807692307692308
23 0.2644230769230769 0.22596153846153846 0.009615384615384616 0.004807692307692308
3 0.2692307692307692 0.19951923076923078 0.004807692307692308 0.004807692307692308
23 0.20673076923076922 0.5528846153846154 0.004807692307692308 0.004807692307692308
3 0.2860576923076923 0.10336538461538461 0.004807692307692308 0.004807692307692308
3 0.21634615384615385 0.5096153846153846 0.004807692307692308 0.004807692307692308
22 0.2548076923076923 0.2920673076923077 0.009615384615384616 0.007211538461538462
3 0.21634615384615385 0.5048076923076923 0.004807692307692308 0.004807692307692308
23 0.26802884615384615 0.21875 0.002403846153846154 0.004807692307692308
22 0.2548076923076923 0.3016826923076923 0.009615384615384616 0.007211538461538462
23 0.2692307692307692 0.21153846153846154 0.004807692307692308 0.004807692307692308
3 0.22596153846153846 0.4579326923076923 0.014423076923076924 0.01201923076923077
23 0.22355769230769232 0.4735576923076923 0.004807692307692308 0.004807692307692308
3 0.22115384615384615 0.49038461538461536 0.004807692307692308 0.004807692307692308
3 0.2283653846153846 0.4495192307692308 0.009615384615384616 0.004807692307692308
3 0.21153846153846154 0.5528846153846154 0.004807692307692308 0.004807692307692308
22 0.22115384615384615 0.4963942307692308 0.009615384615384616 0.007211538461538462
22 0.22355769230769232 0.4831730769230769 0.009615384615384616 0.009615384615384616
7 0.29086538461538464 0.09375 0.009615384615384616 0.009615384615384616
3 0.27283653846153844 0.19951923076923078 0.002403846153846154 0.004807692307692308
23 0.29086538461538464 0.0985576923076923 0.009615384615384616 0.004807692307692308
23 0.27283653846153844 0.2091346153846154 0.007211538461538462 0.004807692307692308
3 0.27403846153846156 0.20673076923076922 0.009615384615384616 0.004807692307692308
6 0.24278846153846154 0.3786057692307692 0.04326923076923077 0.11298076923076923
3 0.22115384615384615 0.5048076923076923 0.004807692307692308 0.004807692307692308
3 0.27163461538461536 0.21875 0.004807692307692308 0.004807692307692308
3 0.22115384615384615 0.5120192307692307 0.004807692307692308 0.004807692307692308
9 0.21754807692307693 0.5276442307692307 0.021634615384615384 0.016826923076923076
23 0.2932692307692308 0.10336538461538461 0.004807692307692308 0.004807692307692308
23 0.22355769230769232 0.49038461538461536 0.004807692307692308 0.004807692307692308
23 0.27403846153846156 0.21394230769230768 0.004807692307692308 0.004807692307692308
3 0.23557692307692307 0.43990384615384615 0.004807692307692308 0.004807692307692308
23 0.28846153846153844 0.13822115384615385 0.009615384615384616 0.007211538461538462
9 0.21514423076923078 0.5432692307692307 0.026442307692307692 0.019230769230769232
15 0.23317307692307693 0.44591346153846156 0.004807692307692308 0.007211538461538462
23 0.27163461538461536 0.22596153846153846 0.009615384615384616 0.004807692307692308
3 0.27163461538461536 0.23076923076923078 0.009615384615384616 0.004807692307692308
23 0.2668269230769231 0.2620192307692308 0.004807692307692308 0.004807692307692308
22 0.25721153846153844 0.31850961538461536 0.009615384615384616 0.007211538461538462
3 0.2764423076923077 0.20192307692307693 0.004807692307692308 0.004807692307692308
23 0.21754807692307693 0.5552884615384616 0.002403846153846154 0.004807692307692308
3 0.22355769230769232 0.5120192307692307 0.004807692307692308 0.004807692307692308
23 0.2980769230769231 0.09134615384615384 0.004807692307692308 0.004807692307692308
3 0.22596153846153846 0.5048076923076923 0.004807692307692308 0.004807692307692308
23 0.2776442307692308 0.21634615384615385 0.002403846153846154 0.004807692307692308
3 0.2980769230769231 0.10576923076923077 0.004807692307692308 0.004807692307692308
23 0.2980769230769231 0.0985576923076923 0.004807692307692308 0.004807692307692308
29 0.21394230769230768 0.5757211538461539 0.03365384615384615 0.036057692307692304
3 0.23317307692307693 0.46875 0.004807692307692308 0.004807692307692308
7 0.2932692307692308 0.12620192307692307 0.014423076923076924 0.007211538461538462
23 0.2283653846153846 0.5 0.004807692307692308 0.004807692307692308
3 0.22115384615384615 0.5552884615384616 0.004807692307692308 0.004807692307692308
3 0.28125 0.20192307692307693 0.004807692307692308 0.004807692307692308
23 0.28125 0.2091346153846154 0.004807692307692308 0.004807692307692308
3 0.23677884615384615 0.46875 0.002403846153846154 0.004807692307692308
3 0.2283653846153846 0.5120192307692307 0.004807692307692308 0.004807692307692308
23 0.28125 0.21634615384615385 0.004807692307692308 0.004807692307692308
3 0.30288461538461536 0.09134615384615384 0.004807692307692308 0.004807692307692308
3 0.23317307692307693 0.5 0.004807692307692308 0.004807692307692308
7 0.2824519230769231 0.22355769230769232 0.007211538461538462 0.009615384615384616
7 0.28125 0.23317307692307693 0.009615384615384616 0.009615384615384616
23 0.22355769230769232 0.5552884615384616 0.004807692307692308 0.004807692307692308
3 0.2956730769230769 0.14543269230769232 0.009615384615384616 0.007211538461538462
22 0.23317307692307693 0.5060096153846154 0.009615384615384616 0.007211538461538462
3 0.28725961538461536 0.20192307692307693 0.002403846153846154 0.004807692307692308
23 0.30528846153846156 0.10697115384615384 0.009615384615384616 0.007211538461538462
23 0.30528846153846156 0.10216346153846154 0.009615384615384616 0.007211538461538462
23 0.3076923076923077 0.09975961538461539 0.009615384615384616 0.007211538461538462
3 0.23317307692307693 0.5144230769230769 0.004807692307692308 0.004807692307692308
3 0.2403846153846154 0.47115384615384615 0.004807692307692308 0.004807692307692308
23 0.24278846153846154 0.4639423076923077 0.004807692307692308 0.004807692307692308
23 0.28846153846153844 0.2091346153846154 0.004807692307692308 0.004807692307692308
23 0.3004807692307692 0.14182692307692307 0.009615384615384616 0.004807692307692308
23 0.28846153846153844 0.21634615384615385 0.004807692307692308 0.004807692307692308
23 0.31009615384615385 0.09375 0.004807692307692308 0.004807692307692308
3 0.24519230769230768 0.4567307692307692 0.004807692307692308 0.004807692307692308
14 0.296875 0.17548076923076922 0.06490384615384616 0.057692307692307696
3 0.2403846153846154 0.5 0.004807692307692308 0.004807692307692308
23 0.29086538461538464 0.20432692307692307 0.004807692307692308 0.004807692307692308
23 0.2860576923076923 0.23317307692307693 0.004807692307692308 0.004807692307692308
3 0.24519230769230768 0.47115384615384615 0.004807692307692308 0.004807692307692308
3 0.23798076923076922 0.5144230769230769 0.004807692307692308 0.004807692307692308
3 0.24759615384615385 0.4639423076923077 0.004807692307692308 0.004807692307692308
3 0.2403846153846154 0.5096153846153846 0.004807692307692308 0.004807692307692308
3 0.3125 0.09375 0.004807692307692308 0.004807692307692308
3 0.25 0.4567307692307692 0.004807692307692308 0.004807692307692308
3 0.29086538461538464 0.21634615384615385 0.004807692307692308 0.004807692307692308
23 0.2932692307692308 0.21153846153846154 0.004807692307692308 0.004807692307692308
23 0.2283653846153846 0.5865384615384616 0.004807692307692308 0.004807692307692308
3 0.3125 0.10817307692307693 0.004807692307692308 0.004807692307692308
23 0.2283653846153846 0.5913461538461539 0.004807692307692308 0.004807692307692308
23 0.3076923076923077 0.14423076923076922 0.004807692307692308 0.004807692307692308
23 0.2956730769230769 0.20432692307692307 0.004807692307692308 0.004807692307692308
3 0.24879807692307693 0.47115384615384615 0.002403846153846154 0.004807692307692308
9 0.23798076923076922 0.5372596153846154 0.02403846153846154 0.016826923076923076
23 0.23317307692307693 0.5673076923076923 0.004807692307692308 0.004807692307692308
6 0.3125 0.12259615384615384 0.07211538461538461 0.02403846153846154
3 0.24519230769230768 0.5096153846153846 0.004807692307692308 0.004807692307692308
22 0.27884615384615385 0.3137019230769231 0.009615384615384616 0.007211538461538462
3 0.2548076923076923 0.45913461538461536 0.004807692307692308 0.004807692307692308
23 0.31971153846153844 0.09615384615384616 0.004807692307692308 0.004807692307692308
7 0.3173076923076923 0.10216346153846154 0.009615384615384616 0.007211538461538462
22 0.24759615384615385 0.5012019230769231 0.009615384615384616 0.007211538461538462
22 0.27884615384615385 0.3329326923076923 0.009615384615384616 0.007211538461538462
23 0.2980769230769231 0.21153846153846154 0.004807692307692308 0.004807692307692308
3 0.2980769230769231 0.21875 0.004807692307692308 0.004807692307692308
6 0.26802884615384615 0.3858173076923077 0.040865384615384616 0.10817307692307693
22 0.2548076923076923 0.4651442307692308 0.009615384615384616 0.007211538461538462
23 0.3125 0.14423076923076922 0.004807692307692308 0.004807692307692308
3 0.31971153846153844 0.10817307692307693 0.004807692307692308 0.004807692307692308
14 0.2512019230769231 0.4879807692307692 0.05048076923076923 0.028846153846153848
3 0.2548076923076923 0.4735576923076923 0.004807692307692308 0.004807692307692308
3 0.24879807692307693 0.5096153846153846 0.002403846153846154 0.004807692307692308
3 0.25721153846153844 0.45913461538461536 0.004807692307692308 0.004807692307692308
22 0.30288461538461536 0.20552884615384615 0.009615384615384616 0.007211538461538462
23 0.32211538461538464 0.09495192307692307 0.004807692307692308 0.007211538461538462
23 0.3004807692307692 0.22956730769230768 0.009615384615384616 0.007211538461538462
23 0.32211538461538464 0.10817307692307693 0.004807692307692308 0.004807692307692308
23 0.3161057692307692 0.14423076923076922 0.002403846153846154 0.004807692307692308
3 0.25240384615384615 0.5096153846153846 0.004807692307692308 0.004807692307692308
23 0.25240384615384615 0.5168269230769231 0.004807692307692308 0.004807692307692308
6 0.31850961538461536 0.13581730769230768 0.021634615384615384 0.01201923076923077
3 0.2620192307692308 0.45913461538461536 0.004807692307692308 0.004807692307692308
3 0.30288461538461536 0.22596153846153846 0.009615384615384616 0.004807692307692308
3 0.2548076923076923 0.5048076923076923 0.004807692307692308 0.004807692307692308
23 0.3245192307692308 0.10336538461538461 0.004807692307692308 0.004807692307692308
3 0.3076923076923077 0.21153846153846154 0.009615384615384616 0.004807692307692308
22 0.28846153846153844 0.3161057692307692 0.009615384615384616 0.007211538461538462
3 0.30528846153846156 0.21634615384615385 0.009615384615384616 0.004807692307692308
3 0.2620192307692308 0.4735576923076923 0.004807692307692308 0.004807692307692308
23 0.23918269230769232 0.5961538461538461 0.007211538461538462 0.004807692307692308
3 0.30528846153846156 0.21875 0.009615384615384616 0.004807692307692308
3 0.2668269230769231 0.4423076923076923 0.009615384615384616 0.004807692307692308
23 0.24278846153846154 0.5913461538461539 0.009615384615384616 0.004807692307692308
23 0.2644230769230769 0.46634615384615385 0.004807692307692308 0.004807692307692308
23 0.3293269230769231 0.09615384615384616 0.004807692307692308 0.004807692307692308
3 0.32091346153846156 0.14423076923076922 0.002403846153846154 0.004807692307692308
3 0.2548076923076923 0.5168269230769231 0.004807692307692308 0.004807692307692308
3 0.2668269230769231 0.46153846153846156 0.004807692307692308 0.004807692307692308
3 0.31009615384615385 0.2091346153846154 0.004807692307692308 0.004807692307692308
3 0.25600961538461536 0.5120192307692307 0.002403846153846154 0.004807692307692308
23 0.25721153846153844 0.5048076923076923 0.004807692307692308 0.004807692307692308
23 0.32211538461538464 0.14903846153846154 0.009615384615384616 0.004807692307692308
23 0.2668269230769231 0.46875 0.004807692307692308 0.004807692307692308
3 0.2668269230769231 0.47596153846153844 0.004807692307692308 0.004807692307692308
15 0.25240384615384615 0.5588942307692307 0.04326923076923077 0.036057692307692304
23 0.25721153846153844 0.5360576923076923 0.009615384615384616 0.004807692307692308
23 0.32572115384615385 0.1466346153846154 0.002403846153846154 0.004807692307692308
3 0.2620192307692308 0.5048076923076923 0.004807692307692308 0.004807692307692308
23 0.25721153846153844 0.53125 0.009615384615384616 0.004807692307692308
3 0.27163461538461536 0.46875 0.004807692307692308 0.004807692307692308
3 0.2644230769230769 0.5120192307692307 0.004807692307692308 0.004807692307692308
3 0.25961538461538464 0.5408653846153846 0.009615384615384616 0.004807692307692308
7 0.33653846153846156 0.09735576923076923 0.014423076923076924 0.007211538461538462
3 0.27884615384615385 0.4254807692307692 0.004807692307692308 0.004807692307692308
23 0.27163461538461536 0.47596153846153844 0.004807692307692308 0.004807692307692308
23 0.2644230769230769 0.5192307692307693 0.009615384615384616 0.004807692307692308
3 0.2644230769230769 0.5168269230769231 0.009615384615384616 0.004807692307692308
22 0.3173076923076923 0.21634615384615385 0.009615384615384616 0.009615384615384616
23 0.2668269230769231 0.5048076923076923 0.004807692307692308 0.004807692307692308
23 0.32211538461538464 0.19951923076923078 0.004807692307692308 0.004807692307692308
3 0.2764423076923077 0.46875 0.004807692307692308 0.004807692307692308
14 0.3076923076923077 0.2932692307692308 0.028846153846153848 0.019230769230769232
29 0.25600961538461536 0.5829326923076923 0.04567307692307692 0.026442307692307692
3 0.26802884615384615 0.5120192307692307 0.002403846153846154 0.004807692307692308
3 0.3293269230769231 0.1658653846153846 0.004807692307692308 0.004807692307692308
3 0.2764423076923077 0.47596153846153844 0.004807692307692308 0.004807692307692308
23 0.2644230769230769 0.5372596153846154 0.009615384615384616 0.007211538461538462
3 0.27163461538461536 0.5072115384615384 0.004807692307692308 0.004807692307692308
3 0.3269230769230769 0.18990384615384615 0.009615384615384616 0.004807692307692308
3 0.2800480769230769 0.47115384615384615 0.002403846153846154 0.004807692307692308
3 0.2692307692307692 0.5336538461538461 0.009615384615384616 0.004807692307692308
23 0.33052884615384615 0.18028846153846154 0.007211538461538462 0.004807692307692308
3 0.3317307692307692 0.17307692307692307 0.009615384615384616 0.004807692307692308
7 0.3293269230769231 0.19591346153846154 0.009615384615384616 0.007211538461538462
3 0.27884615384615385 0.47836538461538464 0.004807692307692308 0.004807692307692308
23 0.3293269230769231 0.19951923076923078 0.009615384615384616 0.004807692307692308
3 0.33653846153846156 0.16826923076923078 0.004807692307692308 0.004807692307692308
23 0.28365384615384615 0.47115384615384615 0.004807692307692308 0.004807692307692308
22 0.3293269230769231 0.2127403846153846 0.009615384615384616 0.007211538461538462
7 0.3485576923076923 0.10096153846153846 0.009615384615384616 0.004807692307692308
7 0.35096153846153844 0.09375 0.009615384615384616 0.009615384615384616
3 0.2764423076923077 0.5168269230769231 0.004807692307692308 0.004807692307692308
22 0.28125 0.5036057692307693 0.014423076923076924 0.01201923076923077
22 0.28365384615384615 0.4891826923076923 0.009615384615384616 0.007211538461538462
3 0.33653846153846156 0.1875 0.009615384615384616 0.004807692307692308
23 0.28846153846153844 0.47115384615384615 0.004807692307692308 0.004807692307692308
15 0.28125 0.5108173076923077 0.009615384615384616 0.007211538461538462
22 0.2860576923076923 0.4807692307692308 0.009615384615384616 0.004807692307692308
22 0.2860576923076923 0.47596153846153844 0.009615384615384616 0.004807692307692308
22 0.2860576923076923 0.4831730769230769 0.009615384615384616 0.004807692307692308
3 0.33774038461538464 0.1971153846153846 0.007211538461538462 0.004807692307692308
3 0.34134615384615385 0.17548076923076922 0.009615384615384616 0.004807692307692308
3 0.3389423076923077 0.19471153846153846 0.009615384615384616 0.004807692307692308
22 0.28846153846153844 0.4855769230769231 0.009615384615384616 0.004807692307692308
3 0.28125 0.5168269230769231 0.004807692307692308 0.004807692307692308
3 0.2932692307692308 0.4543269230769231 0.004807692307692308 0.004807692307692308
3 0.34134615384615385 0.18629807692307693 0.009615384615384616 0.007211538461538462
3 0.33653846153846156 0.21394230769230768 0.004807692307692308 0.004807692307692308
23 0.2800480769230769 0.5408653846153846 0.007211538461538462 0.004807692307692308
3 0.29086538461538464 0.4735576923076923 0.004807692307692308 0.004807692307692308
3 0.3076923076923077 0.3798076923076923 0.004807692307692308 0.004807692307692308
23 0.33533653846153844 0.22115384615384615 0.007211538461538462 0.004807692307692308
22 0.28846153846153844 0.5 0.004807692307692308 0.004807692307692308
23 0.3401442307692308 0.2091346153846154 0.007211538461538462 0.004807692307692308
3 0.2764423076923077 0.5721153846153846 0.009615384615384616 0.004807692307692308
7 0.35216346153846156 0.140625 0.01201923076923077 0.007211538461538462
3 0.27403846153846156 0.5745192307692307 0.009615384615384616 0.004807692307692308
23 0.2764423076923077 0.5673076923076923 0.009615384615384616 0.004807692307692308
3 0.32572115384615385 0.2932692307692308 0.007211538461538462 0.004807692307692308
3 0.3245192307692308 0.2980769230769231 0.009615384615384616 0.004807692307692308
22 0.29086538461538464 0.49038461538461536 0.004807692307692308 0.004807692307692308
3 0.34134615384615385 0.20673076923076922 0.009615384615384616 0.004807692307692308
22 0.3485576923076923 0.16947115384615385 0.009615384615384616 0.007211538461538462
23 0.35336538461538464 0.14543269230769232 0.009615384615384616 0.007211538461538462
3 0.34615384615384615 0.18269230769230768 0.009615384615384616 0.004807692307692308
23 0.359375 0.10817307692307693 0.007211538461538462 0.004807692307692308
3 0.3473557692307692 0.18028846153846154 0.007211538461538462 0.004807692307692308
14 0.28966346153846156 0.515625 0.007211538461538462 0.007211538461538462
22 0.2956730769230769 0.4807692307692308 0.004807692307692308 0.004807692307692308
22 0.2956730769230769 0.49038461538461536 0.004807692307692308 0.004807692307692308
7 0.30528846153846156 0.4266826923076923 0.014423076923076924 0.026442307692307692
23 0.2932692307692308 0.5012019230769231 0.004807692307692308 0.007211538461538462
23 0.3641826923076923 0.11298076923076923 0.007211538461538462 0.004807692307692308
23 0.3389423076923077 0.2608173076923077 0.009615384615384616 0.007211538461538462
23 0.33653846153846156 0.2644230769230769 0.009615384615384616 0.004807692307692308
23 0.28125 0.5913461538461539 0.004807692307692308 0.004807692307692308
3 0.2956730769230769 0.5144230769230769 0.004807692307692308 0.004807692307692308
23 0.3004807692307692 0.5 0.004807692307692308 0.004807692307692308
23 0.30528846153846156 0.47596153846153844 0.004807692307692308 0.004807692307692308
23 0.30528846153846156 0.46634615384615385 0.004807692307692308 0.004807692307692308
3 0.2860576923076923 0.5913461538461539 0.004807692307692308 0.004807692307692308
23 0.36538461538461536 0.14903846153846154 0.009615384615384616 0.004807692307692308