14 0.33533653846153844 0.6490384615384616 0.026442307692307692 0.02403846153846154
14 0.328125 0.5985576923076923 0.01201923076923077 0.019230769230769232
14 0.32572115384615385 0.515625 0.04567307692307692 0.036057692307692304
14 0.3125 0.375 0.0625 0.04807692307692308
14 0.31009615384615385 0.3173076923076923 0.02403846153846154 0.02403846153846154
14 0.359375 0.59375 0.01201923076923077 0.014423076923076924
7 0.38221153846153844 0.671875 0.04807692307692308 0.016826923076923076
14 0.3473557692307692 0.4230769230769231 0.021634615384615384 0.02403846153846154
14 0.38461538461538464 0.640625 0.02403846153846154 0.021634615384615384
14 0.3629807692307692 0.46274038461538464 0.02403846153846154 0.036057692307692304
7 0.4519230769230769 0.6598557692307693 0.04326923076923077 0.016826923076923076
14 0.4170673076923077 0.37259615384615385 0.036057692307692304 0.019230769230769232
14 0.4098557692307692 0.32211538461538464 0.036057692307692304 0.019230769230769232
14 0.42427884615384615 0.4230769230769231 0.036057692307692304 0.019230769230769232
14 0.4014423076923077 0.2704326923076923 0.038461538461538464 0.021634615384615384
14 0.45072115384615385 0.5745192307692307 0.040865384615384616 0.019230769230769232
14 0.4423076923076923 0.5240384615384616 0.038461538461538464 0.019230769230769232
14 0.4362980769230769 0.4735576923076923 0.036057692307692304 0.019230769230769232
14 0.46033653846153844 0.625 0.036057692307692304 0.019230769230769232
14 0.46033653846153844 0.4326923076923077 0.01201923076923077 0.019230769230769232
14 0.44350961538461536 0.3317307692307692 0.016826923076923076 0.019230769230769232
14 0.453125 0.38100961538461536 0.016826923076923076 0.021634615384615384
14 0.48677884615384615 0.5829326923076923 0.016826923076923076 0.021634615384615384
3 0.44471153846153844 0.3112980769230769 0.014423076923076924 0.007211538461538462
3 0.46153846153846156 0.4110576923076923 0.014423076923076924 0.004807692307692308
3 0.453125 0.36177884615384615 0.01201923076923077 0.007211538461538462
14 0.4951923076923077 0.6334134615384616 0.019230769230769232 0.021634615384615384
3 0.4879807692307692 0.3016826923076923 0.009615384615384616 0.007211538461538462
3 0.5048076923076923 0.40625 0.009615384615384616 0.004807692307692308
3 0.49759615384615385 0.35336538461538464 0.009615384615384616 0.004807692307692308
3 0.5168269230769231 0.33533653846153844 0.014423076923076924 0.007211538461538462
14 0.5144230769230769 0.2608173076923077 0.04807692307692308 0.036057692307692304
14 0.5552884615384616 0.515625 0.04807692307692308 0.036057692307692304
14 0.5384615384615384 0.41346153846153844 0.04326923076923077 0.03365384615384615
14 0.5228365384615384 0.3125 0.040865384615384616 0.028846153846153848
14 0.53125 0.3629807692307692 0.04326923076923077 0.03365384615384615
14 0.5637019230769231 0.5637019230769231 0.04567307692307692 0.036057692307692304
14 0.5480769230769231 0.4639423076923077 0.04326923076923077 0.03365384615384615
14 0.5733173076923077 0.6153846153846154 0.040865384615384616 0.03365384615384615
7 0.6189903846153846 0.6502403846153846 0.026442307692307692 0.01201923076923077
29 0.7067307692307693 0.4026442307692308 0.009615384615384616 0.007211538461538462
29 0.7163461538461539 0.4206730769230769 0.004807692307692308 0.004807692307692308
29 0.7151442307692307 0.4110576923076923 0.007211538461538462 0.004807692307692308
29 0.7355769230769231 0.43028846153846156 0.019230769230769232 0.014423076923076924
29 0.7319711538461539 0.40865384615384615 0.016826923076923076 0.014423076923076924
14 0.7487980769230769 0.5012019230769231 0.021634615384615384 0.021634615384615384
14 0.2283653846153846 0.3329326923076923 0.014423076923076924 0.016826923076923076
14 0.2704326923076923 0.53125 0.026442307692307692 0.02403846153846154
14 0.2800480769230769 0.6069711538461539 0.01201923076923077 0.016826923076923076
14 0.2932692307692308 0.65625 0.014423076923076924 0.019230769230769232
14 0.2704326923076923 0.4543269230769231 0.055288461538461536 0.07692307692307693
14 0.2668269230769231 0.32572115384615385 0.019230769230769232 0.016826923076923076