15 0.3233173076923077 0.4050480769230769 0.026442307692307692 0.04567307692307692
28 0.5961538461538461 0.5036057692307693 0.11057692307692307 0.09375
28 0.3870192307692308 0.4579326923076923 0.11538461538461539 0.0985576923076923
28 0.18028846153846154 0.4098557692307692 0.11538461538461539 0.0985576923076923
3 0.6766826923076923 0.5540865384615384 0.002403846153846154 0.002403846153846154
3 0.2692307692307692 0.46033653846153844 0.004807692307692308 0.007211538461538462
7 0.24519230769230768 0.4579326923076923 0.009615384615384616 0.01201923076923077
23 0.5288461538461539 0.5252403846153846 0.004807692307692308 0.007211538461538462
3 0.5264423076923077 0.5228365384615384 0.004807692307692308 0.007211538461538462
7 0.2860576923076923 0.4675480769230769 0.009615384615384616 0.01201923076923077
29 0.10576923076923077 0.42908653846153844 0.009615384615384616 0.01201923076923077
23 0.11538461538461539 0.42908653846153844 0.004807692307692308 0.007211538461538462
3 0.11298076923076923 0.42908653846153844 0.004807692307692308 0.007211538461538462
3 0.44711538461538464 0.5084134615384616 0.004807692307692308 0.007211538461538462
23 0.4423076923076923 0.5060096153846154 0.004807692307692308 0.007211538461538462
23 0.46153846153846156 0.5108173076923077 0.004807692307692308 0.007211538461538462
3 0.45913461538461536 0.5108173076923077 0.004807692307692308 0.007211538461538462
7 0.4495192307692308 0.5084134615384616 0.009615384615384616 0.01201923076923077
7 0.6754807692307693 0.5600961538461539 0.009615384615384616 0.009615384615384616
3 0.6610576923076923 0.5564903846153846 0.004807692307692308 0.007211538461538462
3 0.6682692307692307 0.5588942307692307 0.004807692307692308 0.007211538461538462
23 0.6634615384615384 0.5588942307692307 0.004807692307692308 0.007211538461538462
7 0.6514423076923077 0.5564903846153846 0.009615384615384616 0.01201923076923077
3 0.6466346153846154 0.5564903846153846 0.004807692307692308 0.007211538461538462
23 0.6442307692307693 0.5540865384615384 0.004807692307692308 0.007211538461538462
7 0.5216346153846154 0.5252403846153846 0.009615384615384616 0.01201923076923077
23 0.5144230769230769 0.5252403846153846 0.004807692307692308 0.007211538461538462
7 0.47115384615384615 0.5144230769230769 0.009615384615384616 0.009615384615384616
3 0.515625 0.5252403846153846 0.007211538461538462 0.007211538461538462
3 0.46634615384615385 0.5132211538461539 0.004807692307692308 0.007211538461538462
23 0.2980769230769231 0.47475961538461536 0.004807692307692308 0.007211538461538462
3 0.28125 0.4699519230769231 0.004807692307692308 0.007211538461538462
23 0.2548076923076923 0.4651442307692308 0.004807692307692308 0.007211538461538462
3 0.2980769230769231 0.47475961538461536 0.004807692307692308 0.007211538461538462
23 0.27884615384615385 0.4699519230769231 0.004807692307692308 0.007211538461538462
7 0.2644230769230769 0.46634615384615385 0.009615384615384616 0.009615384615384616
3 0.25721153846153844 0.4651442307692308 0.004807692307692308 0.007211538461538462
3 0.25240384615384615 0.4651442307692308 0.004807692307692308 0.007211538461538462
3 0.2403846153846154 0.46033653846153844 0.004807692307692308 0.007211538461538462
23 0.23557692307692307 0.46033653846153844 0.004807692307692308 0.007211538461538462
3 0.10096153846153846 0.42908653846153844 0.004807692307692308 0.007211538461538462
23 0.0985576923076923 0.42908653846153844 0.004807692307692308 0.007211538461538462
3 0.46875 0.5228365384615384 0.004807692307692308 0.007211538461538462
7 0.31490384615384615 0.48677884615384615 0.009615384615384616 0.01201923076923077
23 0.30408653846153844 0.4855769230769231 0.007211538461538462 0.009615384615384616
23 0.28365384615384615 0.4795673076923077 0.004807692307692308 0.007211538461538462
23 0.2956730769230769 0.484375 0.004807692307692308 0.007211538461538462
23 0.3161057692307692 0.49759615384615385 0.007211538461538462 0.009615384615384616
23 0.30288461538461536 0.4963942307692308 0.004807692307692308 0.007211538461538462
23 0.2956730769230769 0.49399038461538464 0.004807692307692308 0.007211538461538462
23 0.3125 0.4987980769230769 0.004807692307692308 0.007211538461538462
23 0.31009615384615385 0.4963942307692308 0.004807692307692308 0.007211538461538462
23 0.3076923076923077 0.4963942307692308 0.004807692307692308 0.007211538461538462
3 0.6021634615384616 0.5769230769230769 0.007211538461538462 0.014423076923076924
3 0.5949519230769231 0.5745192307692307 0.007211538461538462 0.014423076923076924
3 0.5877403846153846 0.5721153846153846 0.007211538461538462 0.014423076923076924
3 0.39783653846153844 0.5288461538461539 0.007211538461538462 0.014423076923076924
3 0.390625 0.5264423076923077 0.007211538461538462 0.014423076923076924
3 0.4026442307692308 0.5288461538461539 0.007211538461538462 0.014423076923076924
7 0.2764423076923077 0.5012019230769231 0.009615384615384616 0.01201923076923077
3 0.16466346153846154 0.47596153846153844 0.007211538461538462 0.014423076923076924
3 0.171875 0.47596153846153844 0.007211538461538462 0.014423076923076924
3 0.17908653846153846 0.47836538461538464 0.007211538461538462 0.014423076923076924
23 0.33413461538461536 0.5204326923076923 0.004807692307692308 0.007211538461538462
29 0.25 0.5024038461538461 0.009615384615384616 0.014423076923076924
29 0.31490384615384615 0.5192307692307693 0.009615384615384616 0.014423076923076924
29 0.3088942307692308 0.5180288461538461 0.007211538461538462 0.01201923076923077
29 0.6153846153846154 0.5901442307692307 0.014423076923076924 0.021634615384615384
29 0.5625 0.5769230769230769 0.014423076923076924 0.02403846153846154
29 0.3629807692307692 0.53125 0.014423076923076924 0.02403846153846154
29 0.41346153846153844 0.5444711538461539 0.014423076923076924 0.026442307692307692
23 0.3245192307692308 0.5228365384615384 0.004807692307692308 0.007211538461538462
3 0.32211538461538464 0.5228365384615384 0.004807692307692308 0.007211538461538462
29 0.3293269230769231 0.5252403846153846 0.009615384615384616 0.01201923076923077
3 0.2980769230769231 0.5204326923076923 0.004807692307692308 0.007211538461538462
3 0.2956730769230769 0.5180288461538461 0.004807692307692308 0.007211538461538462
23 0.2932692307692308 0.5180288461538461 0.004807692307692308 0.007211538461538462
3 0.3004807692307692 0.5204326923076923 0.004807692307692308 0.007211538461538462
7 0.2692307692307692 0.5132211538461539 0.009615384615384616 0.01201923076923077
29 0.33413461538461536 0.5300480769230769 0.009615384615384616 0.01201923076923077
23 0.2620192307692308 0.5132211538461539 0.004807692307692308 0.007211538461538462
7 0.2536057692307692 0.5120192307692307 0.007211538461538462 0.009615384615384616
23 0.25841346153846156 0.5144230769230769 0.007211538461538462 0.009615384615384616
23 0.2920673076923077 0.5240384615384616 0.002403846153846154 0.004807692307692308
23 0.31971153846153844 0.5300480769230769 0.004807692307692308 0.007211538461538462
3 0.5733173076923077 0.5913461538461539 0.007211538461538462 0.014423076923076924
3 0.41947115384615385 0.5552884615384616 0.007211538461538462 0.014423076923076924
3 0.3737980769230769 0.5432692307692307 0.007211538461538462 0.014423076923076924
3 0.6237980769230769 0.6009615384615384 0.007211538461538462 0.014423076923076924
3 0.30528846153846156 0.5300480769230769 0.004807692307692308 0.007211538461538462
3 0.33653846153846156 0.5372596153846154 0.009615384615384616 0.01201923076923077
13 0.6310096153846154 0.6081730769230769 0.01201923076923077 0.019230769230769232
23 0.28846153846153844 0.5300480769230769 0.004807692307692308 0.007211538461538462
23 0.2704326923076923 0.5240384615384616 0.002403846153846154 0.004807692307692308
3 0.2668269230769231 0.5252403846153846 0.004807692307692308 0.007211538461538462
23 0.2764423076923077 0.5276442307692307 0.004807692307692308 0.007211538461538462
23 0.2644230769230769 0.5228365384615384 0.004807692307692308 0.007211538461538462
29 0.16346153846153846 0.5 0.014423076923076924 0.02403846153846154
29 0.11057692307692307 0.4879807692307692 0.014423076923076924 0.02403846153846154
23 0.33052884615384615 0.5408653846153846 0.007211538461538462 0.009615384615384616
23 0.24759615384615385 0.5228365384615384 0.004807692307692308 0.007211538461538462
23 0.2403846153846154 0.5228365384615384 0.004807692307692308 0.007211538461538462
23 0.23798076923076922 0.5204326923076923 0.004807692307692308 0.007211538461538462
3 0.11899038461538461 0.49278846153846156 0.007211538461538462 0.014423076923076924
3 0.2620192307692308 0.5276442307692307 0.004807692307692308 0.007211538461538462
23 0.25721153846153844 0.5252403846153846 0.004807692307692308 0.007211538461538462
23 0.2548076923076923 0.5252403846153846 0.004807692307692308 0.007211538461538462
3 0.2439903846153846 0.5240384615384616 0.007211538461538462 0.009615384615384616
9 0.4495192307692308 0.5733173076923077 0.04807692307692308 0.036057692307692304
9 0.5 0.5853365384615384 0.04807692307692308 0.036057692307692304
3 0.5769230769230769 0.6045673076923077 0.004807692307692308 0.007211538461538462
3 0.5745192307692307 0.6021634615384616 0.004807692307692308 0.007211538461538462
3 0.5721153846153846 0.6021634615384616 0.004807692307692308 0.007211538461538462
3 0.5697115384615384 0.6021634615384616 0.004807692307692308 0.007211538461538462
3 0.2860576923076923 0.5372596153846154 0.004807692307692308 0.007211538461538462
23 0.2764423076923077 0.5348557692307693 0.004807692307692308 0.007211538461538462
3 0.171875 0.5120192307692307 0.007211538461538462 0.014423076923076924
23 0.28365384615384615 0.5372596153846154 0.004807692307692308 0.007211538461538462
3 0.30528846153846156 0.5420673076923077 0.004807692307692308 0.007211538461538462
3 0.24879807692307693 0.53125 0.002403846153846154 0.004807692307692308
14 0.29447115384615385 0.5420673076923077 0.021634615384615384 0.021634615384615384
23 0.26802884615384615 0.5360576923076923 0.002403846153846154 0.004807692307692308
29 0.3233173076923077 0.5492788461538461 0.01201923076923077 0.016826923076923076
3 0.31009615384615385 0.546875 0.004807692307692308 0.007211538461538462
3 0.2644230769230769 0.5372596153846154 0.004807692307692308 0.007211538461538462
3 0.3076923076923077 0.546875 0.004807692307692308 0.007211538461538462
23 0.0985576923076923 0.5012019230769231 0.004807692307692308 0.007211538461538462
3 0.3161057692307692 0.5504807692307693 0.007211538461538462 0.009615384615384616
3 0.3293269230769231 0.5540865384615384 0.004807692307692308 0.007211538461538462
23 0.1466346153846154 0.5132211538461539 0.004807692307692308 0.007211538461538462
23 0.23317307692307693 0.5348557692307693 0.004807692307692308 0.007211538461538462
3 0.27884615384615385 0.5456730769230769 0.004807692307692308 0.009615384615384616
23 0.24759615384615385 0.5372596153846154 0.004807692307692308 0.007211538461538462
3 0.28365384615384615 0.5456730769230769 0.004807692307692308 0.009615384615384616
23 0.2764423076923077 0.5456730769230769 0.004807692307692308 0.009615384615384616
7 0.2512019230769231 0.5384615384615384 0.007211538461538462 0.009615384615384616
7 0.1502403846153846 0.5168269230769231 0.007211538461538462 0.009615384615384616
3 0.3076923076923077 0.5540865384615384 0.004807692307692308 0.007211538461538462
3 0.30288461538461536 0.5516826923076923 0.004807692307692308 0.007211538461538462
3 0.26322115384615385 0.5432692307692307 0.002403846153846154 0.004807692307692308
23 0.2668269230769231 0.5444711538461539 0.004807692307692308 0.007211538461538462
3 0.30528846153846156 0.5540865384615384 0.004807692307692308 0.007211538461538462
14 0.25721153846153844 0.5408653846153846 0.014423076923076924 0.02403846153846154
7 0.09495192307692307 0.5048076923076923 0.007211538461538462 0.009615384615384616
14 0.23798076923076922 0.5384615384615384 0.014423076923076924 0.02403846153846154
7 0.15384615384615385 0.5192307692307693 0.004807692307692308 0.009615384615384616
3 0.1622596153846154 0.5216346153846154 0.002403846153846154 0.004807692307692308
7 0.1045673076923077 0.5072115384615384 0.007211538461538462 0.009615384615384616
23 0.15144230769230768 0.5204326923076923 0.004807692307692308 0.007211538461538462
23 0.14182692307692307 0.5180288461538461 0.004807692307692308 0.007211538461538462
9 0.20432692307692307 0.5324519230769231 0.04807692307692308 0.036057692307692304
7 0.109375 0.5096153846153846 0.007211538461538462 0.009615384615384616
23 0.10817307692307693 0.5108173076923077 0.004807692307692308 0.007211538461538462
23 0.10096153846153846 0.5084134615384616 0.004807692307692308 0.007211538461538462
23 0.14423076923076922 0.5204326923076923 0.004807692307692308 0.007211538461538462
23 0.11298076923076923 0.5132211538461539 0.004807692307692308 0.007211538461538462
23 0.0985576923076923 0.5108173076923077 0.004807692307692308 0.007211538461538462
3 0.2860576923076923 0.5540865384615384 0.004807692307692308 0.007211538461538462
23 0.2620192307692308 0.5480769230769231 0.004807692307692308 0.009615384615384616
23 0.23076923076923078 0.5420673076923077 0.004807692307692308 0.007211538461538462
3 0.24278846153846154 0.546875 0.004807692307692308 0.007211538461538462
23 0.31850961538461536 0.5625 0.007211538461538462 0.014423076923076924
23 0.3137019230769231 0.5612980769230769 0.007211538461538462 0.01201923076923077
23 0.32572115384615385 0.5649038461538461 0.007211538461538462 0.014423076923076924
3 0.29086538461538464 0.5588942307692307 0.004807692307692308 0.007211538461538462
3 0.28846153846153844 0.5588942307692307 0.004807692307692308 0.007211538461538462
3 0.28125 0.5564903846153846 0.004807692307692308 0.007211538461538462
3 0.30288461538461536 0.5612980769230769 0.004807692307692308 0.007211538461538462
3 0.27884615384615385 0.5564903846153846 0.004807692307692308 0.007211538461538462
3 0.3004807692307692 0.5612980769230769 0.004807692307692308 0.007211538461538462
3 0.2980769230769231 0.5588942307692307 0.004807692307692308 0.007211538461538462
3 0.2956730769230769 0.5588942307692307 0.004807692307692308 0.007211538461538462
13 0.33774038461538464 0.5697115384615384 0.01201923076923077 0.019230769230769232
6 0.5853365384615384 0.6274038461538461 0.06490384615384616 0.038461538461538464
29 0.16105769230769232 0.5336538461538461 0.009615384615384616 0.014423076923076924
29 0.15504807692307693 0.5324519230769231 0.007211538461538462 0.01201923076923077
29 0.11778846153846154 0.5240384615384616 0.009615384615384616 0.014423076923076924
29 0.11177884615384616 0.5216346153846154 0.007211538461538462 0.009615384615384616
29 0.24519230769230768 0.5516826923076923 0.009615384615384616 0.01201923076923077
3 0.1502403846153846 0.53125 0.007211538461538462 0.009615384615384616
29 0.13822115384615385 0.5288461538461539 0.007211538461538462 0.009615384615384616
3 0.1045673076923077 0.5192307692307693 0.007211538461538462 0.009615384615384616
29 0.10096153846153846 0.5192307692307693 0.009615384615384616 0.014423076923076924
29 0.09254807692307693 0.5180288461538461 0.007211538461538462 0.01201923076923077
29 0.14423076923076922 0.5300480769230769 0.009615384615384616 0.01201923076923077
23 0.26322115384615385 0.5576923076923077 0.007211538461538462 0.009615384615384616
3 0.2548076923076923 0.5564903846153846 0.004807692307692308 0.007211538461538462
23 0.25240384615384615 0.5564903846153846 0.004807692307692308 0.007211538461538462
23 0.1658653846153846 0.5372596153846154 0.004807692307692308 0.007211538461538462
23 0.1201923076923077 0.5252403846153846 0.004807692307692308 0.007211538461538462
23 0.29086538461538464 0.5661057692307693 0.004807692307692308 0.007211538461538462
23 0.28846153846153844 0.5661057692307693 0.004807692307692308 0.007211538461538462
23 0.2860576923076923 0.5661057692307693 0.004807692307692308 0.007211538461538462
23 0.32572115384615385 0.578125 0.007211538461538462 0.01201923076923077
23 0.3161057692307692 0.5757211538461539 0.007211538461538462 0.01201923076923077
23 0.3112980769230769 0.5757211538461539 0.007211538461538462 0.01201923076923077