23 0.6274038461538461 0.38822115384615385 0.004807692307692308 0.002403846153846154
23 0.6274038461538461 0.390625 0.004807692307692308 0.002403846153846154
23 0.6298076923076923 0.40024038461538464 0.004807692307692308 0.002403846153846154
3 0.6213942307692307 0.38221153846153844 0.007211538461538462 0.004807692307692308
23 0.6358173076923077 0.4423076923076923 0.002403846153846154 0.004807692307692308
23 0.6225961538461539 0.39783653846153844 0.004807692307692308 0.002403846153846154
23 0.6225961538461539 0.4050480769230769 0.004807692307692308 0.002403846153846154
23 0.6310096153846154 0.4423076923076923 0.002403846153846154 0.004807692307692308
14 0.6153846153846154 0.3858173076923077 0.004807692307692308 0.002403846153846154
23 0.6382211538461539 0.4795673076923077 0.002403846153846154 0.002403846153846154
23 0.6262019230769231 0.4423076923076923 0.002403846153846154 0.004807692307692308
7 0.6105769230769231 0.3954326923076923 0.004807692307692308 0.002403846153846154
7 0.6069711538461539 0.38461538461538464 0.007211538461538462 0.004807692307692308
23 0.6298076923076923 0.4795673076923077 0.004807692307692308 0.002403846153846154
7 0.5877403846153846 0.41466346153846156 0.002403846153846154 0.002403846153846154
14 0.6069711538461539 0.4963942307692308 0.03125 0.021634615384615384
7 0.5829326923076923 0.41466346153846156 0.002403846153846154 0.002403846153846154
7 0.5805288461538461 0.4170673076923077 0.002403846153846154 0.002403846153846154
7 0.5757211538461539 0.4170673076923077 0.002403846153846154 0.002403846153846154
3 0.5456730769230769 0.29927884615384615 0.004807692307692308 0.002403846153846154
14 0.5697115384615384 0.40384615384615385 0.0625 0.038461538461538464
7 0.5733173076923077 0.4170673076923077 0.002403846153846154 0.002403846153846154
7 0.5685096153846154 0.4170673076923077 0.002403846153846154 0.002403846153846154
7 0.5637019230769231 0.41947115384615385 0.002403846153846154 0.002403846153846154
3 0.5817307692307693 0.4951923076923077 0.019230769230769232 0.009615384615384616
3 0.5745192307692307 0.46033653846153844 0.004807692307692308 0.002403846153846154
3 0.5853365384615384 0.5072115384615384 0.016826923076923076 0.014423076923076924
3 0.5745192307692307 0.4651442307692308 0.004807692307692308 0.002403846153846154
3 0.5637019230769231 0.4423076923076923 0.002403846153846154 0.004807692307692308
7 0.5625 0.46634615384615385 0.009615384615384616 0.004807692307692308
3 0.5625 0.46875 0.009615384615384616 0.004807692307692308
23 0.5552884615384616 0.4579326923076923 0.004807692307692308 0.002403846153846154
3 0.5697115384615384 0.5180288461538461 0.004807692307692308 0.002403846153846154
3 0.5697115384615384 0.515625 0.004807692307692308 0.002403846153846154
3 0.5564903846153846 0.4699519230769231 0.002403846153846154 0.002403846153846154
3 0.5588942307692307 0.4831730769230769 0.01201923076923077 0.009615384615384616
23 0.5456730769230769 0.4411057692307692 0.004807692307692308 0.002403846153846154
23 0.5396634615384616 0.4170673076923077 0.002403846153846154 0.002403846153846154
3 0.5360576923076923 0.41225961538461536 0.004807692307692308 0.002403846153846154
3 0.5504807692307693 0.46634615384615385 0.004807692307692308 0.004807692307692308
14 0.5120192307692307 0.41225961538461536 0.02403846153846154 0.016826923076923076
6 0.5300480769230769 0.5228365384615384 0.040865384615384616 0.021634615384615384
23 0.5204326923076923 0.4987980769230769 0.002403846153846154 0.002403846153846154
23 0.5204326923076923 0.5060096153846154 0.002403846153846154 0.002403846153846154
23 0.515625 0.4987980769230769 0.002403846153846154 0.002403846153846154
14 0.5072115384615384 0.4699519230769231 0.0673076923076923 0.06009615384615385
3 0.49158653846153844 0.4206730769230769 0.002403846153846154 0.004807692307692308
3 0.5120192307692307 0.5024038461538461 0.004807692307692308 0.004807692307692308
3 0.4879807692307692 0.4206730769230769 0.004807692307692308 0.004807692307692308
23 0.5036057692307693 0.5120192307692307 0.002403846153846154 0.004807692307692308
3 0.5048076923076923 0.5264423076923077 0.004807692307692308 0.004807692307692308
14 0.47596153846153844 0.4254807692307692 0.019230769230769232 0.019230769230769232
14 0.43990384615384615 0.30649038461538464 0.014423076923076924 0.01201923076923077
15 0.44591346153846156 0.34975961538461536 0.016826923076923076 0.01201923076923077
3 0.48677884615384615 0.5096153846153846 0.01201923076923077 0.009615384615384616
3 0.43149038461538464 0.29927884615384615 0.002403846153846154 0.002403846153846154
23 0.4891826923076923 0.5216346153846154 0.002403846153846154 0.004807692307692308
3 0.42908653846153844 0.29927884615384615 0.002403846153846154 0.002403846153846154
3 0.4855769230769231 0.5216346153846154 0.004807692307692308 0.004807692307692308
23 0.48197115384615385 0.5216346153846154 0.002403846153846154 0.004807692307692308
6 0.484375 0.5324519230769231 0.036057692307692304 0.016826923076923076
23 0.44471153846153844 0.38822115384615385 0.004807692307692308 0.002403846153846154
23 0.44471153846153844 0.38822115384615385 0.004807692307692308 0.002403846153846154
3 0.47836538461538464 0.5240384615384616 0.004807692307692308 0.004807692307692308
3 0.44591346153846156 0.4026442307692308 0.002403846153846154 0.002403846153846154
23 0.47475961538461536 0.5228365384615384 0.002403846153846154 0.002403846153846154
15 0.4206730769230769 0.3173076923076923 0.04326923076923077 0.03365384615384615
3 0.44591346153846156 0.41466346153846156 0.002403846153846154 0.002403846153846154
23 0.4579326923076923 0.4639423076923077 0.002403846153846154 0.004807692307692308
23 0.4579326923076923 0.46875 0.002403846153846154 0.004807692307692308
23 0.46033653846153844 0.48197115384615385 0.002403846153846154 0.002403846153846154
3 0.4483173076923077 0.4375 0.016826923076923076 0.014423076923076924
23 0.4579326923076923 0.4855769230769231 0.002403846153846154 0.004807692307692308
3 0.46153846153846156 0.5048076923076923 0.004807692307692308 0.004807692307692308
23 0.4579326923076923 0.49038461538461536 0.002403846153846154 0.004807692307692308
3 0.45913461538461536 0.4951923076923077 0.004807692307692308 0.004807692307692308
23 0.4519230769230769 0.4795673076923077 0.004807692307692308 0.002403846153846154
3 0.4387019230769231 0.43990384615384615 0.002403846153846154 0.004807692307692308
23 0.4495192307692308 0.484375 0.004807692307692308 0.002403846153846154
14 0.4579326923076923 0.5252403846153846 0.016826923076923076 0.01201923076923077
3 0.43990384615384615 0.4795673076923077 0.004807692307692308 0.002403846153846154
3 0.44471153846153844 0.5048076923076923 0.019230769230769232 0.014423076923076924
3 0.42788461538461536 0.44350961538461536 0.004807692307692308 0.002403846153846154
3 0.42427884615384615 0.43509615384615385 0.021634615384615384 0.014423076923076924
3 0.4266826923076923 0.453125 0.016826923076923076 0.01201923076923077
3 0.41225961538461536 0.43149038461538464 0.002403846153846154 0.002403846153846154