22 0.6610896915584416 0.3432759146341463 0.003997564935064935 0.001795731707317073
22 0.6618902191558441 0.3465243902439024 0.005192775974025974 0.0015853658536585367
22 0.5764326298701299 0.34869359756097557 0.0018912337662337663 0.0034847560975609757
22 0.5725852272727272 0.3488765243902439 0.002313311688311688 0.0050701219512195115
22 0.5654677353896104 0.34950304878048777 0.001471185064935065 0.003274390243902439
22 0.5628114853896103 0.35011280487804874 0.0022463474025974026 0.003274390243902439
2 0.584549512987013 0.35178048780487803 0.002702922077922078 0.0072195121951219516
22 0.5750740665584416 0.3548033536585366 0.001609172077922078 0.00411890243902439
22 0.5220454545454545 0.35507317073170735 0.0035064935064935067 0.0022195121951219515
22 0.5714224837662337 0.35527896341463416 0.0016112012987012988 0.0050701219512195115
22 0.568703327922078 0.3554786585365854 0.002666396103896104 0.004859756097560976
22 0.5609151785714286 0.3576128048780488 0.002106331168831169 0.004859756097560976
22 0.5218039772727272 0.3577103658536585 0.00505275974025974 0.00200609756097561
22 0.48976968344155847 0.3588368902439024 0.0010491071428571429 0.002429878048780488
14 0.5813829139610389 0.35908689024390245 0.0024573863636363634 0.00536890243902439
22 0.52252637987013 0.3600853658536585 0.005685876623376623 0.0012682926829268293
22 0.48794439935064937 0.3606783536585366 0.0010511363636363637 0.0030640243902439026
22 0.4860369318181818 0.3615274390243902 0.002106331168831169 0.002323170731707317
22 0.5224208603896103 0.36295884146341467 0.005474837662337663 0.002746951219512195
7 0.5731594967532468 0.3648414634146342 0.001838474025974026 0.004073170731707317
22 0.4901136363636364 0.36779573170731705 0.001331168831168831 0.003274390243902439
7 0.5792349837662337 0.3677225609756098 0.0014082792207792208 0.0031280487804878046
7 0.5839417613636364 0.367984756097561 0.0027049512987012986 0.007310975609756098
22 0.4885876623376624 0.3679009146341463 0.00112012987012987 0.0034847560975609757
22 0.48637987012987016 0.36852286585365857 0.002386363636363636 0.00411890243902439
7 0.560408887987013 0.3938246951219512 0.0023112824675324676 0.0028932926829268292
14 0.4761739042207792 0.39493597560975613 0.013630275974025975 0.027676829268292683
22 0.6845403814935065 0.3953536585365854 0.0013859577922077921 0.002292682926829268
22 0.684880275974026 0.39840243902439026 0.0012540584415584415 0.002292682926829268
7 0.5610409902597403 0.39831249999999996 0.002763798701298701 0.002722560975609756
22 0.6810217126623376 0.39910670731707315 0.0016538149350649352 0.0030914634146341465
7 0.561106939935065 0.4018856707317073 0.00208400974025974 0.0025518292682926826
2 0.48788656655844154 0.40370274390243904 0.0017471590909090909 0.004966463414634146
22 0.6867684659090909 0.40485518292682926 0.0017836850649350648 0.0023932926829268292
7 0.5612773944805195 0.4050625 0.002424918831168831 0.002807926829268293
2 0.6844338474025974 0.40534756097560976 0.001984577922077922 0.0039878048780487806
14 0.5744490665584416 0.4079710365853658 0.02349228896103896 0.05618597560975609
2 0.4938676948051948 0.4086615853658537 0.001534090909090909 0.003908536585365854
7 0.5613900162337663 0.4092454268292683 0.002650162337662338 0.0026371951219512197
2 0.49223620129870127 0.40950000000000003 0.001112012987012987 0.0025365853658536586
2 0.49028612012987016 0.4095396341463414 0.0016761363636363636 0.00200609756097561
7 0.5618577516233766 0.4120320121951219 0.0023681006493506494 0.002722560975609756
7 0.5617725243506494 0.4163506097560976 0.002197646103896104 0.0022134146341463413
22 0.5383086444805194 0.41660518292682924 0.00153612012987013 0.003942073170731707
2 0.4830590503246753 0.41976371951219515 0.004673295454545455 0.018795731707317073
2 0.5196915584415585 0.42001829268292684 0.002451298701298701 0.005280487804878049
2 0.471244926948052 0.42019817073170734 0.011889204545454547 0.014176829268292683
2 0.5142126623376624 0.42102743902439027 0.002451298701298701 0.004859756097560976
2 0.5404007711038961 0.4247911585365854 0.003285308441558442 0.002021341463414634
2 0.5393242694805195 0.42895579268292683 0.0015381493506493506 0.0030335365853658533
22 0.5413890016233767 0.4290579268292683 0.0007974837662337663 0.0026280487804878046
2 0.5432122564935065 0.428905487804878 0.0016030844155844157 0.0029329268292682923
2 0.5266081574675324 0.4311387195121951 0.001268262987012987 0.0037408536585365852
22 0.5249837662337662 0.43144207317073174 0.0016720779220779222 0.004347560975609756
7 0.5167654220779221 0.4315823170731707 0.002686688311688312 0.00950609756097561
2 0.5140371347402598 0.4317942073170732 0.0021002435064935063 0.009929878048780488
22 0.5451755275974026 0.4334283536585366 0.001471185064935065 0.002222560975609756
22 0.5414914772727273 0.43368140243902437 0.001002435064935065 0.0027286585365853657
22 0.5433492288961039 0.43378353658536584 0.001471185064935065 0.0029329268292682923
22 0.5398336038961039 0.43454268292682924 0.0013392857142857143 0.0038414634146341463
22 0.5275192775974026 0.4364207317073171 0.0018729707792207793 0.004548780487804878
22 0.5253226461038961 0.4369314024390244 0.0015381493506493506 0.0037408536585365852
2 0.46462662337662336 0.4370838414634146 0.002711038961038961 0.005875
2 0.4679910714285715 0.4373734756097561 0.0025405844155844156 0.005234756097560976
2 0.5160308441558441 0.4383689024390244 0.002029220779220779 0.0029573170731707313
22 0.5330793425324675 0.4394908536585366 0.0016294642857142855 0.0058109756097560975
22 0.5475091314935064 0.43947103658536585 0.001268262987012987 0.003942073170731707
22 0.5353642451298701 0.4398048780487805 0.0017349837662337664 0.006439024390243903
22 0.543755073051948 0.4399801829268293 0.001471185064935065 0.0037408536585365852
2 0.5023295454545454 0.4399451219512195 0.007094155844155845 0.01098780487804878
22 0.5453439529220779 0.4399817073170732 0.0018080357142857143 0.0031341463414634144
22 0.5418618100649351 0.4405426829268293 0.0013372564935064935 0.002426829268292683
22 0.5401704545454545 0.44089481707317074 0.0016071428571428571 0.0037408536585365852
22 0.5712499999999999 0.4413506097560976 0.002483766233766234 0.0022134146341463413
22 0.527385349025974 0.4413003048780488 0.0016051136363636363 0.003942073170731707
22 0.5255590503246753 0.4413018292682927 0.0016051136363636363 0.0033353658536585365
2 0.5755773133116884 0.44215091463414635 0.0018039772727272729 0.004423780487804878
2 0.5206310876623377 0.44344664634146347 0.003924512987012987 0.0033567073170731707
2 0.4740168425324675 0.4461234756097561 0.0016051136363636363 0.0038323170731707316
22 0.4714965503246753 0.44649237804878045 0.001434659090909091 0.003960365853658537
22 0.5759019886363637 0.4471219512195122 0.0012357954545454545 0.004
14 0.5816548295454546 0.4652957317073171 0.012335633116883116 0.021445121951219514
6 0.47054484577922073 0.4784420731707317 0.012518262987012986 0.03676219512195122
22 0.4976217532467533 0.48134603658536584 0.002142857142857143 0.002326219512195122
22 0.49041903409090903 0.48215853658536584 0.0023478084415584416 0.0021219512195121953
22 0.4977901785714286 0.4838871951219513 0.0024797077922077923 0.0019207317073170731
14 0.5274178165584416 0.48671189024390243 0.04509537337662337 0.05817987804878049
2 0.5808573457792208 0.4876067073170731 0.003841314935064935 0.0020426829268292684
2 0.4950111607142857 0.4897256097560975 0.004632711038961039 0.0038414634146341463
2 0.580762987012987 0.49064176829268297 0.004464285714285714 0.0032347560975609754
22 0.48849330357142856 0.5016128048780488 0.0033664772727272727 0.00200609756097561
2 0.47344460227272733 0.5025259146341464 0.0033015422077922077 0.0032225609756097564
14 0.5796834415584415 0.5038521341463414 0.014886363636363637 0.016850609756097562
22 0.4854099025974026 0.5042881097560976 0.001258116883116883 0.0036981707317073173
22 0.4808482142857143 0.5046173780487805 0.0014691558441558442 0.004966463414634146
22 0.48355620941558447 0.5045518292682927 0.001609172077922078 0.00422560975609756
22 0.47895190746753247 0.5050685975609757 0.0013291396103896104 0.004649390243902439
14 0.703359375 0.5084832317073171 0.009803165584415584 0.012088414634146342
22 0.4903409090909091 0.508766768292683 0.000974025974025974 0.00411890243902439
22 0.4867593344155844 0.5088323170731708 0.0011160714285714285 0.004859756097560976
22 0.4885501217532467 0.5088734756097562 0.0010450487012987014 0.004332317073170732
22 0.4849066558441558 0.5094298780487805 0.0014691558441558442 0.00422560975609756
15 0.6609263392857143 0.5143475609756097 0.01057021103896104 0.013451219512195122
2 0.4954555600649351 0.5143353658536586 0.006739042207792208 0.01098780487804878
2 0.7123792613636364 0.5150060975609756 0.0022747564935064937 0.0025731707317073168
22 0.7152059659090909 0.5154603658536585 0.001028814935064935 0.0022621951219512194
22 0.48296266233766233 0.5158780487804878 0.0036688311688311687 0.0024878048780487805
22 0.6370718344155843 0.5167804878048781 0.001416396103896104 0.004292682926829269
22 0.6342958603896104 0.5172560975609756 0.0015462662337662337 0.0034146341463414634
22 0.6323001217532467 0.5174634146341464 0.0016132305194805196 0.0032195121951219515
2 0.7125568181818182 0.517484756097561 0.002224025974025974 0.0026524390243902437
22 0.6301004464285714 0.5179146341463414 0.0016781655844155844 0.0035121951219512196
22 0.6280387581168831 0.518390243902439 0.0016132305194805196 0.002634146341463415
22 0.6258725649350649 0.5186463414634147 0.00174512987012987 0.0025365853658536586
2 0.483557224025974 0.5194283536585366 0.0052637987012987015 0.003490853658536585
2 0.4905255681818182 0.520657012195122 0.0017491883116883115 0.00411890243902439
2 0.4876846590909091 0.5213201219512196 0.0017491883116883115 0.00422560975609756
22 0.4835105519480519 0.5230564024390244 0.0035470779220779223 0.0022103658536585364
6 0.47384030032467533 0.5234390243902439 0.008963068181818181 0.03285365853658537
22 0.6242816558441558 0.5238658536585366 0.001810064935064935 0.0032195121951219515
22 0.6221063311688311 0.524609756097561 0.002329545454545455 0.004097560975609756
2 0.6109283685064936 0.5258810975609757 0.0014833603896103895 0.0048109756097560975
2 0.4837195616883117 0.5264405487804877 0.004370941558441558 0.003490853658536585
2 0.6077374188311688 0.5277012195121951 0.0028125 0.0023536585365853658
22 0.6053520698051948 0.5289466463414634 0.0016943993506493506 0.004234756097560976
22 0.48421875000000003 0.5298094512195122 0.002934253246753247 0.002301829268292683
15 0.6978733766233766 0.5301600609756097 0.023993506493506494 0.03958841463414634
2 0.5961728896103896 0.5310899390243902 0.002410714285714286 0.002423780487804878
22 0.5468638392857144 0.5318064024390244 0.00403612012987013 0.002027439024390244
22 0.5423275162337663 0.5322210365853658 0.0034862012987012985 0.0028567073170731707
22 0.5389123376623377 0.5324512195121951 0.001525974025974026 0.0033170731707317077
22 0.5364965503246754 0.5330884146341464 0.001158685064935065 0.00276219512195122
2 0.6206503652597403 0.5330106707317074 0.0014468344155844155 0.005045731707317073
22 0.5342644074675325 0.5336356707317074 0.001158685064935065 0.002027439024390244
22 0.5324188311688313 0.5338368902439025 0.001525974025974026 0.0030396341463414635
22 0.5290117694805194 0.5340030487804878 0.0020170454545454545 0.00276219512195122
2 0.5738068181818181 0.5343612804878048 0.011655844155844156 0.015064024390243902
22 0.5256392045454545 0.5385762195121951 0.003794642857142857 0.00276219512195122
2 0.506200284090909 0.5390396341463415 0.004283685064935065 0.0042987804878048775
22 0.5207508116883117 0.5392606707317074 0.004163961038961039 0.002301829268292683
2 0.5160562094155844 0.5395396341463414 0.003297483766233766 0.005908536585365854
2 0.4962378246753247 0.5413384146341463 0.0014042207792207791 0.0034085365853658537
22 0.49835836038961034 0.5414588414634146 0.0015868506493506493 0.0030396341463414635
22 0.5330691964285714 0.5426036585365853 0.002015016233766234 0.0035
2 0.5742644074675325 0.5445685975609756 0.004859983766233766 0.0025518292682926826
22 0.5306351461038961 0.5463719512195122 0.0020170454545454545 0.004329268292682926
14 0.48846286525974025 0.546859756097561 0.009799107142857142 0.012621951219512194
22 0.5320627029220779 0.551094512195122 0.0012195616883116883 0.0034085365853658537
22 0.529903612012987 0.5518429878048781 0.0017715097402597403 0.0036859756097560974
2 0.534825487012987 0.5521996951219512 0.002686688311688312 0.00561890243902439
2 0.5101004464285714 0.5554268292682927 0.011272321428571428 0.016951219512195123
2 0.5727303165584415 0.5558567073170732 0.002197646103896104 0.005615853658536586
2 0.49829646915584414 0.5561859756097561 0.001463068181818182 0.003225609756097561
2 0.583781452922078 0.5572408536585366 0.011312905844155844 0.01753048780487805
2 0.5644916801948052 0.5599283536585365 0.010071022727272727 0.014978658536585367
2 0.47318486201298704 0.561719512195122 0.001158685064935065 0.0033170731707317077
2 0.5907802353896103 0.566484756097561 0.002989042207792208 0.001871951219512195