2 0.3815949675324675 0.3054878048780488 0.005478896103896104 0.012195121951219513
2 0.3445616883116883 0.30609756097560975 0.006899350649350649 0.012804878048780487
2 0.3476055194805195 0.3092987804878049 0.00487012987012987 0.011890243902439025
2 0.3934659090909091 0.31402439024390244 0.010146103896103896 0.011585365853658536
2 0.3548092532467532 0.3152439024390244 0.005073051948051948 0.011585365853658536
2 0.359273538961039 0.3178353658536585 0.005478896103896104 0.0125
2 0.36576704545454547 0.32423780487804876 0.006290584415584416 0.014329268292682927
2 0.3700284090909091 0.32621951219512196 0.006290584415584416 0.011585365853658536
22 0.3734780844155844 0.32957317073170733 0.006696428571428571 0.011585365853658536
22 0.37723214285714285 0.33216463414634145 0.007711038961038961 0.011280487804878048
2 0.380275974025974 0.33414634146341465 0.00487012987012987 0.012804878048780487
2 0.38382711038961037 0.33734756097560975 0.005478896103896104 0.010670731707317074
2 0.3913352272727273 0.344359756097561 0.007508116883116883 0.010060975609756098
2 0.39488636363636365 0.3461890243902439 0.005275974025974026 0.010670731707317074
2 0.4029017857142857 0.35259146341463415 0.005073051948051948 0.013109756097560975
2 0.4054383116883117 0.3545731707317073 0.005275974025974026 0.011585365853658536
2 0.40919237012987014 0.35792682926829267 0.006290584415584416 0.01097560975609756
2 0.468851461038961 0.37347560975609756 0.00872564935064935 0.012804878048780487
2 0.48295454545454547 0.3847560975609756 0.01176948051948052 0.01707317073170732
2 0.5385551948051948 0.4295731707317073 0.006899350649350649 0.01097560975609756
22 0.5412946428571429 0.43307926829268295 0.007102272727272727 0.013719512195121951
2 0.5452516233766234 0.4349085365853659 0.007711038961038961 0.010670731707317074
2 0.557224025974026 0.4454268292682927 0.010146103896103896 0.012195121951219513
2 0.613406047077922 0.4886905487804878 0.004409496753246754 0.008478658536585365
22 0.6169450081168831 0.4915533536585366 0.0033705357142857144 0.008106707317073171
2 0.6209892451298702 0.4944512195121951 0.004559659090909091 0.009634146341463415
22 0.6238474025974027 0.4968292682926829 0.0033766233766233766 0.008902439024390243
2 0.6270596590909091 0.4994161585365854 0.0033076298701298704 0.009198170731707318
2 0.6093699269480519 0.5036539634146341 0.004454139610389611 0.007307926829268292
2 0.6335359172077922 0.5046692073170732 0.004084821428571428 0.009338414634146341
2 0.6197179383116883 0.5114908536585366 0.003640422077922078 0.00773780487804878
2 0.5868790584415584 0.5143719512195122 0.004926948051948052 0.006792682926829268
2 0.624338474025974 0.5153003048780488 0.0035470779220779223 0.009259146341463414
22 0.5763910308441559 0.5207134146341463 0.004243100649350649 0.009109756097560975
2 0.6316994724025974 0.5211783536585366 0.0024411525974025973 0.008820121951219511
22 0.5796245941558441 0.5233551829268293 0.0038108766233766237 0.007076219512195122
2 0.635546875 0.5237195121951219 0.0028307629870129867 0.007804878048780489
2 0.5830367288961039 0.5267301829268293 0.0033299512987012988 0.007728658536585367
2 0.6397514204545455 0.5272378048780487 0.003122970779220779 0.00874390243902439
2 0.6429900568181819 0.5295670731707317 0.0035125811688311685 0.00852439024390244
22 0.6469734172077922 0.533077743902439 0.0029565746753246755 0.008228658536585366
22 0.6501674107142857 0.5355396341463414 0.003662743506493507 0.008884146341463416
2 0.5580499188311688 0.5377515243902439 0.010174512987012987 0.01940548780487805
22 0.6533329951298701 0.5380365853658536 0.00390625 0.009609756097560975
2 0.576700487012987 0.5422454268292684 0.004050324675324676 0.008881097560975609
22 0.5630468750000001 0.5478612804878048 0.003122970779220779 0.009746951219512195
22 0.5658309659090909 0.55075 0.003415178571428571 0.010036585365853659
22 0.5495424107142857 0.551454268292683 0.0033056006493506493 0.0077865853658536585
2 0.6694034090909091 0.5520914634146341 0.0035795454545454546 0.009060975609756097
14 0.607637987012987 0.5535350609756098 0.048474025974025975 0.08572865853658536
2 0.6968293425324675 0.5541234756097562 0.005265827922077922 0.01007621951219512
22 0.5528875811688312 0.5546463414634146 0.003502435064935065 0.008073170731707317
2 0.67375 0.5557560975609757 0.004155844155844156 0.009682926829268293
2 0.5724624594155844 0.5556554878048781 0.0040969967532467535 0.008871951219512196
22 0.5564052353896104 0.5581509146341463 0.0028267045454545454 0.009594512195121951
2 0.6449239042207792 0.5604618902439025 0.003321834415584416 0.008728658536585365
22 0.546976461038961 0.5608231707317073 0.005073051948051948 0.009451219512195122
2 0.6483329951298702 0.5629847560975609 0.002023133116883117 0.00950609756097561
22 0.5499188311688312 0.5632621951219512 0.00487012987012987 0.008841463414634146
2 0.7103875811688312 0.5655731707317073 0.003973214285714286 0.008585365853658537
22 0.5529626623376623 0.5657012195121951 0.005681818181818182 0.009451219512195122
2 0.5681503652597402 0.5669390243902439 0.0039955357142857145 0.010097560975609755
2 0.5564123376623377 0.5678353658536586 0.005275974025974026 0.008231707317073171
2 0.689536323051948 0.5683932926829268 0.0024492694805194806 0.008737804878048781
22 0.5440340909090909 0.5690548780487805 0.004464285714285714 0.010060975609756098
22 0.5595576298701299 0.5699695121951219 0.004667207792207792 0.009451219512195122
22 0.5472808441558441 0.5713414634146341 0.004464285714285714 0.009146341463414634
2 0.6943770292207792 0.5719024390243902 0.004013798701298701 0.009048780487804877
2 0.5632102272727273 0.5728658536585366 0.005073051948051948 0.00975609756097561
2 0.6402445211038961 0.5730350609756097 0.0024857954545454545 0.008875
22 0.5506290584415584 0.5733231707317074 0.004667207792207792 0.008841463414634146
2 0.6432680600649351 0.5764344512195122 0.002851055194805195 0.009576219512195122
22 0.5532670454545454 0.5765243902439025 0.006290584415584416 0.009146341463414634
22 0.541599025974026 0.5772865853658536 0.004464285714285714 0.010060975609756098
22 0.544237012987013 0.5794207317073171 0.005681818181818182 0.009451219512195122
14 0.5591517857142857 0.5814024390243903 0.009131493506493506 0.012195121951219513
22 0.5477881493506493 0.5826219512195122 0.006696428571428571 0.010365853658536586
14 0.6734902597402598 0.5849100609756098 0.036915584415584415 0.047868902439024384
2 0.5696022727272727 0.5873475609756098 0.005275974025974026 0.011280487804878048
2 0.6343678977272728 0.5886493902439024 0.003313717532467532 0.008396341463414635
22 0.5733563311688312 0.5894817073170732 0.006290584415584416 0.010670731707317074
2 0.5757913961038961 0.5929878048780488 0.005073051948051948 0.01097560975609756
2 0.6499462256493507 0.5934405487804878 0.0032203733766233765 0.00761280487804878
2 0.6411343344155844 0.5943323170731708 0.0026420454545454546 0.00878658536585366
2 0.5791396103896104 0.5952743902439024 0.004464285714285714 0.011280487804878048
2 0.6528043831168832 0.5961996951219513 0.00325487012987013 0.008253048780487805
22 0.5817775974025974 0.5972560975609756 0.004464285714285714 0.009146341463414634
2 0.6560267857142857 0.5984496951219512 0.0032061688311688314 0.008484756097560974
22 0.5853287337662337 0.6003048780487805 0.005478896103896104 0.01097560975609756
2 0.6594977678571429 0.6012408536585365 0.0028429383116883116 0.009189024390243902
22 0.5887784090909091 0.6021341463414634 0.005478896103896104 0.00975609756097561
22 0.5894886363636364 0.6021341463414634 0.006493506493506494 0.009146341463414634
2 0.6290584415584416 0.604140243902439 0.004464285714285714 0.007670731707317073
22 0.5909090909090909 0.605030487804878 0.005681818181818182 0.008841463414634146
22 0.5951704545454546 0.6068597560975609 0.004058441558441558 0.008841463414634146
2 0.6324898538961039 0.6069192073170732 0.0032102272727272726 0.007740853658536585
2 0.6500091314935065 0.6072576219512196 0.002940340909090909 0.009027439024390243
2 0.5980113636363636 0.6100609756097561 0.006087662337662338 0.010365853658536586
2 0.6543557224025974 0.6108064024390244 0.00351663961038961 0.006368902439024391
2 0.6715117694805195 0.6114314024390244 0.003737824675324676 0.00761890243902439
2 0.6011566558441559 0.6132621951219512 0.005478896103896104 0.010060975609756098
14 0.7154667207792208 0.6134390243902439 0.007637987012987013 0.015292682926829268
22 0.6577810470779221 0.6138856707317073 0.0034679383116883117 0.00886890243902439
2 0.603997564935065 0.614939024390244 0.004667207792207792 0.009146341463414634
2 0.6764772727272726 0.6150579268292683 0.003116883116883117 0.008164634146341464
22 0.6610237418831169 0.6159329268292683 0.003053977272727273 0.008085365853658537
2 0.6071428571428571 0.6170731707317073 0.005275974025974026 0.00853658536585366
2 0.6795535714285714 0.6170960365853658 0.0035876623376623375 0.009801829268292683
2 0.6643912337662338 0.6184573170731708 0.004512987012987013 0.008865853658536585
2 0.7225324675324675 0.6193704268292684 0.007159090909090909 0.014960365853658536
2 0.6827232142857143 0.6196371951219513 0.003433441558441559 0.00878658536585366
2 0.6110998376623377 0.619969512195122 0.006696428571428571 0.010060975609756098
2 0.6700700081168831 0.6235137195121951 0.004101055194805195 0.008003048780487805
2 0.7295373376623376 0.6243018292682927 0.005340909090909091 0.01628658536585366
2 0.7014143668831169 0.6251996951219513 0.006724837662337662 0.015033536585365855
2 0.6752749594155845 0.6274984756097561 0.004364853896103896 0.006826219512195122
6 0.5802556818181818 0.6324695121951219 0.05539772727272727 0.05884146341463414
22 0.7171337256493506 0.635234756097561 0.003666801948051948 0.010103658536585366
14 0.7073437499999999 0.635640243902439 0.010060876623376623 0.024329268292682928
22 0.7208969155844156 0.6372118902439023 0.004293831168831169 0.009789634146341463
14 0.6540767045454545 0.6407957317073171 0.04029626623376624 0.04378658536585366
2 0.7159375 0.6481692073170732 0.007362012987012987 0.01463109756097561
2 0.6303825081168831 0.6490015243902438 0.00427150974025974 0.00836890243902439
2 0.6338524756493507 0.651577743902439 0.003500405844155844 0.007423780487804879
2 0.6367238230519481 0.6531951219512195 0.004372970779220779 0.008219512195121952
2 0.6400882711038961 0.6566128048780489 0.003796672077922078 0.010176829268292683
22 0.7003591720779221 0.6599131097560975 0.00380275974025974 0.008850609756097562
22 0.7034456168831169 0.6613506097560976 0.0030762987012987013 0.008067073170731708
2 0.709968547077922 0.6639603658536585 0.0071935876623376626 0.012676829268292682
2 0.6870971996753247 0.665015243902439 0.006499594155844156 0.014786585365853658
2 0.6528236607142857 0.6658155487804878 0.002887581168831169 0.007850609756097561
2 0.6571002435064935 0.6697118902439025 0.003323863636363636 0.008935975609756097
2 0.6604078733766233 0.6721173780487805 0.003851461038961039 0.007649390243902439
2 0.6641061282467533 0.6750640243902439 0.0051603084415584415 0.005615853658536586
14 0.6945941558441558 0.6760701219512196 0.01215909090909091 0.026530487804878048
2 0.8492288961038961 0.6771341463414634 0.013392857142857142 0.020731707317073172
2 0.7037855113636364 0.6785030487804877 0.006596996753246753 0.01371341463414634
2 0.7103906249999999 0.6836996951219512 0.007226055194805195 0.014960365853658536
2 0.8631290584415584 0.6850609756097561 0.009131493506493506 0.01097560975609756
7 0.7842938311688312 0.6888719512195122 0.007305194805194805 0.0125
22 0.7890625 0.6928353658536586 0.005478896103896104 0.007621951219512195
2 0.7948457792207793 0.6945121951219512 0.008522727272727272 0.012804878048780487
2 0.7763798701298701 0.6949695121951219 0.005275974025974026 0.010670731707317074
22 0.7798295454545454 0.6972560975609756 0.00487012987012987 0.009146341463414634
22 0.7828733766233766 0.7004573170731707 0.005275974025974026 0.008841463414634146
22 0.7858157467532467 0.7024390243902439 0.004261363636363636 0.009146341463414634
22 0.788961038961039 0.7050304878048781 0.004464285714285714 0.008841463414634146
2 0.820211038961039 0.7065548780487805 0.006493506493506494 0.013109756097560975
22 0.7923092532467533 0.7073170731707317 0.004261363636363636 0.007926829268292683
14 0.7734375 0.708689024390244 0.007913961038961038 0.011890243902439025
2 0.8265016233766234 0.7108231707317073 0.007305194805194805 0.013719512195121951
22 0.7592329545454546 0.7146341463414634 0.0038555194805194805 0.009146341463414634
2 0.7797280844155844 0.7147865853658537 0.008319805194805194 0.017378048780487806
22 0.7622767857142857 0.7170731707317073 0.0038555194805194805 0.00975609756097561
2 0.7667410714285714 0.7233231707317073 0.007508116883116883 0.013719512195121951
2 0.8143262987012987 0.7240853658536586 0.007305194805194805 0.01402439024390244
22 0.7721185064935064 0.7248475609756098 0.004058441558441558 0.010060975609756098
2 0.8210227272727273 0.7289634146341464 0.007305194805194805 0.013414634146341463
14 0.7757711038961039 0.73125 0.010551948051948052 0.01676829268292683
15 0.788859577922078 0.7320121951219513 0.014813311688311688 0.02926829268292683
2 0.8272118506493507 0.7342987804878048 0.006696428571428571 0.013719512195121951
7 0.802252435064935 0.7364329268292683 0.01075487012987013 0.021646341463414633
2 0.833198051948052 0.738109756097561 0.007711038961038961 0.01402439024390244
2 0.760247564935065 0.738719512195122 0.00588474025974026 0.01097560975609756
2 0.8952922077922078 0.7388719512195122 0.006087662337662338 0.0125
2 0.8980316558441559 0.7402439024390244 0.004667207792207792 0.00975609756097561
2 0.8084415584415584 0.7403963414634146 0.007711038961038961 0.015548780487804878
22 0.7637987012987013 0.7419207317073171 0.005275974025974026 0.010060975609756098
2 0.9015827922077922 0.7426829268292683 0.005275974025974026 0.00975609756097561
2 0.7665381493506493 0.7440548780487805 0.004261363636363636 0.010060975609756098
2 0.9043222402597403 0.744969512195122 0.005073051948051948 0.010060975609756098
7 0.8139204545454546 0.7451219512195122 0.008116883116883116 0.011585365853658536
22 0.7697849025974026 0.7467987804878049 0.004261363636363636 0.009451219512195122
2 0.9071631493506493 0.7475609756097561 0.004667207792207792 0.00853658536585366
22 0.7728287337662337 0.748780487804878 0.0038555194805194805 0.00975609756097561
2 0.8203125 0.7498475609756098 0.007508116883116883 0.014939024390243902
2 0.7756696428571429 0.7518292682926829 0.0034496753246753245 0.009146341463414634
2 0.7791193181818182 0.7541158536585366 0.004667207792207792 0.008231707317073171
7 0.8249797077922078 0.754420731707317 0.005478896103896104 0.010670731707317074
22 0.841112012987013 0.754420731707317 0.005275974025974026 0.010060975609756098
22 0.8652739448051947 0.7545015243902439 0.0036810064935064936 0.007783536585365854
2 0.8031655844155844 0.755030487804878 0.007711038961038961 0.01676829268292683
22 0.7820616883116883 0.7565548780487805 0.004464285714285714 0.009451219512195122
22 0.828023538961039 0.7567073170731707 0.0038555194805194805 0.009146341463414634
2 0.9205560064935064 0.7576219512195121 0.0038555194805194805 0.012195121951219513
22 0.8686931818181818 0.7579466463414635 0.0032142857142857142 0.009185975609756097
22 0.8309659090909091 0.7588414634146341 0.0036525974025974025 0.009146341463414634
22 0.8718638392857143 0.7589557926829268 0.0030620941558441557 0.007545731707317073
22 0.7856128246753247 0.7591463414634146 0.005073051948051948 0.010365853658536586
7 0.8090503246753247 0.7596036585365854 0.007711038961038961 0.0125
2 0.955864448051948 0.7597560975609756 0.005073051948051948 0.00853658536585366
2 0.9235998376623377 0.7605182926829268 0.004667207792207792 0.011280487804878048
2 0.8347199675324676 0.7611280487804878 0.005478896103896104 0.010060975609756098
22 0.7887581168831169 0.7615853658536585 0.005275974025974026 0.009146341463414634
22 0.8748092532467533 0.7621905487804879 0.0032711038961038964 0.007307926829268292
2 0.9591112012987013 0.7626524390243903 0.005073051948051948 0.008841463414634146
2 0.927150974025974 0.7632621951219513 0.004464285714285714 0.011280487804878048
2 0.8619997970779222 0.7638475609756098 0.0036262175324675325 0.008792682926829267
2 0.7920048701298701 0.7638719512195122 0.006899350649350649 0.010670731707317074
22 0.8776623376623376 0.7642621951219513 0.004107142857142857 0.008402439024390243
2 0.815137987012987 0.7647865853658536 0.008522727272727272 0.016158536585365854
2 0.9302962662337663 0.7649390243902439 0.00588474025974026 0.011585365853658536
14 0.8388798701298701 0.7653963414634146 0.008522727272727272 0.0125
2 0.9493709415584416 0.7664634146341464 0.006290584415584416 0.00853658536585366
22 0.8652424918831169 0.7666996951219512 0.0032122564935064936 0.00839939024390244
22 0.8811130275974026 0.7670289634146341 0.004109172077922078 0.007228658536585366
2 0.9331371753246753 0.7675304878048781 0.005073051948051948 0.009451219512195122
22 0.8203125 0.7682926829268293 0.00588474025974026 0.009146341463414634
2 0.84375 0.76875 0.00487012987012987 0.010670731707317074
22 0.8685115665584415 0.7694740853658537 0.002851055194805195 0.007850609756097561
22 0.8842461444805194 0.7696539634146342 0.003070211038961039 0.0069908536585365855
7 0.822950487012987 0.7701219512195122 0.004261363636363636 0.00975609756097561
2 0.9363839285714286 0.771189024390244 0.005478896103896104 0.011890243902439025
22 0.8718425324675324 0.7716554878048781 0.003425324675324675 0.008554878048780487
22 0.8469967532467533 0.7717987804878049 0.004058441558441558 0.008841463414634146
2 0.955864448051948 0.7721036585365854 0.004667207792207792 0.007621951219512195
2 0.9394277597402597 0.7728658536585366 0.005073051948051948 0.00975609756097561
2 0.8262987012987013 0.7731707317073171 0.004464285714285714 0.00975609756097561
22 0.8500405844155844 0.7745426829268293 0.00487012987012987 0.009451219512195122
22 0.874752435064935 0.7747804878048781 0.002751623376623377 0.00870731707317073
2 0.9420657467532467 0.775609756097561 0.005478896103896104 0.00975609756097561
22 0.8778124999999999 0.776375 0.004001623376623377 0.00823780487804878
2 0.8296469155844156 0.7765243902439024 0.004667207792207792 0.009146341463414634
2 0.8336038961038961 0.7786585365853659 0.004464285714285714 0.00853658536585366
22 0.8811495535714287 0.7789695121951219 0.0029646915584415584 0.008548780487804877
2 0.8570413961038961 0.7795731707317073 0.00588474025974026 0.00975609756097561
22 0.8839498782467532 0.7814786585365854 0.003695211038961039 0.008079268292682927
22 0.8368506493506493 0.7815548780487804 0.004058441558441558 0.008231707317073171
22 0.8602881493506493 0.7815548780487804 0.00588474025974026 0.0125
22 0.8404017857142857 0.7836890243902439 0.00588474025974026 0.008841463414634146
22 0.8872960633116883 0.7839878048780488 0.00348823051948052 0.007609756097560976
2 0.8637378246753247 0.7846036585365853 0.006290584415584416 0.010670731707317074
2 0.8909973620129871 0.7877454268292683 0.003179788961038961 0.00963719512195122
2 0.8533887987012987 0.7907012195121951 0.006290584415584416 0.011280487804878048
22 0.8565340909090909 0.792530487804878 0.005275974025974026 0.009451219512195122
14 0.8679991883116883 0.7943597560975609 0.012378246753246754 0.02347560975609756
22 0.8761160714285714 0.7945121951219513 0.006290584415584416 0.00975609756097561
2 0.8601866883116883 0.7957317073170732 0.006899350649350649 0.010365853658536586
22 0.8793628246753247 0.7969512195121952 0.006290584415584416 0.00853658536585366
2 0.8821022727272727 0.7993902439024391 0.00487012987012987 0.009146341463414634
22 0.885450487012987 0.802439024390244 0.004667207792207792 0.00853658536585366
2 0.8892045454545454 0.8045731707317073 0.006087662337662338 0.00975609756097561
22 0.872463474025974 0.805640243902439 0.005478896103896104 0.011280487804878048
2 0.8922483766233766 0.8077743902439024 0.005681818181818182 0.010060975609756098
22 0.875202922077922 0.808079268292683 0.005275974025974026 0.010670731707317074
2 0.8783482142857143 0.8103658536585366 0.005478896103896104 0.01097560975609756
22 0.895698051948052 0.8103658536585366 0.004058441558441558 0.009146341463414634
22 0.8816964285714286 0.8123475609756098 0.005275974025974026 0.008841463414634146
2 0.8988433441558441 0.8126524390243902 0.005073051948051948 0.009451219512195122
2 0.8849431818181818 0.8150914634146341 0.006087662337662338 0.010670731707317074
2 0.8883928571428571 0.81875 0.005275974025974026 0.011890243902439025
22 0.8925527597402597 0.8210365853658537 0.005478896103896104 0.009146341463414634
14 0.9045251623376623 0.8211890243902439 0.014407467532467532 0.02652439024390244
2 0.8954951298701299 0.8233231707317074 0.006493506493506494 0.011280487804878048
22 0.9119318181818182 0.8233231707317074 0.006493506493506494 0.008841463414634146
22 0.9145698051948052 0.8248475609756097 0.005275974025974026 0.00701219512195122
22 0.9075689935064936 0.8339939024390244 0.004261363636363636 0.011280487804878048
22 0.9112215909090909 0.8361280487804879 0.005478896103896104 0.008841463414634146
2 0.2106331168831169 0.1833841463414634 0.005275974025974026 0.008231707317073171
22 0.21469155844155843 0.18628048780487805 0.00487012987012987 0.00853658536585366
22 0.21732954545454544 0.1888719512195122 0.0036525974025974025 0.007621951219512195
22 0.22027191558441558 0.1910060975609756 0.004261363636363636 0.009451219512195122
22 0.22382305194805194 0.19435975609756098 0.004464285714285714 0.008231707317073171
22 0.22666396103896103 0.1961890243902439 0.004464285714285714 0.010670731707317074
2 0.23062094155844157 0.19908536585365855 0.004667207792207792 0.010365853658536586
2 0.21296672077922077 0.1992378048780488 0.00588474025974026 0.008231707317073171
22 0.23386769480519481 0.20152439024390245 0.0038555194805194805 0.00853658536585366
2 0.21682224025974026 0.20213414634146343 0.005073051948051948 0.010365853658536586
22 0.23681006493506493 0.20426829268292682 0.004464285714285714 0.009146341463414634
2 0.21986607142857142 0.2045731707317073 0.005073051948051948 0.010365853658536586
2 0.22311282467532467 0.2070121951219512 0.004667207792207792 0.00975609756097561
22 0.24046266233766234 0.20792682926829267 0.004058441558441558 0.00853658536585366
22 0.2435064935064935 0.20929878048780487 0.004464285714285714 0.011890243902439025
22 0.24665178571428573 0.21173780487804877 0.004261363636363636 0.010060975609756098
2 0.22991071428571427 0.21341463414634146 0.005681818181818182 0.011585365853658536
22 0.25030438311688313 0.2149390243902439 0.005073051948051948 0.007926829268292683
2 0.23315746753246752 0.21570121951219512 0.004464285714285714 0.011280487804878048
22 0.25304383116883117 0.21707317073170732 0.004464285714285714 0.00853658536585366
2 0.23640422077922077 0.21875 0.004464285714285714 0.009451219512195122
22 0.25639204545454547 0.21996951219512195 0.004261363636363636 0.007621951219512195
2 0.24005681818181818 0.22088414634146342 0.004058441558441558 0.008841463414634146
2 0.2598417207792208 0.22240853658536586 0.005073051948051948 0.009451219512195122
2 0.2432021103896104 0.22271341463414634 0.005073051948051948 0.009451219512195122
2 0.24573863636363635 0.22576219512195123 0.00487012987012987 0.010670731707317074
2 0.24939123376623376 0.22865853658536586 0.004058441558441558 0.012195121951219513
2 0.25243506493506496 0.23079268292682928 0.004464285714285714 0.009146341463414634
2 0.31544237012987014 0.25335365853658537 0.006696428571428571 0.012195121951219513
2 0.2883522727272727 0.25655487804878047 0.005681818181818182 0.010060975609756098
22 0.29129464285714285 0.25945121951219513 0.004667207792207792 0.00853658536585366
2 0.328226461038961 0.2625 0.00872564935064935 0.01707317073170732
2 0.2852069805194805 0.26646341463414636 0.006290584415584416 0.00975609756097561
14 0.2947443181818182 0.26722560975609755 0.011972402597402598 0.01798780487804878
22 0.3012378246753247 0.26753048780487804 0.006290584415584416 0.008231707317073171
2 0.30438311688311687 0.26996951219512194 0.006087662337662338 0.009451219512195122
22 0.28885957792207795 0.2701219512195122 0.00588474025974026 0.010365853658536586
22 0.29799107142857145 0.2766768292682927 0.005478896103896104 0.009451219512195122
2 0.3014407467532468 0.27957317073170734 0.006290584415584416 0.010365853658536586
2 0.3259943181818182 0.2882621951219512 0.011566558441558442 0.01798780487804878
2 0.3313717532467532 0.29222560975609757 0.00974025974025974 0.016158536585365854
2 0.33735795454545453 0.3016768292682927 0.006290584415584416 0.010060975609756098
2 0.3406047077922078 0.3041158536585366 0.006696428571428571 0.010670731707317074