22 0.6229525162337662 0.30896646341463413 0.0068628246753246755 0.021591463414634145
22 0.6293689123376623 0.3093185975609756 0.006708603896103896 0.022295731707317072
22 0.6163210227272727 0.30964786585365855 0.00658685064935065 0.021125
22 0.6097717126623377 0.30972256097560974 0.005257711038961039 0.021884146341463413
22 0.35753652597402596 0.3102682926829268 0.006875000000000001 0.01870731707317073
22 0.5577881493506494 0.30998628048780485 0.006810064935064935 0.02241158536585366
22 0.3506371753246753 0.3101371951219512 0.006469155844155844 0.02027439024390244
22 0.6615726461038961 0.3102454268292683 0.00658685064935065 0.02353963414634146
22 0.2977242288961039 0.3103353658536585 0.007380275974025973 0.018841463414634146
22 0.5718892045454546 0.31030335365853656 0.007414772727272727 0.021826219512195124
22 0.46770495129870127 0.31048323170731706 0.004809253246753247 0.02157621951219512
22 0.3053977272727273 0.3109466463414634 0.005275974025974026 0.02067378048780488
22 0.3118374594155844 0.31096646341463413 0.004762581168831169 0.018884146341463414
22 0.5642522321428571 0.3108201219512195 0.006751217532467533 0.020420731707317074
22 0.4610237418831169 0.3110594512195122 0.006057224025974027 0.019070121951219512
22 0.40238940746753243 0.31114329268292684 0.004859983766233766 0.02045731707317073
22 0.6814711850649351 0.31108536585365854 0.005799512987012987 0.01973170731707317
22 0.41599837662337663 0.3111158536585366 0.006103896103896104 0.021621951219512197
22 0.3190614853896104 0.31103353658536587 0.00622362012987013 0.01901829268292683
22 0.3715290178571429 0.3112591463414634 0.006045048701298701 0.01946951219512195
22 0.6682234172077922 0.3112439024390244 0.007713068181818181 0.019439024390243902
22 0.364158887987013 0.31124999999999997 0.006726866883116883 0.018841463414634146
22 0.40960227272727273 0.3113140243902439 0.005892857142857142 0.020189024390243903
22 0.45501420454545455 0.31139481707317074 0.005401785714285715 0.019740853658536586
22 0.5778338068181819 0.31160518292682926 0.007534496753246754 0.020771341463414632
22 0.526213474025974 0.31204725609756095 0.006972402597402597 0.01860670731707317
22 0.47470576298701295 0.3121112804878049 0.005823863636363637 0.02117378048780488
22 0.42301745129870133 0.31233841463414636 0.006343344155844156 0.018579268292682926
22 0.5062814529220779 0.3123155487804878 0.006475243506493506 0.02036280487804878
22 0.5125568181818182 0.3122667682926829 0.00685064935064935 0.022704268292682926
22 0.6755133928571428 0.3123338414634146 0.006465097402597403 0.02283841463414634
22 0.5192157061688312 0.3129085365853658 0.006775568181818182 0.019719512195121955
22 0.5346387987012987 0.31620731707317074 0.006777597402597402 0.0061951219512195125
22 0.5863088474025974 0.31687499999999996 0.00703327922077922 0.006310975609756097
22 0.32778510551948054 0.31759756097560976 0.006625405844155844 0.006536585365853659
22 0.6898741883116882 0.31808536585365854 0.007589285714285714 0.0056829268292682925
22 0.6376745129870129 0.31822560975609754 0.007897727272727273 0.005963414634146341
22 0.37853896103896106 0.31903506097560974 0.009512987012987013 0.006362804878048781
2 0.3382224025974026 0.3389466463414634 0.005178571428571428 0.015698170731707317
2 0.2932244318181818 0.3419908536585366 0.004874188311688311 0.012640243902439025
2 0.3920789366883117 0.3430701219512195 0.00453125 0.014798780487804877
22 0.3339640827922078 0.3433292682926829 0.004372970779220779 0.01348780487804878
22 0.6503287337662338 0.3433536585365854 0.004797077922077922 0.016585365853658537
22 0.2878672889610389 0.3438856707317073 0.0034943181818181818 0.012771341463414635
22 0.6054291801948052 0.3437530487804878 0.003877840909090909 0.014945121951219513
2 0.49499797077922075 0.3443170731707317 0.004606331168831169 0.014853658536585365
2 0.44383522727272723 0.3440884146341463 0.0045535714285714285 0.013176829268292682
2 0.5995900974025974 0.3444298780487805 0.003969155844155844 0.013859756097560976
2 0.39597504058441557 0.37521341463414637 0.0094825487012987 0.007134146341463414
2 0.4984811282467532 0.3755838414634146 0.007920048701298702 0.0060457317073170725
2 0.6020556006493506 0.37701219512195117 0.00768262987012987 0.008292682926829269
22 0.6695495129870129 0.4151219512195122 0.0034659090909090907 0.013170731707317074
22 0.5669013798701299 0.41600762195121954 0.004338474025974026 0.01433231707317073
22 0.5147108360389611 0.4161951219512195 0.005882711038961039 0.014097560975609756
22 0.6183106737012987 0.4162560975609756 0.00447849025974026 0.011170731707317073
22 0.358690137987013 0.4171158536585366 0.004717938311688312 0.014109756097560976
22 0.46283380681818176 0.41724999999999995 0.0048072240259740264 0.016207317073170732
22 0.4105905032467533 0.4184115853658537 0.004622564935064935 0.014871951219512196
22 0.3075649350649351 0.4186814024390244 0.005551948051948052 0.016631097560975607
2 0.32058137175324675 0.4397134146341463 0.006422483766233766 0.012353658536585366
2 0.3749898538961039 0.44068902439024393 0.007284902597402597 0.016134146341463415
2 0.6297351866883117 0.44082317073170735 0.007035308441558442 0.013353658536585366
2 0.6814813311688313 0.4409420731707317 0.0058198051948051945 0.013591463414634146
2 0.3746398133116883 0.44115396341463414 0.005773133116883117 0.013405487804878049
2 0.4770667613636364 0.44129573170731706 0.006487418831168831 0.014908536585365853
2 0.5791406250000001 0.442172256097561 0.006495535714285714 0.016051829268292683
2 0.42576806006493506 0.4423048780487805 0.005756899350649351 0.014487804878048781
2 0.5286749188311688 0.4423612804878049 0.007431006493506493 0.015210365853658536
22 0.48531351461038963 0.44282164634146337 0.004312094155844156 0.014301829268292682
14 0.6084993912337662 0.4496295731707317 0.03436891233766234 0.04682012195121951
22 0.5876816152597402 0.4499344512195122 0.0036911525974025975 0.012673780487804879
22 0.43388392857142855 0.44990548780487805 0.00575487012987013 0.016884146341463416
22 0.639237012987013 0.44996189024390243 0.0037175324675324676 0.015777439024390244
14 0.6589691558441558 0.4508125 0.0338474025974026 0.05040548780487805
14 0.5056737012987013 0.4508963414634147 0.03366883116883117 0.04996341463414634
22 0.3322960633116883 0.45097713414634144 0.0026603084415584414 0.013539634146341462
14 0.2988747970779221 0.4510106707317073 0.033220373376623376 0.04714329268292683
14 0.5575 0.4516143292682927 0.03464285714285714 0.05078963414634147
14 0.4025121753246753 0.4514268292682927 0.03310876623376623 0.049195121951219514
14 0.3514924918831169 0.4517850609756098 0.03455965909090909 0.04747256097560976
14 0.4539488636363636 0.45186280487804875 0.0345211038961039 0.051286585365853656
22 0.3823711444805195 0.4529756097560976 0.0025669642857142857 0.015707317073170732
22 0.4772767857142857 0.47684298780487805 0.004472402597402597 0.013442073170731709
22 0.422476663961039 0.476952743902439 0.0028267045454545454 0.012442073170731708
22 0.6336485389610389 0.47692378048780487 0.005121753246753246 0.01421341463414634
22 0.37025669642857145 0.47698780487804876 0.0026887175324675325 0.01373170731707317
22 0.472632913961039 0.47778658536585367 0.005330762987012987 0.0135
22 0.42688413149350646 0.47800762195121954 0.003524756493506494 0.014551829268292682
22 0.529908685064935 0.4782515243902439 0.005028409090909091 0.013210365853658536
22 0.5246002435064935 0.47836890243902436 0.004557629870129871 0.013445121951219512
22 0.6821986607142857 0.4784908536585366 0.004413555194805195 0.013079268292682926
22 0.5768506493506493 0.4787423780487805 0.003538961038961039 0.011753048780487803
22 0.5816588879870129 0.478859756097561 0.0026034902597402597 0.01198780487804878
22 0.6287489853896103 0.4793628048780488 0.0046570616883116886 0.01421341463414634
22 0.6773843344155844 0.4799024390243902 0.004119318181818182 0.014073170731707316
22 0.6648376623376624 0.48084603658536584 0.007435064935064935 0.006814024390243903
2 0.5515482954545455 0.4821387195121951 0.007723214285714286 0.005740853658536585
2 0.6030793425324675 0.4821539634146341 0.008918425324675325 0.008210365853658537
2 0.6537286931818181 0.48253201219512193 0.007944399350649351 0.006527439024390244
2 0.5008137175324676 0.48258384146341465 0.009338474025974026 0.007240853658536586
2 0.3453551136363637 0.4828856707317073 0.008892045454545455 0.0060152439024390245
22 0.4103652597402597 0.4830091463414634 0.008636363636363636 0.005652439024390244
22 0.5111049107142857 0.4830579268292683 0.008005275974025975 0.006359756097560975
2 0.29589590097402596 0.48302134146341463 0.008187905844155845 0.008115853658536586
22 0.3194510957792208 0.48309908536585366 0.0037560876623376625 0.01314939024390244
22 0.37577922077922077 0.4830503048780488 0.004399350649350649 0.015490853658536585
2 0.44897524350649354 0.48319512195121955 0.009963474025974027 0.007243902439024391
2 0.39800933441558445 0.48352134146341463 0.007463474025974026 0.008506097560975609
2 0.48960633116883123 0.48347256097560976 0.0051866883116883115 0.014506097560975609
2 0.3459902597402597 0.48362499999999997 0.007321428571428571 0.006884146341463414
22 0.4604474431818182 0.48367835365853656 0.009774756493506493 0.008820121951219511
22 0.5627079951298701 0.48376676829268295 0.0065036525974025965 0.004728658536585366
22 0.3254799107142857 0.48416006097560976 0.0048559253246753245 0.013442073170731709
22 0.3076653814935065 0.48434603658536585 0.01143465909090909 0.0058871951219512195
22 0.358882913961039 0.4844634146341463 0.007132711038961038 0.0061219512195121945
2 0.5936728896103896 0.48453658536585364 0.005527597402597402 0.015414634146341465
2 0.2848467938311688 0.48485823170731707 0.006381899350649351 0.013009146341463416
2 0.4398102678571429 0.48489176829268293 0.004214691558441558 0.012466463414634147
2 0.5416264204545455 0.48508689024390245 0.005330762987012987 0.014685975609756098
2 0.645372362012987 0.4852759146341463 0.005030438311688311 0.014454268292682926
2 0.3891385957792208 0.48545884146341467 0.005549918831168832 0.014210365853658537
2 0.33654728084415586 0.4863170731707317 0.005886769480519481 0.01348780487804878
22 0.6029312094155844 0.49299085365853657 0.004157873376623376 0.015859756097560976
22 0.5505286120129871 0.4946875 0.004872159090909091 0.014984756097560975
22 0.6529839691558442 0.4950274390243903 0.0048315746753246755 0.015664634146341463
22 0.3450903003246753 0.4954268292682927 0.003086444805194805 0.012804878048780487
22 0.29327617694805197 0.49581250000000004 0.005789366883116883 0.014795731707317074
22 0.4992157061688312 0.4968658536585366 0.004113230519480519 0.012634146341463414
22 0.3968252840909091 0.4968932926829268 0.005095373376623377 0.012689024390243902
22 0.44765929383116887 0.49730030487804877 0.0032731331168831166 0.012283536585365854
22 0.6437246347402598 0.49807926829268295 0.004170048701298701 0.012621951219512194
22 0.4386333198051948 0.4998902439024391 0.005107548701298701 0.013804878048780488
22 0.5912611607142857 0.5000198170731708 0.004356737012987013 0.012234756097560976
22 0.49015219155844153 0.5003658536585366 0.003843344155844156 0.012926829268292682
22 0.5385186688311688 0.500405487804878 0.004797077922077922 0.01422560975609756
22 0.38725852272727274 0.5004771341463414 0.0046306818181818185 0.011929878048780488
22 0.2845992288961039 0.5009725609756098 0.005480925324675325 0.01596951219512195
22 0.3357792207792208 0.5018551829268293 0.003944805194805195 0.01163719512195122
2 0.3894247159090909 0.5286615853658536 0.005310470779220779 0.011591463414634148
2 0.6432355925324675 0.5286615853658536 0.005221185064935065 0.013420731707317075
2 0.49206574675324677 0.5290716463414634 0.0044237012987012984 0.01241158536585366
2 0.5423965097402597 0.5289512195121951 0.005653409090909091 0.011560975609756097
2 0.44077820616883123 0.5295518292682927 0.0041213474025974025 0.013371951219512195
2 0.5943587662337663 0.529641768292683 0.005275974025974026 0.012942073170731708
14 0.6138200081168832 0.5301692073170732 0.016601055194805196 0.017655487804878047
2 0.33735795454545453 0.5302423780487805 0.00588474025974026 0.012314024390243903
14 0.40926948051948053 0.5302560975609756 0.01862012987012987 0.019048780487804878
14 0.45987723214285714 0.5304344512195122 0.01796875 0.01940548780487805
14 0.6650395698051949 0.5305213414634146 0.019608360389610387 0.02079878048780488
14 0.3056594967532468 0.5309664634146342 0.017568993506493505 0.018640243902439024
14 0.5630306412337662 0.5311875 0.016889204545454548 0.01847256097560976
14 0.5116619318181818 0.531641768292683 0.017642045454545455 0.021210365853658535
14 0.3578520698051948 0.5323338414634147 0.018869724025974026 0.02015548780487805
2 0.2865726461038961 0.5354359756097561 0.006181006493506494 0.011115853658536585
22 0.6481290584415584 0.5384618902439025 0.008920454545454546 0.004972560975609755
22 0.4950750811688312 0.5389375 0.010036525974025974 0.005923780487804878
22 0.5962185470779221 0.5391310975609755 0.011430600649350649 0.0050914634146341465
22 0.4433857548701299 0.5392881097560975 0.00974228896103896 0.006625
22 0.5460815746753247 0.5396112804878048 0.008965097402597403 0.006051829268292683
22 0.3411272321428572 0.5397500000000001 0.010176542207792207 0.006329268292682927
22 0.39345068993506493 0.5399496951219512 0.009303977272727273 0.005509146341463414
22 0.6172463474025974 0.5432179878048781 0.010060876623376623 0.006557926829268293
22 0.6678409090909091 0.5431951219512196 0.009383116883116884 0.0046829268292682925
22 0.5654170048701299 0.543282012195122 0.009892451298701298 0.005466463414634146
22 0.5147686688311689 0.5433948170731707 0.008433441558441558 0.005692073170731708
22 0.46284496753246757 0.544297256097561 0.0076704545454545445 0.006277439024390244
22 0.360270900974026 0.5444420731707317 0.008691152597402597 0.006567073170731707
22 0.41166700487012986 0.5445182926829268 0.010428165584415585 0.007329268292682926
22 0.3085673701298701 0.5446356707317073 0.009991883116883118 0.007564024390243902
14 0.6516385957792208 0.5647804878048781 0.02080965909090909 0.04480487804878049
14 0.5492644074675325 0.5650106707317073 0.021012581168831167 0.04221646341463415
14 0.6009740259740259 0.5655 0.02094155844155844 0.045024390243902444
14 0.49830965909090913 0.5657393292682927 0.02056412337662338 0.046722560975609756
14 0.3441416396103896 0.5660000000000001 0.020263798701298703 0.04419512195121952
14 0.4468323863636363 0.5660670731707317 0.020693993506493508 0.04432926829268293
14 0.29179687499999996 0.566391768292683 0.02028206168831169 0.04375914634146341
14 0.3958208198051948 0.5663704268292683 0.020131899350649348 0.04432621951219512
7 0.6836363636363636 0.5754100609756098 0.011753246753246753 0.04838109756097561
22 0.29895393668831166 0.5974161585365854 0.009433847402597404 0.007637195121951219
22 0.3601278409090909 0.6076006097560975 0.004346590909090909 0.014591463414634145
22 0.6451775568181818 0.6089314024390244 0.001799918831168831 0.012375
22 0.5840696022727273 0.6122515243902439 0.00945413961038961 0.006820121951219512
22 0.5675121753246752 0.6197454268292684 0.003125 0.010222560975609757
22 0.441801948051948 0.6197881097560975 0.009821428571428571 0.006039634146341463
22 0.5767938311688312 0.6205685975609756 0.0030194805194805195 0.01186890243902439
22 0.5717877435064935 0.620719512195122 0.002747564935064935 0.011560975609756097
22 0.6736799918831169 0.6320137195121952 0.005233360389610389 0.014027439024390242
14 0.4756858766233766 0.6357576219512194 0.032134740259740266 0.03188109756097561
14 0.43473315746753244 0.6393658536585366 0.024092938311688312 0.03178048780487805
14 0.6566761363636363 0.6413475609756097 0.02479707792207792 0.03147560975609756
7 0.6858106737012988 0.6486509146341463 0.011231737012987013 0.04974085365853659
14 0.6045728490259741 0.6574375 0.01596387987012987 0.018533536585365853
22 0.3507193587662338 0.6582728658536586 0.0058218344155844155 0.014106707317073171
14 0.32204951298701295 0.6640335365853659 0.019099025974025977 0.022579268292682926
14 0.38242897727272723 0.6698856707317072 0.047325487012987014 0.07208841463414634
22 0.5863818993506493 0.6724237804878049 0.008802759740259741 0.0070426829268292685
14 0.5224208603896103 0.6775655487804878 0.034695616883116884 0.049033536585365856
2 0.586070413961039 0.6873445121951219 0.009397321428571428 0.010664634146341462
22 0.3127911931818182 0.6878292682926829 0.007887581168831169 0.006146341463414634
14 0.6564701704545455 0.6880701219512195 0.023167613636363635 0.030408536585365853
14 0.6053885957792208 0.6896570121951219 0.018001217532467532 0.019557926829268293
22 0.6091659902597402 0.7035487804878049 0.007698863636363636 0.005878048780487805
14 0.3223701298701299 0.7057606707317073 0.015275974025974026 0.019448170731707317
22 0.6041112012987013 0.7102210365853658 0.00773538961038961 0.008246951219512196
22 0.41871651785714287 0.719592987804878 0.00585836038961039 0.014795731707317074
14 0.6567938311688312 0.7329283536585366 0.018944805194805195 0.023783536585365854
2 0.5307142857142857 0.7357210365853658 0.01922077922077922 0.028759146341463412
14 0.6050791396103896 0.7364039634146342 0.015353084415584415 0.01914939024390244
2 0.3868141233766234 0.7375518292682927 0.01713474025974026 0.01778658536585366
14 0.32304687499999996 0.7455594512195122 0.016629464285714286 0.020996951219512196
22 0.3444693587662338 0.748141768292683 0.006308847402597403 0.013356707317073172
29 0.4848153409090909 0.21036432926829268 0.01143262987012987 0.021948170731707316
2 0.7011789772727273 0.21722256097560977 0.008689123376623377 0.00700609756097561
14 0.681609172077922 0.21896798780487806 0.009728084415584416 0.0178140243902439
2 0.4862469561688311 0.23434451219512195 0.010643262987012988 0.008932926829268294
22 0.6859648944805194 0.2375045731707317 0.003423295454545455 0.013423780487804878
2 0.6755306412337662 0.24315396341463413 0.008528814935064936 0.010088414634146342
22 0.32650771103896103 0.2505548780487805 0.012999188311688312 0.01025609756097561
22 0.6393516639610389 0.2508673780487805 0.014092938311688312 0.008442073170731708
2 0.5350720373376624 0.2511310975609756 0.004397321428571429 0.015067073170731709
29 0.4849908685064935 0.25239481707317074 0.012595373376623377 0.02430182926829268
22 0.4273417207792208 0.25589176829268295 0.005657467532467532 0.019710365853658537
22 0.6632183441558441 0.25668749999999996 0.007443181818181818 0.006057926829268293
22 0.6139458198051948 0.2572469512195122 0.015229301948051947 0.009615853658536585
2 0.6774665178571428 0.25755030487804875 0.018082386363636363 0.013271341463414634
22 0.6976298701298701 0.25748475609756094 0.009301948051948053 0.005823170731707318
22 0.4151836444805195 0.25810518292682927 0.013403003246753246 0.009503048780487805
7 0.2892380275974026 0.25873475609756097 0.0094825487012987 0.03698170731707317
14 0.5730499188311687 0.25890548780487804 0.01744724025974026 0.017201219512195123
14 0.3750730519480519 0.2591128048780488 0.017597402597402598 0.01822560975609756
22 0.6398691152597403 0.26095121951219513 0.015533685064935064 0.009707317073170732
22 0.3267197646103896 0.26124542682926827 0.012611607142857143 0.009076219512195121
22 0.34146712662337664 0.26303658536585367 0.012885551948051948 0.010219512195121952
22 0.6628459821428572 0.2632865853658537 0.00872767857142857 0.00401219512195122
22 0.43754565746753243 0.2644329268292683 0.01429586038961039 0.011792682926829268
22 0.5479849837662337 0.26605335365853655 0.012771915584415584 0.011375000000000001
22 0.6554900568181818 0.2661128048780488 0.005379464285714286 0.013323170731707318
22 0.6148031655844156 0.26658841463414634 0.016943993506493508 0.01122560975609756
22 0.5346519886363637 0.26867987804878046 0.005180600649350649 0.014189024390243903
22 0.41585531655844155 0.2690762195121951 0.012717126623376623 0.008884146341463416
22 0.4935663555194805 0.2692515243902439 0.010265827922077923 0.007405487804878048
22 0.5218922483766234 0.2710701219512195 0.014563717532467532 0.009213414634146341
22 0.6361972402597402 0.2713887195121951 0.01549512987012987 0.010460365853658537
22 0.6774655032467533 0.27195426829268293 0.009151785714285715 0.004884146341463415
22 0.46751318993506497 0.27277134146341464 0.008890016233766234 0.008347560975609757
22 0.6905762987012987 0.27313414634146344 0.0041233766233766235 0.01151219512195122
22 0.6845170454545455 0.2733201219512195 0.0037743506493506497 0.014323170731707316
2 0.6663159496753247 0.27349237804878046 0.011609172077922078 0.01039939024390244
22 0.3404829545454546 0.2743109756097561 0.013352272727272727 0.007768292682926829
22 0.438372564935065 0.27473628048780485 0.013514610389610389 0.008618902439024391
22 0.5479809253246752 0.27797256097560974 0.01398133116883117 0.00899390243902439
22 0.4268557224025974 0.27816158536585367 0.005091314935064935 0.020347560975609753
2 0.6737824675324675 0.28245579268292687 0.009496753246753246 0.006984756097560976
22 0.6361749188311688 0.28257317073170735 0.014638798701298701 0.009048780487804877
22 0.6128652597402597 0.2826935975609756 0.005762987012987012 0.020875
22 0.6193607954545455 0.2841890243902439 0.007796266233766234 0.02081707317073171
22 0.36094358766233764 0.2843932926829268 0.008007305194805196 0.020615853658536586
22 0.5694541396103896 0.28485060975609755 0.007414772727272727 0.019701219512195122
22 0.30679687499999997 0.28466768292682926 0.005233360389610389 0.019945121951219513
22 0.4084385146103896 0.2855899390243902 0.0064062500000000005 0.018740853658536585
22 0.5620140016233767 0.28566463414634147 0.005521509740259741 0.023158536585365853
22 0.3131564529220779 0.2856661585365854 0.006183035714285714 0.02133231707317073
22 0.35410511363636366 0.2856661585365854 0.0056939935064935065 0.02133231707317073
22 0.4157092126623376 0.2871935975609756 0.005119724025974026 0.02133841463414634
22 0.5111262175324676 0.28898475609756097 0.0076420454545454534 0.021871951219512194
22 0.5190158279220779 0.2892332317073171 0.007593344155844156 0.018710365853658536