3 0.5360576923076923 0.35216346153846156 0.004807692307692308 0.002403846153846154
3 0.5336538461538461 0.36177884615384615 0.004807692307692308 0.002403846153846154
23 0.5336538461538461 0.3713942307692308 0.004807692307692308 0.002403846153846154
3 0.4495192307692308 0.7992788461538461 0.004807692307692308 0.002403846153846154
23 0.5360576923076923 0.36658653846153844 0.004807692307692308 0.002403846153846154
3 0.49278846153846156 0.5829326923076923 0.004807692307692308 0.002403846153846154
3 0.49038461538461536 0.5997596153846154 0.004807692307692308 0.002403846153846154
3 0.48677884615384615 0.6129807692307693 0.007211538461538462 0.004807692307692308
3 0.4495192307692308 0.8088942307692307 0.004807692307692308 0.002403846153846154
3 0.4951923076923077 0.5757211538461539 0.004807692307692308 0.002403846153846154
3 0.5336538461538461 0.3786057692307692 0.004807692307692308 0.002403846153846154
3 0.44471153846153844 0.8353365384615384 0.004807692307692308 0.002403846153846154
3 0.53125 0.390625 0.004807692307692308 0.002403846153846154
23 0.4879807692307692 0.6478365384615384 0.004807692307692308 0.002403846153846154
3 0.4855769230769231 0.6550480769230769 0.004807692307692308 0.002403846153846154
23 0.4831730769230769 0.6670673076923077 0.004807692307692308 0.002403846153846154
3 0.5096153846153846 0.546875 0.004807692307692308 0.002403846153846154
3 0.4807692307692308 0.6911057692307693 0.004807692307692308 0.002403846153846154
23 0.4831730769230769 0.6814903846153846 0.004807692307692308 0.002403846153846154
23 0.4807692307692308 0.6862980769230769 0.004807692307692308 0.002403846153846154
23 0.4807692307692308 0.6959134615384616 0.004807692307692308 0.002403846153846154
23 0.5240384615384616 0.4675480769230769 0.004807692307692308 0.002403846153846154
23 0.5264423076923077 0.4579326923076923 0.004807692307692308 0.002403846153846154
23 0.5264423076923077 0.46033653846153844 0.004807692307692308 0.002403846153846154
23 0.5264423076923077 0.4651442307692308 0.004807692307692308 0.002403846153846154
23 0.5264423076923077 0.4723557692307692 0.004807692307692308 0.002403846153846154
23 0.46153846153846156 0.8040865384615384 0.004807692307692308 0.002403846153846154
23 0.45913461538461536 0.8112980769230769 0.004807692307692308 0.002403846153846154
23 0.45913461538461536 0.8149038461538461 0.004807692307692308 0.004807692307692308
23 0.45913461538461536 0.8185096153846154 0.004807692307692308 0.002403846153846154
3 0.45913461538461536 0.8257211538461539 0.004807692307692308 0.002403846153846154
23 0.46153846153846156 0.8040865384615384 0.004807692307692308 0.002403846153846154
3 0.46153846153846156 0.8088942307692307 0.004807692307692308 0.002403846153846154
23 0.46153846153846156 0.8137019230769231 0.004807692307692308 0.002403846153846154
23 0.45913461538461536 0.8209134615384616 0.004807692307692308 0.002403846153846154
23 0.45913461538461536 0.8233173076923077 0.004807692307692308 0.002403846153846154
3 0.5204326923076923 0.5012019230769231 0.007211538461538462 0.007211538461538462
3 0.4879807692307692 0.671875 0.004807692307692308 0.002403846153846154
23 0.4879807692307692 0.6742788461538461 0.004807692307692308 0.002403846153846154
23 0.5108173076923077 0.5576923076923077 0.007211538461538462 0.004807692307692308
23 0.5528846153846154 0.34975961538461536 0.004807692307692308 0.002403846153846154
23 0.5216346153846154 0.5036057692307693 0.004807692307692308 0.002403846153846154
23 0.5504807692307693 0.35216346153846156 0.004807692307692308 0.002403846153846154
23 0.5504807692307693 0.3545673076923077 0.004807692307692308 0.002403846153846154
23 0.5504807692307693 0.35697115384615385 0.004807692307692308 0.002403846153846154
3 0.5432692307692307 0.3954326923076923 0.009615384615384616 0.007211538461538462
23 0.5504807692307693 0.3641826923076923 0.004807692307692308 0.002403846153846154
23 0.5504807692307693 0.36899038461538464 0.004807692307692308 0.002403846153846154
23 0.5456730769230769 0.38341346153846156 0.004807692307692308 0.002403846153846154
23 0.5456730769230769 0.38341346153846156 0.004807692307692308 0.002403846153846154
23 0.5480769230769231 0.38100961538461536 0.004807692307692308 0.002403846153846154
23 0.5456730769230769 0.3858173076923077 0.004807692307692308 0.002403846153846154
23 0.5456730769230769 0.38822115384615385 0.004807692307692308 0.002403846153846154
23 0.5456730769230769 0.390625 0.004807692307692308 0.002403846153846154
23 0.5168269230769231 0.5396634615384616 0.004807692307692308 0.002403846153846154
23 0.5168269230769231 0.5324519230769231 0.004807692307692308 0.002403846153846154
3 0.5144230769230769 0.5444711538461539 0.004807692307692308 0.002403846153846154
23 0.5144230769230769 0.5540865384615384 0.004807692307692308 0.002403846153846154
3 0.5192307692307693 0.5348557692307693 0.004807692307692308 0.002403846153846154
23 0.5168269230769231 0.546875 0.004807692307692308 0.002403846153846154
3 0.5216346153846154 0.5276442307692307 0.004807692307692308 0.002403846153846154
3 0.4639423076923077 0.828125 0.004807692307692308 0.002403846153846154
3 0.4639423076923077 0.8257211538461539 0.004807692307692308 0.002403846153846154
3 0.4699519230769231 0.8100961538461539 0.007211538461538462 0.004807692307692308
3 0.5528846153846154 0.38100961538461536 0.004807692307692308 0.002403846153846154
3 0.5528846153846154 0.38341346153846156 0.004807692307692308 0.002403846153846154
23 0.47115384615384615 0.8064903846153846 0.004807692307692308 0.002403846153846154
3 0.5528846153846154 0.3858173076923077 0.004807692307692308 0.002403846153846154
6 0.46274038461538464 0.8545673076923077 0.01201923076923077 0.021634615384615384
3 0.53125 0.5012019230769231 0.004807692307692308 0.002403846153846154
23 0.53125 0.5060096153846154 0.004807692307692308 0.002403846153846154
13 0.49278846153846156 0.7079326923076923 0.009615384615384616 0.007211538461538462
3 0.5336538461538461 0.49399038461538464 0.004807692307692308 0.002403846153846154
3 0.53125 0.5036057692307693 0.004807692307692308 0.002403846153846154
23 0.5336538461538461 0.4963942307692308 0.004807692307692308 0.002403846153846154
3 0.5024038461538461 0.6502403846153846 0.004807692307692308 0.002403846153846154
23 0.5288461538461539 0.5276442307692307 0.004807692307692308 0.002403846153846154
3 0.5288461538461539 0.5300480769230769 0.004807692307692308 0.002403846153846154
23 0.5264423076923077 0.5372596153846154 0.004807692307692308 0.002403846153846154
3 0.5264423076923077 0.5324519230769231 0.004807692307692308 0.002403846153846154
14 0.5048076923076923 0.6610576923076923 0.02403846153846154 0.019230769230769232
14 0.5 0.6862980769230769 0.019230769230769232 0.007211538461538462
23 0.4735576923076923 0.828125 0.004807692307692308 0.002403846153846154
14 0.4987980769230769 0.6971153846153846 0.021634615384615384 0.009615384615384616
23 0.4735576923076923 0.8305288461538461 0.004807692307692308 0.002403846153846154
3 0.4735576923076923 0.8329326923076923 0.004807692307692308 0.002403846153846154
22 0.5048076923076923 0.6742788461538461 0.009615384615384616 0.007211538461538462
3 0.47115384615384615 0.8353365384615384 0.004807692307692308 0.002403846153846154
6 0.49399038461538464 0.7379807692307693 0.026442307692307692 0.052884615384615384
14 0.53125 0.5492788461538461 0.019230769230769232 0.01201923076923077
29 0.5432692307692307 0.49759615384615385 0.004807692307692308 0.004807692307692308
7 0.5432692307692307 0.5036057692307693 0.009615384615384616 0.007211538461538462
7 0.5024038461538461 0.7103365384615384 0.004807692307692308 0.002403846153846154
3 0.48677884615384615 0.7944711538461539 0.007211538461538462 0.007211538461538462
3 0.4879807692307692 0.7884615384615384 0.009615384615384616 0.004807692307692308
3 0.4891826923076923 0.7836538461538461 0.007211538461538462 0.004807692307692308
3 0.48677884615384615 0.7908653846153846 0.007211538461538462 0.004807692307692308
15 0.5420673076923077 0.5324519230769231 0.01201923076923077 0.01201923076923077
7 0.5360576923076923 0.5625 0.009615384615384616 0.004807692307692308
3 0.5444711538461539 0.5204326923076923 0.007211538461538462 0.007211538461538462
3 0.5444711538461539 0.5240384615384616 0.007211538461538462 0.004807692307692308
15 0.49038461538461536 0.8052884615384616 0.02403846153846154 0.019230769230769232
23 0.5793269230769231 0.3545673076923077 0.004807692307692308 0.002403846153846154
3 0.49399038461538464 0.7932692307692307 0.007211538461538462 0.004807692307692308
13 0.5 0.7716346153846154 0.009615384615384616 0.004807692307692308
3 0.4987980769230769 0.7740384615384616 0.007211538461538462 0.004807692307692308
3 0.49399038461538464 0.7956730769230769 0.007211538461538462 0.004807692307692308
3 0.4963942307692308 0.7908653846153846 0.007211538461538462 0.004807692307692308
3 0.49759615384615385 0.7860576923076923 0.009615384615384616 0.004807692307692308
7 0.49038461538461536 0.8197115384615384 0.009615384615384616 0.004807692307692308
3 0.5216346153846154 0.6574519230769231 0.004807692307692308 0.002403846153846154
3 0.5192307692307693 0.6694711538461539 0.004807692307692308 0.002403846153846154
23 0.5552884615384616 0.4987980769230769 0.004807692307692308 0.002403846153846154
23 0.5552884615384616 0.5012019230769231 0.004807692307692308 0.002403846153846154
3 0.5528846153846154 0.5036057692307693 0.004807692307692308 0.002403846153846154
3 0.5528846153846154 0.5060096153846154 0.004807692307692308 0.002403846153846154
23 0.5456730769230769 0.546875 0.004807692307692308 0.002403846153846154
23 0.5456730769230769 0.5492788461538461 0.004807692307692308 0.002403846153846154
22 0.5216346153846154 0.6646634615384616 0.009615384615384616 0.007211538461538462
23 0.5865384615384616 0.3545673076923077 0.004807692307692308 0.002403846153846154
7 0.5504807692307693 0.5444711538461539 0.009615384615384616 0.007211538461538462
15 0.5492788461538461 0.5637019230769231 0.01201923076923077 0.01201923076923077
3 0.5480769230769231 0.5721153846153846 0.009615384615384616 0.004807692307692308
3 0.5552884615384616 0.5372596153846154 0.009615384615384616 0.007211538461538462
3 0.5576923076923077 0.5252403846153846 0.009615384615384616 0.007211538461538462
3 0.5576923076923077 0.5276442307692307 0.009615384615384616 0.007211538461538462
3 0.5552884615384616 0.5420673076923077 0.009615384615384616 0.007211538461538462
23 0.5528846153846154 0.5516826923076923 0.004807692307692308 0.002403846153846154
23 0.5528846153846154 0.5564903846153846 0.004807692307692308 0.002403846153846154
3 0.5576923076923077 0.5324519230769231 0.009615384615384616 0.007211538461538462
23 0.5528846153846154 0.5540865384615384 0.004807692307692308 0.002403846153846154
7 0.5168269230769231 0.7439903846153846 0.009615384615384616 0.007211538461538462
7 0.5168269230769231 0.7319711538461539 0.009615384615384616 0.007211538461538462
7 0.5168269230769231 0.7391826923076923 0.009615384615384616 0.007211538461538462
7 0.5168269230769231 0.7487980769230769 0.009615384615384616 0.007211538461538462