13 0.29927884615384615 0.5276442307692307 0.007211538461538462 0.007211538461538462
6 0.2848557692307692 0.59375 0.05048076923076923 0.03365384615384615
7 0.30408653846153844 0.5180288461538461 0.016826923076923076 0.016826923076923076
7 0.3137019230769231 0.5 0.021634615384615384 0.014423076923076924
7 0.31490384615384615 0.49038461538461536 0.02403846153846154 0.014423076923076924
3 0.35216346153846156 0.3317307692307692 0.01201923076923077 0.009615384615384616
3 0.3173076923076923 0.5228365384615384 0.009615384615384616 0.007211538461538462
3 0.3173076923076923 0.5300480769230769 0.009615384615384616 0.007211538461538462
14 0.31490384615384615 0.5456730769230769 0.014423076923076924 0.009615384615384616
18 0.3233173076923077 0.5108173076923077 0.01201923076923077 0.007211538461538462
3 0.35697115384615385 0.35216346153846156 0.01201923076923077 0.016826923076923076
23 0.3954326923076923 0.17668269230769232 0.01201923076923077 0.01201923076923077
13 0.3293269230769231 0.4879807692307692 0.009615384615384616 0.009615384615384616
3 0.3858173076923077 0.2283653846153846 0.007211538461538462 0.004807692307692308
3 0.33413461538461536 0.4807692307692308 0.004807692307692308 0.004807692307692308
3 0.33052884615384615 0.5048076923076923 0.01201923076923077 0.009615384615384616
3 0.3317307692307692 0.4987980769230769 0.009615384615384616 0.007211538461538462
18 0.3293269230769231 0.5204326923076923 0.009615384615384616 0.007211538461538462
7 0.38822115384615385 0.2439903846153846 0.007211538461538462 0.007211538461538462
3 0.39663461538461536 0.2127403846153846 0.004807692307692308 0.002403846153846154
14 0.3942307692307692 0.23677884615384615 0.009615384615384616 0.007211538461538462
18 0.34134615384615385 0.48677884615384615 0.009615384615384616 0.01201923076923077
3 0.3485576923076923 0.46033653846153844 0.004807692307692308 0.002403846153846154
3 0.33774038461538464 0.5144230769230769 0.007211538461538462 0.004807692307692308
3 0.33413461538461536 0.5324519230769231 0.009615384615384616 0.007211538461538462
3 0.33413461538461536 0.5360576923076923 0.009615384615384616 0.004807692307692308
18 0.34375 0.4963942307692308 0.009615384615384616 0.007211538461538462
3 0.3485576923076923 0.48197115384615385 0.004807692307692308 0.002403846153846154
3 0.33653846153846156 0.5276442307692307 0.009615384615384616 0.007211538461538462
3 0.33774038461538464 0.5252403846153846 0.007211538461538462 0.007211538461538462
14 0.34975961538461536 0.47115384615384615 0.03125 0.019230769230769232
3 0.33653846153846156 0.5396634615384616 0.004807692307692308 0.002403846153846154
3 0.35096153846153844 0.49038461538461536 0.004807692307692308 0.004807692307692308
3 0.34975961538461536 0.5048076923076923 0.007211538461538462 0.004807692307692308
3 0.35336538461538464 0.48197115384615385 0.004807692307692308 0.002403846153846154
7 0.35096153846153844 0.4963942307692308 0.009615384615384616 0.007211538461538462
3 0.4182692307692308 0.18990384615384615 0.02403846153846154 0.014423076923076924
3 0.4170673076923077 0.1971153846153846 0.026442307692307692 0.014423076923076924
3 0.34615384615384615 0.5444711538461539 0.009615384615384616 0.007211538461538462
14 0.41466346153846156 0.22115384615384615 0.026442307692307692 0.019230769230769232
14 0.35216346153846156 0.5324519230769231 0.021634615384615384 0.021634615384615384
15 0.3918269230769231 0.34975961538461536 0.009615384615384616 0.007211538461538462
3 0.4182692307692308 0.23557692307692307 0.004807692307692308 0.004807692307692308
3 0.4254807692307692 0.2091346153846154 0.004807692307692308 0.004807692307692308
29 0.3557692307692308 0.5492788461538461 0.009615384615384616 0.007211538461538462
6 0.3894230769230769 0.390625 0.08653846153846154 0.03125
14 0.36658653846153844 0.5120192307692307 0.026442307692307692 0.019230769230769232
3 0.3786057692307692 0.47475961538461536 0.01201923076923077 0.007211538461538462
3 0.43509615384615385 0.2091346153846154 0.004807692307692308 0.004807692307692308
7 0.3762019230769231 0.484375 0.016826923076923076 0.016826923076923076
3 0.4387019230769231 0.21634615384615385 0.007211538461538462 0.004807692307692308
7 0.4230769230769231 0.2824519230769231 0.009615384615384616 0.007211538461538462
3 0.37259615384615385 0.5276442307692307 0.004807692307692308 0.002403846153846154
3 0.43990384615384615 0.21153846153846154 0.004807692307692308 0.004807692307692308
3 0.37259615384615385 0.5348557692307693 0.004807692307692308 0.002403846153846154
18 0.4254807692307692 0.2920673076923077 0.009615384615384616 0.007211538461538462
7 0.42427884615384615 0.296875 0.007211538461538462 0.007211538461538462
7 0.3713942307692308 0.5444711538461539 0.01201923076923077 0.01201923076923077
15 0.3629807692307692 0.6021634615384616 0.004807692307692308 0.002403846153846154
7 0.421875 0.32572115384615385 0.01201923076923077 0.01201923076923077
3 0.4338942307692308 0.29086538461538464 0.007211538461538462 0.004807692307692308
3 0.43149038461538464 0.30649038461538464 0.01201923076923077 0.007211538461538462
7 0.4230769230769231 0.35216346153846156 0.009615384615384616 0.007211538461538462
7 0.39302884615384615 0.4951923076923077 0.016826923076923076 0.014423076923076924
7 0.39783653846153844 0.48197115384615385 0.016826923076923076 0.016826923076923076
29 0.38822115384615385 0.5300480769230769 0.016826923076923076 0.016826923076923076
15 0.4483173076923077 0.24158653846153846 0.007211538461538462 0.007211538461538462
29 0.3858173076923077 0.5444711538461539 0.016826923076923076 0.016826923076923076
7 0.43149038461538464 0.328125 0.01201923076923077 0.01201923076923077
14 0.4362980769230769 0.3016826923076923 0.007211538461538462 0.007211538461538462
7 0.46153846153846156 0.1875 0.009615384615384616 0.004807692307692308
3 0.4579326923076923 0.20793269230769232 0.007211538461538462 0.007211538461538462
3 0.45552884615384615 0.21153846153846154 0.007211538461538462 0.004807692307692308
3 0.38461538461538464 0.5600961538461539 0.004807692307692308 0.004807692307692308
3 0.45552884615384615 0.22716346153846154 0.01201923076923077 0.016826923076923076
3 0.3954326923076923 0.5180288461538461 0.007211538461538462 0.007211538461538462
3 0.3762019230769231 0.6033653846153846 0.002403846153846154 0.004807692307692308
3 0.39783653846153844 0.5084134615384616 0.007211538461538462 0.007211538461538462
14 0.42908653846153844 0.36658653846153844 0.026442307692307692 0.021634615384615384
29 0.453125 0.25600961538461536 0.007211538461538462 0.007211538461538462
29 0.4495192307692308 0.2860576923076923 0.004807692307692308 0.004807692307692308
29 0.4519230769230769 0.2764423076923077 0.004807692307692308 0.004807692307692308
3 0.4026442307692308 0.5204326923076923 0.007211538461538462 0.007211538461538462
7 0.4375 0.3545673076923077 0.009615384615384616 0.007211538461538462
3 0.4050480769230769 0.5096153846153846 0.007211538461538462 0.009615384615384616
3 0.46153846153846156 0.23557692307692307 0.004807692307692308 0.004807692307692308
7 0.3870192307692308 0.6057692307692307 0.004807692307692308 0.004807692307692308
15 0.3870192307692308 0.6009615384615384 0.009615384615384616 0.004807692307692308
7 0.4098557692307692 0.4987980769230769 0.016826923076923076 0.016826923076923076
7 0.41225961538461536 0.48677884615384615 0.016826923076923076 0.016826923076923076
3 0.4495192307692308 0.3137019230769231 0.009615384615384616 0.007211538461538462
29 0.40024038461538464 0.5444711538461539 0.016826923076923076 0.016826923076923076
29 0.4026442307692308 0.5324519230769231 0.016826923076923076 0.016826923076923076
3 0.4495192307692308 0.31850961538461536 0.004807692307692308 0.002403846153846154
3 0.4639423076923077 0.24639423076923078 0.004807692307692308 0.002403846153846154
15 0.3858173076923077 0.6189903846153846 0.09375 0.036057692307692304
3 0.40865384615384615 0.5228365384615384 0.009615384615384616 0.01201923076923077
3 0.41225961538461536 0.5120192307692307 0.007211538461538462 0.009615384615384616
15 0.39663461538461536 0.6033653846153846 0.009615384615384616 0.004807692307692308
14 0.47716346153846156 0.23557692307692307 0.021634615384615384 0.019230769230769232
7 0.47115384615384615 0.265625 0.009615384615384616 0.007211538461538462
29 0.47115384615384615 0.27283653846153844 0.009615384615384616 0.007211538461538462
3 0.47596153846153844 0.24879807692307693 0.004807692307692308 0.002403846153846154
7 0.4891826923076923 0.18990384615384615 0.007211538461538462 0.004807692307692308
7 0.4519230769230769 0.36658653846153844 0.009615384615384616 0.007211538461538462
7 0.4879807692307692 0.19230769230769232 0.009615384615384616 0.004807692307692308
3 0.41346153846153844 0.5516826923076923 0.009615384615384616 0.007211538461538462
3 0.41346153846153844 0.5492788461538461 0.009615384615384616 0.007211538461538462
3 0.4170673076923077 0.5396634615384616 0.007211538461538462 0.007211538461538462
3 0.41466346153846156 0.5456730769230769 0.007211538461538462 0.004807692307692308
3 0.4182692307692308 0.5324519230769231 0.009615384615384616 0.007211538461538462
3 0.421875 0.5108173076923077 0.007211538461538462 0.007211538461538462
3 0.41586538461538464 0.5420673076923077 0.009615384615384616 0.007211538461538462
3 0.41586538461538464 0.5360576923076923 0.009615384615384616 0.004807692307692308
3 0.421875 0.5084134615384616 0.007211538461538462 0.007211538461538462
3 0.4182692307692308 0.5288461538461539 0.009615384615384616 0.004807692307692308
3 0.41947115384615385 0.5252403846153846 0.007211538461538462 0.007211538461538462
3 0.41947115384615385 0.5216346153846154 0.007211538461538462 0.004807692307692308
3 0.421875 0.5144230769230769 0.007211538461538462 0.004807692307692308
3 0.42427884615384615 0.5036057692307693 0.007211538461538462 0.007211538461538462
3 0.4206730769230769 0.5180288461538461 0.009615384615384616 0.007211538461538462
3 0.4879807692307692 0.22956730769230768 0.009615384615384616 0.007211538461538462
29 0.4495192307692308 0.4375 0.009615384615384616 0.009615384615384616
3 0.4951923076923077 0.2283653846153846 0.004807692307692308 0.004807692307692308
3 0.4951923076923077 0.23317307692307693 0.004807692307692308 0.004807692307692308
6 0.44471153846153844 0.4795673076923077 0.03365384615384615 0.016826923076923076
18 0.49278846153846156 0.26802884615384615 0.009615384615384616 0.007211538461538462
15 0.4639423076923077 0.40625 0.004807692307692308 0.004807692307692308
7 0.49038461538461536 0.27283653846153844 0.009615384615384616 0.007211538461538462
3 0.47836538461538464 0.3485576923076923 0.004807692307692308 0.004807692307692308
29 0.4579326923076923 0.43990384615384615 0.01201923076923077 0.009615384615384616
15 0.4639423076923077 0.4338942307692308 0.004807692307692308 0.002403846153846154
7 0.5168269230769231 0.19471153846153846 0.014423076923076924 0.004807692307692308
7 0.5180288461538461 0.1971153846153846 0.01201923076923077 0.004807692307692308
7 0.4795673076923077 0.3762019230769231 0.007211538461538462 0.007211538461538462
3 0.4735576923076923 0.41346153846153844 0.004807692307692308 0.004807692307692308
18 0.5024038461538461 0.2776442307692308 0.009615384615384616 0.007211538461538462
3 0.47115384615384615 0.4362980769230769 0.004807692307692308 0.002403846153846154
3 0.47475961538461536 0.41346153846153844 0.002403846153846154 0.004807692307692308
15 0.4807692307692308 0.41346153846153844 0.004807692307692308 0.004807692307692308
14 0.5024038461538461 0.32091346153846156 0.09615384615384616 0.07451923076923077
7 0.49278846153846156 0.3786057692307692 0.009615384615384616 0.007211538461538462
29 0.44471153846153844 0.6165865384615384 0.009615384615384616 0.007211538461538462
3 0.5048076923076923 0.3701923076923077 0.004807692307692308 0.004807692307692308
3 0.46634615384615385 0.5528846153846154 0.009615384615384616 0.004807692307692308
3 0.4675480769230769 0.5492788461538461 0.007211538461538462 0.007211538461538462
3 0.47115384615384615 0.5324519230769231 0.004807692307692308 0.002403846153846154
3 0.4723557692307692 0.5252403846153846 0.007211538461538462 0.007211538461538462
3 0.4699519230769231 0.5396634615384616 0.007211538461538462 0.007211538461538462
3 0.4699519230769231 0.5372596153846154 0.007211538461538462 0.007211538461538462
3 0.4699519230769231 0.5480769230769231 0.007211538461538462 0.004807692307692308
3 0.47115384615384615 0.5444711538461539 0.009615384615384616 0.007211538461538462
3 0.47475961538461536 0.5288461538461539 0.007211538461538462 0.004807692307692308
14 0.5048076923076923 0.38822115384615385 0.009615384615384616 0.007211538461538462
7 0.46274038461538464 0.5973557692307693 0.007211538461538462 0.007211538461538462
14 0.5072115384615384 0.38341346153846156 0.009615384615384616 0.007211538461538462
3 0.5144230769230769 0.36177884615384615 0.009615384615384616 0.007211538461538462
7 0.546875 0.21033653846153846 0.01201923076923077 0.007211538461538462
29 0.5144230769230769 0.3713942307692308 0.009615384615384616 0.007211538461538462
7 0.4639423076923077 0.6237980769230769 0.009615384615384616 0.007211538461538462
3 0.4807692307692308 0.5516826923076923 0.009615384615384616 0.007211538461538462
23 0.5408653846153846 0.2920673076923077 0.009615384615384616 0.007211538461538462
3 0.4891826923076923 0.5420673076923077 0.01201923076923077 0.007211538461538462
3 0.4879807692307692 0.5372596153846154 0.009615384615384616 0.007211538461538462
3 0.47596153846153844 0.6009615384615384 0.004807692307692308 0.004807692307692308
7 0.546875 0.2704326923076923 0.01201923076923077 0.01201923076923077
3 0.5288461538461539 0.3605769230769231 0.004807692307692308 0.004807692307692308
3 0.49038461538461536 0.5540865384615384 0.009615384615384616 0.007211538461538462
15 0.47596153846153844 0.6286057692307693 0.009615384615384616 0.007211538461538462
6 0.4723557692307692 0.640625 0.040865384615384616 0.021634615384615384
3 0.5564903846153846 0.26322115384615385 0.01201923076923077 0.007211538461538462
3 0.5300480769230769 0.390625 0.01201923076923077 0.01201923076923077
29 0.48677884615384615 0.5949519230769231 0.01201923076923077 0.007211538461538462
7 0.5552884615384616 0.27403846153846156 0.009615384615384616 0.009615384615384616
23 0.5552884615384616 0.29447115384615385 0.009615384615384616 0.007211538461538462
3 0.5721153846153846 0.21153846153846154 0.02403846153846154 0.014423076923076924
7 0.4855769230769231 0.6310096153846154 0.009615384615384616 0.007211538461538462
3 0.5024038461538461 0.5576923076923077 0.004807692307692308 0.004807692307692308
3 0.5084134615384616 0.5324519230769231 0.007211538461538462 0.007211538461538462
3 0.5024038461538461 0.5600961538461539 0.004807692307692308 0.004807692307692308
3 0.5024038461538461 0.5528846153846154 0.004807692307692308 0.004807692307692308
3 0.5060096153846154 0.5408653846153846 0.007211538461538462 0.004807692307692308
3 0.5048076923076923 0.5516826923076923 0.004807692307692308 0.002403846153846154
3 0.5048076923076923 0.546875 0.004807692307692308 0.002403846153846154
3 0.5060096153846154 0.5444711538461539 0.007211538461538462 0.007211538461538462
3 0.5084134615384616 0.5372596153846154 0.007211538461538462 0.007211538461538462
23 0.5552884615384616 0.32091346153846156 0.009615384615384616 0.01201923076923077
3 0.5552884615384616 0.33052884615384615 0.009615384615384616 0.007211538461538462
23 0.578125 0.22716346153846154 0.007211538461538462 0.007211538461538462
3 0.5600961538461539 0.3161057692307692 0.009615384615384616 0.007211538461538462
23 0.5637019230769231 0.30528846153846156 0.01201923076923077 0.009615384615384616
29 0.546875 0.38341346153846156 0.016826923076923076 0.01201923076923077
15 0.4987980769230769 0.6189903846153846 0.007211538461538462 0.007211538461538462
14 0.5492788461538461 0.390625 0.007211538461538462 0.007211538461538462
15 0.5048076923076923 0.6225961538461539 0.004807692307692308 0.004807692307692308
3 0.5576923076923077 0.3713942307692308 0.009615384615384616 0.007211538461538462
15 0.5588942307692307 0.3762019230769231 0.007211538461538462 0.007211538461538462
15 0.5625 0.35697115384615385 0.004807692307692308 0.002403846153846154
15 0.5961538461538461 0.21634615384615385 0.004807692307692308 0.004807692307692308
15 0.5072115384615384 0.6358173076923077 0.009615384615384616 0.007211538461538462
6 0.5132211538461539 0.6117788461538461 0.06490384615384616 0.03125
15 0.5120192307692307 0.6225961538461539 0.004807692307692308 0.004807692307692308
3 0.5625 0.39903846153846156 0.004807692307692308 0.004807692307692308
3 0.5576923076923077 0.4254807692307692 0.004807692307692308 0.004807692307692308
3 0.5480769230769231 0.4735576923076923 0.004807692307692308 0.004807692307692308
15 0.5168269230769231 0.6225961538461539 0.004807692307692308 0.004807692307692308
3 0.5528846153846154 0.46033653846153844 0.009615384615384616 0.007211538461538462
7 0.5769230769230769 0.35216346153846156 0.009615384615384616 0.007211538461538462
14 0.5745192307692307 0.3713942307692308 0.02403846153846154 0.03125
3 0.5528846153846154 0.47596153846153844 0.004807692307692308 0.004807692307692308
29 0.5264423076923077 0.5997596153846154 0.009615384615384616 0.007211538461538462
3 0.5673076923076923 0.4266826923076923 0.009615384615384616 0.007211538461538462
3 0.5600961538461539 0.4579326923076923 0.009615384615384616 0.007211538461538462
14 0.5276442307692307 0.6274038461538461 0.01201923076923077 0.009615384615384616
3 0.6081730769230769 0.28365384615384615 0.009615384615384616 0.009615384615384616
3 0.5721153846153846 0.46274038461538464 0.009615384615384616 0.01201923076923077
3 0.5793269230769231 0.42788461538461536 0.004807692307692308 0.004807692307692308
14 0.5324519230769231 0.6478365384615384 0.021634615384615384 0.016826923076923076
3 0.5673076923076923 0.47836538461538464 0.004807692307692308 0.004807692307692308
29 0.6021634615384616 0.3425480769230769 0.01201923076923077 0.007211538461538462
3 0.5865384615384616 0.42788461538461536 0.004807692307692308 0.004807692307692308
15 0.6286057692307693 0.234375 0.016826923076923076 0.01201923076923077
14 0.6262019230769231 0.25721153846153844 0.03125 0.02403846153846154
3 0.5516826923076923 0.6237980769230769 0.016826923076923076 0.016826923076923076
15 0.5552884615384616 0.6057692307692307 0.004807692307692308 0.004807692307692308
7 0.6442307692307693 0.23677884615384615 0.009615384615384616 0.007211538461538462
29 0.625 0.34975961538461536 0.009615384615384616 0.007211538461538462
15 0.6514423076923077 0.23798076923076922 0.004807692307692308 0.004807692307692308
3 0.6490384615384616 0.27403846153846156 0.009615384615384616 0.009615384615384616
7 0.578125 0.6334134615384616 0.007211538461538462 0.007211538461538462
15 0.6225961538461539 0.43990384615384615 0.004807692307692308 0.004807692307692308
14 0.6538461538461539 0.3004807692307692 0.057692307692307696 0.04326923076923077
3 0.6730769230769231 0.24278846153846154 0.02403846153846154 0.014423076923076924
15 0.625 0.46153846153846156 0.009615384615384616 0.004807692307692308
6 0.5877403846153846 0.6502403846153846 0.055288461538461536 0.021634615384615384
25 0.6826923076923077 0.23557692307692307 0.014423076923076924 0.009615384615384616
7 0.6057692307692307 0.6394230769230769 0.004807692307692308 0.004807692307692308
14 0.6887019230769231 0.27283653846153844 0.007211538461538462 0.007211538461538462
3 0.6201923076923077 0.6598557692307693 0.009615384615384616 0.01201923076923077
23 0.6911057692307693 0.328125 0.007211538461538462 0.007211538461538462
7 0.6346153846153846 0.6454326923076923 0.009615384615384616 0.007211538461538462
23 0.6947115384615384 0.36899038461538464 0.009615384615384616 0.007211538461538462
3 0.7235576923076923 0.26322115384615385 0.014423076923076924 0.007211538461538462
3 0.6382211538461539 0.6658653846153846 0.01201923076923077 0.014423076923076924
15 0.7331730769230769 0.25721153846153844 0.009615384615384616 0.004807692307692308
23 0.7283653846153846 0.2848557692307692 0.009615384615384616 0.007211538461538462
29 0.7139423076923077 0.3737980769230769 0.009615384615384616 0.007211538461538462
14 0.7283653846153846 0.3137019230769231 0.052884615384615384 0.040865384615384616
23 0.6850961538461539 0.5168269230769231 0.004807692307692308 0.004807692307692308
23 0.6887019230769231 0.5012019230769231 0.007211538461538462 0.007211538461538462
23 0.6947115384615384 0.47716346153846156 0.009615384615384616 0.007211538461538462
23 0.6983173076923077 0.46153846153846156 0.01201923076923077 0.009615384615384616
23 0.6850961538461539 0.5240384615384616 0.004807692307692308 0.004807692307692308
23 0.6875 0.5072115384615384 0.004807692307692308 0.004807692307692308
23 0.6911057692307693 0.49038461538461536 0.01201923076923077 0.009615384615384616
23 0.7007211538461539 0.4543269230769231 0.01201923076923077 0.009615384615384616
23 0.703125 0.4423076923076923 0.01201923076923077 0.009615384615384616
23 0.7043269230769231 0.4362980769230769 0.009615384615384616 0.007211538461538462
7 0.6634615384615384 0.6502403846153846 0.009615384615384616 0.007211538461538462
14 0.6610576923076923 0.6694711538461539 0.019230769230769232 0.016826923076923076
7 0.7259615384615384 0.3713942307692308 0.009615384615384616 0.007211538461538462
23 0.7451923076923077 0.28725961538461536 0.009615384615384616 0.007211538461538462
23 0.703125 0.5204326923076923 0.007211538461538462 0.007211538461538462
23 0.7007211538461539 0.5276442307692307 0.007211538461538462 0.007211538461538462
23 0.7067307692307693 0.5120192307692307 0.004807692307692308 0.004807692307692308
23 0.7091346153846154 0.5024038461538461 0.009615384615384616 0.009615384615384616
23 0.7115384615384616 0.48197115384615385 0.009615384615384616 0.007211538461538462
23 0.7175480769230769 0.45913461538461536 0.01201923076923077 0.009615384615384616
23 0.7103365384615384 0.49278846153846156 0.01201923076923077 0.009615384615384616
23 0.7163461538461539 0.4651442307692308 0.009615384615384616 0.007211538461538462
23 0.7199519230769231 0.44711538461538464 0.01201923076923077 0.009615384615384616
23 0.7211538461538461 0.4411057692307692 0.009615384615384616 0.007211538461538462
23 0.7427884615384616 0.33774038461538464 0.009615384615384616 0.007211538461538462
23 0.7608173076923077 0.3112980769230769 0.007211538461538462 0.007211538461538462
7 0.6875 0.6742788461538461 0.014423076923076924 0.016826923076923076
7 0.6911057692307693 0.6574519230769231 0.007211538461538462 0.007211538461538462
14 0.7548076923076923 0.41466346153846156 0.12980769230769232 0.07932692307692307
3 0.7728365384615384 0.35096153846153844 0.007211538461538462 0.004807692307692308
3 0.7764423076923077 0.3401442307692308 0.004807692307692308 0.002403846153846154
15 0.7932692307692307 0.2848557692307692 0.009615384615384616 0.007211538461538462
14 0.7776442307692307 0.3629807692307692 0.021634615384615384 0.014423076923076924
27 0.7824519230769231 0.34615384615384615 0.021634615384615384 0.014423076923076924
23 0.7860576923076923 0.32572115384615385 0.009615384615384616 0.007211538461538462
3 0.78125 0.3557692307692308 0.009615384615384616 0.004807692307692308
7 0.7788461538461539 0.375 0.004807692307692308 0.004807692307692308
3 0.7896634615384616 0.33533653846153844 0.016826923076923076 0.01201923076923077
14 0.7956730769230769 0.3076923076923077 0.03365384615384615 0.03365384615384615
23 0.7956730769230769 0.328125 0.009615384615384616 0.007211538461538462
3 0.7908653846153846 0.3581730769230769 0.009615384615384616 0.004807692307692308
15 0.7475961538461539 0.6045673076923077 0.009615384615384616 0.007211538461538462
15 0.7403846153846154 0.6382211538461539 0.009615384615384616 0.007211538461538462
23 0.7620192307692307 0.5432692307692307 0.004807692307692308 0.004807692307692308
23 0.7620192307692307 0.5360576923076923 0.004807692307692308 0.004807692307692308
23 0.7644230769230769 0.5288461538461539 0.004807692307692308 0.004807692307692308
23 0.7668269230769231 0.5168269230769231 0.004807692307692308 0.004807692307692308
23 0.7740384615384616 0.47836538461538464 0.004807692307692308 0.004807692307692308
23 0.7764423076923077 0.46875 0.004807692307692308 0.004807692307692308
23 0.7668269230769231 0.5216346153846154 0.004807692307692308 0.004807692307692308
23 0.7716346153846154 0.5024038461538461 0.004807692307692308 0.004807692307692308
23 0.7692307692307693 0.5096153846153846 0.004807692307692308 0.004807692307692308
23 0.7692307692307693 0.5072115384615384 0.004807692307692308 0.004807692307692308
23 0.7716346153846154 0.49278846153846156 0.004807692307692308 0.004807692307692308
23 0.7716346153846154 0.49759615384615385 0.004807692307692308 0.004807692307692308
14 0.8064903846153846 0.3425480769230769 0.01201923076923077 0.01201923076923077
3 0.8028846153846154 0.359375 0.014423076923076924 0.016826923076923076
6 0.7463942307692307 0.6706730769230769 0.03125 0.02403846153846154
14 0.21995192307692307 0.5709134615384616 0.01201923076923077 0.01201923076923077
23 0.234375 0.5348557692307693 0.01201923076923077 0.007211538461538462
15 0.23317307692307693 0.5697115384615384 0.004807692307692308 0.004807692307692308
27 0.2439903846153846 0.546875 0.01201923076923077 0.01201923076923077
15 0.2403846153846154 0.5697115384615384 0.004807692307692308 0.004807692307692308
3 0.3317307692307692 0.15865384615384615 0.004807692307692308 0.004807692307692308
3 0.2548076923076923 0.5516826923076923 0.004807692307692308 0.002403846153846154
3 0.25721153846153844 0.546875 0.004807692307692308 0.002403846153846154
3 0.3401442307692308 0.15985576923076922 0.01201923076923077 0.007211538461538462
14 0.2512019230769231 0.5853365384615384 0.01201923076923077 0.016826923076923076
23 0.2548076923076923 0.5757211538461539 0.009615384615384616 0.007211538461538462
3 0.35216346153846156 0.16466346153846154 0.01201923076923077 0.007211538461538462
15 0.2692307692307692 0.5733173076923077 0.004807692307692308 0.002403846153846154
7 0.27884615384615385 0.5276442307692307 0.009615384615384616 0.007211538461538462