3 0.31490384615384615 0.3425480769230769 0.004807692307692308 0.007211538461538462
3 0.31009615384615385 0.43509615384615385 0.004807692307692308 0.004807692307692308
14 0.3076923076923077 0.5324519230769231 0.02403846153846154 0.021634615384615384
14 0.30528846153846156 0.578125 0.02403846153846154 0.021634615384615384
3 0.32091346153846156 0.3425480769230769 0.007211538461538462 0.007211538461538462
3 0.3112980769230769 0.5048076923076923 0.007211538461538462 0.004807692307692308
14 0.3173076923076923 0.38461538461538464 0.019230769230769232 0.014423076923076924
15 0.32091346153846156 0.359375 0.036057692307692304 0.026442307692307692
3 0.3269230769230769 0.27524038461538464 0.02403846153846154 0.021634615384615384
7 0.31850961538461536 0.4326923076923077 0.007211538461538462 0.014423076923076924
14 0.3173076923076923 0.46033653846153844 0.02403846153846154 0.016826923076923076
15 0.3161057692307692 0.48197115384615385 0.021634615384615384 0.01201923076923077
3 0.32211538461538464 0.4110576923076923 0.004807692307692308 0.004807692307692308
23 0.3125 0.6262019230769231 0.004807692307692308 0.002403846153846154
23 0.3245192307692308 0.43509615384615385 0.004807692307692308 0.004807692307692308
14 0.33413461538461536 0.25600961538461536 0.014423076923076924 0.007211538461538462
3 0.3269230769230769 0.4110576923076923 0.004807692307692308 0.004807692307692308
23 0.3161057692307692 0.6129807692307693 0.002403846153846154 0.004807692307692308
3 0.3245192307692308 0.4495192307692308 0.009615384615384616 0.004807692307692308
3 0.31490384615384615 0.6322115384615384 0.004807692307692308 0.004807692307692308
3 0.3245192307692308 0.44471153846153844 0.009615384615384616 0.004807692307692308
23 0.3269230769230769 0.43509615384615385 0.004807692307692308 0.004807692307692308
23 0.31850961538461536 0.6129807692307693 0.002403846153846154 0.004807692307692308
23 0.34134615384615385 0.23076923076923078 0.004807692307692308 0.004807692307692308
23 0.3389423076923077 0.234375 0.004807692307692308 0.002403846153846154
3 0.3317307692307692 0.41225961538461536 0.004807692307692308 0.002403846153846154
3 0.33413461538461536 0.3894230769230769 0.004807692307692308 0.009615384615384616
23 0.32091346153846156 0.6322115384615384 0.002403846153846154 0.004807692307692308
14 0.3233173076923077 0.6057692307692307 0.007211538461538462 0.004807692307692308
14 0.32211538461538464 0.6225961538461539 0.014423076923076924 0.009615384615384616
3 0.3245192307692308 0.6334134615384616 0.004807692307692308 0.002403846153846154
14 0.34375 0.31850961538461536 0.019230769230769232 0.01201923076923077
3 0.328125 0.6394230769230769 0.002403846153846154 0.004807692307692308
3 0.328125 0.6081730769230769 0.002403846153846154 0.004807692307692308
23 0.3293269230769231 0.6021634615384616 0.004807692307692308 0.002403846153846154
3 0.33052884615384615 0.6141826923076923 0.002403846153846154 0.002403846153846154
3 0.3389423076923077 0.4807692307692308 0.004807692307692308 0.004807692307692308
23 0.33413461538461536 0.609375 0.004807692307692308 0.002403846153846154
23 0.3329326923076923 0.6141826923076923 0.002403846153846154 0.002403846153846154
14 0.33413461538461536 0.6394230769230769 0.009615384615384616 0.004807692307692308
3 0.34375 0.48197115384615385 0.004807692307692308 0.002403846153846154
3 0.34975961538461536 0.359375 0.007211538461538462 0.002403846153846154
3 0.35216346153846156 0.3641826923076923 0.007211538461538462 0.002403846153846154
3 0.3557692307692308 0.3473557692307692 0.019230769230769232 0.01201923076923077
3 0.34375 0.6394230769230769 0.004807692307692308 0.004807692307692308
3 0.3557692307692308 0.4423076923076923 0.004807692307692308 0.004807692307692308
3 0.3605769230769231 0.36538461538461536 0.004807692307692308 0.004807692307692308
3 0.36538461538461536 0.31971153846153844 0.004807692307692308 0.004807692307692308
3 0.36778846153846156 0.3088942307692308 0.004807692307692308 0.007211538461538462
3 0.36538461538461536 0.36177884615384615 0.004807692307692308 0.002403846153846154
3 0.3629807692307692 0.46634615384615385 0.004807692307692308 0.004807692307692308
3 0.3713942307692308 0.3317307692307692 0.021634615384615384 0.014423076923076924
23 0.3581730769230769 0.6045673076923077 0.004807692307692308 0.002403846153846154
3 0.3786057692307692 0.3173076923076923 0.016826923076923076 0.009615384615384616
3 0.37740384615384615 0.3605769230769231 0.009615384615384616 0.004807692307692308
3 0.3786057692307692 0.36538461538461536 0.007211538461538462 0.004807692307692308
14 0.37259615384615385 0.46634615384615385 0.019230769230769232 0.009615384615384616
3 0.38100961538461536 0.4110576923076923 0.016826923076923076 0.009615384615384616
14 0.3858173076923077 0.375 0.01201923076923077 0.014423076923076924
3 0.38461538461538464 0.38822115384615385 0.004807692307692308 0.002403846153846154
3 0.3870192307692308 0.36658653846153844 0.004807692307692308 0.002403846153846154
23 0.37740384615384615 0.6069711538461539 0.004807692307692308 0.002403846153846154
14 0.38461538461538464 0.44350961538461536 0.052884615384615384 0.026442307692307692
7 0.3918269230769231 0.3605769230769231 0.004807692307692308 0.004807692307692308
14 0.3894230769230769 0.4206730769230769 0.009615384615384616 0.004807692307692308
3 0.3918269230769231 0.42788461538461536 0.004807692307692308 0.004807692307692308
23 0.38221153846153844 0.6334134615384616 0.004807692307692308 0.002403846153846154
3 0.39663461538461536 0.36538461538461536 0.004807692307692308 0.004807692307692308
23 0.3942307692307692 0.41346153846153844 0.004807692307692308 0.004807692307692308
3 0.3870192307692308 0.5985576923076923 0.009615384615384616 0.004807692307692308
3 0.40024038461538464 0.3605769230769231 0.002403846153846154 0.004807692307692308
23 0.3858173076923077 0.6322115384615384 0.002403846153846154 0.004807692307692308
14 0.39663461538461536 0.46274038461538464 0.009615384615384616 0.007211538461538462
23 0.39663461538461536 0.46875 0.004807692307692308 0.004807692307692308
3 0.40625 0.3581730769230769 0.004807692307692308 0.004807692307692308
3 0.4026442307692308 0.4639423076923077 0.002403846153846154 0.004807692307692308
23 0.40865384615384615 0.3641826923076923 0.004807692307692308 0.002403846153846154
23 0.40865384615384615 0.3954326923076923 0.004807692307692308 0.002403846153846154
6 0.4182692307692308 0.22596153846153846 0.09615384615384616 0.11538461538461539
23 0.4110576923076923 0.36177884615384615 0.004807692307692308 0.002403846153846154
3 0.41346153846153844 0.3581730769230769 0.004807692307692308 0.004807692307692308
23 0.41225961538461536 0.36538461538461536 0.002403846153846154 0.004807692307692308
14 0.4110576923076923 0.375 0.019230769230769232 0.009615384615384616
14 0.4098557692307692 0.4639423076923077 0.007211538461538462 0.009615384615384616
3 0.4110576923076923 0.4026442307692308 0.004807692307692308 0.002403846153846154
14 0.41346153846153844 0.39663461538461536 0.004807692307692308 0.004807692307692308
3 0.4206730769230769 0.31850961538461536 0.009615384615384616 0.002403846153846154
3 0.41947115384615385 0.3629807692307692 0.007211538461538462 0.004807692307692308
3 0.41466346153846156 0.4639423076923077 0.002403846153846154 0.004807692307692308
23 0.41346153846153844 0.4831730769230769 0.004807692307692308 0.004807692307692308
3 0.4182692307692308 0.40625 0.004807692307692308 0.004807692307692308
23 0.4182692307692308 0.4026442307692308 0.004807692307692308 0.002403846153846154
23 0.41947115384615385 0.39783653846153844 0.002403846153846154 0.002403846153846154
3 0.4182692307692308 0.44471153846153844 0.004807692307692308 0.004807692307692308
23 0.4170673076923077 0.4519230769230769 0.002403846153846154 0.004807692307692308
23 0.4182692307692308 0.4387019230769231 0.004807692307692308 0.002403846153846154
3 0.42908653846153844 0.3173076923076923 0.002403846153846154 0.004807692307692308
14 0.4375 0.3112980769230769 0.009615384615384616 0.007211538461538462
14 0.43509615384615385 0.37740384615384615 0.014423076923076924 0.009615384615384616
6 0.43028846153846156 0.640625 0.057692307692307696 0.016826923076923076
3 0.4483173076923077 0.31490384615384615 0.002403846153846154 0.004807692307692308
3 0.45072115384615385 0.30408653846153844 0.002403846153846154 0.002403846153846154
3 0.4495192307692308 0.3112980769230769 0.004807692307692308 0.002403846153846154
3 0.4483173076923077 0.3088942307692308 0.007211538461538462 0.002403846153846154
3 0.45552884615384615 0.30408653846153844 0.002403846153846154 0.002403846153846154
3 0.45913461538461536 0.30288461538461536 0.004807692307692308 0.004807692307692308
3 0.45913461538461536 0.3161057692307692 0.009615384615384616 0.007211538461538462
3 0.453125 0.4326923076923077 0.002403846153846154 0.004807692307692308
23 0.45552884615384615 0.43509615384615385 0.002403846153846154 0.004807692307692308
23 0.44591346153846156 0.609375 0.002403846153846154 0.002403846153846154
3 0.4639423076923077 0.3269230769230769 0.009615384615384616 0.004807692307692308
3 0.4639423076923077 0.32211538461538464 0.009615384615384616 0.004807692307692308
7 0.4579326923076923 0.43028846153846156 0.01201923076923077 0.004807692307692308
29 0.45913461538461536 0.4254807692307692 0.009615384615384616 0.004807692307692308
23 0.45072115384615385 0.6225961538461539 0.002403846153846154 0.004807692307692308
29 0.46033653846153844 0.43990384615384615 0.007211538461538462 0.009615384615384616
23 0.453125 0.6201923076923077 0.002403846153846154 0.004807692307692308
14 0.4675480769230769 0.3088942307692308 0.007211538461538462 0.002403846153846154
23 0.4639423076923077 0.4254807692307692 0.004807692307692308 0.004807692307692308
3 0.4723557692307692 0.3269230769230769 0.002403846153846154 0.004807692307692308
23 0.4579326923076923 0.6201923076923077 0.002403846153846154 0.004807692307692308
23 0.46634615384615385 0.43990384615384615 0.004807692307692308 0.004807692307692308
23 0.46875 0.43028846153846156 0.004807692307692308 0.004807692307692308
3 0.4675480769230769 0.42788461538461536 0.002403846153846154 0.004807692307692308
3 0.47596153846153844 0.3269230769230769 0.004807692307692308 0.004807692307692308
23 0.4735576923076923 0.3762019230769231 0.004807692307692308 0.002403846153846154
3 0.47115384615384615 0.43990384615384615 0.004807692307692308 0.004807692307692308
23 0.46274038461538464 0.6213942307692307 0.002403846153846154 0.002403846153846154
3 0.4807692307692308 0.25961538461538464 0.014423076923076924 0.014423076923076924
3 0.4855769230769231 0.19951923076923078 0.019230769230769232 0.014423076923076924
3 0.4855769230769231 0.2283653846153846 0.019230769230769232 0.014423076923076924
23 0.4651442307692308 0.6237980769230769 0.002403846153846154 0.002403846153846154
3 0.4855769230769231 0.21394230769230768 0.019230769230769232 0.014423076923076924
3 0.4831730769230769 0.2764423076923077 0.019230769230769232 0.014423076923076924
23 0.4675480769230769 0.6237980769230769 0.002403846153846154 0.002403846153846154
3 0.48677884615384615 0.3076923076923077 0.016826923076923076 0.009615384615384616
3 0.4855769230769231 0.31971153846153844 0.009615384615384616 0.004807692307692308
29 0.4879807692307692 0.3269230769230769 0.004807692307692308 0.004807692307692308
3 0.49038461538461536 0.45552884615384615 0.004807692307692308 0.002403846153846154
29 0.5024038461538461 0.23076923076923078 0.009615384615384616 0.009615384615384616
14 0.5 0.2644230769230769 0.009615384615384616 0.004807692307692308
23 0.49278846153846156 0.4579326923076923 0.004807692307692308 0.002403846153846154
14 0.5 0.36899038461538464 0.038461538461538464 0.03125
29 0.5072115384615384 0.25240384615384615 0.004807692307692308 0.004807692307692308
29 0.5060096153846154 0.24278846153846154 0.007211538461538462 0.004807692307692308
3 0.5084134615384616 0.38461538461538464 0.002403846153846154 0.004807692307692308
3 0.5096153846153846 0.3858173076923077 0.004807692307692308 0.002403846153846154
29 0.5168269230769231 0.24278846153846154 0.009615384615384616 0.004807692307692308
29 0.5168269230769231 0.25240384615384615 0.004807692307692308 0.004807692307692308
3 0.5168269230769231 0.2644230769230769 0.004807692307692308 0.004807692307692308
3 0.5216346153846154 0.2668269230769231 0.004807692307692308 0.004807692307692308
14 0.5084134615384616 0.5793269230769231 0.007211538461538462 0.009615384615384616
6 0.5324519230769231 0.6502403846153846 0.05048076923076923 0.016826923076923076
23 0.5348557692307693 0.6322115384615384 0.007211538461538462 0.004807692307692308
3 0.5420673076923077 0.6322115384615384 0.002403846153846154 0.004807692307692308
6 0.5685096153846154 0.234375 0.08413461538461539 0.13221153846153846
3 0.5697115384615384 0.45072115384615385 0.004807692307692308 0.002403846153846154
14 0.5745192307692307 0.43990384615384615 0.004807692307692308 0.004807692307692308
14 0.5793269230769231 0.45913461538461536 0.019230769230769232 0.009615384615384616
3 0.5733173076923077 0.6490384615384616 0.002403846153846154 0.004807692307692308
23 0.5733173076923077 0.6550480769230769 0.002403846153846154 0.002403846153846154
7 0.5817307692307693 0.5444711538461539 0.009615384615384616 0.002403846153846154
3 0.5817307692307693 0.5492788461538461 0.009615384615384616 0.002403846153846154
23 0.5817307692307693 0.5492788461538461 0.009615384615384616 0.002403846153846154
29 0.5817307692307693 0.5408653846153846 0.004807692307692308 0.004807692307692308
3 0.578125 0.65625 0.002403846153846154 0.004807692307692308
23 0.5805288461538461 0.65625 0.002403846153846154 0.004807692307692308
14 0.5829326923076923 0.6514423076923077 0.007211538461538462 0.004807692307692308
3 0.5841346153846154 0.6478365384615384 0.004807692307692308 0.002403846153846154
23 0.5841346153846154 0.65625 0.004807692307692308 0.004807692307692308
23 0.5877403846153846 0.5817307692307693 0.002403846153846154 0.004807692307692308
29 0.5901442307692307 0.5504807692307693 0.007211538461538462 0.004807692307692308
3 0.5985576923076923 0.4423076923076923 0.004807692307692308 0.004807692307692308
23 0.6081730769230769 0.2824519230769231 0.004807692307692308 0.002403846153846154
23 0.5901442307692307 0.65625 0.002403846153846154 0.004807692307692308
23 0.6105769230769231 0.2800480769230769 0.004807692307692308 0.002403846153846154
23 0.6105769230769231 0.27283653846153844 0.004807692307692308 0.002403846153846154
23 0.6105769230769231 0.265625 0.004807692307692308 0.002403846153846154
23 0.6129807692307693 0.2848557692307692 0.004807692307692308 0.002403846153846154
3 0.5985576923076923 0.5480769230769231 0.004807692307692308 0.004807692307692308
23 0.5925480769230769 0.65625 0.002403846153846154 0.004807692307692308
3 0.6153846153846154 0.23798076923076922 0.004807692307692308 0.004807692307692308
29 0.6189903846153846 0.20432692307692307 0.007211538461538462 0.004807692307692308
23 0.5997596153846154 0.6177884615384616 0.002403846153846154 0.004807692307692308
3 0.6021634615384616 0.5480769230769231 0.002403846153846154 0.004807692307692308
3 0.6201923076923077 0.21394230769230768 0.004807692307692308 0.004807692307692308
3 0.6225961538461539 0.23798076923076922 0.004807692307692308 0.004807692307692308
3 0.6201923076923077 0.25240384615384615 0.019230769230769232 0.014423076923076924
14 0.6225961538461539 0.22115384615384615 0.019230769230769232 0.009615384615384616
15 0.6009615384615384 0.6514423076923077 0.014423076923076924 0.009615384615384616
29 0.6286057692307693 0.20432692307692307 0.007211538461538462 0.004807692307692308
3 0.6274038461538461 0.23798076923076922 0.004807692307692308 0.004807692307692308
3 0.6322115384615384 0.21394230769230768 0.004807692307692308 0.004807692307692308
3 0.6346153846153846 0.23798076923076922 0.004807692307692308 0.004807692307692308
3 0.6129807692307693 0.6478365384615384 0.004807692307692308 0.007211538461538462
3 0.6298076923076923 0.34615384615384615 0.004807692307692308 0.004807692307692308
29 0.6298076923076923 0.33653846153846156 0.009615384615384616 0.004807692307692308
3 0.6322115384615384 0.3545673076923077 0.004807692307692308 0.002403846153846154
3 0.6310096153846154 0.3449519230769231 0.007211538461538462 0.002403846153846154
3 0.6310096153846154 0.35096153846153844 0.007211538461538462 0.004807692307692308
3 0.6310096153846154 0.3581730769230769 0.007211538461538462 0.004807692307692308
3 0.6322115384615384 0.35216346153846156 0.004807692307692308 0.002403846153846154
14 0.6213942307692307 0.5997596153846154 0.04567307692307692 0.03125
3 0.6346153846153846 0.375 0.004807692307692308 0.004807692307692308
3 0.6201923076923077 0.6490384615384616 0.009615384615384616 0.009615384615384616
3 0.6346153846153846 0.36538461538461536 0.004807692307692308 0.004807692307692308
3 0.6346153846153846 0.3798076923076923 0.004807692307692308 0.004807692307692308
3 0.6262019230769231 0.6490384615384616 0.002403846153846154 0.004807692307692308
23 0.6286057692307693 0.578125 0.002403846153846154 0.002403846153846154
29 0.640625 0.3641826923076923 0.007211538461538462 0.007211538461538462
23 0.6310096153846154 0.5829326923076923 0.002403846153846154 0.002403846153846154
29 0.6394230769230769 0.3798076923076923 0.009615384615384616 0.009615384615384616
29 0.6430288461538461 0.35336538461538464 0.007211538461538462 0.004807692307692308
29 0.6442307692307693 0.34375 0.009615384615384616 0.004807692307692308
29 0.6418269230769231 0.37259615384615385 0.004807692307692308 0.004807692307692308
29 0.6430288461538461 0.3581730769230769 0.007211538461538462 0.004807692307692308
29 0.6442307692307693 0.3485576923076923 0.004807692307692308 0.004807692307692308
23 0.6310096153846154 0.6213942307692307 0.002403846153846154 0.002403846153846154
3 0.6442307692307693 0.39903846153846156 0.004807692307692308 0.009615384615384616
29 0.6490384615384616 0.3389423076923077 0.009615384615384616 0.004807692307692308
3 0.6346153846153846 0.6490384615384616 0.004807692307692308 0.004807692307692308
3 0.6382211538461539 0.6466346153846154 0.002403846153846154 0.004807692307692308
3 0.6514423076923077 0.3798076923076923 0.004807692307692308 0.004807692307692308
3 0.6514423076923077 0.37259615384615385 0.009615384615384616 0.004807692307692308
23 0.6550480769230769 0.3389423076923077 0.002403846153846154 0.004807692307692308
3 0.6538461538461539 0.36538461538461536 0.004807692307692308 0.009615384615384616
3 0.640625 0.6466346153846154 0.002403846153846154 0.004807692307692308
3 0.65625 0.32572115384615385 0.004807692307692308 0.002403846153846154
3 0.6586538461538461 0.3233173076923077 0.004807692307692308 0.002403846153846154
3 0.6586538461538461 0.3317307692307692 0.004807692307692308 0.004807692307692308
6 0.6622596153846154 0.23677884615384615 0.06009615384615385 0.12259615384615384
23 0.6586538461538461 0.36177884615384615 0.004807692307692308 0.002403846153846154
23 0.6586538461538461 0.35697115384615385 0.004807692307692308 0.002403846153846154
23 0.6610576923076923 0.35096153846153844 0.004807692307692308 0.004807692307692308
23 0.6610576923076923 0.3545673076923077 0.004807692307692308 0.002403846153846154
23 0.6622596153846154 0.34975961538461536 0.007211538461538462 0.002403846153846154
3 0.6730769230769231 0.3125 0.004807692307692308 0.004807692307692308
23 0.6742788461538461 0.3088942307692308 0.002403846153846154 0.002403846153846154
23 0.6778846153846154 0.3076923076923077 0.004807692307692308 0.004807692307692308
3 0.6778846153846154 0.3425480769230769 0.004807692307692308 0.002403846153846154
3 0.6778846153846154 0.35216346153846156 0.019230769230769232 0.01201923076923077
3 0.6790865384615384 0.3125 0.002403846153846154 0.004807692307692308
23 0.6814903846153846 0.3088942307692308 0.002403846153846154 0.002403846153846154
14 0.6838942307692307 0.3293269230769231 0.03125 0.02403846153846154
23 0.6850961538461539 0.2692307692307692 0.004807692307692308 0.004807692307692308
3 0.6838942307692307 0.3125 0.002403846153846154 0.004807692307692308
23 0.6850961538461539 0.3088942307692308 0.004807692307692308 0.002403846153846154
23 0.6899038461538461 0.25240384615384615 0.004807692307692308 0.004807692307692308
23 0.6706730769230769 0.6286057692307693 0.004807692307692308 0.002403846153846154
3 0.6862980769230769 0.3137019230769231 0.002403846153846154 0.002403846153846154
23 0.6923076923076923 0.21394230769230768 0.004807692307692308 0.004807692307692308
23 0.6706730769230769 0.6262019230769231 0.004807692307692308 0.002403846153846154
23 0.6899038461538461 0.2692307692307692 0.004807692307692308 0.004807692307692308
23 0.6862980769230769 0.3425480769230769 0.002403846153846154 0.002403846153846154
15 0.6850961538461539 0.36778846153846156 0.009615384615384616 0.009615384615384616
23 0.6887019230769231 0.3425480769230769 0.002403846153846154 0.002403846153846154
3 0.6995192307692307 0.19471153846153846 0.009615384615384616 0.004807692307692308
3 0.6995192307692307 0.18990384615384615 0.009615384615384616 0.004807692307692308
3 0.6983173076923077 0.2127403846153846 0.002403846153846154 0.002403846153846154
3 0.6983173076923077 0.20432692307692307 0.002403846153846154 0.004807692307692308
3 0.6911057692307693 0.34375 0.002403846153846154 0.004807692307692308
23 0.7007211538461539 0.21394230769230768 0.002403846153846154 0.004807692307692308
23 0.7019230769230769 0.2127403846153846 0.004807692307692308 0.002403846153846154
3 0.6826923076923077 0.5637019230769231 0.004807692307692308 0.002403846153846154
3 0.7043269230769231 0.2091346153846154 0.004807692307692308 0.004807692307692308
23 0.6959134615384616 0.33774038461538464 0.002403846153846154 0.002403846153846154
3 0.7043269230769231 0.21634615384615385 0.004807692307692308 0.004807692307692308
3 0.6983173076923077 0.3545673076923077 0.016826923076923076 0.01201923076923077
23 0.7055288461538461 0.1935096153846154 0.002403846153846154 0.002403846153846154
23 0.7043269230769231 0.19591346153846154 0.004807692307692308 0.002403846153846154
6 0.6971153846153846 0.39663461538461536 0.07692307692307693 0.02403846153846154
3 0.6826923076923077 0.640625 0.004807692307692308 0.002403846153846154
23 0.7007211538461539 0.34134615384615385 0.002403846153846154 0.004807692307692308
23 0.7079326923076923 0.1935096153846154 0.002403846153846154 0.002403846153846154
3 0.6875 0.6141826923076923 0.004807692307692308 0.002403846153846154
15 0.6995192307692307 0.36658653846153844 0.014423076923076924 0.007211538461538462
3 0.7103365384615384 0.1971153846153846 0.002403846153846154 0.004807692307692308
3 0.7127403846153846 0.19230769230769232 0.002403846153846154 0.004807692307692308
23 0.7115384615384616 0.23197115384615385 0.004807692307692308 0.002403846153846154
23 0.7115384615384616 0.22956730769230768 0.004807692307692308 0.002403846153846154
3 0.6947115384615384 0.5637019230769231 0.004807692307692308 0.002403846153846154
15 0.7163461538461539 0.19230769230769232 0.004807692307692308 0.004807692307692308
15 0.7139423076923077 0.1971153846153846 0.004807692307692308 0.004807692307692308
23 0.7127403846153846 0.27524038461538464 0.007211538461538462 0.007211538461538462
23 0.7163461538461539 0.21033653846153846 0.004807692307692308 0.002403846153846154
3 0.7163461538461539 0.2127403846153846 0.004807692307692308 0.002403846153846154
23 0.7163461538461539 0.20793269230769232 0.004807692307692308 0.002403846153846154
23 0.7163461538461539 0.22956730769230768 0.004807692307692308 0.002403846153846154
3 0.7139423076923077 0.3293269230769231 0.014423076923076924 0.014423076923076924
14 0.7067307692307693 0.578125 0.0625 0.026442307692307692
14 0.7067307692307693 0.6286057692307693 0.0625 0.026442307692307692
3 0.7211538461538461 0.38461538461538464 0.019230769230769232 0.014423076923076924
6 0.7439903846153846 0.2403846153846154 0.06009615384615385 0.1201923076923077
3 0.7439903846153846 0.38341346153846156 0.016826923076923076 0.01201923076923077
3 0.7463942307692307 0.3701923076923077 0.021634615384615384 0.014423076923076924
3 0.7463942307692307 0.39903846153846156 0.016826923076923076 0.014423076923076924
3 0.7451923076923077 0.41225961538461536 0.02403846153846154 0.016826923076923076
3 0.7367788461538461 0.5925480769230769 0.002403846153846154 0.002403846153846154
7 0.7524038461538461 0.3125 0.009615384615384616 0.004807692307692308
3 0.7391826923076923 0.640625 0.002403846153846154 0.002403846153846154
3 0.7415865384615384 0.6225961538461539 0.002403846153846154 0.004807692307692308
6 0.7920673076923077 0.38822115384615385 0.06009615384615385 0.021634615384615384
6 0.24639423076923078 0.3088942307692308 0.026442307692307692 0.026442307692307692
6 0.24519230769230768 0.33774038461538464 0.028846153846153848 0.026442307692307692
3 0.23557692307692307 0.4963942307692308 0.004807692307692308 0.007211538461538462
6 0.23918269230769232 0.4543269230769231 0.021634615384615384 0.04807692307692308
6 0.24158653846153846 0.3918269230769231 0.021634615384615384 0.04326923076923077
3 0.2403846153846154 0.4963942307692308 0.004807692307692308 0.007211538461538462
3 0.2403846153846154 0.49038461538461536 0.009615384615384616 0.004807692307692308
6 0.25841346153846156 0.18990384615384615 0.021634615384615384 0.052884615384615384
3 0.25961538461538464 0.25240384615384615 0.014423076923076924 0.009615384615384616
3 0.24519230769230768 0.4963942307692308 0.004807692307692308 0.007211538461538462
3 0.25721153846153844 0.3581730769230769 0.004807692307692308 0.009615384615384616
3 0.25 0.5084134615384616 0.004807692307692308 0.002403846153846154
3 0.25721153846153844 0.4230769230769231 0.009615384615384616 0.004807692307692308
3 0.25600961538461536 0.4795673076923077 0.007211538461538462 0.007211538461538462
3 0.25961538461538464 0.42788461538461536 0.009615384615384616 0.004807692307692308
3 0.25721153846153844 0.43990384615384615 0.009615384615384616 0.004807692307692308
3 0.2620192307692308 0.3581730769230769 0.004807692307692308 0.009615384615384616
23 0.27403846153846156 0.17908653846153846 0.009615384615384616 0.002403846153846154
7 0.27403846153846156 0.1814903846153846 0.009615384615384616 0.002403846153846154
23 0.27163461538461536 0.18509615384615385 0.009615384615384616 0.004807692307692308
3 0.2548076923076923 0.5516826923076923 0.004807692307692308 0.002403846153846154
3 0.25600961538461536 0.5540865384615384 0.007211538461538462 0.002403846153846154
3 0.25721153846153844 0.5444711538461539 0.004807692307692308 0.002403846153846154
3 0.25600961538461536 0.5372596153846154 0.007211538461538462 0.002403846153846154
3 0.25721153846153844 0.5709134615384616 0.004807692307692308 0.002403846153846154
3 0.25841346153846156 0.5276442307692307 0.007211538461538462 0.002403846153846154
3 0.25600961538461536 0.5769230769230769 0.007211538461538462 0.004807692307692308
3 0.26802884615384615 0.3581730769230769 0.007211538461538462 0.009615384615384616
14 0.2704326923076923 0.41346153846153844 0.01201923076923077 0.004807692307692308
14 0.2668269230769231 0.5024038461538461 0.019230769230769232 0.014423076923076924
3 0.2764423076923077 0.34615384615384615 0.004807692307692308 0.004807692307692308
3 0.27283653846153844 0.4699519230769231 0.007211538461538462 0.002403846153846154
3 0.27403846153846156 0.4675480769230769 0.009615384615384616 0.002403846153846154
15 0.2776442307692308 0.43509615384615385 0.021634615384615384 0.014423076923076924
3 0.27884615384615385 0.4807692307692308 0.009615384615384616 0.004807692307692308
14 0.28365384615384615 0.3557692307692308 0.014423076923076924 0.009615384615384616
3 0.27884615384615385 0.4735576923076923 0.014423076923076924 0.004807692307692308
3 0.27884615384615385 0.47596153846153844 0.009615384615384616 0.004807692307692308
15 0.28966346153846156 0.2980769230769231 0.016826923076923076 0.009615384615384616
14 0.27884615384615385 0.46153846153846156 0.019230769230769232 0.014423076923076924
15 0.28846153846153844 0.3245192307692308 0.014423076923076924 0.014423076923076924
3 0.296875 0.17427884615384615 0.002403846153846154 0.007211538461538462
23 0.2956730769230769 0.20552884615384615 0.004807692307692308 0.002403846153846154
3 0.29927884615384615 0.17427884615384615 0.002403846153846154 0.007211538461538462
3 0.30288461538461536 0.17668269230769232 0.004807692307692308 0.007211538461538462
3 0.3004807692307692 0.27403846153846156 0.02403846153846154 0.019230769230769232
3 0.30288461538461536 0.3425480769230769 0.004807692307692308 0.007211538461538462
14 0.31009615384615385 0.22235576923076922 0.038461538461538464 0.026442307692307692
15 0.2956730769230769 0.5 0.019230769230769232 0.014423076923076924
3 0.2980769230769231 0.4326923076923077 0.004807692307692308 0.004807692307692308
15 0.30408653846153844 0.41225961538461536 0.026442307692307692 0.021634615384615384
3 0.3076923076923077 0.3425480769230769 0.004807692307692308 0.007211538461538462
3 0.30528846153846156 0.4326923076923077 0.004807692307692308 0.004807692307692308
15 0.31009615384615385 0.3016826923076923 0.019230769230769232 0.01201923076923077
15 0.31009615384615385 0.3245192307692308 0.019230769230769232 0.014423076923076924
3 0.2956730769230769 0.6081730769230769 0.004807692307692308 0.004807692307692308