2 0.7121550324675324 0.3070121951219512 0.004261363636363636 0.003658536585365854
7 0.4498782467532468 0.3071646341463415 0.009334415584415584 0.004573170731707317
2 0.7181412337662337 0.3073170731707317 0.00487012987012987 0.003658536585365854
22 0.7064732142857143 0.3103658536585366 0.003043831168831169 0.00853658536585366
22 0.7179383116883117 0.31158536585365854 0.004464285714285714 0.003658536585365854
7 0.5200892857142857 0.3121951219512195 0.006899350649350649 0.006707317073170732
22 0.7000811688311688 0.313109756097561 0.002029220779220779 0.007926829268292683
22 0.6963271103896104 0.31341463414634146 0.002232142857142857 0.007926829268292683
2 0.6281452922077922 0.3152439024390244 0.048498376623376624 0.06585365853658537
22 0.7096185064935064 0.3155487804878049 0.0016233766233766235 0.006097560975609756
22 0.7120535714285714 0.3163109756097561 0.002029220779220779 0.0064024390243902435
22 0.5352069805194806 0.31692073170731705 0.011566558441558442 0.009451219512195122
22 0.7147930194805194 0.317530487804878 0.002232142857142857 0.00701219512195122
2 0.7180397727272727 0.3184451219512195 0.002637987012987013 0.008231707317073171
22 0.7064732142857143 0.31935975609756095 0.002637987012987013 0.008231707317073171
7 0.6984577922077922 0.3239329268292683 0.006087662337662338 0.00701219512195122
22 0.8166599025974026 0.32652439024390245 0.016436688311688312 0.036585365853658534
22 0.4968547077922078 0.32667682926829267 0.002637987012987013 0.011890243902439025
22 0.4929991883116883 0.3271341463414634 0.004261363636363636 0.011585365853658536
22 0.5863433441558441 0.3271341463414634 0.0018262987012987013 0.00548780487804878
22 0.5362215909090909 0.3277439024390244 0.01359577922077922 0.00853658536585366
29 0.4473417207792208 0.32972560975609755 0.003043831168831169 0.008231707317073171
2 0.44257305194805197 0.3301829268292683 0.002435064935064935 0.006707317073170732
2 0.583502435064935 0.33185975609756097 0.0018262987012987013 0.00701219512195122
2 0.453226461038961 0.33201219512195124 0.0014204545454545455 0.00548780487804878
22 0.4559659090909091 0.3323170731707317 0.0016233766233766235 0.006097560975609756
22 0.578327922077922 0.3323170731707317 0.002029220779220779 0.006097560975609756
22 0.580560064935065 0.33246951219512194 0.0016233766233766235 0.0064024390243902435
22 0.5584415584415584 0.3333841463414634 0.006087662337662338 0.018597560975609755
22 0.8382711038961039 0.3358231707317073 0.018262987012987012 0.04054878048780488
2 0.3847402597402597 0.3361280487804878 0.005681818181818182 0.004573170731707317
2 0.393262987012987 0.3364329268292683 0.006087662337662338 0.005182926829268293
2 0.44703733766233766 0.3375 0.005275974025974026 0.003658536585365854
22 0.4674310064935065 0.33932926829268295 0.003043831168831169 0.007926829268292683
22 0.575487012987013 0.33963414634146344 0.002029220779220779 0.007317073170731708
2 0.578023538961039 0.33963414634146344 0.0014204545454545455 0.006707317073170732
22 0.5644277597402597 0.33978658536585366 0.002232142857142857 0.00701219512195122
22 0.5836038961038961 0.3405487804878049 0.002435064935064935 0.006707317073170732
22 0.580762987012987 0.3407012195121951 0.002435064935064935 0.00701219512195122
22 0.442775974025974 0.3429878048780488 0.00487012987012987 0.003658536585365854
2 0.44835633116883117 0.34603658536585363 0.0018262987012987013 0.006707317073170732
22 0.4039163961038961 0.3467987804878049 0.011160714285714286 0.008231707317073171
14 0.45484983766233766 0.3467987804878049 0.008319805194805194 0.011280487804878048
22 0.38818993506493504 0.34786585365853656 0.01176948051948052 0.007317073170731708
2 0.4622564935064935 0.3492378048780488 0.004464285714285714 0.010670731707317074
22 0.4406452922077922 0.349390243902439 0.0018262987012987013 0.007317073170731708
7 0.4672280844155844 0.35 0.002232142857142857 0.00853658536585366
22 0.859577922077922 0.35015243902439025 0.016639610389610388 0.038109756097560975
22 0.5881696428571429 0.3515243902439024 0.002232142857142857 0.007926829268292683
2 0.585836038961039 0.3559451219512195 0.0016233766233766235 0.007621951219512195
7 0.6938920454545454 0.3559451219512195 0.002637987012987013 0.007621951219512195
14 0.5798498376623377 0.35609756097560974 0.009537337662337662 0.013414634146341463
22 0.677150974025974 0.35823170731707316 0.003246753246753247 0.010365853658536586
22 0.40320616883116883 0.3583841463414634 0.010957792207792208 0.007621951219512195
22 0.6809050324675324 0.35853658536585364 0.003043831168831169 0.01097560975609756
22 0.3884943181818182 0.3589939024390244 0.011160714285714286 0.008841463414634146
22 0.4499797077922078 0.3603658536585366 0.0018262987012987013 0.00548780487804878
22 0.455762987012987 0.3603658536585366 0.0016233766233766235 0.006097560975609756
7 0.7951501623376623 0.36051829268292684 0.020900974025974024 0.06615853658536586
2 0.4586038961038961 0.36082317073170733 0.002029220779220779 0.005792682926829268
22 0.46114042207792205 0.36082317073170733 0.0018262987012987013 0.005792682926829268
22 0.45282061688311687 0.36097560975609755 0.0014204545454545455 0.006097560975609756
7 0.6387987012987013 0.3617378048780488 0.008928571428571428 0.007621951219512195
22 0.6522930194805194 0.3620426829268293 0.011972402597402598 0.008841463414634146
22 0.6674107142857143 0.3623475609756098 0.011363636363636364 0.008841463414634146
22 0.46469155844155846 0.36371951219512194 0.0012175324675324675 0.006707317073170732
2 0.4554586038961039 0.36814024390243905 0.0018262987012987013 0.005792682926829268
22 0.458400974025974 0.36844512195121953 0.0016233766233766235 0.005792682926829268
22 0.461038961038961 0.3692073170731707 0.0016233766233766235 0.00548780487804878
14 0.5606737012987013 0.3695121951219512 0.009334415584415584 0.01524390243902439
22 0.4656047077922078 0.3760670731707317 0.0038555194805194805 0.003353658536585366
22 0.3105722402597403 0.37667682926829266 0.024147727272727272 0.030182926829268292
22 0.33705357142857145 0.3782012195121951 0.02719155844155844 0.029573170731707316
29 0.5792410714285714 0.3864329268292683 0.006696428571428571 0.005182926829268293
29 0.567877435064935 0.38704268292682925 0.006696428571428571 0.005792682926829268
22 0.6942978896103896 0.3876524390243902 0.002637987012987013 0.007621951219512195
22 0.8424310064935064 0.3896341463414634 0.028206168831168832 0.026829268292682926
22 0.7078936688311688 0.3905487804878049 0.002232142857142857 0.007926829268292683
22 0.697849025974026 0.39435975609756097 0.002435064935064935 0.008841463414634146
28 0.5089285714285714 0.3964939024390244 0.07305194805194805 0.12591463414634146
22 0.7126623376623377 0.39878048780487807 0.005275974025974026 0.003658536585365854
22 0.6942978896103896 0.401219512195122 0.002637987012987013 0.00853658536585366
22 0.3103693181818182 0.4073170731707317 0.026582792207792208 0.02926829268292683
22 0.33756087662337664 0.4094512195121951 0.027800324675324676 0.02804878048780488
22 0.786525974025974 0.40990853658536586 0.011363636363636364 0.00701219512195122
22 0.7724228896103896 0.4111280487804878 0.010349025974025974 0.00701219512195122
22 0.7587256493506493 0.411890243902439 0.00974025974025974 0.009146341463414634
22 0.46986607142857145 0.41371951219512193 0.002232142857142857 0.006707317073170732
22 0.45687905844155846 0.4138719512195122 0.002232142857142857 0.005792682926829268
22 0.4669237012987013 0.4143292682926829 0.0016233766233766235 0.006707317073170732
2 0.45413961038961037 0.41859756097560974 0.002840909090909091 0.00853658536585366
7 0.8106737012987013 0.42042682926829267 0.008928571428571428 0.007926829268292683
22 0.797077922077922 0.42103658536585364 0.010957792207792208 0.00853658536585366
22 0.7821631493506493 0.4217987804878049 0.002232142857142857 0.008231707317073171
22 0.4672280844155844 0.4222560975609756 0.0018262987012987013 0.006707317073170732
22 0.46986607142857145 0.4222560975609756 0.002232142857142857 0.006097560975609756
14 0.4603287337662338 0.42332317073170733 0.005478896103896104 0.0125
7 0.744926948051948 0.42347560975609755 0.005275974025974026 0.004878048780487805
22 0.7554788961038961 0.42347560975609755 0.002029220779220779 0.00853658536585366
2 0.7512175324675324 0.4240853658536585 0.005275974025974026 0.012195121951219513
2 0.7768871753246753 0.42576219512195124 0.006290584415584416 0.011890243902439025
2 0.4672280844155844 0.4288109756097561 0.0018262987012987013 0.00701219512195122
22 0.7824675324675324 0.43064024390243905 0.002029220779220779 0.0064024390243902435
7 0.31889204545454547 0.43140243902439024 0.020089285714285716 0.01402439024390244
28 0.6347402597402597 0.4315548780487805 0.07224025974025974 0.1277439024390244
2 0.4624594155844156 0.43353658536585366 0.004464285714285714 0.003658536585365854
22 0.4674310064935065 0.436890243902439 0.0018262987012987013 0.006097560975609756
22 0.4624594155844156 0.43887195121951217 0.00487012987012987 0.003353658536585366
22 0.703023538961039 0.4405487804878049 0.005073051948051948 0.004878048780487805
22 0.765422077922078 0.4405487804878049 0.006087662337662338 0.004878048780487805
22 0.7101258116883117 0.4407012195121951 0.00588474025974026 0.005182926829268293
22 0.716314935064935 0.44085365853658537 0.004464285714285714 0.00548780487804878
22 0.6827313311688312 0.4432926829268293 0.0038555194805194805 0.0024390243902439024
7 0.3184862012987013 0.44359756097560976 0.018465909090909092 0.00975609756097561
7 0.7960633116883117 0.44405487804878047 0.004464285714285714 0.0125
7 0.7272727272727273 0.44496951219512193 0.00487012987012987 0.004573170731707317
22 0.7612621753246753 0.44496951219512193 0.005073051948051948 0.0039634146341463415
22 0.7690746753246753 0.44496951219512193 0.005681818181818182 0.004573170731707317
22 0.739752435064935 0.44649390243902437 0.0038555194805194805 0.00274390243902439
22 0.6825284090909091 0.44695121951219513 0.004667207792207792 0.003048780487804878
22 0.7445211038961039 0.4504573170731707 0.004464285714285714 0.003353658536585366
22 0.7614650974025974 0.4504573170731707 0.005478896103896104 0.004573170731707317
22 0.7695819805194806 0.450609756097561 0.005478896103896104 0.004878048780487805
14 0.5788352272727273 0.45472560975609755 0.005478896103896104 0.013109756097560975
22 0.7648133116883117 0.45472560975609755 0.005275974025974026 0.0039634146341463415
22 0.7578125 0.4548780487804878 0.0038555194805194805 0.003658536585365854
14 0.5607751623376623 0.45746951219512194 0.005478896103896104 0.011890243902439025
7 0.3195008116883117 0.4583841463414634 0.018871753246753248 0.016158536585365854
14 0.6842532467532467 0.4589939024390244 0.00974025974025974 0.005792682926829268
15 0.8322849025974026 0.45929878048780487 0.06148538961038961 0.05945121951219512
14 0.7010957792207793 0.46265243902439024 0.010146103896103896 0.0125
22 0.7739448051948052 0.4638719512195122 0.005681818181818182 0.01920731707317073
29 0.3778409090909091 0.46783536585365854 0.028003246753246752 0.049695121951219515
2 0.5294237012987013 0.46783536585365854 0.002029220779220779 0.00701219512195122
2 0.525974025974026 0.4679878048780488 0.002435064935064935 0.007926829268292683
2 0.757609577922078 0.4717987804878049 0.03429383116883117 0.02225609756097561
2 0.4750405844155844 0.4736280487804878 0.006493506493506494 0.019817073170731708
2 0.4968547077922078 0.4745426829268293 0.006696428571428571 0.01798780487804878
2 0.4822443181818182 0.4746951219512195 0.00588474025974026 0.01768292682926829
22 0.34750405844155846 0.47515243902439025 0.004261363636363636 0.00274390243902439
22 0.6966314935064936 0.47530487804878047 0.004464285714285714 0.003048780487804878
2 0.4890422077922078 0.47545731707317074 0.006087662337662338 0.018597560975609755
2 0.5297280844155844 0.47621951219512193 0.002232142857142857 0.00853658536585366
7 0.6973417207792207 0.4794207317073171 0.00588474025974026 0.003353658536585366
22 0.3520698051948052 0.4795731707317073 0.002435064935064935 0.007317073170731708
29 0.35907061688311687 0.47972560975609757 0.002637987012987013 0.007621951219512195
22 0.7037337662337663 0.4839939024390244 0.004058441558441558 0.003353658536585366
2 0.5074066558441559 0.4842987804878049 0.0034496753246753245 0.010060975609756098
2 0.42562905844155846 0.48795731707317075 0.0643262987012987 0.1003048780487805
2 0.7042410714285714 0.48795731707317075 0.004261363636363636 0.003353658536585366
2 0.5112621753246753 0.4896341463414634 0.003043831168831169 0.011585365853658536
22 0.36109983766233766 0.49146341463414633 0.0038555194805194805 0.00426829268292683
22 0.3562297077922078 0.4929878048780488 0.002637987012987013 0.007926829268292683
29 0.7046469155844156 0.4951219512195122 0.006290584415584416 0.00548780487804878
22 0.3612012987012987 0.49557926829268295 0.004058441558441558 0.003353658536585366
22 0.7414772727272727 0.4974085365853659 0.002029220779220779 0.00701219512195122
2 0.664265422077922 0.5039634146341463 0.004261363636363636 0.01097560975609756
2 0.5566152597402597 0.5045731707317073 0.023133116883116884 0.03719512195121951
22 0.7268668831168831 0.5079268292682927 0.012987012987012988 0.00975609756097561
2 0.6158685064935064 0.510670731707317 0.004058441558441558 0.010365853658536586
22 0.7122564935064936 0.5111280487804878 0.012175324675324676 0.008841463414634146
22 0.7413758116883117 0.5111280487804878 0.012378246753246754 0.009451219512195122
22 0.6575689935064936 0.5114329268292683 0.00588474025974026 0.013719512195121951
22 0.6507711038961039 0.5115853658536585 0.005681818181818182 0.012804878048780487
22 0.6220576298701299 0.5121951219512195 0.005073051948051948 0.014634146341463415
22 0.6292613636363636 0.5123475609756097 0.005681818181818182 0.013719512195121951
22 0.3034699675324675 0.5132621951219513 0.002232142857142857 0.00701219512195122
22 0.6359577922077922 0.5132621951219513 0.006087662337662338 0.014329268292682927
22 0.33187905844155846 0.5135670731707317 0.01968344155844156 0.03689024390243902
22 0.6437702922077922 0.5135670731707317 0.006290584415584416 0.016158536585365854
2 0.6802962662337663 0.5185975609756097 0.021712662337662336 0.03780487804878049
15 0.315036525974026 0.519359756097561 0.01359577922077922 0.02530487804878049
2 0.4753449675324675 0.5202743902439024 0.028612012987012988 0.04725609756097561
22 0.7070819805194806 0.5208841463414634 0.002637987012987013 0.0064024390243902435
22 0.3034699675324675 0.5213414634146342 0.002232142857142857 0.007317073170731708
2 0.5846185064935064 0.5234756097560975 0.021915584415584416 0.04085365853658537
22 0.30367288961038963 0.5298780487804878 0.0018262987012987013 0.007926829268292683
2 0.539265422077922 0.530030487804878 0.018871753246753248 0.028963414634146343
22 0.4537337662337662 0.5329268292682927 0.0012175324675324675 0.006097560975609756
22 0.4509943181818182 0.5330792682926829 0.0018262987012987013 0.007621951219512195
22 0.5567167207792207 0.5333841463414634 0.00872564935064935 0.008841463414634146
2 0.6085633116883117 0.5333841463414634 0.020292207792207792 0.0399390243902439
14 0.7347808441558441 0.5385670731707317 0.018668831168831168 0.028353658536585367
22 0.45353084415584416 0.5410060975609756 0.002029220779220779 0.005792682926829268
2 0.7878449675324676 0.542530487804878 0.021712662337662336 0.015548780487804878
22 0.4502840909090909 0.5443597560975609 0.0016233766233766235 0.0064024390243902435
22 0.750101461038961 0.5443597560975609 0.00872564935064935 0.030182926829268292
22 0.5568181818181818 0.5454268292682927 0.010551948051948052 0.007317073170731708
7 0.8325892857142857 0.5478658536585366 0.06615259740259741 0.06097560975609756
2 0.7593344155844156 0.5484756097560975 0.008116883116883116 0.02195121951219512
2 0.7220982142857143 0.55 0.0034496753246753245 0.007317073170731708
7 0.7117491883116883 0.550609756097561 0.00588474025974026 0.006707317073170732
22 0.453125 0.5530487804878049 0.0012175324675324675 0.006707317073170732
2 0.5540787337662337 0.5541158536585366 0.006696428571428571 0.004573170731707317
2 0.593952922077922 0.5548780487804879 0.006493506493506494 0.00426829268292683
2 0.37469561688311687 0.556859756097561 0.05905032467532467 0.08079268292682927
7 0.7165178571428571 0.556859756097561 0.004058441558441558 0.010060975609756098
15 0.7244318181818182 0.5577743902439024 0.005681818181818182 0.005182926829268293
2 0.5397727272727273 0.5594512195121951 0.018262987012987012 0.02926829268292683
22 0.6062297077922078 0.5605182926829269 0.013189935064935064 0.010060975609756098
22 0.45353084415584416 0.561280487804878 0.0012175324675324675 0.006707317073170732
7 0.7548701298701299 0.5649390243902439 0.012987012987012988 0.007317073170731708
2 0.7873376623376623 0.5657012195121951 0.019886363636363636 0.018597560975609755
2 0.447849025974026 0.5660060975609756 0.007711038961038961 0.007621951219512195
2 0.476663961038961 0.5689024390243902 0.030438311688311688 0.04390243902439024
22 0.6060267857142857 0.5711890243902439 0.01278409090909091 0.010670731707317074
2 0.7275771103896104 0.5748475609756097 0.014001623376623376 0.01676829268292683
22 0.7544642857142857 0.575 0.014204545454545454 0.00975609756097561
6 0.30499188311688313 0.5777439024390244 0.010957792207792208 0.08231707317073171
22 0.606635551948052 0.582469512195122 0.01278409090909091 0.009451219512195122
7 0.7104301948051948 0.5852134146341463 0.003246753246753247 0.007621951219512195
7 0.7487824675324676 0.5862804878048781 0.01176948051948052 0.012195121951219513
2 0.4085836038961039 0.5920731707317073 0.007102272727272727 0.007317073170731708
2 0.7117491883116883 0.5920731707317073 0.004667207792207792 0.00426829268292683
22 0.6808035714285714 0.5923780487804878 0.002029220779220779 0.006707317073170732
22 0.8430397727272727 0.5923780487804878 0.020900974025974024 0.01097560975609756
2 0.5397727272727273 0.5952743902439024 0.017857142857142856 0.029573170731707316
15 0.33238636363636365 0.5963414634146341 0.017045454545454544 0.025609756097560974
22 0.6832386363636364 0.5963414634146341 0.002435064935064935 0.00548780487804878
7 0.721185064935065 0.5980182926829268 0.005275974025974026 0.0125
29 0.39620535714285715 0.6035060975609756 0.01075487012987013 0.011890243902439025
22 0.5175527597402597 0.6045731707317074 0.019277597402597404 0.039634146341463415
22 0.41101866883116883 0.6080792682926829 0.005073051948051948 0.01920731707317073
22 0.3625202922077922 0.6094512195121952 0.011972402597402598 0.011585365853658536
22 0.4981737012987013 0.614329268292683 0.019074675324675324 0.03902439024390244
22 0.4788961038961039 0.6152439024390244 0.0174512987012987 0.03902439024390244
2 0.3773336038961039 0.6166158536585366 0.0018262987012987013 0.007621951219512195
7 0.38788555194805197 0.6169207317073171 0.004667207792207792 0.010060975609756098
22 0.31290584415584416 0.6185975609756098 0.002029220779220779 0.006707317073170732
2 0.8432426948051948 0.6198170731707318 0.05174512987012987 0.03231707317073171
22 0.3804788961038961 0.6234756097560976 0.005681818181818182 0.00426829268292683
22 0.30945616883116883 0.6239329268292683 0.002029220779220779 0.005792682926829268
22 0.6699472402597403 0.625609756097561 0.0038555194805194805 0.010365853658536586
22 0.3687094155844156 0.6271341463414634 0.006493506493506494 0.01951219512195122
22 0.35907061688311687 0.6275914634146341 0.006696428571428571 0.017378048780487806
28 0.7476663961038961 0.6275914634146341 0.044845779220779224 0.05457317073170732
22 0.3065137987012987 0.6283536585365853 0.0018262987012987013 0.00548780487804878
22 0.400974025974026 0.6291158536585366 0.006087662337662338 0.0039634146341463415
29 0.6521915584415584 0.6295731707317073 0.002840909090909091 0.006707317073170732
22 0.30945616883116883 0.6315548780487805 0.002029220779220779 0.005792682926829268
29 0.3899147727272727 0.6317073170731707 0.009131493506493506 0.014634146341463415
22 0.3404017857142857 0.6336890243902439 0.01075487012987013 0.010060975609756098
22 0.3758116883116883 0.6349085365853658 0.006087662337662338 0.0039634146341463415
14 0.43587662337662336 0.6365853658536585 0.017857142857142856 0.041463414634146344
14 0.455762987012987 0.6371951219512195 0.019074675324675324 0.04085365853658537
15 0.5440340909090909 0.6376524390243903 0.02150974025974026 0.029573170731707316
29 0.6476258116883117 0.6405487804878048 0.002637987012987013 0.006707317073170732
22 0.31219561688311687 0.6417682926829268 0.002232142857142857 0.007317073170731708
29 0.37073863636363635 0.6426829268292683 0.016639610389610388 0.00853658536585366
22 0.721387987012987 0.6439024390243903 0.007711038961038961 0.02195121951219512
22 0.3406047077922078 0.6486280487804879 0.011972402597402598 0.009451219512195122
22 0.7142857142857143 0.6501524390243902 0.006493506493506494 0.020426829268292684
22 0.36079545454545453 0.6547256097560976 0.011363636363636364 0.009451219512195122
22 0.3765219155844156 0.6551829268292683 0.013189935064935064 0.010365853658536586
22 0.6780641233766234 0.655640243902439 0.0038555194805194805 0.008841463414634146
14 0.6628449675324676 0.6580792682926829 0.01765422077922078 0.02530487804878049
29 0.648640422077922 0.6591463414634147 0.002637987012987013 0.007926829268292683
2 0.3224431818181818 0.6599085365853659 0.01176948051948052 0.014939024390243902
22 0.6894277597402597 0.6641768292682927 0.007102272727272727 0.005792682926829268
14 0.4934050324675325 0.6679878048780488 0.01765422077922078 0.04024390243902439
14 0.512987012987013 0.6689024390243903 0.019074675324675324 0.041463414634146344
2 0.7068790584415584 0.6722560975609756 0.010349025974025974 0.022560975609756097
7 0.8391842532467533 0.6724085365853658 0.057021103896103896 0.04237804878048781
14 0.5826907467532467 0.6728658536585366 0.019277597402597404 0.04085365853658537
14 0.6025771103896104 0.6739329268292683 0.019277597402597404 0.04176829268292683
29 0.6442775974025974 0.6751524390243903 0.002840909090909091 0.007621951219512195
2 0.541801948051948 0.676219512195122 0.012175324675324676 0.018292682926829267
22 0.38656655844155846 0.6775914634146342 0.004464285714285714 0.003353658536585366
29 0.6282467532467533 0.6786585365853659 0.005275974025974026 0.006097560975609756
22 0.35531655844155846 0.6795731707317073 0.01461038961038961 0.01707317073170732
22 0.6945008116883117 0.6801829268292683 0.003043831168831169 0.011585365853658536
22 0.46387987012987014 0.6815548780487805 0.004058441558441558 0.00274390243902439
7 0.42857142857142855 0.6823170731707318 0.00487012987012987 0.00426829268292683
7 0.4473417207792208 0.682469512195122 0.004667207792207792 0.0039634146341463415
22 0.3869724025974026 0.6838414634146341 0.004464285714285714 0.003658536585365854
2 0.32254464285714285 0.6864329268292683 0.019277597402597404 0.028963414634146343
22 0.46387987012987014 0.6865853658536586 0.004464285714285714 0.003048780487804878
2 0.4473417207792208 0.6871951219512196 0.00588474025974026 0.00426829268292683
2 0.4288758116883117 0.6873475609756098 0.006696428571428571 0.004573170731707317
22 0.3872767857142857 0.6882621951219512 0.004261363636363636 0.003353658536585366
7 0.39864042207792205 0.6896341463414634 0.006696428571428571 0.004878048780487805
7 0.3051948051948052 0.6900914634146341 0.012175324675324676 0.05884146341463414
22 0.463575487012987 0.6939024390243902 0.005073051948051948 0.003048780487804878
13 0.8016436688311688 0.6963414634146341 0.014813311688311688 0.06219512195121951
2 0.7320413961038961 0.6969512195121951 0.024553571428571428 0.03414634146341464
7 0.7546672077922078 0.7003048780487805 0.021915584415584416 0.04390243902439024
2 0.46367694805194803 0.7045731707317073 0.013392857142857142 0.011585365853658536
2 0.7065746753246753 0.7083841463414634 0.020698051948051948 0.024695121951219513
14 0.6828327922077922 0.7091463414634146 0.002435064935064935 0.007317073170731708
22 0.4212662337662338 0.7112804878048781 0.00487012987012987 0.003048780487804878
22 0.6152597402597403 0.711890243902439 0.004058441558441558 0.003658536585365854
22 0.5214082792207793 0.7129573170731708 0.004261363636363636 0.003353658536585366
2 0.4777800324675325 0.7135670731707318 0.007913961038961038 0.00701219512195122
7 0.48549107142857145 0.7144817073170732 0.004667207792207792 0.004573170731707317
7 0.5048701298701299 0.7150914634146341 0.00487012987012987 0.004573170731707317
22 0.4242086038961039 0.7153963414634147 0.005073051948051948 0.00274390243902439
22 0.41883116883116883 0.7157012195121951 0.00487012987012987 0.003353658536585366
22 0.6140422077922078 0.7167682926829269 0.004058441558441558 0.003048780487804878
22 0.5217126623376623 0.7173780487804878 0.003246753246753247 0.003048780487804878
22 0.32842938311688313 0.717530487804878 0.005478896103896104 0.01798780487804878
22 0.619724025974026 0.7178353658536586 0.00487012987012987 0.002134146341463415
22 0.5889813311688312 0.7192073170731708 0.004261363636363636 0.003048780487804878
7 0.5950689935064936 0.7195121951219512 0.005073051948051948 0.003658536585365854
2 0.43526785714285715 0.7196646341463414 0.013798701298701298 0.02347560975609756
22 0.4954342532467532 0.7207317073170731 0.002232142857142857 0.007926829268292683
22 0.4979707792207792 0.7207317073170731 0.002029220779220779 0.006707317073170732
22 0.5215097402597403 0.7213414634146341 0.004464285714285714 0.003658536585365854
22 0.583400974025974 0.7228658536585366 0.004058441558441558 0.003658536585365854
22 0.5889813311688312 0.7228658536585366 0.004667207792207792 0.0024390243902439024
2 0.45332792207792205 0.725609756097561 0.015422077922077922 0.031097560975609756
2 0.5983157467532467 0.7259146341463415 0.0018262987012987013 0.007317073170731708
2 0.5934456168831169 0.7262195121951219 0.0018262987012987013 0.007317073170731708
2 0.6085633116883117 0.728810975609756 0.011363636363636364 0.015548780487804878
22 0.49837662337662336 0.7289634146341464 0.002029220779220779 0.006707317073170732
2 0.484476461038961 0.7297256097560976 0.007508116883116883 0.016158536585365854
2 0.5748782467532467 0.7315548780487805 0.008928571428571428 0.013719512195121951
29 0.3741883116883117 0.7321646341463415 0.01948051948051948 0.046646341463414634
14 0.3937702922077922 0.7321646341463415 0.018060064935064936 0.04298780487804878
22 0.3508522727272727 0.7323170731707317 0.005275974025974026 0.00426829268292683
29 0.731737012987013 0.7335365853658536 0.010957792207792208 0.01524390243902439
2 0.7022118506493507 0.7347560975609756 0.013189935064935064 0.01402439024390244
22 0.5272930194805194 0.7356707317073171 0.005478896103896104 0.018292682926829267
2 0.5123782467532467 0.7368902439024391 0.008928571428571428 0.015853658536585366
22 0.3247767857142857 0.7384146341463415 0.00588474025974026 0.01768292682926829
2 0.3509537337662338 0.7384146341463415 0.00588474025974026 0.003658536585365854
7 0.5214082792207793 0.7390243902439024 0.005073051948051948 0.014634146341463415
22 0.33614042207792205 0.7445121951219512 0.011566558441558442 0.009146341463414634
29 0.35064935064935066 0.7472560975609757 0.00974025974025974 0.013414634146341463
22 0.651176948051948 0.7495426829268292 0.006493506493506494 0.005182926829268293
22 0.7340706168831169 0.7530487804878049 0.002232142857142857 0.00853658536585366
22 0.3379667207792208 0.7533536585365853 0.0034496753246753245 0.0024390243902439024
6 0.7180397727272727 0.7545731707317073 0.0294237012987013 0.01707317073170732
6 0.609577922077922 0.7551829268292682 0.05073051948051948 0.014634146341463415
6 0.4945211038961039 0.755640243902439 0.023133116883116884 0.017378048780487806
6 0.43912337662337664 0.7559451219512195 0.04626623376623377 0.014939024390243902
22 0.3380681818181818 0.7591463414634146 0.004058441558441558 0.003048780487804878
22 0.354200487012987 0.7592987804878049 0.004261363636363636 0.003353658536585366
22 0.3429383116883117 0.7594512195121951 0.004464285714285714 0.0024390243902439024
22 0.34882305194805197 0.7594512195121951 0.004464285714285714 0.003658536585365854
22 0.35430194805194803 0.7640243902439025 0.0036525974025974025 0.003048780487804878
29 0.5251623376623377 0.19969512195121952 0.017857142857142856 0.03719512195121951
29 0.7471590909090909 0.20015243902439026 0.01948051948051948 0.0399390243902439
29 0.7067775974025974 0.2003048780487805 0.017857142857142856 0.039634146341463415
29 0.7260551948051948 0.20091463414634148 0.018668831168831168 0.03841463414634146
29 0.6890219155844156 0.2016768292682927 0.015625 0.03689024390243902
29 0.671672077922078 0.20243902439024392 0.01461038961038961 0.041463414634146344
7 0.3484172077922078 0.20289634146341465 0.013798701298701298 0.0125
29 0.604099025974026 0.2032012195121951 0.019886363636363636 0.04542682926829268
29 0.48741883116883117 0.2086890243902439 0.026785714285714284 0.051524390243902436
29 0.4570819805194805 0.20884146341463414 0.026176948051948052 0.05365853658536585
22 0.3340097402597403 0.21448170731707317 0.006493506493506494 0.017378048780487806
22 0.3249797077922078 0.2149390243902439 0.006290584415584416 0.01707317073170732
7 0.35196834415584416 0.21539634146341463 0.014813311688311688 0.011280487804878048
22 0.30894886363636365 0.21585365853658536 0.0038555194805194805 0.01097560975609756
22 0.31290584415584416 0.2160060975609756 0.0036525974025974025 0.011280487804878048
22 0.3171672077922078 0.21615853658536585 0.0036525974025974025 0.01097560975609756
22 0.6176948051948052 0.24115853658536585 0.007305194805194805 0.004878048780487805
22 0.5408887987012987 0.24192073170731707 0.006696428571428571 0.004573170731707317
22 0.5945616883116883 0.2464939024390244 0.002840909090909091 0.009451219512195122
22 0.640726461038961 0.2464939024390244 0.03469967532467533 0.018597560975609755
22 0.6182021103896104 0.24695121951219512 0.007913961038961038 0.004878048780487805
22 0.5413961038961039 0.2472560975609756 0.007305194805194805 0.004878048780487805
22 0.518364448051948 0.2475609756097561 0.002232142857142857 0.009146341463414634
22 0.5219155844155844 0.2475609756097561 0.003246753246753247 0.009146341463414634
7 0.5148133116883117 0.24832317073170732 0.0036525974025974025 0.010060975609756098
7 0.5982142857142857 0.2489329268292683 0.003246753246753247 0.010060975609756098
22 0.6019683441558441 0.2496951219512195 0.0038555194805194805 0.01097560975609756
2 0.6679180194805194 0.2521341463414634 0.009943181818181818 0.01097560975609756
22 0.71875 0.2521341463414634 0.005275974025974026 0.018902439024390243
22 0.6986607142857143 0.25228658536585363 0.005275974025974026 0.020426829268292684
22 0.6831371753246753 0.2528963414634146 0.007508116883116883 0.019817073170731708
22 0.7427962662337663 0.25396341463414634 0.00588474025974026 0.018292682926829267
22 0.440137987012987 0.2583841463414634 0.006493506493506494 0.018597560975609755
2 0.7112418831168831 0.26432926829268294 0.004058441558441558 0.003048780487804878
7 0.6425527597402597 0.26478658536585364 0.018060064935064936 0.013719512195121951
22 0.6035917207792207 0.2666158536585366 0.007102272727272727 0.02103658536585366
2 0.7114448051948052 0.268140243902439 0.004058441558441558 0.00274390243902439
22 0.744926948051948 0.2682926829268293 0.005275974025974026 0.00426829268292683
22 0.4783887987012987 0.2684451219512195 0.005478896103896104 0.017378048780487806
22 0.711140422077922 0.27225609756097563 0.004261363636363636 0.003048780487804878
22 0.44105113636363635 0.2730182926829268 0.00588474025974026 0.004573170731707317
22 0.7061688311688312 0.2730182926829268 0.0036525974025974025 0.00701219512195122
2 0.5724431818181818 0.27408536585365856 0.052353896103896104 0.07256097560975609
7 0.7402597402597403 0.2742378048780488 0.009334415584415584 0.0039634146341463415
2 0.7181412337662337 0.27484756097560975 0.002029220779220779 0.0064024390243902435
22 0.7153003246753247 0.275 0.002029220779220779 0.006097560975609756
22 0.471387987012987 0.2760670731707317 0.003246753246753247 0.010670731707317074
22 0.46337256493506496 0.276219512195122 0.002637987012987013 0.010365853658536586
22 0.4672280844155844 0.2763719512195122 0.003043831168831169 0.011280487804878048
2 0.711038961038961 0.27698170731707317 0.004058441558441558 0.00274390243902439
7 0.4432832792207792 0.2782012195121951 0.009943181818181818 0.0039634146341463415
2 0.528814935064935 0.27942073170731707 0.01461038961038961 0.04542682926829268
22 0.7287946428571429 0.28033536585365854 0.0038555194805194805 0.003353658536585366
29 0.7350852272727273 0.2823170731707317 0.0038555194805194805 0.00853658536585366
2 0.703226461038961 0.2836890243902439 0.0018262987012987013 0.00701219512195122
2 0.7426948051948052 0.2836890243902439 0.006493506493506494 0.00701219512195122
7 0.4498782467532468 0.28460365853658537 0.002435064935064935 0.007621951219512195
28 0.33482142857142855 0.2858231707317073 0.08035714285714286 0.12652439024390244
2 0.3945819805194805 0.2864329268292683 0.029017857142857144 0.053353658536585365
29 0.4429788961038961 0.2864329268292683 0.004464285714285714 0.0125
22 0.742086038961039 0.29039634146341464 0.005681818181818182 0.00274390243902439
14 0.7143871753246753 0.2926829268292683 0.018465909090909092 0.02195121951219512
2 0.7265625 0.29298780487804876 0.005073051948051948 0.00975609756097561
22 0.703226461038961 0.29314024390243903 0.0014204545454545455 0.00701219512195122
22 0.7478693181818182 0.2940548780487805 0.002232142857142857 0.007621951219512195
22 0.44632711038961037 0.29817073170731706 0.002637987012987013 0.007926829268292683
22 0.7034293831168831 0.3003048780487805 0.0014204545454545455 0.006097560975609756
22 0.6999797077922078 0.30259146341463417 0.002232142857142857 0.007621951219512195
22 0.6962256493506493 0.30304878048780487 0.002435064935064935 0.007926829268292683