6 0.5516826923076923 0.7331730769230769 0.026442307692307692 0.02403846153846154
18 0.5324519230769231 0.5612980769230769 0.016826923076923076 0.021634615384615384
16 0.5384615384615384 0.6201923076923077 0.009615384615384616 0.04326923076923077
14 0.5240384615384616 0.5336538461538461 0.019230769230769232 0.014423076923076924
15 0.5384615384615384 0.7199519230769231 0.038461538461538464 0.01201923076923077
3 0.5240384615384616 0.6165865384615384 0.019230769230769232 0.01201923076923077
29 0.5240384615384616 0.5997596153846154 0.019230769230769232 0.007211538461538462
18 0.5180288461538461 0.5637019230769231 0.016826923076923076 0.021634615384615384
9 0.5204326923076923 0.5865384615384616 0.021634615384615384 0.014423076923076924
16 0.49278846153846156 0.49759615384615385 0.009615384615384616 0.019230769230769232
7 0.5036057692307693 0.6057692307692307 0.01201923076923077 0.009615384615384616
9 0.5096153846153846 0.6814903846153846 0.02403846153846154 0.01201923076923077
6 0.47716346153846156 0.47596153846153844 0.0985576923076923 0.019230769230769232
29 0.49038461538461536 0.6129807692307693 0.028846153846153848 0.014423076923076924
9 0.47475961538461536 0.49158653846153844 0.021634615384615384 0.016826923076923076
7 0.4795673076923077 0.6033653846153846 0.021634615384615384 0.009615384615384616
23 0.49278846153846156 0.7367788461538461 0.028846153846153848 0.01201923076923077
28 0.47596153846153844 0.5697115384615384 0.07211538461538461 0.0673076923076923
3 0.49399038461538464 0.7632211538461539 0.03125 0.036057692307692304
9 0.45552884615384615 0.49399038461538464 0.021634615384615384 0.016826923076923076
7 0.4579326923076923 0.5300480769230769 0.03125 0.021634615384615384
16 0.46875 0.640625 0.03365384615384615 0.007211538461538462
3 0.46153846153846156 0.6189903846153846 0.019230769230769232 0.007211538461538462
9 0.44471153846153844 0.5132211538461539 0.03365384615384615 0.021634615384615384
23 0.4495192307692308 0.6129807692307693 0.04807692307692308 0.014423076923076924
15 0.43149038461538464 0.49399038461538464 0.026442307692307692 0.016826923076923076
3 0.4362980769230769 0.5733173076923077 0.016826923076923076 0.026442307692307692
16 0.4423076923076923 0.6322115384615384 0.028846153846153848 0.009615384615384616
23 0.44350961538461536 0.6850961538461539 0.01201923076923077 0.02403846153846154
15 0.44711538461538464 0.7644230769230769 0.0625 0.04326923076923077
9 0.41466346153846156 0.5180288461538461 0.03125 0.021634615384615384
9 0.41225961538461536 0.5 0.026442307692307692 0.019230769230769232
16 0.42908653846153844 0.6706730769230769 0.01201923076923077 0.028846153846153848
7 0.4098557692307692 0.5348557692307693 0.03125 0.021634615384615384
29 0.4110576923076923 0.6478365384615384 0.02403846153846154 0.021634615384615384
29 0.4074519230769231 0.6237980769230769 0.026442307692307692 0.021634615384615384
6 0.3918269230769231 0.4855769230769231 0.038461538461538464 0.014423076923076924
3 0.4074519230769231 0.6790865384615384 0.01201923076923077 0.01201923076923077
9 0.38822115384615385 0.5204326923076923 0.03125 0.021634615384615384
15 0.3858173076923077 0.5012019230769231 0.026442307692307692 0.016826923076923076
23 0.3918269230769231 0.6514423076923077 0.014423076923076924 0.03365384615384615
28 0.38461538461538464 0.5769230769230769 0.09615384615384616 0.07211538461538461
14 0.39783653846153844 0.7824519230769231 0.03125 0.021634615384615384
23 0.38822115384615385 0.7704326923076923 0.040865384615384616 0.016826923076923076
3 0.3713942307692308 0.6201923076923077 0.05048076923076923 0.019230769230769232
7 0.36177884615384615 0.5408653846153846 0.036057692307692304 0.019230769230769232
9 0.359375 0.5216346153846154 0.036057692307692304 0.019230769230769232
9 0.35697115384615385 0.5036057692307693 0.03125 0.016826923076923076
3 0.36778846153846156 0.6899038461538461 0.052884615384615384 0.019230769230769232
6 0.34134615384615385 0.49278846153846156 0.0625 0.019230769230769232
15 0.3629807692307692 0.7415865384615384 0.07692307692307693 0.05048076923076923
15 0.3329326923076923 0.515625 0.026442307692307692 0.016826923076923076
9 0.3485576923076923 0.6706730769230769 0.014423076923076924 0.014423076923076924
3 0.3401442307692308 0.6201923076923077 0.01201923076923077 0.014423076923076924
18 0.3245192307692308 0.5829326923076923 0.019230769230769232 0.021634615384615384
9 0.3233173076923077 0.6069711538461539 0.026442307692307692 0.016826923076923076
14 0.3173076923076923 0.5637019230769231 0.019230769230769232 0.01201923076923077
9 0.32572115384615385 0.6742788461538461 0.026442307692307692 0.016826923076923076