23 0.40024038461538464 0.5096153846153846 0.016826923076923076 0.028846153846153848
23 0.4014423076923077 0.47836538461538464 0.019230769230769232 0.028846153846153848
6 0.41225961538461536 0.6418269230769231 0.016826923076923076 0.04807692307692308
7 0.39903846153846156 0.4014423076923077 0.019230769230769232 0.03365384615384615
6 0.4074519230769231 0.5552884615384616 0.016826923076923076 0.052884615384615384
7 0.4074519230769231 0.4495192307692308 0.016826923076923076 0.02403846153846154
3 0.40625 0.36538461538461536 0.028846153846153848 0.03365384615384615
7 0.4182692307692308 0.39903846153846156 0.019230769230769232 0.03365384615384615
15 0.4326923076923077 0.5372596153846154 0.028846153846153848 0.021634615384615384
3 0.42908653846153844 0.5096153846153846 0.016826923076923076 0.02403846153846154
3 0.44471153846153844 0.6766826923076923 0.04807692307692308 0.036057692307692304
7 0.4338942307692308 0.42908653846153844 0.05048076923076923 0.016826923076923076
7 0.4326923076923077 0.44350961538461536 0.03365384615384615 0.01201923076923077
15 0.4411057692307692 0.5949519230769231 0.04567307692307692 0.09375
3 0.44711538461538464 0.4699519230769231 0.07692307692307693 0.05048076923076923
28 0.46153846153846156 0.7463942307692307 0.028846153846153848 0.04567307692307692
14 0.46033653846153844 0.5300480769230769 0.026442307692307692 0.01201923076923077
3 0.45913461538461536 0.4987980769230769 0.02403846153846154 0.01201923076923077
14 0.4639423076923077 0.5396634615384616 0.02403846153846154 0.01201923076923077
15 0.45552884615384615 0.3762019230769231 0.06009615384615385 0.06490384615384616
7 0.45913461538461536 0.41586538461538464 0.052884615384615384 0.019230769230769232
3 0.4831730769230769 0.7512019230769231 0.014423076923076924 0.01201923076923077
3 0.4831730769230769 0.7259615384615384 0.009615384615384616 0.014423076923076924
3 0.4831730769230769 0.7019230769230769 0.04807692307692308 0.014423076923076924
23 0.49158653846153844 0.7307692307692307 0.01201923076923077 0.02403846153846154
3 0.49278846153846156 0.7151442307692307 0.028846153846153848 0.01201923076923077
15 0.484375 0.515625 0.026442307692307692 0.021634615384615384
23 0.5072115384615384 0.6754807692307693 0.014423076923076924 0.02403846153846154
3 0.5072115384615384 0.5420673076923077 0.04807692307692308 0.016826923076923076
15 0.515625 0.6995192307692307 0.016826923076923076 0.028846153846153848
3 0.5240384615384616 0.7692307692307693 0.019230769230769232 0.009615384615384616
3 0.5168269230769231 0.5108173076923077 0.02403846153846154 0.01201923076923077
27 0.5144230769230769 0.4579326923076923 0.0625 0.09375
15 0.5120192307692307 0.3737980769230769 0.0625 0.06490384615384616
28 0.5264423076923077 0.5841346153846154 0.11057692307692307 0.08653846153846154
3 0.5240384615384616 0.5192307692307693 0.04807692307692308 0.014423076923076924
14 0.5372596153846154 0.6862980769230769 0.03125 0.01201923076923077
15 0.5384615384615384 0.7379807692307693 0.08653846153846154 0.052884615384615384
3 0.5408653846153846 0.7007211538461539 0.03365384615384615 0.016826923076923076
7 0.5492788461538461 0.6586538461538461 0.021634615384615384 0.03365384615384615
15 0.5444711538461539 0.46153846153846156 0.016826923076923076 0.028846153846153848
3 0.5384615384615384 0.33052884615384615 0.019230769230769232 0.01201923076923077
3 0.5504807692307693 0.4855769230769231 0.014423076923076924 0.014423076923076924
3 0.5564903846153846 0.5372596153846154 0.05048076923076923 0.016826923076923076
3 0.5552884615384616 0.43509615384615385 0.014423076923076924 0.014423076923076924
7 0.5661057692307693 0.6586538461538461 0.016826923076923076 0.03365384615384615
14 0.5697115384615384 0.7043269230769231 0.009615384615384616 0.009615384615384616
3 0.5588942307692307 0.5072115384615384 0.016826923076923076 0.009615384615384616
3 0.5745192307692307 0.6887019230769231 0.02403846153846154 0.021634615384615384
23 0.5564903846153846 0.34134615384615385 0.01201923076923077 0.028846153846153848
3 0.5600961538461539 0.3737980769230769 0.028846153846153848 0.036057692307692304
7 0.5841346153846154 0.6586538461538461 0.019230769230769232 0.038461538461538464
3 0.5913461538461539 0.7716346153846154 0.019230769230769232 0.014423076923076924
3 0.578125 0.5240384615384616 0.01201923076923077 0.014423076923076924
3 0.59375 0.6262019230769231 0.028846153846153848 0.021634615384615384
3 0.6033653846153846 0.7127403846153846 0.028846153846153848 0.021634615384615384
23 0.5877403846153846 0.40024038461538464 0.03125 0.01201923076923077
7 0.6021634615384616 0.6574519230769231 0.021634615384615384 0.036057692307692304
3 0.6045673076923077 0.6862980769230769 0.026442307692307692 0.021634615384615384
23 0.5889423076923077 0.33774038461538464 0.03365384615384615 0.016826923076923076
27 0.609375 0.7463942307692307 0.03125 0.04567307692307692
27 0.5901442307692307 0.36899038461538464 0.026442307692307692 0.040865384615384616
15 0.6033653846153846 0.4567307692307692 0.10576923076923077 0.0625
27 0.6262019230769231 0.6959134615384616 0.026442307692307692 0.01201923076923077
7 0.625 0.6346153846153846 0.02403846153846154 0.03365384615384615
27 0.6201923076923077 0.5540865384615384 0.057692307692307696 0.09375
14 0.6322115384615384 0.7403846153846154 0.019230769230769232 0.009615384615384616
15 0.6298076923076923 0.6826923076923077 0.019230769230769232 0.014423076923076924
3 0.6346153846153846 0.7115384615384616 0.028846153846153848 0.02403846153846154
6 0.6418269230769231 0.7716346153846154 0.02403846153846154 0.014423076923076924
15 0.6370192307692307 0.6622596153846154 0.02403846153846154 0.021634615384615384
7 0.6394230769230769 0.6322115384615384 0.019230769230769232 0.03365384615384615
27 0.6274038461538461 0.37259615384615385 0.03365384615384615 0.028846153846153848
15 0.65625 0.7487980769230769 0.02403846153846154 0.021634615384615384
15 0.6538461538461539 0.6923076923076923 0.02403846153846154 0.019230769230769232
15 0.65625 0.7319711538461539 0.02403846153846154 0.021634615384615384
27 0.6586538461538461 0.6694711538461539 0.014423076923076924 0.016826923076923076
6 0.6550480769230769 0.6298076923076923 0.016826923076923076 0.04807692307692308
27 0.6586538461538461 0.7103365384615384 0.014423076923076924 0.016826923076923076