15 0.33303571428571427 0.3146935975609756 0.015503246753246755 0.012923780487804877
2 0.3490117694805195 0.3230167682926829 0.004841720779220779 0.017984756097560978
2 0.5936323051948053 0.323625 0.004228896103896104 0.022250000000000002
2 0.6652637987012987 0.32408231707317076 0.005446428571428572 0.027432926829268293
14 0.6292715097402598 0.3250213414634146 0.06333198051948052 0.021384146341463416
15 0.3327556818181818 0.33035975609756096 0.016972402597402597 0.01071951219512195
15 0.33539975649350645 0.34335213414634147 0.017390422077922078 0.012923780487804877
2 0.35487824675324675 0.34415548780487804 0.012516233766233766 0.006603658536585366
14 0.6923599837662338 0.34958536585365857 0.04381087662337663 0.01502439024390244
2 0.6656686282467532 0.35091158536585365 0.004226866883116883 0.023164634146341463
2 0.5945454545454546 0.35121646341463414 0.004431818181818182 0.023164634146341463
14 0.6186566558441557 0.3518795731707317 0.04859577922077922 0.020222560975609757
22 0.6599543425324675 0.3549893292682927 0.004161931818181818 0.020344512195121952
22 0.6548021509740259 0.3550243902439024 0.006032873376623377 0.01675609756097561
2 0.39202313311688314 0.3559451219512195 0.012130681818181818 0.0064024390243902435
2 0.37477678571428574 0.3567057926829268 0.012134740259740259 0.012192073170731708
2 0.4651775568181818 0.37103506097560973 0.015176542207792208 0.007314024390243902
2 0.6882944399350649 0.37332164634146336 0.01619926948051948 0.00761890243902439
22 0.3528003246753247 0.3801173780487805 0.015665584415584417 0.006576219512195122
2 0.5648051948051949 0.383077743902439 0.018814935064935066 0.00883841463414634
2 0.5156036931818182 0.38338262195121947 0.015785308441558444 0.007009146341463414
16 0.4172666396103896 0.3840182926829268 0.014322240259740259 0.007670731707317073
15 0.6243831168831169 0.3928795731707317 0.008912337662337663 0.021734756097560978
14 0.5778946834415584 0.39848780487804875 0.045805600649350645 0.01648780487804878
14 0.5267512175324676 0.39835213414634146 0.04295048701298701 0.01560670731707317
2 0.3462702922077922 0.39953963414634147 0.00463474025974026 0.02529878048780488
22 0.41252536525974026 0.4118826219512195 0.007274756493506494 0.024375
2 0.6139174107142857 0.4201219512195122 0.0176075487012987 0.006097560975609756
2 0.5022138798701299 0.4217957317073171 0.0076745129870129875 0.024079268292682927
2 0.42257203733766235 0.4219481707317073 0.005452516233766234 0.026213414634146344
14 0.4646682224025974 0.4242210365853658 0.06001826298701298 0.08685670731707316
14 0.6821459009740259 0.42620121951219514 0.06518465909090909 0.09020731707317073
2 0.7251217532467533 0.43155182926829266 0.004220779220779221 0.024079268292682927
2 0.6451734983766234 0.43216158536585364 0.005444399350649351 0.02529878048780488
2 0.5154017857142857 0.4378048780487805 0.015381493506493506 0.006097560975609756
2 0.5642035308441559 0.43780335365853656 0.013959009740259742 0.007314024390243902
2 0.34332893668831166 0.4457286585365854 0.004433847402597403 0.028652439024390245
14 0.5779596185064935 0.4519954268292683 0.04228287337662338 0.02289329268292683
14 0.5271428571428571 0.4523871951219512 0.043733766233766236 0.023676829268292683
22 0.41746245941558446 0.45346798780487807 0.005785308441558442 0.02035060975609756
14 0.3801836444805195 0.45569207317073174 0.06434456168831168 0.04492073170731707
22 0.33493709415584416 0.4632286585365854 0.012000811688311689 0.00877439024390244
22 0.422007913961039 0.4730396341463414 0.012035308441558442 0.00827439024390244
22 0.335817775974026 0.4756310975609756 0.01132711038961039 0.00675
2 0.4658877840909091 0.4778948170731707 0.0161911525974026 0.00883841463414634
22 0.6444886363636364 0.47810670731707317 0.00448051948051948 0.019628048780487805
22 0.638887987012987 0.4781493902439024 0.006672077922077923 0.021542682926829267
22 0.6628916396103897 0.47935060975609756 0.012877435064935066 0.010530487804878048
2 0.3308756087662338 0.48259146341463416 0.014023944805194805 0.00725609756097561
6 0.4787398538961039 0.49478201219512197 0.25009334415584417 0.025539634146341462
2 0.6870931412337662 0.49624542682926825 0.015825892857142858 0.005905487804878049
22 0.6338403003246753 0.4973506097560975 0.012404626623376623 0.009335365853658536
22 0.6353459821428572 0.5053003048780488 0.01622767857142857 0.006942073170731707
22 0.6344257305194805 0.5123125 0.014793019480519481 0.006942073170731707
14 0.5859740259740259 0.5159237804878049 0.03436688311688312 0.022091463414634145
14 0.5377749594155845 0.5166646341463415 0.03740056818181818 0.019304878048780488
2 0.730510349025974 0.5478871951219512 0.005257711038961039 0.02321341463414634
6 0.4785531655844156 0.5482225609756097 0.2497199675324675 0.031201219512195122
22 0.7258796672077923 0.5501996951219512 0.004113230519480519 0.017472560975609758
2 0.4091700487012987 0.5739298780487805 0.006245941558441558 0.02773780487804878
2 0.55203125 0.5739298780487805 0.0046306818181818185 0.021640243902439026
14 0.5721032873376622 0.574327743902439 0.03178774350649351 0.025484756097560977
2 0.4002435064935065 0.5759115853658536 0.0070616883116883114 0.026823170731707317
2 0.3818810876623377 0.5762164634146342 0.005645292207792208 0.02804268292682927
2 0.3906057224025974 0.5772835365853659 0.0048315746753246755 0.02773780487804878
2 0.7166436688311688 0.5802027439024391 0.004310064935064935 0.021381097560975608
2 0.6169247159090909 0.582420731707317 0.004953327922077922 0.02337804878048781
22 0.72640625 0.5854009146341463 0.007195616883116884 0.022021341463414636
6 0.4803885957792208 0.604359756097561 0.25501420454545454 0.030670731707317073
22 0.7310967938311688 0.6135579268292684 0.0048072240259740264 0.02345731707317073
2 0.7259770698051947 0.6149588414634146 0.004308035714285715 0.021381097560975608
2 0.5000882711038961 0.628045731707317 0.00585836038961039 0.021945121951219514
14 0.5292918019480519 0.6278643292682927 0.044784902597402594 0.025850609756097563
2 0.7261799918831169 0.6425000000000001 0.00471387987012987 0.022804878048780487
22 0.6587540584415584 0.6454237804878048 0.012719155844155844 0.006701219512195122
22 0.6324502840909091 0.6461966463414635 0.013683035714285715 0.008856707317073172
2 0.6701146509740259 0.6552896341463414 0.016365665584415587 0.005701219512195122
6 0.481112012987013 0.6587850609756097 0.2503733766233766 0.025496951219512193
2 0.7218506493506494 0.6691265243902439 0.003766233766233766 0.02361890243902439
22 0.7263413149350649 0.6725853658536585 0.00544237012987013 0.02321951219512195
2 0.40653612012987017 0.6833810975609755 0.005848214285714286 0.022859756097560975
2 0.3822909902597403 0.6841432926829267 0.004841720779220779 0.020115853658536586
2 0.39162439123376624 0.6838399390243902 0.004433847402597403 0.018289634146341462
2 0.4001450892857143 0.6839923780487804 0.004835633116883117 0.0198140243902439
14 0.43574066558441554 0.6860030487804879 0.04640016233766234 0.028103658536585367
2 0.7265888798701299 0.7026615853658537 0.004719967532467533 0.020567073170731705
6 0.4801237824675325 0.7138429878048781 0.2516436688311688 0.02890548780487805
14 0.6739052353896104 0.7144634146341463 0.055196834415584414 0.08380487804878049
2 0.7129910714285714 0.7156692073170732 0.003904220779220779 0.020972560975609757
2 0.6417004870129871 0.7282728658536586 0.005397727272727273 0.02361890243902439
2 0.40957995129870134 0.7365823170731707 0.00544237012987013 0.026213414634146344
14 0.43920961850649354 0.7371051829268292 0.04806209415584416 0.024210365853658537
16 0.6304433847402597 0.7562088414634146 0.004799107142857142 0.01485670731707317
6 0.48075385551948047 0.7674466463414634 0.25046874999999996 0.02513719512195122
2 0.6703104707792208 0.7713734756097561 0.014728084415584415 0.0055518292682926835
2 0.39030133928571425 0.20716310975609756 0.015586444805194806 0.008228658536585366
14 0.6314965503246753 0.21165548780487806 0.06372362012987012 0.025140243902439022
2 0.6652637987012987 0.21371646341463416 0.005040584415584416 0.02377439024390244
13 0.34817471590909094 0.22933231707317075 0.007226055194805195 0.037323170731707316
14 0.6307325487012987 0.239172256097561 0.0630073051948052 0.01858841463414634
2 0.6644521103896104 0.24191768292682927 0.005446428571428572 0.021640243902439026
15 0.332169237012987 0.24303810975609755 0.018234577922077923 0.012295731707317072
2 0.5932274756493506 0.24664481707317074 0.004636769480519481 0.01767987804878049
14 0.6298153409090909 0.2668018292682927 0.06320211038961039 0.029335365853658535
2 0.6650608766233767 0.2688993902439024 0.004228896103896104 0.023164634146341463
6 0.3625355113636364 0.2689756097560976 0.020525568181818183 0.13185365853658537
2 0.5934293831168831 0.2693582317073171 0.00463474025974026 0.019204268292682927
2 0.3496195211038961 0.27774085365853657 0.004433847402597403 0.021945121951219514
14 0.388262987012987 0.2820365853658537 0.02814935064935065 0.14029268292682928
14 0.6306544237012986 0.2949954268292683 0.06163352272727273 0.02657621951219512
2 0.5937337662337663 0.29633841463414634 0.00564935064935065 0.021945121951219514
2 0.6653652597402597 0.2964908536585366 0.00564935064935065 0.026518292682926832