6 0.9043222402597403 0.3771341463414634 0.07325487012987013 0.02804878048780488
6 0.6328125 0.3823170731707317 0.07122564935064934 0.027439024390243903
6 0.22098214285714285 0.38673780487804876 0.0762987012987013 0.036280487804878046
7 0.2851055194805195 0.3960365853658537 0.018668831168831168 0.041463414634146344
2 0.2664366883116883 0.40426829268292686 0.003246753246753247 0.018902439024390243
2 0.2508116883116883 0.41234756097560976 0.006899350649350649 0.004573170731707317
22 0.23843344155844157 0.4143292682926829 0.004058441558441558 0.003048780487804878
22 0.8842329545454546 0.419359756097561 0.003043831168831169 0.009451219512195122
22 0.8884943181818182 0.4195121951219512 0.0034496753246753245 0.00975609756097561
22 0.880275974025974 0.4196646341463415 0.003246753246753247 0.010060975609756098
22 0.270900974025974 0.4201219512195122 0.007305194805194805 0.00426829268292683
22 0.24573863636363635 0.4208841463414634 0.004058441558441558 0.003353658536585366
29 0.25426136363636365 0.42103658536585364 0.004058441558441558 0.00975609756097561
22 0.2609577922077922 0.42271341463414636 0.0012175324675324675 0.005792682926829268
14 0.23376623376623376 0.42301829268292684 0.006899350649350649 0.008841463414634146
22 0.22331574675324675 0.4240853658536585 0.0018262987012987013 0.006707317073170732
22 0.549614448051948 0.4248475609756098 0.007508116883116883 0.0039634146341463415
22 0.508015422077922 0.425 0.006696428571428571 0.00426829268292683
22 0.46398133116883117 0.42591463414634145 0.007102272727272727 0.00548780487804878
2 0.5711241883116883 0.4321646341463415 0.004261363636363636 0.01798780487804878
2 0.5646306818181818 0.432469512195122 0.005073051948051948 0.019817073170731708
2 0.3054991883116883 0.4326219512195122 0.005073051948051948 0.012195121951219513
2 0.4253246753246753 0.4342987804878049 0.005275974025974026 0.01798780487804878
2 0.2924107142857143 0.4370426829268293 0.005681818181818182 0.003353658536585366
2 0.5931412337662337 0.4370426829268293 0.012987012987012988 0.007621951219512195
2 0.8883928571428571 0.4375 0.002029220779220779 0.00548780487804878
2 0.8834212662337663 0.4376524390243902 0.002232142857142857 0.005792682926829268
2 0.8857548701298701 0.4378048780487805 0.002029220779220779 0.00548780487804878
29 0.5324675324675324 0.4420731707317073 0.018262987012987012 0.03902439024390244
29 0.48995535714285715 0.443140243902439 0.018465909090909092 0.04176829268292683
29 0.44703733766233766 0.44435975609756095 0.019074675324675324 0.04298780487804878
22 0.3898133116883117 0.4448170731707317 0.004058441558441558 0.003048780487804878
22 0.3969155844155844 0.4448170731707317 0.004058441558441558 0.003658536585365854
22 0.8861607142857143 0.44634146341463415 0.006493506493506494 0.00853658536585366
2 0.3561282467532468 0.44649390243902437 0.0016233766233766235 0.0064024390243902435
22 0.36617288961038963 0.4489329268292683 0.007913961038961038 0.004573170731707317
29 0.3991477272727273 0.4532012195121951 0.005681818181818182 0.005792682926829268
29 0.3887987012987013 0.4538109756097561 0.006087662337662338 0.0064024390243902435
22 0.9117288961038961 0.45396341463414636 0.0016233766233766235 0.004878048780487805
7 0.9003652597402597 0.45472560975609755 0.005275974025974026 0.005182926829268293
7 0.906452922077922 0.4554878048780488 0.005681818181818182 0.00426829268292683
22 0.9155844155844156 0.46234756097560975 0.002029220779220779 0.00701219512195122
2 0.8390827922077922 0.4629573170731707 0.005275974025974026 0.014939024390243902
7 0.8999594155844156 0.4629573170731707 0.005681818181818182 0.003353658536585366
29 0.7971793831168831 0.4655487804878049 0.018871753246753248 0.03719512195121951
22 0.9004667207792207 0.4679878048780488 0.0034496753246753245 0.0024390243902439024
29 0.9099025974025974 0.4684451219512195 0.005681818181818182 0.004573170731707317
2 0.3991477272727273 0.4698170731707317 0.010957792207792208 0.01524390243902439
22 0.9002637987012987 0.47210365853658537 0.0038555194805194805 0.002134146341463415
22 0.3884943181818182 0.4742378048780488 0.004261363636363636 0.004573170731707317
29 0.5931412337662337 0.47621951219512193 0.016233766233766232 0.03902439024390244
2 0.8944805194805194 0.4771341463414634 0.006493506493506494 0.00548780487804878
2 0.8250811688311688 0.47728658536585367 0.004464285714285714 0.016158536585365854
22 0.9124391233766234 0.4789634146341463 0.004261363636363636 0.003658536585365854
22 0.9039163961038961 0.4814024390243902 0.0018262987012987013 0.00548780487804878
22 0.9144683441558441 0.4846036585365854 0.004261363636363636 0.00274390243902439
22 0.3843344155844156 0.4864329268292683 0.002435064935064935 0.00701219512195122
22 0.3997564935064935 0.4864329268292683 0.002435064935064935 0.007621951219512195
22 0.3939732142857143 0.4865853658536585 0.002637987012987013 0.006707317073170732
22 0.9082792207792207 0.4885670731707317 0.002840909090909091 0.00274390243902439
6 0.9300933441558441 0.4929878048780488 0.017248376623376624 0.048170731707317074
22 0.9154829545454546 0.49527439024390246 0.00588474025974026 0.009451219512195122
22 0.789163961038961 0.49817073170731707 0.0036525974025974025 0.01097560975609756
14 0.3884943181818182 0.5007621951219512 0.005073051948051948 0.010060975609756098
14 0.4003652597402597 0.501219512195122 0.005275974025974026 0.01097560975609756
29 0.7445211038961039 0.5035060975609756 0.018668831168831168 0.038109756097560975
2 0.3942775974025974 0.5041158536585366 0.003246753246753247 0.009451219512195122
2 0.38260957792207795 0.5042682926829268 0.0034496753246753245 0.00975609756097561
7 0.6789772727272727 0.5048780487804878 0.018668831168831168 0.04085365853658537
2 0.3703327922077922 0.5057926829268292 0.012581168831168832 0.007317073170731708
22 0.8925527597402597 0.5071646341463415 0.003043831168831169 0.00274390243902439
7 0.8869724025974026 0.5074695121951219 0.004058441558441558 0.008231707317073171
2 0.20525568181818182 0.5111280487804878 0.012378246753246754 0.00701219512195122
2 0.7231128246753247 0.5146341463414634 0.004261363636363636 0.014634146341463415
22 0.39600243506493504 0.5149390243902439 0.0018262987012987013 0.006707317073170732
22 0.9107142857142857 0.5153963414634146 0.006087662337662338 0.008231707317073171
22 0.3921469155844156 0.5160060975609756 0.0018262987012987013 0.005792682926829268
2 0.6633522727272727 0.5160060975609756 0.00487012987012987 0.015548780487804878
2 0.887987012987013 0.5228658536585366 0.006493506493506494 0.012195121951219513
2 0.20525568181818182 0.5233231707317073 0.010349025974025974 0.00701219512195122
2 0.5245535714285714 0.5274390243902439 0.03206168831168831 0.0475609756097561
2 0.48731737012987014 0.5286585365853659 0.033887987012987016 0.05
2 0.4511972402597403 0.5332317073170731 0.024147727272727272 0.05121951219512195
2 0.41943993506493504 0.5338414634146341 0.028409090909090908 0.04695121951219512
2 0.8840300324675324 0.5344512195121951 0.0038555194805194805 0.003048780487804878
7 0.8899147727272727 0.5364329268292682 0.005073051948051948 0.003353658536585366
14 0.8736810064935064 0.5365853658536586 0.008319805194805194 0.00853658536585366
2 0.8832183441558441 0.5384146341463415 0.005478896103896104 0.003048780487804878
22 0.7404626623376623 0.5396341463414634 0.003246753246753247 0.010365853658536586
2 0.351461038961039 0.5399390243902439 0.010551948051948052 0.006097560975609756
22 0.7470576298701299 0.5434451219512195 0.004667207792207792 0.003353658536585366
22 0.7846996753246753 0.5443597560975609 0.004464285714285714 0.0039634146341463415
7 0.8934659090909091 0.5446646341463415 0.004464285714285714 0.0039634146341463415
22 0.7699878246753247 0.5454268292682927 0.005073051948051948 0.003658536585365854
22 0.9043222402597403 0.5460365853658536 0.0014204545454545455 0.00548780487804878
2 0.9021915584415584 0.5464939024390244 0.002029220779220779 0.00701219512195122
14 0.7793222402597403 0.55 0.006696428571428571 0.00853658536585366
2 0.6858766233766234 0.5501524390243903 0.004464285714285714 0.010670731707317074
7 0.35196834415584416 0.5504573170731707 0.010349025974025974 0.00701219512195122
22 0.7955560064935064 0.5510670731707317 0.004261363636363636 0.0039634146341463415
2 0.762885551948052 0.5515243902439024 0.004667207792207792 0.01097560975609756
29 0.7510146103896104 0.5528963414634146 0.004464285714285714 0.008841463414634146
14 0.8766233766233766 0.5535060975609756 0.005681818181818182 0.011280487804878048
22 0.7715097402597403 0.5582317073170732 0.004058441558441558 0.003658536585365854
22 0.3947849025974026 0.5589939024390244 0.007102272727272727 0.004573170731707317
22 0.6021712662337663 0.5605182926829269 0.004667207792207792 0.003353658536585366
22 0.5919237012987013 0.5606707317073171 0.004464285714285714 0.003658536585365854
2 0.35176542207792205 0.5617378048780488 0.011972402597402598 0.005182926829268293
7 0.5751826298701299 0.561890243902439 0.007913961038961038 0.006707317073170732
22 0.6160714285714286 0.5634146341463414 0.005275974025974026 0.003048780487804878
7 0.38900162337662336 0.5650914634146341 0.003246753246753247 0.008841463414634146
2 0.5921266233766234 0.566920731707317 0.004464285714285714 0.0039634146341463415
2 0.3921469155844156 0.5679878048780488 0.002232142857142857 0.007317073170731708
2 0.508015422077922 0.5692073170731707 0.03145292207792208 0.032926829268292684
15 0.3166599025974026 0.5701219512195121 0.03591720779220779 0.05548780487804878
7 0.3966112012987013 0.5710365853658537 0.004667207792207792 0.013414634146341463
22 0.604200487012987 0.5716463414634146 0.0018262987012987013 0.004878048780487805
22 0.35511363636363635 0.5727134146341464 0.006899350649350649 0.005182926829268293
22 0.3425324675324675 0.5734756097560976 0.007711038961038961 0.006097560975609756
14 0.5986201298701299 0.5739329268292683 0.005275974025974026 0.011280487804878048
22 0.6080560064935064 0.5739329268292683 0.0034496753246753245 0.003353658536585366
22 0.6156655844155844 0.5742378048780488 0.005681818181818182 0.005792682926829268
22 0.6453936688311688 0.5745426829268293 0.006696428571428571 0.0039634146341463415
22 0.5340909090909091 0.575 0.008116883116883116 0.03353658536585366
22 0.5924310064935064 0.5786585365853658 0.004667207792207792 0.003658536585365854
15 0.5523538961038961 0.5786585365853658 0.015827922077922076 0.026829268292682926
22 0.6550324675324676 0.5821646341463415 0.002029220779220779 0.005792682926829268
14 0.572747564935065 0.5832317073170732 0.016436688311688312 0.016463414634146342
7 0.609375 0.5841463414634146 0.0036525974025974025 0.00853658536585366
2 0.3520698051948052 0.5853658536585366 0.008928571428571428 0.006097560975609756
7 0.390523538961039 0.5862804878048781 0.004261363636363636 0.00548780487804878
2 0.6063311688311688 0.5864329268292683 0.002840909090909091 0.007621951219512195
22 0.3951907467532468 0.5870426829268293 0.0038555194805194805 0.010060975609756098
2 0.663859577922078 0.5917682926829269 0.0034496753246753245 0.010365853658536586
14 0.6696428571428571 0.5919207317073171 0.005275974025974026 0.011890243902439025
7 0.5904017857142857 0.5929878048780488 0.004261363636363636 0.01524390243902439
22 0.6552353896103896 0.5957317073170731 0.002029220779220779 0.007317073170731708
29 0.6389001623376623 0.5975609756097561 0.018060064935064936 0.025
2 0.4850852272727273 0.5977134146341463 0.014407467532467532 0.02347560975609756
29 0.7092126623376623 0.5977134146341463 0.018668831168831168 0.03201219512195122
2 0.570211038961039 0.599390243902439 0.003246753246753247 0.0024390243902439024
2 0.583400974025974 0.599390243902439 0.003246753246753247 0.0024390243902439024
22 0.559862012987013 0.5996951219512195 0.005681818181818182 0.003048780487804878
22 0.3786525974025974 0.6025914634146341 0.002840909090909091 0.00701219512195122
22 0.3874797077922078 0.6030487804878049 0.002637987012987013 0.006097560975609756
22 0.6708603896103896 0.6030487804878049 0.004058441558441558 0.0024390243902439024
22 0.3823051948051948 0.6036585365853658 0.002029220779220779 0.006097560975609756
2 0.4744318181818182 0.6048780487804878 0.003246753246753247 0.009146341463414634
22 0.580762987012987 0.605030487804878 0.002435064935064935 0.002134146341463415
22 0.3951907467532468 0.6053353658536585 0.003043831168831169 0.011280487804878048
2 0.5769074675324676 0.6054878048780488 0.002029220779220779 0.00548780487804878
22 0.6602069805194806 0.6083841463414634 0.002232142857142857 0.00701219512195122
22 0.6652800324675324 0.6123475609756097 0.002232142857142857 0.00701219512195122
2 0.5049715909090909 0.6125 0.023741883116883116 0.03841463414634146
7 0.6689326298701299 0.6141768292682926 0.002232142857142857 0.00701219512195122
2 0.671976461038961 0.614329268292683 0.002232142857142857 0.006097560975609756
2 0.6559456168831169 0.6160060975609756 0.007102272727272727 0.005182926829268293
7 0.38179788961038963 0.6163109756097561 0.002637987012987013 0.007621951219512195
7 0.6775568181818182 0.6166158536585366 0.006087662337662338 0.0125
22 0.695109577922078 0.6176829268292683 0.005478896103896104 0.003658536585365854
29 0.24746347402597402 0.6196646341463414 0.06473214285714286 0.06371951219512195
2 0.6559456168831169 0.6221036585365853 0.007102272727272727 0.005182926829268293
22 0.5394683441558441 0.6260670731707317 0.009943181818181818 0.036280487804878046
22 0.5499188311688312 0.6260670731707317 0.009334415584415584 0.0350609756097561
7 0.3452719155844156 0.6282012195121951 0.02739448051948052 0.02774390243902439
2 0.5230316558441559 0.630030487804878 0.007508116883116883 0.015548780487804878
7 0.6653814935064936 0.6332317073170731 0.00487012987012987 0.011585365853658536
6 0.463474025974026 0.6338414634146341 0.03165584415584415 0.042682926829268296
22 0.6727881493506493 0.6371951219512195 0.0018262987012987013 0.00548780487804878
22 0.6783685064935064 0.6375 0.004464285714285714 0.003658536585365854
22 0.656351461038961 0.6429878048780487 0.003043831168831169 0.01097560975609756
7 0.679484577922078 0.6429878048780487 0.005073051948051948 0.003658536585365854
2 0.6626420454545454 0.6481707317073171 0.006290584415584416 0.004878048780487805