6 0.4387019230769231 0.4411057692307692 0.026442307692307692 0.03125
23 0.43509615384615385 0.5288461538461539 0.004807692307692308 0.004807692307692308
6 0.4387019230769231 0.5504807692307693 0.016826923076923076 0.03365384615384615
23 0.4362980769230769 0.5733173076923077 0.007211538461538462 0.002403846153846154
23 0.4326923076923077 0.7668269230769231 0.004807692307692308 0.004807692307692308
3 0.4495192307692308 0.5216346153846154 0.014423076923076924 0.009615384615384616
3 0.4567307692307692 0.36899038461538464 0.028846153846153848 0.021634615384615384
3 0.4495192307692308 0.5072115384615384 0.009615384615384616 0.009615384615384616
23 0.4495192307692308 0.5697115384615384 0.004807692307692308 0.004807692307692308
23 0.44711538461538464 0.5805288461538461 0.004807692307692308 0.002403846153846154
23 0.4495192307692308 0.5600961538461539 0.004807692307692308 0.004807692307692308
23 0.4519230769230769 0.5444711538461539 0.004807692307692308 0.002403846153846154
23 0.4519230769230769 0.5516826923076923 0.004807692307692308 0.002403846153846154
3 0.45913461538461536 0.40024038461538464 0.03365384615384615 0.021634615384615384
23 0.4519230769230769 0.5492788461538461 0.004807692307692308 0.002403846153846154
23 0.4519230769230769 0.546875 0.004807692307692308 0.002403846153846154
23 0.4519230769230769 0.5564903846153846 0.004807692307692308 0.002403846153846154
23 0.4519230769230769 0.5396634615384616 0.004807692307692308 0.002403846153846154
23 0.4519230769230769 0.59375 0.004807692307692308 0.004807692307692308
23 0.4543269230769231 0.5360576923076923 0.004807692307692308 0.004807692307692308
23 0.4567307692307692 0.5012019230769231 0.004807692307692308 0.002403846153846154
23 0.4675480769230769 0.35216346153846156 0.007211538461538462 0.002403846153846154
3 0.44711538461538464 0.7692307692307693 0.019230769230769232 0.014423076923076924
3 0.46634615384615385 0.4831730769230769 0.019230769230769232 0.014423076923076924
3 0.47115384615384615 0.5288461538461539 0.019230769230769232 0.009615384615384616
3 0.48197115384615385 0.328125 0.007211538461538462 0.007211538461538462
23 0.47475961538461536 0.5132211538461539 0.007211538461538462 0.002403846153846154
3 0.47475961538461536 0.515625 0.007211538461538462 0.002403846153846154
3 0.47115384615384615 0.6045673076923077 0.004807692307692308 0.002403846153846154
6 0.46875 0.6466346153846154 0.08173076923076923 0.02403846153846154
3 0.4855769230769231 0.36177884615384615 0.019230769230769232 0.01201923076923077
23 0.4807692307692308 0.45072115384615385 0.004807692307692308 0.002403846153846154
3 0.4855769230769231 0.38221153846153844 0.019230769230769232 0.014423076923076924
23 0.4807692307692308 0.47596153846153844 0.004807692307692308 0.004807692307692308
3 0.484375 0.4266826923076923 0.007211538461538462 0.002403846153846154
23 0.47836538461538464 0.5456730769230769 0.004807692307692308 0.004807692307692308
3 0.4831730769230769 0.43149038461538464 0.009615384615384616 0.002403846153846154
23 0.4831730769230769 0.48197115384615385 0.004807692307692308 0.002403846153846154
23 0.46875 0.7692307692307693 0.004807692307692308 0.004807692307692308
23 0.47836538461538464 0.6045673076923077 0.004807692307692308 0.002403846153846154
3 0.4855769230769231 0.4519230769230769 0.004807692307692308 0.004807692307692308
3 0.4891826923076923 0.3954326923076923 0.01201923076923077 0.007211538461538462
23 0.4831730769230769 0.5504807692307693 0.004807692307692308 0.004807692307692308
3 0.4831730769230769 0.5420673076923077 0.009615384615384616 0.002403846153846154
3 0.4855769230769231 0.546875 0.009615384615384616 0.002403846153846154
23 0.4831730769230769 0.6081730769230769 0.004807692307692308 0.004807692307692308
23 0.4879807692307692 0.5528846153846154 0.004807692307692308 0.004807692307692308
3 0.484375 0.6045673076923077 0.007211538461538462 0.002403846153846154
3 0.49278846153846156 0.47836538461538464 0.004807692307692308 0.004807692307692308
3 0.49038461538461536 0.5120192307692307 0.019230769230769232 0.014423076923076924
3 0.49158653846153844 0.5252403846153846 0.016826923076923076 0.01201923076923077
3 0.4963942307692308 0.42908653846153844 0.007211538461538462 0.002403846153846154
23 0.49278846153846156 0.5456730769230769 0.004807692307692308 0.004807692307692308
3 0.48197115384615385 0.7716346153846154 0.016826923076923076 0.014423076923076924
3 0.5024038461538461 0.3918269230769231 0.004807692307692308 0.004807692307692308
3 0.49399038461538464 0.5492788461538461 0.007211538461538462 0.002403846153846154
23 0.4951923076923077 0.6033653846153846 0.004807692307692308 0.004807692307692308
3 0.5060096153846154 0.42908653846153844 0.007211538461538462 0.002403846153846154
3 0.5096153846153846 0.3629807692307692 0.009615384615384616 0.004807692307692308
3 0.4951923076923077 0.6610576923076923 0.004807692307692308 0.004807692307692308
23 0.5024038461538461 0.5504807692307693 0.004807692307692308 0.004807692307692308
3 0.5096153846153846 0.4266826923076923 0.009615384615384616 0.002403846153846154
23 0.5 0.6033653846153846 0.004807692307692308 0.004807692307692308
23 0.5048076923076923 0.6033653846153846 0.004807692307692308 0.004807692307692308
23 0.5144230769230769 0.39903846153846156 0.004807692307692308 0.004807692307692308
3 0.5192307692307693 0.3473557692307692 0.004807692307692308 0.007211538461538462
3 0.5168269230769231 0.42788461538461536 0.004807692307692308 0.004807692307692308
23 0.5204326923076923 0.35216346153846156 0.007211538461538462 0.002403846153846154
3 0.5168269230769231 0.4098557692307692 0.009615384615384616 0.007211538461538462
23 0.5168269230769231 0.4795673076923077 0.009615384615384616 0.002403846153846154
3 0.5024038461538461 0.765625 0.004807692307692308 0.002403846153846154
23 0.5216346153846154 0.39903846153846156 0.004807692307692308 0.004807692307692308
23 0.5024038461538461 0.7680288461538461 0.004807692307692308 0.002403846153846154
23 0.5024038461538461 0.7740384615384616 0.004807692307692308 0.004807692307692308
3 0.5216346153846154 0.42908653846153844 0.004807692307692308 0.002403846153846154
3 0.5216346153846154 0.42427884615384615 0.004807692307692308 0.002403846153846154
3 0.5252403846153846 0.4026442307692308 0.007211538461538462 0.002403846153846154
3 0.5276442307692307 0.3641826923076923 0.007211538461538462 0.002403846153846154
23 0.5096153846153846 0.7704326923076923 0.004807692307692308 0.002403846153846154
23 0.5096153846153846 0.7728365384615384 0.004807692307692308 0.002403846153846154
23 0.5096153846153846 0.7752403846153846 0.004807692307692308 0.002403846153846154
23 0.5216346153846154 0.5625 0.004807692307692308 0.004807692307692308
6 0.5336538461538461 0.32572115384615385 0.04326923076923077 0.016826923076923076
3 0.5336538461538461 0.4026442307692308 0.009615384615384616 0.002403846153846154
3 0.5348557692307693 0.3641826923076923 0.007211538461538462 0.002403846153846154
3 0.5264423076923077 0.5793269230769231 0.004807692307692308 0.004807692307692308
23 0.5264423076923077 0.5625 0.004807692307692308 0.004807692307692308
6 0.5132211538461539 0.8016826923076923 0.18028846153846154 0.040865384615384616
3 0.5252403846153846 0.5949519230769231 0.007211538461538462 0.002403846153846154
3 0.5264423076923077 0.5925480769230769 0.004807692307692308 0.002403846153846154
23 0.5264423076923077 0.5877403846153846 0.004807692307692308 0.002403846153846154
23 0.5252403846153846 0.5901442307692307 0.007211538461538462 0.002403846153846154
23 0.515625 0.7680288461538461 0.007211538461538462 0.002403846153846154
23 0.5264423076923077 0.5829326923076923 0.004807692307692308 0.002403846153846154
3 0.5360576923076923 0.39903846153846156 0.004807692307692308 0.004807692307692308
23 0.515625 0.765625 0.007211538461538462 0.002403846153846154
6 0.5204326923076923 0.7439903846153846 0.18509615384615385 0.040865384615384616
6 0.5240384615384616 0.6995192307692307 0.19230769230769232 0.03365384615384615
23 0.5420673076923077 0.3545673076923077 0.007211538461538462 0.002403846153846154
3 0.5456730769230769 0.3485576923076923 0.004807692307692308 0.009615384615384616
23 0.5432692307692307 0.39903846153846156 0.004807692307692308 0.004807692307692308
3 0.5408653846153846 0.4855769230769231 0.004807692307692308 0.004807692307692308
3 0.5360576923076923 0.5733173076923077 0.019230769230769232 0.01201923076923077
23 0.5264423076923077 0.7235576923076923 0.004807692307692308 0.004807692307692308
3 0.5456730769230769 0.40865384615384615 0.009615384615384616 0.009615384615384616
3 0.5432692307692307 0.43509615384615385 0.004807692307692308 0.004807692307692308
23 0.53125 0.7235576923076923 0.004807692307692308 0.004807692307692308
3 0.5384615384615384 0.6009615384615384 0.004807692307692308 0.004807692307692308
23 0.5300480769230769 0.7776442307692307 0.007211538461538462 0.002403846153846154
23 0.5300480769230769 0.7800480769230769 0.007211538461538462 0.002403846153846154
3 0.5492788461538461 0.421875 0.01201923076923077 0.007211538461538462
3 0.5492788461538461 0.4651442307692308 0.007211538461538462 0.002403846153846154
3 0.5480769230769231 0.4723557692307692 0.009615384615384616 0.002403846153846154
3 0.5552884615384616 0.36658653846153844 0.009615384615384616 0.002403846153846154
3 0.5492788461538461 0.45072115384615385 0.007211538461538462 0.002403846153846154
3 0.5492788461538461 0.46033653846153844 0.007211538461538462 0.002403846153846154
3 0.5492788461538461 0.453125 0.007211538461538462 0.002403846153846154
3 0.5480769230769231 0.4675480769230769 0.009615384615384616 0.002403846153846154
3 0.5492788461538461 0.47475961538461536 0.007211538461538462 0.002403846153846154
3 0.5504807692307693 0.44350961538461536 0.009615384615384616 0.002403846153846154
23 0.5360576923076923 0.7259615384615384 0.004807692307692308 0.004807692307692308
23 0.5324519230769231 0.7728365384615384 0.007211538461538462 0.002403846153846154
3 0.5504807692307693 0.4579326923076923 0.009615384615384616 0.002403846153846154
3 0.5516826923076923 0.44591346153846156 0.007211538461538462 0.002403846153846154
3 0.5576923076923077 0.375 0.004807692307692308 0.004807692307692308
3 0.5576923076923077 0.38221153846153844 0.004807692307692308 0.004807692307692308
3 0.5576923076923077 0.3942307692307692 0.004807692307692308 0.004807692307692308
23 0.546875 0.5853365384615384 0.007211538461538462 0.002403846153846154
23 0.5456730769230769 0.5877403846153846 0.004807692307692308 0.002403846153846154
23 0.546875 0.5925480769230769 0.007211538461538462 0.002403846153846154
23 0.546875 0.5829326923076923 0.007211538461538462 0.002403846153846154
3 0.5540865384615384 0.4891826923076923 0.016826923076923076 0.01201923076923077
3 0.5552884615384616 0.43028846153846156 0.009615384615384616 0.009615384615384616
23 0.5432692307692307 0.7223557692307693 0.004807692307692308 0.002403846153846154
29 0.5408653846153846 0.7788461538461539 0.004807692307692308 0.004807692307692308
3 0.5612980769230769 0.4387019230769231 0.007211538461538462 0.002403846153846154
23 0.546875 0.7175480769230769 0.007211538461538462 0.002403846153846154
23 0.5456730769230769 0.7271634615384616 0.004807692307692308 0.002403846153846154
3 0.5552884615384616 0.6009615384615384 0.019230769230769232 0.014423076923076924
23 0.5612980769230769 0.44591346153846156 0.007211538461538462 0.002403846153846154
23 0.5625 0.4483173076923077 0.004807692307692308 0.002403846153846154
23 0.5612980769230769 0.4651442307692308 0.007211538461538462 0.002403846153846154
23 0.5612980769230769 0.4699519230769231 0.007211538461538462 0.002403846153846154
23 0.5600961538461539 0.5336538461538461 0.004807692307692308 0.004807692307692308
3 0.5685096153846154 0.40024038461538464 0.01201923076923077 0.007211538461538462
3 0.5685096153846154 0.47716346153846156 0.007211538461538462 0.002403846153846154
3 0.5685096153846154 0.44591346153846156 0.007211538461538462 0.002403846153846154
3 0.5769230769230769 0.36778846153846156 0.019230769230769232 0.009615384615384616
3 0.5757211538461539 0.3870192307692308 0.016826923076923076 0.009615384615384616
3 0.5721153846153846 0.453125 0.014423076923076924 0.007211538461538462
3 0.5721153846153846 0.4699519230769231 0.014423076923076924 0.007211538461538462
29 0.5588942307692307 0.7199519230769231 0.007211538461538462 0.002403846153846154
23 0.5600961538461539 0.78125 0.004807692307692308 0.004807692307692308
3 0.5769230769230769 0.43149038461538464 0.019230769230769232 0.01201923076923077
3 0.5769230769230769 0.46274038461538464 0.009615384615384616 0.002403846153846154
3 0.5841346153846154 0.33413461538461536 0.004807692307692308 0.009615384615384616
23 0.5625 0.78125 0.004807692307692308 0.004807692307692308
3 0.5625 0.8329326923076923 0.004807692307692308 0.002403846153846154
3 0.5600961538461539 0.8449519230769231 0.02403846153846154 0.016826923076923076
3 0.5853365384615384 0.4026442307692308 0.007211538461538462 0.002403846153846154
29 0.5625 0.8269230769230769 0.009615384615384616 0.004807692307692308
23 0.5697115384615384 0.7223557692307693 0.004807692307692308 0.002403846153846154
23 0.5685096153846154 0.7247596153846154 0.007211538461538462 0.002403846153846154
23 0.5685096153846154 0.7271634615384616 0.007211538461538462 0.002403846153846154
23 0.5673076923076923 0.78125 0.004807692307692308 0.004807692307692308
23 0.5793269230769231 0.5745192307692307 0.004807692307692308 0.004807692307692308
3 0.5865384615384616 0.484375 0.019230769230769232 0.01201923076923077
23 0.5841346153846154 0.5444711538461539 0.004807692307692308 0.002403846153846154
23 0.5841346153846154 0.5649038461538461 0.004807692307692308 0.004807692307692308
3 0.5733173076923077 0.7800480769230769 0.007211538461538462 0.002403846153846154
23 0.5913461538461539 0.44471153846153844 0.004807692307692308 0.004807692307692308
23 0.5877403846153846 0.5228365384615384 0.007211538461538462 0.002403846153846154
23 0.5913461538461539 0.47115384615384615 0.004807692307692308 0.004807692307692308
23 0.5877403846153846 0.5180288461538461 0.007211538461538462 0.002403846153846154
3 0.5913461538461539 0.4675480769230769 0.009615384615384616 0.002403846153846154
3 0.59375 0.4483173076923077 0.009615384615384616 0.002403846153846154
23 0.5793269230769231 0.7764423076923077 0.004807692307692308 0.004807692307692308
3 0.6009615384615384 0.38341346153846156 0.02403846153846154 0.016826923076923076
6 0.5961538461538461 0.5757211538461539 0.014423076923076924 0.021634615384615384
6 0.5997596153846154 0.5396634615384616 0.01201923076923077 0.021634615384615384
23 0.6201923076923077 0.7307692307692307 0.004807692307692308 0.004807692307692308
29 0.6225961538461539 0.7788461538461539 0.004807692307692308 0.004807692307692308
29 0.6225961538461539 0.7716346153846154 0.004807692307692308 0.004807692307692308
23 0.6262019230769231 0.7391826923076923 0.007211538461538462 0.002403846153846154
3 0.6237980769230769 0.7980769230769231 0.021634615384615384 0.014423076923076924
23 0.6298076923076923 0.7668269230769231 0.004807692307692308 0.004807692307692308
3 0.6298076923076923 0.7355769230769231 0.004807692307692308 0.004807692307692308
23 0.6286057692307693 0.7824519230769231 0.007211538461538462 0.002403846153846154
3 0.6286057692307693 0.7608173076923077 0.007211538461538462 0.002403846153846154
23 0.6310096153846154 0.7560096153846154 0.007211538461538462 0.002403846153846154
3 0.6298076923076923 0.7896634615384616 0.004807692307692308 0.002403846153846154
23 0.6322115384615384 0.7247596153846154 0.004807692307692308 0.002403846153846154
3 0.6310096153846154 0.8569711538461539 0.007211538461538462 0.002403846153846154
29 0.6358173076923077 0.7776442307692307 0.007211538461538462 0.002403846153846154
23 0.6358173076923077 0.7704326923076923 0.007211538461538462 0.002403846153846154
23 0.6370192307692307 0.7728365384615384 0.004807692307692308 0.002403846153846154
3 0.6382211538461539 0.7391826923076923 0.007211538461538462 0.002403846153846154
23 0.6394230769230769 0.7439903846153846 0.004807692307692308 0.002403846153846154
23 0.6370192307692307 0.7608173076923077 0.004807692307692308 0.002403846153846154
3 0.6322115384615384 0.8653846153846154 0.004807692307692308 0.004807692307692308
3 0.6382211538461539 0.7536057692307693 0.007211538461538462 0.002403846153846154
3 0.6382211538461539 0.7896634615384616 0.007211538461538462 0.002403846153846154
3 0.6394230769230769 0.7644230769230769 0.004807692307692308 0.004807692307692308
23 0.6394230769230769 0.7572115384615384 0.004807692307692308 0.004807692307692308
23 0.6394230769230769 0.7836538461538461 0.004807692307692308 0.004807692307692308
3 0.6442307692307693 0.7836538461538461 0.004807692307692308 0.004807692307692308
23 0.6466346153846154 0.7379807692307693 0.004807692307692308 0.004807692307692308
3 0.6466346153846154 0.7920673076923077 0.004807692307692308 0.002403846153846154
23 0.6478365384615384 0.7728365384615384 0.007211538461538462 0.002403846153846154
23 0.6490384615384616 0.7872596153846154 0.004807692307692308 0.002403846153846154
29 0.6502403846153846 0.7680288461538461 0.007211538461538462 0.002403846153846154
29 0.6490384615384616 0.7572115384615384 0.004807692307692308 0.004807692307692308
23 0.6514423076923077 0.7379807692307693 0.004807692307692308 0.004807692307692308
23 0.6490384615384616 0.78125 0.004807692307692308 0.004807692307692308
3 0.6514423076923077 0.75 0.004807692307692308 0.004807692307692308
3 0.6538461538461539 0.7992788461538461 0.02403846153846154 0.016826923076923076
6 0.6598557692307693 0.6826923076923077 0.026442307692307692 0.052884615384615384
3 0.65625 0.7283653846153846 0.019230769230769232 0.014423076923076924
29 0.6574519230769231 0.7403846153846154 0.007211538461538462 0.004807692307692308
23 0.65625 0.7872596153846154 0.004807692307692308 0.002403846153846154
3 0.65625 0.7584134615384616 0.004807692307692308 0.002403846153846154
23 0.6574519230769231 0.7632211538461539 0.007211538461538462 0.002403846153846154
23 0.6586538461538461 0.7560096153846154 0.004807692307692308 0.002403846153846154
23 0.6574519230769231 0.7704326923076923 0.007211538461538462 0.002403846153846154
3 0.65625 0.7920673076923077 0.004807692307692308 0.002403846153846154
23 0.6586538461538461 0.7487980769230769 0.004807692307692308 0.002403846153846154
3 0.6574519230769231 0.7680288461538461 0.007211538461538462 0.002403846153846154
23 0.6586538461538461 0.765625 0.004807692307692308 0.002403846153846154
29 0.6586538461538461 0.7764423076923077 0.004807692307692308 0.004807692307692308
29 0.6586538461538461 0.7836538461538461 0.004807692307692308 0.004807692307692308
23 0.6646634615384616 0.7451923076923077 0.002403846153846154 0.004807692307692308
6 0.6598557692307693 0.8581730769230769 0.016826923076923076 0.02403846153846154