23 0.34615384615384615 0.5685096153846154 0.004807692307692308 0.002403846153846154
23 0.34615384615384615 0.5637019230769231 0.004807692307692308 0.002403846153846154
23 0.34615384615384615 0.5540865384615384 0.004807692307692308 0.002403846153846154
3 0.34975961538461536 0.5757211538461539 0.007211538461538462 0.002403846153846154
23 0.3545673076923077 0.5144230769230769 0.002403846153846154 0.004807692307692308
23 0.35336538461538464 0.5612980769230769 0.004807692307692308 0.002403846153846154
23 0.35336538461538464 0.5540865384615384 0.004807692307692308 0.002403846153846154
23 0.35697115384615385 0.5144230769230769 0.002403846153846154 0.004807692307692308
14 0.3557692307692308 0.5757211538461539 0.004807692307692308 0.002403846153846154
23 0.3641826923076923 0.4795673076923077 0.002403846153846154 0.002403846153846154
23 0.36177884615384615 0.5168269230769231 0.002403846153846154 0.004807692307692308
7 0.3629807692307692 0.5661057692307693 0.004807692307692308 0.002403846153846154
7 0.3641826923076923 0.578125 0.007211538461538462 0.002403846153846154
23 0.3701923076923077 0.4795673076923077 0.004807692307692308 0.002403846153846154
7 0.39302884615384615 0.5540865384615384 0.002403846153846154 0.002403846153846154
14 0.39663461538461536 0.4699519230769231 0.028846153846153848 0.016826923076923076
7 0.3954326923076923 0.5564903846153846 0.002403846153846154 0.002403846153846154
7 0.39783653846153844 0.5564903846153846 0.002403846153846154 0.002403846153846154
7 0.4026442307692308 0.5564903846153846 0.002403846153846154 0.002403846153846154
3 0.39663461538461536 0.6790865384615384 0.004807692307692308 0.002403846153846154
14 0.40625 0.5709134615384616 0.057692307692307696 0.026442307692307692
7 0.4050480769230769 0.5564903846153846 0.002403846153846154 0.002403846153846154
7 0.4098557692307692 0.5588942307692307 0.002403846153846154 0.002403846153846154
7 0.41466346153846156 0.5564903846153846 0.002403846153846154 0.002403846153846154
3 0.4206730769230769 0.4807692307692308 0.019230769230769232 0.004807692307692308
3 0.4182692307692308 0.515625 0.004807692307692308 0.002403846153846154
3 0.4230769230769231 0.4675480769230769 0.014423076923076924 0.01201923076923077
3 0.4206730769230769 0.5108173076923077 0.004807692307692308 0.002403846153846154
3 0.421875 0.5384615384615384 0.002403846153846154 0.004807692307692308
7 0.43028846153846156 0.5132211538461539 0.009615384615384616 0.002403846153846154
3 0.43028846153846156 0.5108173076923077 0.009615384615384616 0.002403846153846154
23 0.43509615384615385 0.5252403846153846 0.004807692307692308 0.002403846153846154
3 0.43990384615384615 0.46274038461538464 0.004807692307692308 0.002403846153846154
3 0.43990384615384615 0.4651442307692308 0.004807692307692308 0.002403846153846154
3 0.4387019230769231 0.5132211538461539 0.002403846153846154 0.002403846153846154
3 0.43990384615384615 0.4987980769230769 0.009615384615384616 0.007211538461538462
23 0.4375 0.5420673076923077 0.004807692307692308 0.002403846153846154
23 0.4387019230769231 0.5685096153846154 0.002403846153846154 0.002403846153846154
3 0.43990384615384615 0.5733173076923077 0.004807692307692308 0.002403846153846154
3 0.4423076923076923 0.5192307692307693 0.004807692307692308 0.004807692307692308
14 0.46033653846153844 0.5805288461538461 0.021634615384615384 0.01201923076923077
6 0.4807692307692308 0.46875 0.038461538461538464 0.014423076923076924
23 0.48197115384615385 0.4963942307692308 0.002403846153846154 0.002403846153846154
23 0.48197115384615385 0.4891826923076923 0.002403846153846154 0.002403846153846154
23 0.484375 0.4963942307692308 0.002403846153846154 0.002403846153846154
14 0.48677884615384615 0.5264423076923077 0.06009615384615385 0.04807692307692308
3 0.484375 0.5793269230769231 0.002403846153846154 0.004807692307692308
3 0.49038461538461536 0.4951923076923077 0.004807692307692308 0.004807692307692308
3 0.4879807692307692 0.5793269230769231 0.004807692307692308 0.004807692307692308
23 0.5036057692307693 0.4879807692307692 0.002403846153846154 0.004807692307692308
3 0.5048076923076923 0.4735576923076923 0.004807692307692308 0.004807692307692308
14 0.5012019230769231 0.5793269230769231 0.016826923076923076 0.014423076923076924
14 0.4987980769230769 0.7043269230769231 0.01201923076923077 0.009615384615384616
15 0.5072115384615384 0.6610576923076923 0.014423076923076924 0.009615384615384616
3 0.5144230769230769 0.4963942307692308 0.009615384615384616 0.007211538461538462
3 0.5036057692307693 0.7127403846153846 0.002403846153846154 0.002403846153846154
23 0.5180288461538461 0.4855769230769231 0.002403846153846154 0.004807692307692308
3 0.5084134615384616 0.7151442307692307 0.002403846153846154 0.002403846153846154
3 0.5216346153846154 0.4855769230769231 0.004807692307692308 0.004807692307692308
23 0.5252403846153846 0.4855769230769231 0.002403846153846154 0.004807692307692308
6 0.5264423076923077 0.47475961538461536 0.03365384615384615 0.01201923076923077
23 0.5192307692307693 0.6262019230769231 0.004807692307692308 0.002403846153846154
23 0.5192307692307693 0.6237980769230769 0.004807692307692308 0.002403846153846154
3 0.5288461538461539 0.4855769230769231 0.004807692307692308 0.004807692307692308
3 0.5228365384615384 0.609375 0.002403846153846154 0.002403846153846154
23 0.5324519230769231 0.48677884615384615 0.002403846153846154 0.002403846153846154
15 0.5204326923076923 0.7007211538461539 0.040865384615384616 0.026442307692307692
3 0.5276442307692307 0.5973557692307693 0.002403846153846154 0.002403846153846154
23 0.5300480769230769 0.5480769230769231 0.002403846153846154 0.004807692307692308
23 0.5300480769230769 0.5432692307692307 0.002403846153846154 0.004807692307692308
23 0.5324519230769231 0.5300480769230769 0.002403846153846154 0.002403846153846154
3 0.53125 0.5757211538461539 0.014423076923076924 0.01201923076923077
23 0.5372596153846154 0.5288461538461539 0.002403846153846154 0.004807692307692308
3 0.5384615384615384 0.5096153846153846 0.004807692307692308 0.004807692307692308
23 0.5396634615384616 0.5240384615384616 0.002403846153846154 0.004807692307692308
3 0.5384615384615384 0.5192307692307693 0.004807692307692308 0.004807692307692308
23 0.5408653846153846 0.5372596153846154 0.004807692307692308 0.002403846153846154
3 0.5420673076923077 0.5769230769230769 0.002403846153846154 0.004807692307692308
23 0.5456730769230769 0.5324519230769231 0.004807692307692308 0.002403846153846154
14 0.5480769230769231 0.49038461538461536 0.014423076923076924 0.009615384615384616
3 0.5504807692307693 0.5372596153846154 0.004807692307692308 0.002403846153846154
3 0.5564903846153846 0.5120192307692307 0.016826923076923076 0.009615384615384616
3 0.5528846153846154 0.5757211538461539 0.004807692307692308 0.002403846153846154
3 0.5528846153846154 0.5865384615384616 0.019230769230769232 0.009615384615384616
3 0.5576923076923077 0.5697115384615384 0.014423076923076924 0.009615384615384616
3 0.5612980769230769 0.5949519230769231 0.002403846153846154 0.002403846153846154