3 0.4326923076923077 0.6201923076923077 0.004807692307692308 0.004807692307692308
23 0.4326923076923077 0.6274038461538461 0.004807692307692308 0.004807692307692308
3 0.4543269230769231 0.8004807692307693 0.009615384615384616 0.004807692307692308
7 0.38461538461538464 0.2127403846153846 0.004807692307692308 0.002403846153846154
3 0.38461538461538464 0.21394230769230768 0.009615384615384616 0.004807692307692308
3 0.36538461538461536 0.057692307692307696 0.009615384615384616 0.004807692307692308
3 0.3762019230769231 0.14783653846153846 0.01201923076923077 0.007211538461538462
3 0.39663461538461536 0.3004807692307692 0.009615384615384616 0.004807692307692308
3 0.40625 0.37740384615384615 0.009615384615384616 0.004807692307692308
23 0.4375 0.6394230769230769 0.004807692307692308 0.004807692307692308
23 0.45913461538461536 0.8064903846153846 0.004807692307692308 0.007211538461538462
3 0.4206730769230769 0.4855769230769231 0.009615384615384616 0.004807692307692308
7 0.36778846153846156 0.052884615384615384 0.004807692307692308 0.004807692307692308
7 0.37740384615384615 0.14182692307692307 0.004807692307692308 0.004807692307692308
7 0.44471153846153844 0.6682692307692307 0.004807692307692308 0.004807692307692308
7 0.39903846153846156 0.2956730769230769 0.004807692307692308 0.004807692307692308
3 0.4423076923076923 0.6550480769230769 0.004807692307692308 0.007211538461538462
3 0.37259615384615385 0.09375 0.009615384615384616 0.004807692307692308
7 0.40865384615384615 0.375 0.004807692307692308 0.004807692307692308
3 0.4495192307692308 0.7115384615384616 0.009615384615384616 0.004807692307692308
3 0.43028846153846156 0.5504807692307693 0.004807692307692308 0.004807692307692308
7 0.4206730769230769 0.4807692307692308 0.004807692307692308 0.004807692307692308
23 0.43990384615384615 0.6298076923076923 0.004807692307692308 0.004807692307692308
3 0.3858173076923077 0.19230769230769232 0.021634615384615384 0.019230769230769232
7 0.46033653846153844 0.7932692307692307 0.002403846153846154 0.004807692307692308
3 0.4483173076923077 0.6862980769230769 0.021634615384615384 0.016826923076923076
3 0.44471153846153844 0.6634615384615384 0.009615384615384616 0.004807692307692308
3 0.41225961538461536 0.3918269230769231 0.021634615384615384 0.019230769230769232
23 0.44471153846153844 0.6610576923076923 0.009615384615384616 0.004807692307692308
3 0.4543269230769231 0.7331730769230769 0.009615384615384616 0.004807692307692308
3 0.38221153846153844 0.13701923076923078 0.009615384615384616 0.004807692307692308
3 0.4423076923076923 0.625 0.009615384615384616 0.004807692307692308
23 0.46634615384615385 0.8100961538461539 0.004807692307692308 0.004807692307692308
3 0.4639423076923077 0.7884615384615384 0.009615384615384616 0.004807692307692308
23 0.44711538461538464 0.6394230769230769 0.009615384615384616 0.004807692307692308
23 0.45913461538461536 0.7379807692307693 0.004807692307692308 0.004807692307692308
3 0.44711538461538464 0.6346153846153846 0.009615384615384616 0.004807692307692308
7 0.4375 0.5516826923076923 0.004807692307692308 0.002403846153846154
3 0.4230769230769231 0.43028846153846156 0.009615384615384616 0.004807692307692308
23 0.38100961538461536 0.09495192307692307 0.007211538461538462 0.007211538461538462
7 0.45552884615384615 0.7055288461538461 0.007211538461538462 0.002403846153846154
3 0.47115384615384615 0.8088942307692307 0.004807692307692308 0.007211538461538462
23 0.3954326923076923 0.171875 0.007211538461538462 0.007211538461538462
23 0.41346153846153844 0.3269230769230769 0.004807692307692308 0.004807692307692308
23 0.4254807692307692 0.4050480769230769 0.004807692307692308 0.007211538461538462
23 0.4375 0.5120192307692307 0.004807692307692308 0.004807692307692308
23 0.40625 0.24879807692307693 0.004807692307692308 0.007211538461538462
23 0.44711538461538464 0.5889423076923077 0.004807692307692308 0.004807692307692308
23 0.4639423076923077 0.6790865384615384 0.004807692307692308 0.007211538461538462
3 0.4014423076923077 0.171875 0.004807692307692308 0.007211538461538462
3 0.4206730769230769 0.3269230769230769 0.004807692307692308 0.004807692307692308
3 0.4110576923076923 0.24879807692307693 0.004807692307692308 0.007211538461538462
3 0.43028846153846156 0.40384615384615385 0.004807692307692308 0.004807692307692308
3 0.4543269230769231 0.5865384615384616 0.004807692307692308 0.004807692307692308
3 0.44471153846153844 0.5120192307692307 0.004807692307692308 0.004807692307692308
3 0.4639423076923077 0.6730769230769231 0.009615384615384616 0.004807692307692308
3 0.4014423076923077 0.08653846153846154 0.009615384615384616 0.004807692307692308
3 0.4699519230769231 0.6069711538461539 0.01201923076923077 0.007211538461538462
23 0.4519230769230769 0.43149038461538464 0.019230769230769232 0.007211538461538462
7 0.4495192307692308 0.42427884615384615 0.019230769230769232 0.007211538461538462
3 0.453125 0.4098557692307692 0.01201923076923077 0.007211538461538462
3 0.4326923076923077 0.24759615384615385 0.014423076923076924 0.009615384615384616
14 0.41346153846153844 0.05048076923076923 0.04326923076923077 0.03365384615384615
14 0.48677884615384615 0.640625 0.04567307692307692 0.03125
14 0.44350961538461536 0.2932692307692308 0.04567307692307692 0.03365384615384615
14 0.4326923076923077 0.20673076923076922 0.04326923076923077 0.03365384615384615
14 0.47596153846153844 0.5576923076923077 0.04807692307692308 0.03365384615384615
14 0.46875 0.47836538461538464 0.052884615384615384 0.03365384615384615
14 0.4254807692307692 0.13701923076923078 0.04807692307692308 0.038461538461538464
14 0.4963942307692308 0.7115384615384616 0.05048076923076923 0.028846153846153848
14 0.5072115384615384 0.7956730769230769 0.04807692307692308 0.03365384615384615
23 0.4206730769230769 0.09014423076923077 0.014423076923076924 0.016826923076923076
23 0.4423076923076923 0.2548076923076923 0.02403846153846154 0.009615384615384616
14 0.4567307692307692 0.375 0.052884615384615384 0.038461538461538464
7 0.44350961538461536 0.26322115384615385 0.021634615384615384 0.007211538461538462
23 0.5084134615384616 0.7644230769230769 0.021634615384615384 0.009615384615384616
7 0.5072115384615384 0.7560096153846154 0.019230769230769232 0.007211538461538462
23 0.4879807692307692 0.6033653846153846 0.019230769230769232 0.009615384615384616
7 0.4879807692307692 0.5973557692307693 0.019230769230769232 0.007211538461538462
3 0.5048076923076923 0.7487980769230769 0.014423076923076924 0.007211538461538462
7 0.4326923076923077 0.08653846153846154 0.009615384615384616 0.014423076923076924
19 0.5060096153846154 0.36538461538461536 0.06490384615384616 0.10576923076923077
19 0.49399038461538464 0.26322115384615385 0.06009615384615385 0.10336538461538461
19 0.5444711538461539 0.6730769230769231 0.055288461538461536 0.10576923076923077
19 0.5600961538461539 0.7716346153846154 0.0625 0.10096153846153846
19 0.48677884615384615 0.16346153846153846 0.05048076923076923 0.10576923076923077
19 0.4723557692307692 0.0625 0.055288461538461536 0.10576923076923077
19 0.5372596153846154 0.5721153846153846 0.055288461538461536 0.10096153846153846
19 0.5276442307692307 0.47475961538461536 0.06490384615384616 0.10336538461538461