22 0.387734375 0.3113506097560976 0.005582386363636364 0.0031890243902439027
22 0.3822808441558442 0.31153353658536587 0.005227272727272728 0.004774390243902439
6 0.4505935470779221 0.3118856707317073 0.07448254870129871 0.04389329268292683
22 0.6261678165584416 0.3123003048780488 0.006394074675324676 0.00386890243902439
7 0.6147869318181818 0.3126478658536585 0.007577110389610391 0.0051737804878048774
22 0.6521682224025974 0.31269512195121957 0.002388392857142857 0.006487804878048781
22 0.6489366883116883 0.3127454268292683 0.002824675324675325 0.008417682926829269
29 0.6377039366883117 0.3143003048780488 0.005521509740259741 0.010307926829268293
22 0.6425517451298701 0.3148231707317073 0.0022301136363636364 0.007695121951219512
7 0.6265898944805195 0.3176768292682927 0.006020698051948052 0.004865853658536585
22 0.6322767857142857 0.318922256097561 0.0023782467532467533 0.00735670731707317
2 0.6592116477272727 0.32060365853658535 0.01119926948051948 0.03389024390243903
29 0.7800192775974026 0.3208231707317073 0.006061282467532468 0.009939024390243903
7 0.6375020292207793 0.3225106707317073 0.006741071428571429 0.004777439024390244
2 0.6751663961038961 0.32281859756097564 0.013076298701298701 0.03588109756097561
22 0.6422514204545454 0.322842987804878 0.0016294642857142855 0.006051829268292683
6 0.7235054788961038 0.32558231707317076 0.08418628246753247 0.009091463414634146
2 0.36932224025974025 0.325640243902439 0.002443181818181818 0.008597560975609755
2 0.37246448863636367 0.32571493902439025 0.001828327922077922 0.00813719512195122
7 0.6145708198051948 0.32750457317073167 0.008362418831168832 0.00561890243902439
2 0.4969876217532468 0.3285030487804878 0.017514204545454545 0.016152439024390244
22 0.6201653814935065 0.32883689024390245 0.0025060876623376623 0.007673780487804879
29 0.6378013392857143 0.33046646341463415 0.006122159090909091 0.009103658536585365
22 0.6281990665584415 0.3318460365853658 0.003557224025974026 0.008204268292682927
22 0.6324421672077922 0.3320609756097561 0.0027090097402597403 0.006804878048780488
22 0.624296875 0.3325167682926829 0.003869724025974026 0.008326219512195122
22 0.539521103896104 0.3367469512195122 0.005584415584415584 0.004591463414634146
22 0.7527739448051948 0.33682469512195123 0.004736201298701299 0.0029176829268292683
22 0.5569693587662338 0.3378993902439024 0.0023315746753246754 0.006896341463414634
22 0.5543445616883117 0.33835975609756097 0.0023579545454545455 0.007207317073170732
22 0.5632589285714286 0.33851981707317075 0.00476461038961039 0.00386890243902439
22 0.7241670048701299 0.3384710365853658 0.004746347402597403 0.004381097560975609
29 0.5496245941558442 0.33890396341463414 0.005905032467532468 0.00890548780487805
22 0.6422514204545454 0.3395289634146341 0.0016294642857142855 0.006496951219512195
22 0.7531635551948053 0.341047256097561 0.005109577922077922 0.004045731707317073
22 0.5446722808441559 0.34152286585365854 0.0028997564935064933 0.007435975609756098
2 0.7716781655844156 0.34180182926829267 0.02387581168831169 0.022018292682926828
29 0.6376288555194806 0.34322865853658535 0.006183035714285714 0.009018292682926829
22 0.5418303571428571 0.34333231707317075 0.0020860389610389608 0.007396341463414635
22 0.6326166801948052 0.343592987804878 0.0018405032467532468 0.007307926829268292
14 0.7386728896103896 0.343484756097561 0.014277597402597403 0.011969512195121951
22 0.630151176948052 0.3441661585365854 0.0017796266233766232 0.006625
7 0.5383066152597403 0.34447408536585367 0.002749594155844156 0.010899390243902438
22 0.460440340909091 0.34493902439024393 0.004890422077922078 0.0039024390243902443
29 0.4779028003246753 0.345359756097561 0.00653612012987013 0.008402439024390243
22 0.6445880681818182 0.345547256097561 0.0050852272727272725 0.004509146341463414
22 0.7160562094155843 0.3456280487804878 0.0031351461038961036 0.0065
2 0.6052019074675324 0.3461676829268293 0.021280438311688313 0.013676829268292683
22 0.4831574675324675 0.3465243902439024 0.002435064935064935 0.007073170731707317
22 0.47182934253246755 0.3469710365853659 0.0025060876623376623 0.00735670731707317
22 0.7544044237012987 0.34699695121951224 0.0023153409090909093 0.006189024390243903
2 0.751911525974026 0.3471737804878049 0.0026055194805194807 0.007152439024390244
22 0.4686160714285715 0.347327743902439 0.002167207792207792 0.008070121951219512
7 0.5045150162337663 0.34783536585365854 0.006594967532467532 0.0035975609756097563
22 0.4873041801948052 0.3479893292682927 0.0038291396103896105 0.0039054878048780488
22 0.49752232142857145 0.3481890243902439 0.006002435064935065 0.00674390243902439
29 0.5641061282467532 0.3481692073170731 0.006053165584415584 0.010362804878048781
2 0.7255012175324675 0.3482545731707317 0.0021387987012987013 0.006875
22 0.7200679788961039 0.3484405487804878 0.0026359577922077924 0.007246951219512195
7 0.555023336038961 0.34890853658536586 0.0033096590909090905 0.01001219512195122
7 0.5585125811688312 0.3490838414634146 0.0025771103896103896 0.010362804878048781
29 0.5495941558441558 0.34940853658536586 0.00625 0.009182926829268292
22 0.6438818993506494 0.3495716463414634 0.004484577922077923 0.002801829268292683
22 0.5449462256493506 0.3499725609756098 0.0018242694805194807 0.006652439024390244
2 0.5815969967532468 0.35002896341463413 0.023583603896103898 0.017131097560975608
29 0.6306645698051948 0.35296646341463417 0.005647321428571429 0.008371951219512196
29 0.6377516233766234 0.35328963414634146 0.005211038961038961 0.01023780487804878
2 0.7865381493506494 0.35363262195121953 0.016258116883116885 0.024948170731707315
2 0.7414864042207793 0.355032012195122 0.006105925324675325 0.004576219512195122
2 0.7354748376623377 0.35520274390243906 0.005446428571428572 0.004917682926829268
22 0.6440574269480519 0.3568810975609756 0.004835633116883117 0.003396341463414634
22 0.5645383522727273 0.3569405487804878 0.0028591720779220777 0.005344512195121952
2 0.39121550324675325 0.35695884146341467 0.0048336038961038965 0.004161585365853659
22 0.5596266233766234 0.3571661585365854 0.0060227272727272725 0.003966463414634146
2 0.7924259334415584 0.35840243902439023 0.007741477272727272 0.01070731707317073
22 0.5552039366883117 0.3588246951219512 0.0028591720779220777 0.006673780487804878
22 0.6386566558441559 0.3597560975609756 0.0033685064935064938 0.003658536585365854
22 0.6437408685064935 0.360077743902439 0.00460836038961039 0.003692073170731707
22 0.7564387175324675 0.3615533536585366 0.002731331168831169 0.00786280487804878
7 0.5591548295454545 0.3640838414634146 0.003455762987012987 0.00865548780487805
2 0.5887540584415585 0.3643704268292683 0.004212662337662338 0.008618902439024391
22 0.7900324675324676 0.3652576219512195 0.0049837662337662335 0.003076219512195122
22 0.7940361201298701 0.36669664634146343 0.0024391233766233767 0.006564024390243903
2 0.5509375 0.36712195121951224 0.008936688311688312 0.014121951219512196
2 0.6089732142857143 0.3671112804878049 0.006501623376623376 0.004954268292682927
29 0.639674310064935 0.3674359756097561 0.005809659090909091 0.009871951219512195
2 0.5673315746753247 0.3675640243902439 0.003169642857142857 0.009518292682926829
2 0.5644308035714285 0.3679237804878049 0.003861607142857143 0.009628048780487805
22 0.6443739853896103 0.367984756097561 0.0018161525974025974 0.006701219512195122
29 0.649307021103896 0.37122256097560974 0.0064062500000000005 0.008908536585365853
22 0.7808796672077922 0.3720289634146342 0.00575284090909091 0.0032042682926829266
6 0.4788788555194805 0.3725807926829268 0.12374797077922078 0.04577134146341463
22 0.777182426948052 0.37614786585365856 0.005257711038961039 0.003515243902439024
22 0.6135095373376623 0.37646341463414634 0.0029931006493506495 0.009634146341463415
22 0.5826237824675324 0.37683841463414636 0.0020982142857142857 0.008554878048780487
22 0.6100953733766235 0.377125 0.002658279220779221 0.00851829268292683
22 0.5749127435064936 0.3773231707317073 0.0025040584415584417 0.008304878048780487
22 0.5692065746753248 0.37744817073170733 0.0032670454545454548 0.007945121951219512
22 0.5658989448051948 0.37775457317073174 0.003956980519480519 0.009167682926829268
22 0.6444886363636364 0.37811128048780485 0.005292207792207792 0.0037835365853658535
2 0.7753429383116883 0.38437957317073174 0.006043019480519481 0.0047347560975609755
29 0.6127069805194806 0.3870838414634146 0.005040584415584416 0.01014329268292683
29 0.5837652191558441 0.3875487804878049 0.004786931818181818 0.009853658536585366
29 0.5765330762987013 0.38790853658536584 0.0053388798701298696 0.010573170731707318
29 0.569659090909091 0.38823018292682926 0.0057954545454545455 0.00938719512195122
22 0.6510450487012986 0.39160213414634143 0.0025771103896103896 0.008204268292682927
22 0.5995809659090909 0.3965853658536585 0.0023275162337662338 0.005975609756097561
22 0.6070160308441559 0.3967484756097561 0.0021814123376623375 0.007521341463414635
22 0.6103338068181818 0.3969984756097561 0.0015117694805194806 0.006192073170731707
22 0.5927901785714286 0.39750152439024394 0.002544642857142857 0.0071981707317073165
22 0.5821682224025975 0.3976631097560976 0.0028104707792207793 0.00813109756097561
22 0.5748285308441559 0.3978231707317073 0.0027414772727272726 0.006621951219512195
22 0.5679068587662338 0.39861432926829266 0.0026968344155844154 0.007594512195121951
2 0.5524249188311688 0.39951524390243903 0.01921672077922078 0.0276890243902439
22 0.5104251217532467 0.40465548780487803 0.0021814123376623375 0.008091463414634147
7 0.516442775974026 0.4051951219512195 0.003664772727272727 0.011
2 0.4476998782467532 0.4052103658536585 0.0021367694805194803 0.007981707317073171
22 0.49742086038961036 0.4058307926829268 0.002958603896103896 0.007393292682926829
22 0.5070819805194805 0.40601067073170727 0.0028003246753246754 0.008972560975609755
22 0.47028104707792207 0.4060594512195122 0.0026562499999999998 0.008460365853658537
7 0.4870038555194805 0.4061585365853659 0.0024168019480519482 0.009268292682926829
22 0.45428977272727267 0.4061326219512195 0.0031412337662337663 0.008606707317073171
22 0.4934446022727273 0.4061326219512195 0.003122970779220779 0.008606707317073171
7 0.47388798701298707 0.4062317073170732 0.0037824675324675326 0.009414634146341463
22 0.47978490259740264 0.4062469512195122 0.002589285714285714 0.007615853658536585
22 0.48318486201298705 0.4062469512195122 0.002489853896103896 0.007615853658536585
22 0.7758056006493507 0.4063079268292683 0.004533279220779221 0.004079268292682927
7 0.5007284902597403 0.4065731707317073 0.0034862012987012985 0.00948780487804878
22 0.45088778409090907 0.4065060975609756 0.0032366071428571426 0.009963414634146342
22 0.4666903409090909 0.4068414634146342 0.0023741883116883116 0.009414634146341463
2 0.39592025162337663 0.41153810975609756 0.0057203733766233765 0.004783536585365854
22 0.6284415584415585 0.41161585365853653 0.004853896103896104 0.0031097560975609753
22 0.5416680194805195 0.4140960365853658 0.002167207792207792 0.008070121951219512
29 0.7785633116883117 0.4140640243902439 0.006396103896103896 0.009835365853658537
2 0.5384801136363636 0.41478658536585367 0.003096590909090909 0.008841463414634146
22 0.5358015422077922 0.415047256097561 0.002609577922077922 0.00814329268292683
15 0.646401176948052 0.4157271341463415 0.014799107142857145 0.02230792682926829
22 0.5444957386363637 0.4167118902439025 0.002546672077922078 0.007814024390243902
22 0.6284993912337662 0.4169786585365854 0.0037520292207792205 0.002859756097560976
2 0.4049786931818182 0.418109756097561 0.001921672077922078 0.007560975609756098
2 0.3942136769480519 0.41954878048780486 0.005553977272727273 0.003731707317073171
22 0.5577962662337662 0.4207042682926829 0.001956168831168831 0.00726219512195122
29 0.5529443993506493 0.4209893292682927 0.005645292207792208 0.010271341463414633
7 0.5478449675324676 0.421234756097561 0.002751623376623377 0.009542682926829268
2 0.614807224025974 0.4235823170731707 0.013705357142857144 0.031920731707317074
29 0.7792583198051948 0.4245640243902439 0.006974431818181818 0.007664634146341463
22 0.5732883522727272 0.4270975609756098 0.006154626623376623 0.0035853658536585367
22 0.7840594561688311 0.42780030487804876 0.001966314935064935 0.008039634146341464
2 0.6267735389610389 0.4285350609756098 0.006387987012987013 0.0046310975609756095
22 0.6329758522727272 0.43104268292682923 0.004993912337662338 0.0029390243902439024
2 0.5762114448051948 0.4319939024390244 0.005913149350649351 0.0036219512195121953
2 0.6266781655844156 0.4338109756097561 0.006197240259740259 0.004207317073170732
22 0.6328683035714285 0.43515091463414635 0.003967126623376623 0.0020091463414634147
2 0.5761992694805195 0.4371600609756098 0.004671266233766234 0.002978658536585366
2 0.781875 0.4386356707317073 0.0028733766233766233 0.008978658536585365
22 0.7758066152597403 0.4389192073170732 0.0025060876623376623 0.008326219512195122
2 0.6271438717532468 0.43902896341463415 0.006316964285714285 0.0048871951219512195
22 0.6332984983766233 0.43945579268292684 0.005233360389610389 0.0026920731707317075
22 0.7787987012987013 0.43995579268292684 0.0024025974025974027 0.009789634146341463
22 0.5762591314935065 0.4406768292682927 0.005602678571428571 0.003914634146341463
2 0.5532112418831169 0.44106249999999997 0.01713676948051948 0.028466463414634147
6 0.4796956168831169 0.44152134146341465 0.12010551948051948 0.0446280487804878
2 0.576461038961039 0.4451615853658537 0.003977272727272728 0.0031280487804878046
14 0.6012175324675325 0.4460518292682927 0.03319805194805195 0.04820121951219512
6 0.38492694805194805 0.4475914634146341 0.010925324675324677 0.04945121951219512
29 0.7786211444805194 0.4487210365853659 0.006105925324675325 0.00963719512195122
22 0.5707680600649351 0.4490792682926829 0.0035491071428571425 0.00974390243902439
22 0.7831726866883116 0.44942530487804877 0.002627840909090909 0.00738719512195122
22 0.5820332792207793 0.44984756097560974 0.002946428571428571 0.00701219512195122
7 0.576057224025974 0.45063414634146337 0.006416396103896104 0.004926829268292683
22 0.5701714691558442 0.45603201219512196 0.004385146103896104 0.0029176829268292683
2 0.5761160714285715 0.4567515243902439 0.005316558441558442 0.00435670731707317
22 0.7808837256493507 0.4573765243902439 0.006166801948051948 0.00438719512195122
22 0.7761444805194806 0.45841615853658535 0.002775974025974026 0.008295731707317074
2 0.6284303977272727 0.45867835365853654 0.0036140422077922075 0.009429878048780488
2 0.6326420454545454 0.45908993902439027 0.0039204545454545455 0.009033536585365853
2 0.6243364448051948 0.4596280487804878 0.0031371753246753247 0.008890243902439024
7 0.5529474431818182 0.46181554878048786 0.008086444805194805 0.0035091463414634147
22 0.5699340503246754 0.46231097560975615 0.005533685064935065 0.0032804878048780487
2 0.5766294642857143 0.46247408536585366 0.0059375 0.004216463414634147
22 0.5453267045454545 0.46323018292682927 0.002179383116883117 0.006338414634146341
22 0.5476998782467533 0.46376219512195127 0.0024614448051948055 0.007402439024390244
22 0.569981737012987 0.46701676829268296 0.005629058441558441 0.004155487804878049
7 0.5768536931818182 0.46787042682926827 0.00557426948051948 0.004033536585365854
7 0.7771895292207792 0.4676829268292683 0.0028368506493506493 0.010365853658536586
22 0.6327262581168831 0.4679573170731708 0.0024655032467532467 0.00725609756097561
22 0.6243607954545455 0.46822560975609756 0.003591720779220779 0.006573170731707317
22 0.6291578733766233 0.46858536585365856 0.002228084415584416 0.007902439024390244
29 0.5552414772727273 0.4692240853658537 0.006181006493506494 0.009789634146341463
2 0.544747362012987 0.4709969512195122 0.005890827922077922 0.004798780487804878
22 0.5385663555194805 0.4714314024390244 0.004892451298701299 0.005057926829268293
2 0.5765340909090909 0.4732911585365854 0.005746753246753247 0.004509146341463414
22 0.5707092126623377 0.4747439024390244 0.005460633116883117 0.00375609756097561
22 0.7767573051948052 0.47810518292682924 0.0031899350649350652 0.00864939024390244
7 0.5768790584415585 0.48007012195121956 0.006030844155844156 0.004042682926829268
22 0.5701856737012987 0.48143597560975604 0.006442775974025974 0.004335365853658537
2 0.5998904220779221 0.4819390243902439 0.006599025974025975 0.005951219512195122
2 0.5873407061688312 0.48221189024390243 0.0030093344155844156 0.009545731707317073
2 0.583083400974026 0.48305640243902437 0.0026116071428571425 0.010015243902439025
2 0.5941101866883117 0.4837378048780488 0.003561282467532468 0.009548780487804878
2 0.6184638798701299 0.48490243902439023 0.003161525974025974 0.008219512195121952
2 0.6146621347402597 0.4854054878048781 0.0024573863636363634 0.009835365853658537
2 0.5740533685064935 0.48671189024390243 0.007278814935064935 0.005740853658536585
22 0.5832924107142857 0.4924542682926829 0.003435470779220779 0.00625
22 0.5871672077922078 0.49257926829268295 0.002662337662337662 0.005890243902439024
22 0.6159314123376624 0.4941935975609756 0.002560876623376623 0.006070121951219512
22 0.6186485389610389 0.4943932926829268 0.002313311688311688 0.006469512195121951
2 0.6006594967532468 0.5006692073170732 0.019906655844155845 0.028777439024390245
2 0.5535663555194805 0.5116875 0.01906452922077922 0.025814024390243905
6 0.47994216720779215 0.5129710365853659 0.12222199675324674 0.045454268292682926
22 0.5609232954545454 0.5271189024390244 0.002528409090909091 0.009725609756097561
2 0.7838392857142857 0.5274435975609756 0.014918831168831168 0.020740853658536586
2 0.7732954545454546 0.5305015243902439 0.014529220779220779 0.012222560975609757
2 0.7979606331168831 0.5308704268292683 0.005418019480519481 0.017228658536585364
22 0.547854099025974 0.5311920731707317 0.0027698863636363637 0.009335365853658536
22 0.5453662743506493 0.5314771341463415 0.0026643668831168835 0.009295731707317073
29 0.5559334415584415 0.5317911585365854 0.00512987012987013 0.009923780487804876
7 0.5511150568181818 0.5322957317073171 0.0027982954545454543 0.009103658536585365
2 0.5785409902597403 0.5401768292682927 0.010166396103896105 0.0145
2 0.5460643262987013 0.5404039634146341 0.00690137987012987 0.005198170731707317
22 0.4754880275974026 0.541641768292683 0.006170860389610389 0.005234756097560976
22 0.5148731737012987 0.5430487804878049 0.0029606331168831167 0.008048780487804878
22 0.5015239448051948 0.5434603658536585 0.0022362012987012987 0.008871951219512196
22 0.5183522727272727 0.5434131097560976 0.0030194805194805195 0.008167682926829269
22 0.486387987012987 0.5434405487804878 0.00362012987012987 0.008832317073170731
22 0.5051034902597403 0.5442774390243903 0.0024959415584415584 0.008676829268292684
2 0.3921114042207792 0.5443490853658536 0.0029728084415584417 0.01186890243902439
22 0.4978480113636364 0.5443353658536586 0.0034070616883116883 0.008792682926829267
22 0.44785409902597406 0.5447454268292683 0.003256899350649351 0.00961280487804878
22 0.44383319805194804 0.5447271341463414 0.003737824675324676 0.009576219512195122
7 0.7738504464285714 0.5458628048780488 0.009957386363636364 0.00575
22 0.47538352272727274 0.546717987804878 0.005961850649350649 0.004411585365853659
7 0.5139539366883117 0.5515182926829268 0.005586444805194805 0.0054756097560975615
7 0.5212753652597402 0.5515960365853658 0.0060247564935064935 0.0056310975609756096
7 0.4591791801948052 0.5516753048780487 0.006020698051948052 0.005789634146341463
7 0.4857315340909091 0.5518353658536586 0.005959821428571429 0.004890243902439024
15 0.789788961038961 0.5520762195121951 0.010178571428571427 0.012689024390243902
2 0.7722037337662337 0.5525884146341463 0.005446428571428572 0.0057865853658536585
2 0.3927100243506494 0.5538445121951219 0.002952516233766234 0.008298780487804878
22 0.4532528409090909 0.5539451219512195 0.003908279220779221 0.009109756097560975
22 0.5006321022727273 0.5539451219512195 0.002887581168831169 0.009109756097560975
7 0.7799776785714285 0.5540655487804879 0.006789772727272728 0.008740853658536586
22 0.44956879058441557 0.5547667682926829 0.0030336850649350646 0.007704268292682927
22 0.4802232142857143 0.5548887195121951 0.003060064935064935 0.009777439024390244
22 0.4760643262987013 0.5550442073170732 0.002453327922077922 0.010088414634146342
22 0.5060876623376623 0.5558780487804877 0.005275974025974026 0.005048780487804877
22 0.5685450487012987 0.5591737804878049 0.003161525974025974 0.007981707317073171
22 0.5720403814935064 0.5598856707317073 0.0016294642857142855 0.0069664634146341465
22 0.5647311282467532 0.5610731707317073 0.0024330357142857144 0.00751219512195122
22 0.5612114448051948 0.5611524390243903 0.0031047077922077924 0.007670731707317073
22 0.595463676948052 0.5619344512195122 0.0022098214285714286 0.009234756097560975
22 0.5913798701298701 0.5621966463414635 0.002159090909090909 0.007320121951219513
22 0.5880428165584416 0.5623567073170732 0.0019784902597402595 0.006420731707317073
22 0.5843364448051949 0.5623323170731708 0.0026826298701298702 0.007591463414634146
2 0.39272017045454544 0.5645807926829268 0.0029728084415584417 0.007820121951219512
7 0.578156452922078 0.5653079268292683 0.008585633116883117 0.006225609756097561
2 0.5378530844155844 0.5689420731707318 0.0180762987012987 0.026908536585365857
14 0.7896408279220779 0.5695670731707317 0.008258928571428572 0.008646341463414633
29 0.7799299918831168 0.5698429878048781 0.007911931818181818 0.01163719512195122
2 0.5884314123376624 0.5714679878048781 0.0035673701298701297 0.007570121951219512
2 0.5915280032467533 0.5715929878048781 0.0036728896103896107 0.008429878048780487
2 0.5651603084415585 0.5716661585365854 0.0028855519480519482 0.009795731707317073
2 0.5611911525974026 0.571905487804878 0.0038758116883116887 0.009054878048780487
2 0.5844013798701299 0.5720350609756097 0.003218344155844156 0.008704268292682928
2 0.5724969561688311 0.5722225609756098 0.003354301948051948 0.008469512195121952
2 0.5950953733766234 0.5723323170731708 0.003908279220779221 0.008079268292682927
2 0.5686931818181818 0.5725807926829268 0.003457792207792208 0.009795731707317073
22 0.7974025974025973 0.5726920731707317 0.006331168831168831 0.003920731707317073
2 0.3944825487012987 0.573388719512195 0.006091720779220779 0.004094512195121951
2 0.5787114448051948 0.5759131097560976 0.005637175324675325 0.004875
2 0.39438920454545456 0.5774817073170732 0.005499188311688312 0.0031341463414634144
22 0.7938981331168831 0.5781905487804878 0.005815746753246753 0.003942073170731707
2 0.3944926948051948 0.5815853658536585 0.005300324675324676 0.004024390243902439
6 0.46774452110389614 0.5819542682926829 0.1039143668831169 0.04134756097560976
2 0.7941964285714286 0.5834649390243902 0.005194805194805195 0.004125
2 0.6008766233766234 0.5844984756097561 0.004107142857142857 0.004972560975609755
2 0.3943222402597403 0.5860152439024391 0.0045535714285714285 0.0031280487804878046
2 0.5432021103896104 0.5885182926829268 0.008482142857142856 0.013012195121951219
2 0.3943993506493506 0.5899298780487805 0.004707792207792208 0.0042499999999999994
2 0.6005691964285714 0.5902698170731707 0.003898133116883117 0.003100609756097561
2 0.528455762987013 0.5928734756097561 0.00861607142857143 0.013795731707317073
2 0.39422991071428576 0.5938338414634147 0.004774756493506494 0.0035213414634146342
2 0.6006341314935065 0.5953246951219512 0.004028003246753247 0.003454268292682927
2 0.3947727272727273 0.5976158536585366 0.004642857142857143 0.004378048780487804
2 0.6008421266233765 0.6007362804878049 0.004443993506493506 0.003301829268292683
2 0.39454241071428575 0.6014939024390245 0.004993912337662338 0.0029878048780487805
2 0.5405590503246753 0.6044451219512195 0.010095373376623376 0.016207317073170732
2 0.39440543831168834 0.6056539634146342 0.005125811688311689 0.0033810975609756097
2 0.6009070616883117 0.6061158536585366 0.004573863636363636 0.003695121951219512
2 0.5260856331168832 0.6091295731707317 0.010775162337662339 0.015210365853658536
14 0.5772372159090909 0.6096204268292683 0.023792613636363636 0.036923780487804876
2 0.6012398538961039 0.6111128048780488 0.0048336038961038965 0.003932926829268293
2 0.5578997564935064 0.6116051829268293 0.005004058441558441 0.0036981707317073173
2 0.5578449675324675 0.6158856707317073 0.005706168831168831 0.0037225609756097564
22 0.6005823863636364 0.6166814024390244 0.003924512987012987 0.004094512195121951
22 0.5570282061688311 0.6214817073170732 0.0052901785714285715 0.0039390243902439025
22 0.6006310876623376 0.6227210365853659 0.0048336038961038965 0.003978658536585366
2 0.5133553165584416 0.6256737804878049 0.008041801948051949 0.01476219512195122
22 0.6011181006493507 0.6271554878048781 0.004184253246753247 0.0030914634146341465
6 0.4539742288961039 0.6278185975609756 0.07393871753246753 0.04100304878048781
14 0.5405996347402597 0.6315121951219512 0.013423295454545455 0.03253658536585366
14 0.5246854707792208 0.6323887195121951 0.009192370129870129 0.023314024390243902
22 0.6837063717532467 0.6400289634146342 0.0021530032467532464 0.008106707317073171
22 0.7115066964285715 0.6405472560975609 0.004993912337662338 0.003655487804878049
2 0.5984912743506493 0.6441158536585365 0.002989042207792208 0.00774390243902439
2 0.6018638392857143 0.6444115853658536 0.004052353896103896 0.013213414634146343
2 0.5862510146103896 0.6451783536585366 0.004076704545454546 0.010478658536585365
2 0.5785389610389611 0.6456051829268292 0.004074675324675325 0.009503048780487805
15 0.6643861607142857 0.6455899390243902 0.011808035714285714 0.020448170731707314
2 0.5901674107142857 0.6456783536585365 0.0037926136363636365 0.01086890243902439
2 0.5941142451298701 0.6459176829268293 0.003975243506493507 0.010128048780487805
2 0.5825852272727273 0.6460426829268293 0.004050324675324676 0.01098780487804878
2 0.5742116477272727 0.6458673780487806 0.003942775974025974 0.01063719512195122
2 0.5681463068181818 0.6462301829268293 0.004799107142857142 0.010753048780487806
2 0.5601745129870129 0.6467454268292683 0.004277597402597403 0.012393292682926828
2 0.5641893262987012 0.6465746951219512 0.0037844967532467528 0.010832317073170733
2 0.5129332386363636 0.6471493902439025 0.008821022727272728 0.01746951219512195
2 0.5565239448051948 0.6471676829268292 0.0034699675324675328 0.012628048780487806
22 0.7104352678571428 0.6476448170731708 0.002851055194805195 0.008704268292682928
22 0.7131006493506493 0.6478810975609757 0.002905844155844156 0.0073475609756097566
22 0.6836870941558442 0.6485411585365854 0.002520292207792208 0.0068384146341463415
2 0.5231554383116883 0.6506631097560976 0.0032913961038961038 0.007423780487804879
2 0.6959070616883116 0.6544405487804879 0.005450487012987013 0.004003048780487805
22 0.6872219967532468 0.6544024390243902 0.004719967532467533 0.003926829268292683
22 0.7000314529220779 0.6578033536585365 0.004770698051948052 0.0034115853658536585
29 0.706846590909091 0.6591326219512195 0.0066314935064935064 0.009728658536585366
2 0.5991578733766234 0.6640579268292683 0.011221590909090908 0.02567682926829268
6 0.7636079545454545 0.6726082317073171 0.04020292207792208 0.011679878048780488
6 0.699484577922078 0.6747134146341464 0.061306818181818185 0.011012195121951219
2 0.5833766233766234 0.6771021341463415 0.017402597402597402 0.024326219512195123
6 0.5611759334415585 0.6829969512195122 0.021296672077922078 0.014164634146341464
2 0.44462155032467526 0.21534603658536586 0.005314529220779221 0.0069115853658536595
22 0.44964184253246753 0.21694969512195122 0.003179788961038961 0.010118902439024389
6 0.4870505275974026 0.2222484756097561 0.03903612012987013 0.020716463414634147
22 0.45592633928571424 0.22632621951219514 0.005196834415584416 0.00448170731707317
22 0.4172311282467532 0.22743750000000001 0.003293425324675325 0.009143292682926829
2 0.4139184253246753 0.22789786585365854 0.003161525974025974 0.008844512195121952
22 0.4404149756493506 0.22922713414634147 0.004206574675324676 0.013332317073170731
2 0.42951704545454544 0.2306935975609756 0.01609577922077922 0.021753048780487803
2 0.40354707792207795 0.23590396341463415 0.011639610389610389 0.02363719512195122
2 0.3919541396103896 0.2396265243902439 0.011586850649350649 0.02620426829268293
22 0.5082345779220779 0.24030030487804876 0.003887987012987013 0.009868902439024389
29 0.5032883522727273 0.24758231707317074 0.005765016233766234 0.009189024390243902
29 0.4887276785714285 0.2476737804878049 0.005458603896103896 0.008762195121951219
2 0.4940878652597402 0.24784146341463414 0.003191964285714286 0.008487804878048781
2 0.47782264610389613 0.24776981707317072 0.003534902597402598 0.008954268292682928
29 0.4724107142857143 0.24818597560975608 0.005292207792207792 0.009786585365853659
7 0.4831929788961039 0.2511036585365854 0.0029119318181818183 0.008914634146341463
7 0.4981787743506494 0.251469512195122 0.002851055194805195 0.008426829268292683
22 0.5081909496753246 0.25202896341463416 0.002583198051948052 0.008935975609756097
22 0.4934648944805195 0.25531859756097564 0.004786931818181818 0.003929878048780488
22 0.47757711038961037 0.2556524390243902 0.004667207792207792 0.003378048780487805
22 0.5023244724025974 0.2572713414634146 0.0022138798701298703 0.007835365853658537
22 0.5051755275974026 0.2572362804878049 0.002234172077922078 0.007155487804878048
22 0.48658380681818186 0.2575762195121951 0.002388392857142857 0.007835365853658537
22 0.4895637175324676 0.2580792682926829 0.002260551948051948 0.007621951219512195
22 0.4735501217532468 0.2581935975609756 0.0022950487012987015 0.007240853658536586
22 0.47082893668831166 0.25832926829268293 0.0025344967532467534 0.006902439024390244
6 0.433718547077922 0.25907774390243904 0.06183644480519481 0.039496951219512196
22 0.49799310064935065 0.26164329268292685 0.0020738636363636367 0.007432926829268292
22 0.4828459821428572 0.2618582317073171 0.0050588474025974025 0.003594512195121951
22 0.46752435064935066 0.26435670731707317 0.002012987012987013 0.007371951219512195
22 0.4942938311688312 0.2710792682926829 0.005633116883116883 0.00374390243902439
22 0.48171469155844154 0.27996951219512195 0.006854707792207792 0.004451219512195122
22 0.4922554788961039 0.2843658536585366 0.004803165584415584 0.004097560975609756
2 0.5066010551948052 0.28609146341463415 0.002650162337662338 0.009378048780487805
22 0.500234375 0.29422408536585365 0.0024979707792207794 0.007960365853658537
22 0.5029515016233767 0.2943338414634146 0.0026562499999999998 0.008789634146341463