6 0.4411057692307692 0.4423076923076923 0.06971153846153846 0.10576923076923077
6 0.421875 0.34134615384615385 0.07932692307692307 0.11057692307692307
6 0.40024038461538464 0.21634615384615385 0.06490384615384616 0.0673076923076923
6 0.41947115384615385 0.265625 0.06490384615384616 0.036057692307692304
3 0.4795673076923077 0.40625 0.021634615384615384 0.014423076923076924
3 0.47716346153846156 0.39783653846153844 0.016826923076923076 0.01201923076923077
14 0.46033653846153844 0.3137019230769231 0.03125 0.021634615384615384
3 0.45913461538461536 0.2860576923076923 0.019230769230769232 0.009615384615384616
13 0.44711538461538464 0.2247596153846154 0.009615384615384616 0.007211538461538462
13 0.4495192307692308 0.234375 0.009615384615384616 0.007211538461538462
3 0.4579326923076923 0.2764423076923077 0.021634615384615384 0.014423076923076924
13 0.45072115384615385 0.2439903846153846 0.01201923076923077 0.007211538461538462
6 0.5240384615384616 0.5216346153846154 0.1971153846153846 0.125
14 0.45552884615384615 0.21033653846153846 0.016826923076923076 0.016826923076923076
14 0.515625 0.3545673076923077 0.016826923076923076 0.016826923076923076
3 0.5072115384615384 0.28966346153846156 0.019230769230769232 0.016826923076923076
14 0.5204326923076923 0.3245192307692308 0.05048076923076923 0.028846153846153848
3 0.5432692307692307 0.38822115384615385 0.02403846153846154 0.016826923076923076
14 0.5372596153846154 0.34975961538461536 0.016826923076923076 0.01201923076923077
3 0.5300480769230769 0.2980769230769231 0.021634615384615384 0.014423076923076924
3 0.5252403846153846 0.2704326923076923 0.021634615384615384 0.016826923076923076
3 0.5228365384615384 0.25721153846153844 0.026442307692307692 0.019230769230769232
3 0.5324519230769231 0.28365384615384615 0.026442307692307692 0.019230769230769232
3 0.5612980769230769 0.33413461538461536 0.021634615384615384 0.019230769230769232
6 0.6237980769230769 0.5600961538461539 0.026442307692307692 0.014423076923076924
3 0.5829326923076923 0.3737980769230769 0.021634615384615384 0.016826923076923076
29 0.5889423076923077 0.33653846153846156 0.03365384615384615 0.03365384615384615
14 0.6189903846153846 0.4387019230769231 0.03125 0.021634615384615384
3 0.6057692307692307 0.36899038461538464 0.019230769230769232 0.01201923076923077
29 0.6153846153846154 0.4026442307692308 0.019230769230769232 0.021634615384615384
3 0.5997596153846154 0.31009615384615385 0.021634615384615384 0.014423076923076924
3 0.5709134615384616 0.15384615384615385 0.021634615384615384 0.019230769230769232
3 0.5745192307692307 0.16466346153846154 0.019230769230769232 0.01201923076923077
29 0.6274038461538461 0.3798076923076923 0.02403846153846154 0.02403846153846154
14 0.6009615384615384 0.26322115384615385 0.11057692307692307 0.08413461538461539
3 0.6346153846153846 0.39302884615384615 0.014423076923076924 0.007211538461538462
3 0.6382211538461539 0.4026442307692308 0.021634615384615384 0.016826923076923076
3 0.6310096153846154 0.3605769230769231 0.021634615384615384 0.014423076923076924
6 0.6766826923076923 0.5492788461538461 0.07451923076923077 0.026442307692307692
3 0.6598557692307693 0.45552884615384615 0.016826923076923076 0.01201923076923077
3 0.5949519230769231 0.15865384615384615 0.016826923076923076 0.014423076923076924
3 0.6454326923076923 0.37259615384615385 0.021634615384615384 0.014423076923076924
3 0.6730769230769231 0.484375 0.019230769230769232 0.01201923076923077
3 0.6502403846153846 0.38341346153846156 0.016826923076923076 0.01201923076923077
14 0.6081730769230769 0.18629807692307693 0.0673076923076923 0.04567307692307692
29 0.6634615384615384 0.42427884615384615 0.009615384615384616 0.007211538461538462
14 0.6418269230769231 0.3161057692307692 0.04807692307692308 0.036057692307692304
3 0.6742788461538461 0.453125 0.01201923076923077 0.01201923076923077
3 0.6622596153846154 0.39783653846153844 0.021634615384615384 0.016826923076923076
3 0.6610576923076923 0.3870192307692308 0.004807692307692308 0.004807692307692308
3 0.6574519230769231 0.3545673076923077 0.021634615384615384 0.016826923076923076
3 0.6790865384615384 0.43990384615384615 0.016826923076923076 0.009615384615384616
3 0.6694711538461539 0.38100961538461536 0.01201923076923077 0.01201923076923077
3 0.6682692307692307 0.36658653846153844 0.014423076923076924 0.01201923076923077
3 0.6754807692307693 0.3870192307692308 0.009615384615384616 0.004807692307692308
3 0.6971153846153846 0.4651442307692308 0.009615384615384616 0.007211538461538462
3 0.7055288461538461 0.4735576923076923 0.007211538461538462 0.004807692307692308
3 0.703125 0.44471153846153844 0.026442307692307692 0.019230769230769232
3 0.7007211538461539 0.43149038461538464 0.026442307692307692 0.016826923076923076
3 0.7127403846153846 0.46274038461538464 0.01201923076923077 0.01201923076923077
3 0.7271634615384616 0.49038461538461536 0.021634615384615384 0.019230769230769232
3 0.7307692307692307 0.45913461538461536 0.004807692307692308 0.004807692307692308
3 0.7295673076923077 0.45072115384615385 0.016826923076923076 0.01201923076923077
3 0.7223557692307693 0.4110576923076923 0.021634615384615384 0.019230769230769232
3 0.7199519230769231 0.38461538461538464 0.021634615384615384 0.019230769230769232
3 0.7271634615384616 0.39783653846153844 0.016826923076923076 0.01201923076923077
3 0.7223557692307693 0.3485576923076923 0.021634615384615384 0.014423076923076924
3 0.7463942307692307 0.4483173076923077 0.007211538461538462 0.007211538461538462
3 0.7439903846153846 0.4230769230769231 0.007211538461538462 0.004807692307692308
3 0.765625 0.5024038461538461 0.026442307692307692 0.014423076923076924
6 0.7776442307692307 0.5288461538461539 0.040865384615384616 0.019230769230769232
3 0.7487980769230769 0.37740384615384615 0.021634615384615384 0.019230769230769232
14 0.7319711538461539 0.2764423076923077 0.021634615384615384 0.019230769230769232
3 0.7752403846153846 0.3701923076923077 0.021634615384615384 0.019230769230769232
3 0.7680288461538461 0.30528846153846156 0.016826923076923076 0.009615384615384616
3 0.7560096153846154 0.234375 0.021634615384615384 0.016826923076923076
6 0.7620192307692307 0.15985576923076922 0.028846153846153848 0.04567307692307692
6 0.8425480769230769 0.4519230769230769 0.03125 0.04326923076923077
6 0.8377403846153846 0.4182692307692308 0.021634615384615384 0.019230769230769232
6 0.8197115384615384 0.34134615384615385 0.03365384615384615 0.052884615384615384
6 0.78125 0.15625 0.028846153846153848 0.04807692307692308