15 0.33052884615384615 0.31850961538461536 0.016826923076923076 0.016826923076923076
3 0.3389423076923077 0.33533653846153844 0.019230769230769232 0.007211538461538462
3 0.3173076923076923 0.578125 0.02403846153846154 0.007211538461538462
3 0.3125 0.6502403846153846 0.028846153846153848 0.007211538461538462
14 0.3137019230769231 0.6141826923076923 0.026442307692307692 0.06490384615384616
15 0.3473557692307692 0.31850961538461536 0.01201923076923077 0.016826923076923076
15 0.359375 0.3233173076923077 0.016826923076923076 0.016826923076923076
3 0.3581730769230769 0.3425480769230769 0.004807692307692308 0.01201923076923077
14 0.33413461538461536 0.6778846153846154 0.019230769230769232 0.04326923076923077
3 0.33653846153846156 0.6526442307692307 0.02403846153846154 0.007211538461538462
3 0.34375 0.5829326923076923 0.02403846153846154 0.007211538461538462
14 0.34375 0.6069711538461539 0.02403846153846154 0.05048076923076923
23 0.34134615384615385 0.6478365384615384 0.019230769230769232 0.007211538461538462
23 0.3425480769230769 0.6430288461538461 0.016826923076923076 0.007211538461538462
3 0.36538461538461536 0.38100961538461536 0.004807692307692308 0.01201923076923077
3 0.36899038461538464 0.3641826923076923 0.01201923076923077 0.01201923076923077
3 0.375 0.4543269230769231 0.009615384615384616 0.014423076923076924
3 0.3581730769230769 0.6778846153846154 0.009615384615384616 0.014423076923076924
23 0.39302884615384615 0.34375 0.007211538461538462 0.014423076923076924
3 0.3786057692307692 0.5552884615384616 0.01201923076923077 0.019230769230769232
3 0.38221153846153844 0.5048076923076923 0.009615384615384616 0.014423076923076924
16 0.3918269230769231 0.40865384615384615 0.009615384615384616 0.014423076923076924
15 0.38341346153846156 0.6141826923076923 0.021634615384615384 0.01201923076923077
14 0.39302884615384615 0.5697115384615384 0.021634615384615384 0.04807692307692308
14 0.39663461538461536 0.5192307692307693 0.019230769230769232 0.04326923076923077
3 0.41346153846153844 0.33774038461538464 0.02403846153846154 0.007211538461538462
23 0.4206730769230769 0.40625 0.02403846153846154 0.009615384615384616
3 0.4098557692307692 0.6081730769230769 0.007211538461538462 0.019230769230769232
3 0.4230769230769231 0.4951923076923077 0.02403846153846154 0.009615384615384616
3 0.42908653846153844 0.4170673076923077 0.026442307692307692 0.007211538461538462
14 0.42788461538461536 0.45913461538461536 0.09134615384615384 0.0673076923076923
14 0.4110576923076923 0.6754807692307693 0.09615384615384616 0.07211538461538461
3 0.41346153846153844 0.7175480769230769 0.02403846153846154 0.007211538461538462
3 0.4206730769230769 0.640625 0.02403846153846154 0.007211538461538462
3 0.4362980769230769 0.5096153846153846 0.007211538461538462 0.014423076923076924
3 0.4326923076923077 0.5576923076923077 0.009615384615384616 0.014423076923076924
3 0.46153846153846156 0.3401442307692308 0.028846153846153848 0.007211538461538462
14 0.44471153846153844 0.5733173076923077 0.028846153846153848 0.04567307692307692
14 0.4495192307692308 0.5228365384615384 0.028846153846153848 0.04567307692307692
23 0.46153846153846156 0.41466346153846156 0.019230769230769232 0.007211538461538462
14 0.46634615384615385 0.37740384615384615 0.04807692307692308 0.0673076923076923
23 0.47836538461538464 0.3329326923076923 0.009615384615384616 0.01201923076923077
23 0.4807692307692308 0.41947115384615385 0.009615384615384616 0.01201923076923077
23 0.49158653846153844 0.33413461538461536 0.007211538461538462 0.009615384615384616
3 0.48197115384615385 0.46634615384615385 0.01201923076923077 0.014423076923076924
23 0.46634615384615385 0.6430288461538461 0.019230769230769232 0.007211538461538462
23 0.4675480769230769 0.6370192307692307 0.021634615384615384 0.009615384615384616
23 0.4651442307692308 0.6610576923076923 0.01201923076923077 0.014423076923076924
3 0.49759615384615385 0.3293269230769231 0.009615384615384616 0.014423076923076924
6 0.4987980769230769 0.47836538461538464 0.04567307692307692 0.25
3 0.4795673076923077 0.6875 0.007211538461538462 0.014423076923076924
23 0.4855769230769231 0.6334134615384616 0.009615384615384616 0.01201923076923077
23 0.49278846153846156 0.6358173076923077 0.009615384615384616 0.016826923076923076
23 0.5 0.6346153846153846 0.009615384615384616 0.014423076923076924
14 0.5096153846153846 0.5877403846153846 0.02403846153846154 0.036057692307692304
14 0.5132211538461539 0.5396634615384616 0.021634615384615384 0.040865384615384616
3 0.5288461538461539 0.734375 0.02403846153846154 0.007211538461538462
6 0.5504807692307693 0.484375 0.052884615384615384 0.25240384615384615
23 0.53125 0.7295673076923077 0.019230769230769232 0.007211538461538462
3 0.5817307692307693 0.4170673076923077 0.028846153846153848 0.007211538461538462
3 0.5685096153846154 0.5588942307692307 0.021634615384615384 0.007211538461538462
14 0.5685096153846154 0.5793269230769231 0.026442307692307692 0.03365384615384615
3 0.5853365384615384 0.40865384615384615 0.026442307692307692 0.009615384615384616
3 0.5865384615384616 0.390625 0.028846153846153848 0.007211538461538462
3 0.5865384615384616 0.39783653846153844 0.028846153846153848 0.007211538461538462
3 0.5612980769230769 0.7223557692307693 0.021634615384615384 0.007211538461538462
3 0.5721153846153846 0.6237980769230769 0.02403846153846154 0.007211538461538462
23 0.5661057692307693 0.7331730769230769 0.021634615384615384 0.009615384615384616
6 0.6057692307692307 0.49158653846153844 0.052884615384615384 0.25721153846153844
23 0.59375 0.7391826923076923 0.02403846153846154 0.007211538461538462
3 0.5949519230769231 0.7367788461538461 0.021634615384615384 0.007211538461538462
3 0.6286057692307693 0.5108173076923077 0.021634615384615384 0.007211538461538462
14 0.6262019230769231 0.5396634615384616 0.03125 0.04567307692307692
3 0.6225961538461539 0.7391826923076923 0.02403846153846154 0.007211538461538462
23 0.6322115384615384 0.6706730769230769 0.009615384615384616 0.014423076923076924
23 0.6358173076923077 0.6442307692307693 0.01201923076923077 0.014423076923076924
3 0.640625 0.6838942307692307 0.007211538461538462 0.016826923076923076
6 0.6598557692307693 0.4951923076923077 0.04567307692307692 0.25
3 0.6490384615384616 0.7367788461538461 0.02403846153846154 0.007211538461538462
23 0.6538461538461539 0.7415865384615384 0.02403846153846154 0.007211538461538462
3 0.6899038461538461 0.42427884615384615 0.02403846153846154 0.007211538461538462
3 0.6947115384615384 0.40024038461538464 0.019230769230769232 0.007211538461538462
3 0.6923076923076923 0.4098557692307692 0.019230769230769232 0.007211538461538462
3 0.6923076923076923 0.4170673076923077 0.019230769230769232 0.007211538461538462
14 0.6923076923076923 0.453125 0.03365384615384615 0.05048076923076923
3 0.6826923076923077 0.7439903846153846 0.019230769230769232 0.007211538461538462
6 0.7151442307692307 0.5012019230769231 0.05048076923076923 0.25240384615384615
14 0.6983173076923077 0.6923076923076923 0.0889423076923077 0.0625
3 0.6971153846153846 0.7319711538461539 0.019230769230769232 0.007211538461538462
3 0.7163461538461539 0.6622596153846154 0.02403846153846154 0.007211538461538462
3 0.7439903846153846 0.43149038461538464 0.026442307692307692 0.007211538461538462
14 0.7427884615384616 0.46033653846153844 0.028846153846153848 0.05048076923076923
16 0.7451923076923077 0.6526442307692307 0.014423076923076924 0.007211538461538462
6 0.7704326923076923 0.5048076923076923 0.04567307692307692 0.25
3 0.7560096153846154 0.6947115384615384 0.007211538461538462 0.014423076923076924
3 0.21754807692307693 0.36538461538461536 0.01201923076923077 0.014423076923076924
14 0.20192307692307693 0.6069711538461539 0.028846153846153848 0.06490384615384616
3 0.20192307692307693 0.640625 0.02403846153846154 0.007211538461538462
13 0.24519230769230768 0.3269230769230769 0.038461538461538464 0.009615384615384616
14 0.2283653846153846 0.609375 0.02403846153846154 0.06490384615384616
3 0.22956730769230768 0.6430288461538461 0.021634615384615384 0.007211538461538462
15 0.25961538461538464 0.31009615384615385 0.014423076923076924 0.019230769230769232
3 0.2403846153846154 0.5709134615384616 0.019230769230769232 0.007211538461538462
14 0.25721153846153844 0.609375 0.03365384615384615 0.06490384615384616
3 0.25721153846153844 0.6454326923076923 0.02403846153846154 0.007211538461538462
6 0.2824519230769231 0.3449519230769231 0.13221153846153846 0.03125
3 0.2620192307692308 0.5733173076923077 0.019230769230769232 0.007211538461538462
3 0.2920673076923077 0.33052884615384615 0.021634615384615384 0.007211538461538462
14 0.29447115384615385 0.3713942307692308 0.14182692307692307 0.040865384615384616
14 0.2848557692307692 0.6141826923076923 0.03125 0.06490384615384616
3 0.28966346153846156 0.5757211538461539 0.021634615384615384 0.007211538461538462
3 0.2848557692307692 0.6478365384615384 0.026442307692307692 0.007211538461538462