2 0.5962073863636363 0.3052179878048781 0.0028855519480519482 0.010435975609756096
2 0.787127637987013 0.3052789634146342 0.0028267045454545454 0.008728658536585365
22 0.8223975243506494 0.3062591463414634 0.004372970779220779 0.00276219512195122
22 0.5701105925324675 0.3087484756097561 0.005075081168831169 0.002862804878048781
22 0.5778196022727272 0.30884146341463414 0.005071022727272727 0.003658536585365854
22 0.7803967126623377 0.30953658536585366 0.006004464285714286 0.004439024390243903
22 0.8222788149350649 0.3124085365853659 0.005353084415584415 0.004085365853658537
22 0.780463676948052 0.31268292682926824 0.005732548701298701 0.0034146341463414634
15 0.46848011363636366 0.31441463414634147 0.022187500000000002 0.02029268292682927
2 0.8222960633116884 0.31608079268292677 0.005387581168831169 0.0028932926829268292
14 0.41294947240259744 0.3159039634146341 0.013398944805194806 0.024490853658536586
2 0.606502637987013 0.31720426829268294 0.016170860389610388 0.025262195121951218
15 0.587734375 0.31789786585365853 0.015566152597402596 0.026039634146341462
22 0.8225152191558441 0.3196265243902439 0.005014204545454546 0.0032774390243902438
29 0.5510267857142858 0.3196676829268293 0.008709415584415585 0.009457317073170731
22 0.5454058441558443 0.3212423780487805 0.0023376623376623377 0.008338414634146342
2 0.5715371347402597 0.3214344512195122 0.017262581168831167 0.02335670731707317
29 0.559195413961039 0.32139634146341467 0.006377840909090909 0.012914634146341463
15 0.49405844155844153 0.321672256097561 0.027889610389610388 0.03297865853658537
2 0.683327922077922 0.32208536585365855 0.016006493506493507 0.02039024390243902
2 0.44444602272727274 0.3230625 0.016327110389610388 0.023564024390243906
2 0.7920424107142857 0.32377896341463414 0.004133522727272728 0.004875
2 0.7881554383116883 0.32478963414634143 0.0028530844155844155 0.008725609756097562
22 0.795463676948052 0.325422256097561 0.002453327922077922 0.007551829268292683
22 0.7999096996753247 0.3254984756097561 0.002822646103896104 0.008314024390243903
22 0.8041193181818181 0.32548475609756095 0.0019074675324675325 0.0070670731707317075
22 0.7977800324675325 0.3254984756097561 0.0014042207792207791 0.007704268292682927
22 0.8019460227272727 0.3257393292682927 0.002025162337662338 0.0069664634146341465
22 0.5219439935064935 0.325827743902439 0.004926948051948052 0.004094512195121951
22 0.8120342938311688 0.32567530487804874 0.0019094967532467533 0.007448170731707317
22 0.8069186282467532 0.32584146341463416 0.0018242694805194807 0.005341463414634146
22 0.8096996753246752 0.3261600609756098 0.0021103896103896107 0.006588414634146341
22 0.553078327922078 0.3268643292682927 0.005507305194805195 0.003728658536585366
24 0.822109375 0.32711432926829265 0.005420048701298702 0.010935975609756097
2 0.7914184253246753 0.3273003048780488 0.004508928571428571 0.0033810975609756097
2 0.5261728896103897 0.32795121951219514 0.002832792207792208 0.008341463414634147
22 0.6422077922077922 0.3281067073170732 0.002353896103896104 0.006823170731707317
22 0.5318577516233766 0.32840548780487805 0.0028388798701298704 0.008030487804878049
2 0.529158887987013 0.328375 0.0027171266233766236 0.008579268292682928
22 0.6372463474025973 0.3294496951219512 0.0021712662337662336 0.007070121951219512
22 0.5219135551948052 0.32980182926829266 0.004866071428571429 0.002896341463414634
22 0.6451258116883116 0.3299451219512195 0.0016964285714285714 0.008060975609756098
2 0.7939387175324676 0.3320975609756098 0.0058969155844155845 0.0032195121951219515
2 0.6297909902597403 0.33204878048780484 0.0022767857142857143 0.008
22 0.6321540178571429 0.33210975609756094 0.002132711038961039 0.008121951219512195
22 0.6272148944805195 0.33219969512195124 0.0024005681818181817 0.007692073170731707
22 0.6679890422077922 0.3327545731707317 0.0023741883116883116 0.006362804878048781
2 0.8006310876623377 0.33284298780487803 0.004671266233766234 0.004100609756097561
22 0.6599634740259741 0.3328094512195122 0.002150974025974026 0.007692073170731707
2 0.8065117694805194 0.3332118902439024 0.005474837662337663 0.00361890243902439
2 0.8116974431818182 0.3332560975609756 0.004888392857142857 0.0030975609756097562
2 0.5220150162337662 0.33441310975609756 0.005474837662337663 0.004192073170731708
22 0.6353693181818182 0.3364603658536585 0.0020698051948051946 0.006457317073170731
2 0.642674512987013 0.33696341463414636 0.0024756493506493506 0.006243902439024391
22 0.6378033685064934 0.3370594512195122 0.002067775974025974 0.007045731707317073
22 0.6403388798701299 0.3372621951219512 0.0018628246753246752 0.005621951219512196
22 0.706429586038961 0.33780030487804874 0.0029565746753246755 0.006088414634146341
29 0.8210866477272727 0.3381371951219512 0.007838879870129871 0.008591463414634147
2 0.7613666801948051 0.3383064024390244 0.003658685064935065 0.003442073170731707
22 0.6631665990259741 0.33887957317073175 0.004904626623376623 0.0033689024390243906
22 0.6540239448051949 0.3387759146341463 0.0060998376623376625 0.003771341463414634
22 0.7909933035714285 0.3394939024390244 0.0024411525974025973 0.007036585365853658
22 0.7933522727272727 0.33963262195121946 0.0022889610389610388 0.007314024390243902
2 0.7989204545454546 0.344547256097561 0.0036850649350649353 0.010435975609756096
2 0.8027394480519481 0.34472408536585364 0.0036120129870129873 0.010789634146341464
22 0.7777465503246753 0.3475929878048781 0.005168425324675325 0.0037225609756097564
29 0.768731737012987 0.3488170731707317 0.010271915584415583 0.012878048780487806
2 0.7560349025974026 0.3514527439024391 0.006387987012987013 0.0047347560975609755
6 0.6484040178571429 0.35177591463414637 0.1774898538961039 0.027332317073170735
6 0.5242146915584416 0.35388109756097563 0.011497564935064934 0.03459146341463414
2 0.7498833198051948 0.3540350609756097 0.0022017045454545453 0.0056310975609756096
2 0.4941030844155844 0.35493902439024394 0.012962662337662339 0.025121951219512197
22 0.8031219561688311 0.3577225609756097 0.0027536525974025975 0.007518292682926829
2 0.7805549918831168 0.3599420731707317 0.0026684253246753247 0.005859756097560976
14 0.759921875 0.3632378048780488 0.013756087662337664 0.014890243902439025
2 0.7321550324675324 0.36367987804878044 0.003676948051948052 0.003579268292682927
2 0.795262784090909 0.36403963414634144 0.002051542207792208 0.006128048780487805
2 0.7700101461038962 0.36782317073170734 0.0039001623376623373 0.0039390243902439025
22 0.8048386769480519 0.37069664634146343 0.0025344967532467534 0.007246951219512195
22 0.812041396103896 0.37077286585365854 0.0019237012987012988 0.006789634146341463
22 0.823606939935065 0.37079268292682926 0.0031392045454545457 0.006829268292682927
22 0.8179839691558441 0.3711036585365854 0.002851055194805195 0.006841463414634146
22 0.8141720779220779 0.37123018292682924 0.002126623376623377 0.006484756097560975
2 0.44816456980519476 0.37142987804878047 0.013212256493506493 0.021518292682926828
2 0.5416781655844155 0.37262042682926827 0.015580357142857142 0.022679878048780487
22 0.7574259334415584 0.37289481707317074 0.0055174512987012985 0.003716463414634146
2 0.761015625 0.37831859756097563 0.003768262987012987 0.002978658536585366
22 0.7222950487012987 0.3783856707317073 0.0022199675324675325 0.007990853658536586
2 0.7310531655844156 0.37887042682926825 0.002690746753246753 0.006521341463414635
22 0.7171986607142857 0.3788323170731707 0.0025791396103896106 0.00827439024390244
2 0.7288666801948052 0.37901524390243907 0.0019703733766233767 0.006201219512195122
2 0.7357376217532468 0.3789359756097561 0.0023193993506493505 0.0060426829268292685
22 0.7334669237012987 0.3792637195121951 0.0022422889610389614 0.007307926829268292
2 0.7429494724025975 0.37933689024390244 0.002132711038961039 0.008673780487804877
2 0.7244734172077922 0.37940548780487804 0.0021124188311688313 0.007591463414634146
22 0.7150882711038961 0.37942073170731705 0.0016051136363636363 0.008841463414634146
2 0.7381097808441559 0.3796097560975609 0.0017877435064935067 0.007390243902439024
2 0.7266913555194806 0.37975762195121954 0.00208400974025974 0.006466463414634147
2 0.7406239853896104 0.379657012195122 0.0019460227272727272 0.009314024390243902
22 0.7471114042207792 0.3797820121951219 0.0027455357142857142 0.008954268292682928
22 0.7471925730519481 0.37998323170731707 0.002096185064935065 0.006917682926829268
2 0.7447077922077923 0.3801219512195122 0.0024025974025974027 0.007804878048780489
2 0.7011566558441559 0.380452743902439 0.014732142857142857 0.021271341463414632
2 0.7513940746753247 0.38412804878048784 0.002382305194805195 0.006060975609756097
22 0.7491081574675325 0.38737804878048776 0.001463068181818182 0.007073170731707317
22 0.7398630275974026 0.38753810975609754 0.002453327922077922 0.007393292682926829
22 0.7173559253246753 0.3876189024390244 0.002487824675324675 0.0075548780487804884
22 0.7220484983766234 0.38776829268292684 0.0025385551948051946 0.006634146341463415
22 0.7336566558441558 0.387655487804878 0.002215909090909091 0.00823780487804878
22 0.7467745535714285 0.38776829268292684 0.0024776785714285716 0.006634146341463415
22 0.7150842126623377 0.38777896341463414 0.002408685064935065 0.007875
22 0.7420951704545454 0.3879039634146342 0.002453327922077922 0.007515243902439024
22 0.7355783279220779 0.38808841463414634 0.0020008116883116884 0.0072743902439024385
22 0.737781047077922 0.38808841463414634 0.0023478084415584416 0.0072743902439024385
22 0.7443831168831169 0.38824847560975606 0.002159090909090909 0.007594512195121951
24 0.4979849837662338 0.39369664634146345 0.005710227272727273 0.010564024390243901
2 0.6894825487012987 0.39384756097560975 0.010458603896103896 0.015134146341463414
22 0.748179788961039 0.39506554878048783 0.0016355519480519482 0.006594512195121951
6 0.8287895698051948 0.39631097560975614 0.0354200487012987 0.029817073170731706
24 0.714278612012987 0.3984862804878049 0.0052617694805194805 0.009777439024390244
22 0.7876136363636363 0.40056402439024386 0.0025811688311688312 0.007835365853658537
24 0.4537652191558442 0.4011631097560976 0.0061505681818181815 0.010253048780487805
2 0.773088474025974 0.4070625 0.002751623376623377 0.005588414634146341
22 0.6831513798701299 0.40732164634146345 0.002666396103896104 0.008545731707317074
22 0.7850527597402597 0.40813719512195124 0.002329545454545455 0.00773780487804878
29 0.7135693993506493 0.40869664634146347 0.007901785714285714 0.008856707317073172
22 0.7874959415584416 0.40869664634146347 0.001939935064935065 0.007637195121951219
22 0.7898041801948052 0.4085701219512195 0.0020921266233766235 0.007384146341463414
24 0.4971824269480519 0.40985670731707313 0.00572849025974026 0.011176829268292682
24 0.453786525974026 0.4116570121951219 0.006193181818181818 0.00989939024390244
14 0.7323498376623376 0.4118109756097561 0.028823051948051945 0.03276829268292683
2 0.6933269074675324 0.41333231707317075 0.012871347402597403 0.018128048780487804
2 0.7040411931818181 0.413515243902439 0.0026440746753246753 0.0062987804878048784
2 0.7820170454545455 0.4141798780487805 0.003563311688311688 0.0033597560975609756
2 0.7898143262987013 0.41624847560975614 0.0021124188311688313 0.0068871951219512196
2 0.7851714691558441 0.4163170731707317 0.00216112012987013 0.006414634146341463
2 0.7875720373376623 0.41658384146341465 0.0020921266233766235 0.0075579268292682925
29 0.7134547483766234 0.4167378048780488 0.0076724837662337664 0.00725609756097561
2 0.7619967532467532 0.41895731707317074 0.004107142857142857 0.003768292682926829
22 0.6801034902597403 0.42010823170731704 0.005905032467532468 0.004240853658536586
24 0.4975771103896104 0.4204161585365853 0.006112012987012987 0.010344512195121952
2 0.7539316152597403 0.421702743902439 0.003804788961038961 0.0031615853658536583
24 0.45345677759740266 0.4223018292682927 0.005939529220779221 0.01045731707317073
22 0.7150263798701298 0.42276829268292687 0.005133928571428571 0.0034634146341463415
15 0.6966294642857143 0.4303018292682927 0.005271915584415585 0.0032865853658536584
24 0.4967309253246753 0.43246341463414634 0.006043019480519481 0.011268292682926829
2 0.6890797483766233 0.43272560975609753 0.00924715909090909 0.013012195121951219
24 0.4535876623376624 0.43315243902439027 0.0053896103896103895 0.01020731707317073
22 0.717559862012987 0.43434298780487807 0.00208400974025974 0.0077103658536585365
22 0.7198589691558441 0.4344573170731707 0.0018120941558441557 0.007329268292682926
2 0.7266477272727273 0.4344573170731707 0.0019967532467532467 0.007329268292682926
22 0.7218628246753247 0.43463567073170734 0.002167207792207792 0.007076219512195122
22 0.7357599431818181 0.4347439024390244 0.001958198051948052 0.007292682926829269
22 0.7334933035714286 0.434984756097561 0.0022950487012987015 0.007774390243902439
22 0.7243557224025974 0.43491463414634146 0.0022828733766233765 0.0076341463414634145
22 0.7289894480519481 0.43501676829268293 0.002215909090909091 0.007228658536585366
22 0.7403683035714286 0.43489634146341466 0.0022463474025974026 0.006987804878048781
22 0.7314234983766233 0.4351173780487805 0.0022138798701298703 0.007429878048780488
22 0.7380773133116882 0.4351371951219512 0.0017228084415584417 0.007469512195121951
22 0.7431503652597402 0.4351996951219512 0.0021286525974025974 0.007594512195121951
22 0.6968790584415584 0.43540701219512196 0.0053652597402597405 0.0043506097560975605
2 0.7497169237012987 0.4366310975609756 0.001868912337662338 0.007408536585365854
2 0.7556239853896104 0.4398475609756098 0.0019135551948051947 0.005914634146341463
15 0.6968262987012988 0.4416814024390244 0.005665584415584416 0.004704268292682927
22 0.6825030438311688 0.44196798780487806 0.005022321428571429 0.004057926829268293
2 0.7174157873376624 0.4423826219512195 0.0022017045454545453 0.007935975609756098
24 0.4959283685064935 0.4423567073170732 0.006061282467532468 0.010932926829268292
2 0.7217603490259741 0.4425228658536585 0.0023681006493506494 0.008216463414634147
2 0.7240645292207792 0.4428612804878049 0.002106331168831169 0.008283536585365854
22 0.7290117694805195 0.442875 0.0018547077922077923 0.007091463414634147
2 0.7197747564935065 0.4430945121951219 0.001643668831168831 0.008140243902439025
2 0.7268131087662338 0.44308993902439026 0.0023275162337662338 0.00813109756097561
22 0.7378662743506493 0.4431631097560976 0.0017065746753246753 0.007667682926829268
22 0.7403267045454546 0.44322560975609754 0.0021631493506493508 0.007792682926829268
22 0.7311262175324675 0.4432393292682927 0.002025162337662338 0.007820121951219512
22 0.7332061688311687 0.4431753048780488 0.0017207792207792208 0.007692073170731707
22 0.7430661525974026 0.4431631097560976 0.0019602272727272728 0.008277439024390244
22 0.7356077516233765 0.44337957317073173 0.0016538149350649352 0.007490853658536585
2 0.7792278814935064 0.4436844512195122 0.0024492694805194806 0.005661585365853658
24 0.4537713068181818 0.44377286585365855 0.005756899350649351 0.010106707317073171
22 0.6825669642857143 0.4459161585365854 0.004744318181818182 0.0034176829268292687
6 0.8164123376623377 0.4460289634146341 0.047191558441558444 0.04998475609756097
2 0.7659374999999999 0.44654420731707317 0.0022483766233766236 0.005893292682926828
2 0.7539407467532467 0.44811890243902436 0.0026055194805194807 0.00599390243902439
2 0.6903003246753248 0.4485030487804878 0.008441558441558443 0.01651829268292683
2 0.6976958198051948 0.4487393292682927 0.005375405844155844 0.004185975609756098
22 0.7035064935064935 0.44904725609756097 0.005633116883116883 0.003582317073170732
22 0.6824908685064935 0.44965396341463415 0.004592126623376623 0.0029664634146341464
22 0.44067877435064934 0.45170274390243903 0.0022991071428571427 0.008283536585365854
22 0.7036708603896104 0.45244054878048784 0.005556006493506493 0.003051829268292683
2 0.697835836038961 0.45271189024390246 0.00484375 0.004204268292682926
2 0.6776856737012987 0.45294817073170734 0.005533685064935065 0.0040670731707317075
24 0.4959344561688312 0.4533612804878049 0.006479301948051948 0.010990853658536585
24 0.4537733360389611 0.4545 0.006166801948051948 0.010219512195121952
6 0.41360795454545457 0.4545274390243902 0.014310064935064934 0.16027439024390244
6 0.43060064935064934 0.4546753048780488 0.015016233766233766 0.15752134146341462
2 0.6983451704545455 0.4557271341463415 0.005456574675324675 0.00413719512195122
22 0.6829291801948052 0.45598932926829266 0.0046570616883116886 0.0028323170731707316
22 0.6770231331168831 0.4560960365853658 0.005426136363636363 0.0030457317073170733
22 0.7038971185064935 0.45631249999999995 0.005602678571428571 0.004088414634146342
22 0.44077008928571426 0.4598414634146341 0.002481737012987013 0.008097560975609756
2 0.7704535308441559 0.4610365853658537 0.002351866883116883 0.006219512195121951
24 0.4537327516233766 0.4659451219512195 0.006491477272727272 0.011158536585365855
2 0.7809973620129871 0.4666280487804878 0.005176542207792208 0.0039878048780487806
2 0.6930225243506494 0.4671021341463415 0.015103490259740261 0.024448170731707318
22 0.774627637987013 0.46735823170731705 0.005018262987012987 0.004228658536585365
24 0.4965178571428572 0.4678993902439024 0.0064285714285714285 0.010189024390243903
29 0.7160978084415585 0.4699176829268292 0.013364448051948051 0.03129878048780488
22 0.6773366477272728 0.4705640243902439 0.004835633116883117 0.003323170731707317
22 0.6823772321428572 0.4709649390243903 0.004770698051948052 0.004125
2 0.7241193181818182 0.47440396341463414 0.002215909090909091 0.008564024390243903
22 0.6825659496753247 0.4745762195121951 0.005148133116883117 0.003420731707317073
22 0.6772169237012987 0.47447713414634146 0.00500202922077922 0.0038323170731707316
22 0.4971976461038961 0.4750426829268293 0.006164772727272727 0.0031341463414634144
24 0.4534101055194806 0.47715243902439025 0.0062520292207792205 0.010402439024390243
22 0.4969358766233766 0.4784634146341463 0.005641233766233766 0.0032682926829268296
2 0.44443892045454547 0.4791112804878048 0.009007711038961039 0.01310060975609756
29 0.7041700487012987 0.4806493902439024 0.009395292207792207 0.015567073170731707
15 0.6792806412337662 0.4813048780487805 0.008317775974025974 0.005292682926829268
2 0.6800152191558441 0.48171798780487807 0.000046672077922077925 0.0012408536585365854
24 0.4963474025974026 0.48578810975609754 0.005275974025974026 0.009990853658536586
2 0.7957366071428571 0.486577743902439 0.013551136363636364 0.02315548780487805
2 0.6792167207792208 0.48817225609756093 0.009407467532467533 0.006832317073170732
24 0.4530691964285714 0.4886265243902439 0.005164366883116883 0.010179878048780488
22 0.4420606737012987 0.48986890243902437 0.0046570616883116886 0.004128048780487804
22 0.7851674107142856 0.4920381097560976 0.004588068181818182 0.003588414634146341
22 0.7798467938311688 0.4925640243902439 0.005310470779220779 0.004030487804878049
6 0.7430641233766234 0.49508689024390246 0.019407467532467533 0.029198170731707315
22 0.4420140016233766 0.4958658536585366 0.004969561688311688 0.004536585365853659
24 0.49668323863636366 0.496140243902439 0.005135957792207792 0.010573170731707318
29 0.6831361607142857 0.4981493902439025 0.005476866883116883 0.011542682926829268
29 0.7140229301948052 0.4985838414634146 0.007591314935064934 0.00814329268292683
29 0.6913311688311689 0.4986067073170732 0.005633116883116883 0.011847560975609756
2 0.5860998376623378 0.49915548780487806 0.004991883116883117 0.0037987804878048784
22 0.6873782467532468 0.4995655487804878 0.002191558441558442 0.007667682926829268
24 0.7003571428571429 0.49951676829268293 0.007451298701298701 0.008179878048780488
24 0.45393871753246756 0.4998643292682927 0.005685876623376623 0.011314024390243902
22 0.7190310470779221 0.5009375 0.002591314935064935 0.009192073170731707
22 0.44178267045454545 0.5038445121951219 0.004912743506493507 0.004030487804878049
6 0.785872564935065 0.5047957317073171 0.010056818181818182 0.01629878048780488
22 0.7128520698051948 0.5049984756097561 0.005249594155844156 0.0032896341463414633
22 0.5805560064935065 0.5052012195121951 0.0036444805194805197 0.006134146341463415
22 0.6872778003246753 0.5058033536585366 0.0048315746753246755 0.0024603658536585366
24 0.49711343344155845 0.5076600609756098 0.005590503246753247 0.011051829268292682
22 0.7186789772727273 0.5087423780487804 0.004728084415584415 0.0034603658536585366
22 0.7128135146103896 0.5091067073170732 0.005578327922077922 0.003579268292682927
24 0.45354707792207793 0.5091631097560976 0.005714285714285714 0.009789634146341463
22 0.6873173701298702 0.5094283536585366 0.004910714285714286 0.003003048780487805
7 0.44216619318181816 0.512030487804878 0.006085633116883117 0.013085365853658538
29 0.7275182629870129 0.5118628048780488 0.007390422077922078 0.009091463414634146
22 0.7186394074675324 0.5122012195121951 0.004648944805194805 0.0030609756097560972
6 0.8188474025974026 0.5128155487804879 0.03582792207792208 0.0433140243902439
22 0.7129443993506493 0.5128551829268293 0.005028409090909091 0.0031493902439024392
22 0.49618100649350644 0.5142591463414634 0.004943181818181818 0.004128048780487804
15 0.7647950487012987 0.5145182926829268 0.01903814935064935 0.027817073170731704
22 0.7185541801948052 0.5159435975609756 0.0048843344155844156 0.0032286585365853657
22 0.7128185876623376 0.5161615853658537 0.004776785714285714 0.0030548780487804875
22 0.5952465503246753 0.5165106707317073 0.004616477272727273 0.0031432926829268295
14 0.7007437094155844 0.5180579268292683 0.014312094155844156 0.02575
22 0.7184912743506493 0.5189435975609756 0.0047585227272727276 0.0025213414634146342
22 0.7125618912337662 0.5194435975609757 0.005075081168831169 0.002911585365853659
22 0.5950750811688312 0.5199756097560976 0.0046793831168831165 0.003975609756097561
24 0.4538423295454545 0.5201768292682927 0.0058989448051948055 0.010475609756097562
29 0.7274989853896103 0.5205137195121952 0.00856939935064935 0.008100609756097561
29 0.7405113636363636 0.521327743902439 0.004967532467532468 0.009728658536585366
24 0.49487926136363636 0.5213018292682926 0.005992288961038961 0.009067073170731707
22 0.7186079545454546 0.5227850609756097 0.004586038961038962 0.004106707317073171
22 0.7129677353896104 0.5229969512195122 0.005075081168831169 0.0033109756097560975
22 0.6851917613636364 0.5239039634146342 0.004717938311688312 0.0032957317073170735
2 0.5929312094155844 0.5244298780487805 0.005667613636363636 0.0037378048780487803
22 0.7838220373376624 0.5244649390243902 0.005144074675324676 0.0025884146341463416
22 0.6809222808441558 0.5256432926829268 0.0022666396103896104 0.007384146341463414
22 0.5974655032467532 0.526109756097561 0.0021550324675324675 0.0077073170731707325
22 0.7130702110389611 0.5266783536585367 0.005280032467532467 0.0033567073170731707
22 0.7240290178571428 0.5269329268292683 0.005687905844155844 0.0032560975609756096
22 0.7297980925324675 0.5269634146341463 0.004644886363636364 0.002707317073170732
2 0.7497585227272727 0.5272530487804878 0.009257305194805195 0.013652439024390244
22 0.783744926948052 0.5276905487804878 0.004584009740259741 0.0029420731707317073
22 0.5932467532467532 0.5283445121951219 0.005487012987012986 0.0042499999999999994
2 0.6177678571428572 0.5299817073170732 0.0029870129870129872 0.009353658536585365
22 0.7129575892857143 0.5306951219512195 0.005460633116883117 0.002853658536585366
24 0.4533654626623376 0.5307545731707317 0.005756899350649351 0.010289634146341464
24 0.49481838474025974 0.5317728658536585 0.005870535714285714 0.00988719512195122
2 0.7949766639610389 0.5319557926829268 0.013248782467532468 0.018789634146341463
22 0.7182822646103897 0.5336432926829268 0.005152191558441558 0.0032621951219512194
24 0.45327008928571433 0.541545731707317 0.006377840909090909 0.010530487804878048
24 0.4954809253246753 0.5425182926829268 0.00557224025974026 0.008817073170731708
14 0.7481371753246754 0.5443414634146342 0.014131493506493507 0.015512195121951221
2 0.7780062905844155 0.5490518292682928 0.015834009740259742 0.02127439024390244
24 0.4532102272727273 0.5528079268292683 0.005446428571428572 0.009884146341463415
24 0.49567370129870125 0.5544329268292683 0.005957792207792208 0.010085365853658537
6 0.5079048295454546 0.5562591463414635 0.014186282467532467 0.43324999999999997
6 0.5224188311688311 0.5564375 0.01521103896103896 0.3677530487804878
6 0.46285917207792204 0.5576920731707317 0.01419237012987013 0.43977439024390247
22 0.6806594967532468 0.558515243902439 0.005393668831168831 0.003615853658536585
22 0.6806209415584416 0.5586783536585366 0.005316558441558442 0.0033323170731707316
2 0.8059892451298701 0.5590335365853659 0.004835633116883117 0.0034329268292682927
22 0.6861982548701299 0.5621265243902439 0.005513392857142857 0.00413109756097561
22 0.686158685064935 0.5621951219512196 0.005434253246753247 0.003658536585365854
24 0.4529981737012987 0.5622408536585366 0.005022321428571429 0.009847560975609754
2 0.8144663149350649 0.5626783536585366 0.005150162337662337 0.0034054878048780488
22 0.6805275974025974 0.5628216463414635 0.005535714285714286 0.004301829268292682
2 0.8063129058441559 0.5629237804878049 0.005888798701298701 0.003896341463414634
22 0.68059862012987 0.5631570121951219 0.005677759740259741 0.003753048780487805
6 0.47952008928571427 0.5636371951219512 0.014640827922077923 0.36507926829268295
29 0.7562672483766234 0.5669984756097561 0.01294034090909091 0.029728658536585368
29 0.7426471185064935 0.5676844512195123 0.01289163961038961 0.030490853658536588
24 0.4970586444805195 0.567704268292683 0.005886769480519481 0.010408536585365854
22 0.6804859983766234 0.5676753048780487 0.004640827922077922 0.003643292682926829
2 0.5398944805194805 0.5686935975609756 0.01525974025974026 0.025192073170731705
22 0.685515422077922 0.5690167682926829 0.0057711038961038965 0.0038871951219512195
29 0.7731655844155844 0.5720015243902439 0.0199512987012987 0.017783536585365852
22 0.6856838474025975 0.572388719512195 0.004890422077922078 0.0020945121951219513
22 0.6857112418831168 0.575765243902439 0.004539366883116883 0.0033597560975609756
2 0.6792775974025974 0.5793185975609756 0.00262987012987013 0.008027439024390244
24 0.49479910714285713 0.5796234756097561 0.006237824675324675 0.010466463414634145
24 0.4531036931818182 0.5803506097560975 0.005233360389610389 0.010091463414634147
14 0.6975365259740259 0.5816051829268293 0.013985389610389611 0.014429878048780487
24 0.6845140016233766 0.5825899390243903 0.0062033279220779225 0.009082317073170731
22 0.6847402597402598 0.589219512195122 0.00625 0.0028292682926829267
24 0.4948904220779221 0.5903246951219513 0.005608766233766234 0.010527439024390245
24 0.4530164366883117 0.5910381097560976 0.005870535714285714 0.010734756097560976
22 0.7019409496753247 0.5915106707317073 0.005748782467532467 0.0031432926829268295
2 0.6859425730519481 0.5928643292682927 0.005407873376623376 0.004021341463414634
29 0.6946256087662337 0.5940472560975609 0.006946022727272727 0.008216463414634147
2 0.686112012987013 0.5981356707317074 0.005340909090909091 0.004198170731707317
22 0.49531351461038964 0.5982378048780488 0.0056432629870129866 0.0031829268292682925
2 0.7722443181818182 0.5981051829268293 0.017702922077922078 0.02182012195121951
2 0.7248051948051948 0.5983978658536585 0.014545454545454547 0.018746951219512194
22 0.6434354707792208 0.5996692073170732 0.005215097402597403 0.004826219512195122
6 0.4312926136363636 0.6012637195121951 0.017211850649350647 0.12082012195121952
24 0.4529007711038961 0.6026631097560975 0.005233360389610389 0.010204268292682927
15 0.7470971996753247 0.6045899390243903 0.0185450487012987 0.043326219512195126
24 0.494273538961039 0.6047530487804877 0.0055925324675324675 0.010115853658536586
6 0.413101663961039 0.6053018292682927 0.015326704545454546 0.13499390243902437
22 0.7012307224025974 0.6070929878048781 0.007980925324675325 0.00564939024390244
2 0.6924421672077922 0.6073521341463415 0.00947849025974026 0.006167682926829269
22 0.6863961038961038 0.6113185975609756 0.002662337662337662 0.009832317073170732
22 0.49471996753246755 0.6118826219512195 0.006079545454545455 0.0030335365853658533
22 0.7015756899350649 0.613126524390244 0.007859172077922078 0.005521341463414634
24 0.4527637987012987 0.614077743902439 0.0057711038961038965 0.011082317073170733
2 0.6924634740259741 0.6139359756097561 0.009521103896103897 0.005920731707317074
22 0.49481229707792207 0.6158673780487806 0.005452516233766234 0.0042957317073170735
2 0.7266933847402597 0.6219573170731707 0.013451704545454546 0.01769512195121951
24 0.4527830762987013 0.624234756097561 0.005403814935064935 0.010664634146341462
2 0.7773802759740259 0.6268170731707318 0.019857954545454547 0.024365853658536586
24 0.49556107954545453 0.6273399390243903 0.005732548701298701 0.010167682926829269
2 0.603330965909091 0.6327835365853659 0.0045515422077922075 0.003371951219512195
22 0.49527495941558447 0.6340685975609756 0.006377840909090909 0.004112804878048781
24 0.45291700487012987 0.6350564024390244 0.005671672077922078 0.010966463414634146
22 0.6029971590909091 0.636108231707317 0.005507305194805195 0.0033140243902439023
22 0.6026623376623377 0.6364878048780487 0.006055194805194805 0.002853658536585366
6 0.8227019074675325 0.6384710365853659 0.03947849025974026 0.13121036585365853
2 0.6033015422077922 0.6394466463414635 0.005710227272727273 0.0032835365853658535
24 0.49563920454545457 0.6417682926829268 0.005888798701298701 0.00975609756097561
29 0.7584547483766234 0.642859756097561 0.012851055194805195 0.03023170731707317
22 0.6032802353896104 0.6430594512195122 0.0044500811688311685 0.0038018292682926833
22 0.6033837256493506 0.6434100609756098 0.005874594155844156 0.0038932926829268293
4 0.7930955762987013 0.6437560975609756 0.006239853896103896 0.010073170731707317
4 0.7872311282467532 0.6437073170731707 0.00546875 0.009975609756097561
2 0.7491599025974026 0.6457057926829268 0.0023782467532467533 0.008484756097560974
24 0.4526227678571429 0.6458018292682927 0.005489042207792208 0.01050609756097561
22 0.4952617694805195 0.6491692073170732 0.005539772727272727 0.004435975609756098
2 0.7287195616883118 0.6492515243902439 0.016286525974025974 0.022283536585365856
24 0.49534293831168835 0.6569573170731707 0.005296266233766234 0.010865853658536586
6 0.5722828733766234 0.6568993902439024 0.010637175324675325 0.021725609756097563
24 0.4543861607142857 0.6587530487804878 0.0053632305194805194 0.010798780487804879
4 0.7928530844155843 0.6676204268292684 0.00575487012987013 0.011460365853658538
24 0.49555803571428575 0.6681615853658537 0.006132305194805195 0.010713414634146342
29 0.7661810064935064 0.6685975609756097 0.020998376623376624 0.020731707317073172
24 0.4540361201298701 0.6704939024390243 0.005474837662337663 0.009890243902439025
2 0.7276491477272727 0.6712896341463415 0.014957386363636362 0.019408536585365854
22 0.43368303571428574 0.6714771341463415 0.004541396103896104 0.003929878048780488
22 0.4484638798701299 0.6717439024390245 0.003664772727272727 0.006902439024390244
24 0.5642562905844156 0.6737393292682926 0.0071651785714285715 0.008454268292682927
22 0.44145393668831173 0.6750487804878048 0.0022260551948051948 0.007414634146341464
2 0.7934324269480519 0.6781920731707316 0.0048843344155844156 0.002725609756097561
24 0.49534293831168835 0.6791966463414634 0.005296266233766234 0.010222560975609757
24 0.45432934253246754 0.6808871951219512 0.005249594155844156 0.010554878048780487
22 0.4433959009740259 0.6814176829268294 0.0016456980519480519 0.006737804878048781
22 0.7567928165584416 0.6825564024390244 0.002627840909090909 0.006576219512195122
22 0.4249279626623377 0.682751524390244 0.0020474837662337662 0.006356707317073171
2 0.687854099025974 0.6841676829268293 0.00476663961038961 0.014067073170731708
2 0.6943009334415584 0.6843246951219513 0.004267451298701299 0.01438109756097561
22 0.7697605519480519 0.6854588414634146 0.002589285714285714 0.009332317073170731
22 0.44873072240259737 0.6869344512195122 0.0037926136363636365 0.003746951219512195
15 0.7471448863636363 0.687172256097561 0.015799512987012987 0.042637195121951216
2 0.5515827922077922 0.6874283536585365 0.0033279220779220777 0.00961280487804878
2 0.564577922077922 0.6875198170731708 0.0029383116883116883 0.009185975609756097
6 0.5725405844155844 0.688920731707317 0.011152597402597404 0.022353658536585365
29 0.7636191152597402 0.6896981707317074 0.010192775974025974 0.020859756097560977
24 0.49534293831168835 0.6902576219512195 0.005296266233766234 0.009783536585365855
22 0.7576349431818182 0.6902073170731707 0.0030945616883116885 0.008463414634146342
24 0.45403104707792213 0.6910304878048781 0.005870535714285714 0.0095
2 0.7286607142857143 0.6944253048780489 0.01616883116883117 0.021777439024390246
2 0.788138189935065 0.6944481707317073 0.014993912337662337 0.024871951219512193
2 0.5328084415584415 0.6947576219512195 0.004334415584415584 0.0047591463414634145
2 0.7702739448051947 0.695219512195122 0.002804383116883117 0.008121951219512195
22 0.5502455357142857 0.6978841463414635 0.005523538961038961 0.004304878048780487
2 0.7566203327922078 0.6987378048780488 0.0030945616883116885 0.00845121951219512
24 0.49516639610389607 0.7004237804878048 0.005349025974025974 0.010603658536585367
2 0.7005377435064936 0.7021036585365854 0.004971590909090909 0.01396341463414634
2 0.6943729707792208 0.7021234756097562 0.004411525974025974 0.014003048780487805
2 0.6882071834415585 0.7023399390243903 0.00466112012987013 0.013826219512195122
24 0.4542339691558442 0.702717987804878 0.005870535714285714 0.010314024390243901
7 0.768547077922078 0.7029268292682926 0.0070616883116883114 0.007073170731707317
2 0.4055793425324675 0.7054847560975609 0.0023112824675324676 0.005481707317073171
22 0.6038281249999999 0.7062987804878048 0.005140016233766234 0.0028414634146341463
22 0.5982193587662338 0.7065289634146341 0.006097808441558441 0.0039115853658536585
22 0.603474025974026 0.7096966463414633 0.005243506493506494 0.002929878048780488
2 0.5411495535714286 0.7113993902439024 0.013711444805194805 0.02157926829268293
24 0.4956219561688312 0.712236280487805 0.005854301948051949 0.011057926829268294
2 0.4051136363636364 0.7125762195121951 0.0030032467532467534 0.00625
2 0.7866619318181818 0.7162149390243903 0.004330357142857143 0.013527439024390244
29 0.774406452922078 0.7175960365853659 0.020403814935064934 0.02116768292682927
6 0.8248325892857143 0.7178734756097561 0.03481128246753247 0.016234756097560976
29 0.7744866071428571 0.7177743902439025 0.020158279220779222 0.02091463414634146
2 0.5551095779220779 0.7177713414634146 0.008758116883116883 0.01603048780487805
29 0.5664701704545455 0.7183384146341464 0.013216314935064933 0.031189024390243902
14 0.7580012175324675 0.7186417682926829 0.012349837662337663 0.029356707317073173
2 0.7261749188311689 0.7193368902439025 0.01687905844155844 0.020990853658536583
2 0.40514711850649354 0.7197545731707318 0.0022585227272727275 0.008411585365853659
14 0.4242583198051948 0.7199923780487805 0.033581574675324674 0.06742378048780488
2 0.688070211038961 0.721217987804878 0.004793019480519481 0.014387195121951218
2 0.6944125405844156 0.7213841463414634 0.004490665584415584 0.015329268292682927
14 0.8006554383116883 0.7217256097560977 0.013242694805194806 0.022109756097560974
2 0.7003216314935065 0.7217103658536586 0.004539366883116883 0.014152439024390244
22 0.5750071022727273 0.7218033536585365 0.0035044642857142857 0.011289634146341463
4 0.819627637987013 0.7295381097560977 0.007355925324675325 0.009076219512195121
4 0.8119176136363636 0.729592987804878 0.007357954545454545 0.009185975609756097
2 0.5558796672077922 0.7304557926829268 0.00583400974025974 0.004204268292682926
22 0.5748741883116883 0.7320625 0.002021103896103896 0.007417682926829268
2 0.40514407467532465 0.7319344512195122 0.002658279220779221 0.005332317073170731
7 0.7971438717532467 0.7349740853658537 0.008654626623376623 0.004094512195121951
2 0.5429099025974026 0.735655487804878 0.013579545454545455 0.023140243902439028
22 0.755841112012987 0.7376692073170731 0.0019419642857142858 0.007655487804878049
22 0.6527637987012987 0.7384801829268293 0.005202922077922078 0.0031798780487804876
22 0.40469866071428573 0.7388490853658537 0.0029849837662337666 0.007576219512195123
2 0.5598356331168831 0.7391051829268293 0.002382305194805195 0.009307926829268292
14 0.7645150162337663 0.7402408536585365 0.013607954545454546 0.012798780487804877
22 0.6649563717532468 0.7408597560975609 0.0019906655844155845 0.007939024390243903
22 0.6671296672077922 0.7410762195121952 0.0018729707792207793 0.008371951219512196
22 0.6695312499999999 0.7409878048780488 0.0018060064935064937 0.007585365853658536
2 0.6296164772727273 0.7420411585365854 0.002333603896103896 0.007253048780487804
24 0.6591568587662338 0.7421173780487805 0.007031249999999999 0.008624999999999999
22 0.6061109983766234 0.7424893292682926 0.005647321428571429 0.005100609756097561
24 0.6752637987012987 0.7424420731707317 0.007183441558441558 0.00927439024390244
2 0.6878845373376623 0.7426966463414635 0.005639204545454545 0.011612804878048782
22 0.6341791801948052 0.7438551829268292 0.004965503246753247 0.004173780487804878
2 0.578479099025974 0.743922256097561 0.00679586038961039 0.0036981707317073173
22 0.7557771915584415 0.745609756097561 0.002625811688311688 0.007073170731707317
24 0.6483583603896104 0.7466341463414634 0.006943993506493506 0.007902439024390244
2 0.5537337662337662 0.7469314024390243 0.00275974025974026 0.008496951219512196
22 0.5568364448051948 0.7468551829268293 0.002065746753246753 0.0077347560975609755
22 0.5600172483766234 0.7471234756097561 0.0019338474025974025 0.008271341463414635
22 0.578051948051948 0.7473521341463415 0.005535714285714286 0.00263109756097561
14 0.5678997564935065 0.7475853658536585 0.013234577922077922 0.02748780487804878
22 0.6693222402597403 0.7477027439024391 0.005040584415584416 0.0033323170731707316
24 0.6409253246753247 0.7476051829268293 0.005876623376623377 0.010454268292682926
22 0.6368719561688312 0.7486448170731707 0.001828327922077922 0.007655487804878049
22 0.4050740665584415 0.7494314024390245 0.0033299512987012988 0.008618902439024391
2 0.44777191558441554 0.7508719512195122 0.012832792207792208 0.025524390243902437
2 0.7609131493506494 0.7511097560975609 0.0055925324675324675 0.004048780487804878
22 0.5781351461038962 0.7510670731707317 0.005296266233766234 0.003353658536585366
14 0.6205681818181817 0.7522560975609757 0.014269480519480519 0.02524390243902439
22 0.7563930600649351 0.7526676829268293 0.002234172077922078 0.007164634146341464
24 0.6574178165584416 0.7535762195121951 0.00598823051948052 0.010810975609756098
24 0.7791456980519481 0.7541905487804877 0.006749188311688311 0.008381097560975609
22 0.6625669642857143 0.7543567073170732 0.002487824675324675 0.00871341463414634
22 0.6510480925324675 0.7547423780487804 0.0021773538961038963 0.007045731707317073
22 0.635 0.754859756097561 0.002548701298701299 0.007280487804878048
2 0.7937155032467532 0.7553643292682927 0.004638798701298701 0.002801829268292683
22 0.6535298295454545 0.7555076219512196 0.001864853896103896 0.008576219512195121
15 0.7889458198051948 0.755859756097561 0.004839691558441559 0.0031829268292682925
2 0.5768648538961039 0.7564512195121951 0.002755681818181818 0.007414634146341464
22 0.6305793425324675 0.7569466463414634 0.005071022727272727 0.0029176829268292683
2 0.7936160714285715 0.7587774390243902 0.004845779220779221 0.002920731707317073
15 0.7884314123376623 0.7586875 0.004622564935064935 0.003350609756097561
22 0.6398143262987013 0.7594298780487805 0.004872159090909091 0.003615853658536585
2 0.7937104301948052 0.7619603658536586 0.0046286525974025975 0.0031890243902439027
15 0.7457974837662338 0.7623323170731707 0.018380681818181817 0.04539634146341463
15 0.7885785308441557 0.7622256097560975 0.004916801948051948 0.0031097560975609753
2 0.5524918831168831 0.7630442073170731 0.004334415584415584 0.00413719512195122
24 0.7820474837662338 0.7633826219512195 0.006870941558441558 0.00786280487804878
2 0.4364590097402597 0.7641493902439024 0.011310876623376624 0.016713414634146342
6 0.8229951298701298 0.7649451219512196 0.038847402597402596 0.040256097560975604
2 0.793533887987013 0.7651722560975609 0.004681412337662338 0.003515243902439024
15 0.788763189935065 0.7658551829268293 0.004880275974025974 0.003051829268292683
24 0.42330458603896104 0.7670015243902438 0.007323457792207793 0.010222560975609757
15 0.7945667613636364 0.7738856707317072 0.003500405844155844 0.011185975609756097
6 0.47719764610389614 0.15172713414634148 0.035969967532467534 0.015039634146341463
22 0.7717370129870129 0.1518932926829268 0.004512987012987013 0.0031768292682926827
2 0.5900527597402598 0.15195579268292683 0.003969155844155844 0.0039115853658536585
22 0.7248762175324676 0.1521189024390244 0.002512175324675325 0.007896341463414634
6 0.429554586038961 0.15234146341463414 0.04539163961038961 0.014439024390243903
22 0.7948457792207793 0.15310213414634147 0.002435064935064935 0.008033536585365854
15 0.4557234172077922 0.1532332317073171 0.003979301948051948 0.011344512195121951
22 0.797315340909091 0.1533185975609756 0.0020982142857142857 0.00785670731707317
22 0.8018374594155844 0.1533185975609756 0.0022138798701298703 0.00785670731707317
22 0.7994876217532467 0.1533689024390244 0.0019784902597402595 0.007957317073170732
22 0.8042390422077922 0.1532545731707317 0.0021469155844155846 0.007728658536585367
2 0.8088118912337662 0.15342073170731707 0.0027698863636363637 0.008060975609756098
22 0.8063433441558441 0.15367530487804879 0.0018912337662337663 0.0073506097560975606
22 0.816387987012987 0.15464939024390245 0.0045292207792207795 0.0025914634146341465
6 0.5164782873376623 0.15470121951219512 0.024028003246753245 0.014890243902439025
2 0.6085480925324676 0.1546143292682927 0.004028003246753247 0.0037408536585365852
2 0.7755712256493507 0.15663262195121952 0.005687905844155844 0.0022896341463414633
22 0.816387987012987 0.15776067073170733 0.0045292207792207795 0.003326219512195122
24 0.6226532061688311 0.15841463414634147 0.01559862012987013 0.02231707317073171
14 0.7150547889610389 0.15913262195121952 0.016554383116883117 0.0213140243902439
2 0.5968120941558441 0.15971189024390245 0.002065746753246753 0.007228658536585366
2 0.5865543831168831 0.1602469512195122 0.002654220779220779 0.008908536585365853
22 0.5917502029220779 0.16029573170731706 0.0028997564935064933 0.009006097560975609
2 0.5945393668831168 0.16015548780487804 0.0023904220779220778 0.008115853658536586
2 0.6051166801948051 0.1602393292682927 0.0028469967532467532 0.007673780487804879
22 0.6018942775974027 0.16057621951219514 0.0028956980519480517 0.008957317073170731
22 0.7250892857142857 0.16055030487804878 0.0025324675324675324 0.008295731707317074
14 0.7337834821428572 0.1606371951219512 0.013427353896103897 0.024323170731707318
2 0.5585480925324675 0.1609435975609756 0.017258522727272727 0.027984756097560976
14 0.7335856331168832 0.16152743902439023 0.014655032467532468 0.024884146341463416
2 0.4649340503246754 0.16291006097560976 0.0021083603896103896 0.0075274390243902445
22 0.816437702922078 0.162890243902439 0.0046286525974025975 0.0032195121951219515
2 0.46237520292207795 0.16323170731707318 0.0022666396103896104 0.00878048780487805
22 0.8229494724025974 0.16409451219512194 0.005882711038961039 0.0037987804878048784
22 0.431502637987013 0.1653018292682927 0.003427353896103896 0.012310975609756098
22 0.43507305194805196 0.16520884146341464 0.004074675324675325 0.012125
14 0.7632274756493507 0.1669862804878049 0.009815340909090909 0.017509146341463413
2 0.8164437905844155 0.1673155487804878 0.005046672077922078 0.0041432926829268295
2 0.8230681818181818 0.16760670731707317 0.00612012987012987 0.002896341463414634
22 0.6771377840909091 0.16789939024390246 0.008090503246753247 0.005920731707317074
22 0.7250192775974026 0.16802743902439024 0.0023924512987012984 0.006786585365853659
6 0.41815543831168833 0.16867378048780488 0.022187500000000002 0.014786585365853658
22 0.5864336444805195 0.16869512195121952 0.0028185876623376626 0.008121951219512195
2 0.5968557224025973 0.16877896341463416 0.0025588474025974024 0.007070121951219512
2 0.591828327922078 0.16907926829268294 0.002244318181818182 0.007060975609756098
2 0.5945789366883117 0.16907469512195122 0.0020637175324675324 0.007661585365853658
2 0.6047717126623376 0.1693094512195122 0.0021570616883116885 0.0069115853658536595
2 0.6020586444805195 0.16941006097560973 0.0024127435064935066 0.006503048780487805
2 0.6000223214285714 0.1692637195121951 0.001992694805194805 0.007429878048780488
2 0.5894774756493507 0.16945731707317074 0.0028185876623376626 0.007207317073170732
2 0.6073650568181818 0.16947865853658536 0.002067775974025974 0.007859756097560976
2 0.6120799512987013 0.17128201219512193 0.00419237012987013 0.013905487804878049
22 0.6375740665584416 0.17183841463414634 0.008102678571428571 0.005871951219512196
14 0.8014011769480519 0.17239176829268293 0.01919845779220779 0.028320121951219513
22 0.7887489853896104 0.17291463414634145 0.005663555194805195 0.00375609756097561
22 0.7886018668831168 0.1728795731707317 0.004963474025974026 0.003076219512195122
2 0.7721073457792208 0.1728140243902439 0.005659496753246753 0.004164634146341464
2 0.7835166396103896 0.17285670731707317 0.004533279220779221 0.003640243902439024
2 0.778377637987013 0.17315548780487805 0.005213068181818182 0.004237804878048781
2 0.5238058035714286 0.1731158536585366 0.014332386363636363 0.020621951219512196
24 0.7134415584415584 0.17352286585365853 0.007646103896103896 0.007411585365853658
22 0.7557771915584415 0.1734435975609756 0.0054667207792207795 0.004814024390243902
2 0.46894277597402595 0.1736417682926829 0.002414772727272727 0.008259146341463415
2 0.7523244724025974 0.1739451219512195 0.0022138798701298703 0.005817073170731706
22 0.5126846590909091 0.17407469512195123 0.004671266233766234 0.0024176829268292683
22 0.7372514204545455 0.17476219512195124 0.00575284090909091 0.003792682926829268
22 0.7255184659090909 0.17503658536585365 0.00460836038961039 0.003731707317073171
22 0.513005275974026 0.17797865853658537 0.0040949675324675324 0.002908536585365853
2 0.5928033685064935 0.17834756097560975 0.0025710227272727273 0.00852439024390244
2 0.6017735389610389 0.17838871951219512 0.003060064935064935 0.00738719512195122
2 0.8213605925324675 0.17851067073170732 0.012039366883116883 0.01738719512195122
2 0.608708400974026 0.1785030487804878 0.0023193993506493505 0.008225609756097561
2 0.6054728084415585 0.17869664634146343 0.002747564935064935 0.008003048780487805
2 0.47713981331168825 0.18185670731707318 0.003386769480519481 0.007615853658536585
2 0.47239143668831174 0.18214024390243902 0.0024127435064935066 0.007573170731707317
2 0.5807903814935066 0.18241920731707317 0.005330762987012987 0.0038628048780487804
2 0.47470779220779225 0.18254115853658537 0.0029870129870129872 0.007765243902439024
2 0.414958400974026 0.18394054878048782 0.004835633116883117 0.004466463414634147
2 0.4096418425324675 0.18450914634146343 0.006377840909090909 0.004384146341463415
2 0.5788666801948052 0.18534146341463414 0.005135957792207792 0.003
24 0.5044003652597403 0.18775152439024392 0.00677150974025974 0.009039634146341463
22 0.4736799918831169 0.18879420731707316 0.005395698051948052 0.0031981707317073173
2 0.5786576704545454 0.1888734756097561 0.005529626623376623 0.003966463414634146
6 0.6921722808441558 0.1901844512195122 0.15463676948051946 0.029759146341463413
2 0.8171854707792208 0.19114176829268295 0.0061241883116883115 0.008503048780487805
2 0.8228652597402597 0.19139634146341464 0.004496753246753247 0.007182926829268292
22 0.47380783279220784 0.19183993902439025 0.005245535714285715 0.0038018292682926833
2 0.5786160714285714 0.1935457317073171 0.005446428571428572 0.004164634146341464
24 0.491044034090909 0.19403506097560974 0.005627029220779221 0.010021341463414633
22 0.4970647321428571 0.1941310975609756 0.004275568181818182 0.00350609756097561
2 0.817338676948052 0.1970060975609756 0.0056189123376623375 0.0031585365853658534
2 0.8229717938311688 0.1973064024390244 0.006333198051948052 0.0037591463414634145
22 0.4972088068181818 0.1975655487804878 0.005375405844155844 0.0030579268292682924
2 0.5788626217532468 0.19860670731707317 0.005939529220779221 0.003920731707317073
22 0.8067146915584416 0.200609756097561 0.0026339285714285714 0.00853658536585366
2 0.8105803571428571 0.20076981707317074 0.003060064935064935 0.008856707317073172
22 0.4971306818181818 0.20131859756097562 0.005625 0.0032469512195121954
2 0.8019734172077922 0.20139176829268293 0.0024857954545454545 0.007661585365853658
2 0.8039600243506494 0.2015716463414634 0.0028064123376623376 0.008021341463414634
2 0.7997930194805195 0.2015487804878049 0.0021834415584415586 0.007975609756097561
2 0.5786820211038961 0.20290091463414633 0.005578327922077922 0.003972560975609756
22 0.49756392045454545 0.20471189024390246 0.005273944805194805 0.003326219512195122
2 0.5785511363636363 0.2057698170731707 0.005316558441558442 0.004222560975609756
14 0.4433502435064935 0.20642378048780485 0.029963474025974025 0.05248170731707317
6 0.4749096996753247 0.20665701219512198 0.033423295454545456 0.01941158536585366
2 0.8198031655844156 0.20844359756097564 0.012171266233766234 0.01566768292682927
2 0.8100142045454546 0.2086920731707317 0.002739448051948052 0.007018292682926829
2 0.8119876217532467 0.20926067073170732 0.002221996753246753 0.006935975609756098
2 0.5785267857142857 0.21115853658536585 0.005267857142857143 0.004024390243902439
22 0.7157386363636363 0.21127439024390243 0.0069642857142857145 0.004865853658536585
22 0.6281128246753247 0.21148170731707316 0.005008116883116883 0.0028414634146341463
2 0.6173376623376623 0.2138887195121951 0.005373376623376624 0.0033871951219512195
22 0.628036728896104 0.21457774390243903 0.0044500811688311685 0.002326219512195122
2 0.8110166396103896 0.21497256097560977 0.005556006493506493 0.0037256097560975612
2 0.4968465909090909 0.21517682926829268 0.005462662337662338 0.003524390243902439
2 0.5784517045454546 0.21652591463414636 0.005117694805194805 0.0037835365853658535
14 0.6375 0.21701676829268293 0.014042207792207793 0.014521341463414635
6 0.41436688311688313 0.21707926829268293 0.015827922077922076 0.05610975609756097
2 0.617362012987013 0.2172637195121951 0.005422077922077922 0.003429878048780488
22 0.6276156655844155 0.21822408536585367 0.005231331168831169 0.002301829268292683
22 0.4627404626623377 0.21853353658536584 0.005432224025974026 0.004140243902439025
2 0.4919926948051948 0.21873780487804878 0.005089285714285714 0.0039390243902439025
2 0.578414163961039 0.22015853658536585 0.005448457792207793 0.0025121951219512196
2 0.617283887987013 0.22111890243902438 0.005671672077922078 0.003823170731707317
22 0.6274249188311688 0.22138262195121952 0.005255681818181818 0.0031310975609756095
29 0.7303327922077922 0.222375 0.021542207792207793 0.020359756097560976
6 0.7836881087662337 0.22397103658536585 0.033691152597402595 0.03513719512195122
24 0.716471185064935 0.224827743902439 0.005994318181818181 0.010631097560975609
22 0.6271722808441559 0.2253887195121951 0.00515625 0.004435975609756098
2 0.5807721185064936 0.22566006097560976 0.002453327922077922 0.006807926829268292
22 0.4959385146103896 0.22651829268292684 0.005675730519480519 0.004865853658536585
22 0.48596185064935066 0.22682621951219512 0.005202922077922078 0.00426219512195122
29 0.4879981737012987 0.2329862804878049 0.007652191558441559 0.00865548780487805
22 0.49685876623376624 0.2344359756097561 0.004675324675324675 0.003628048780487805
2 0.5853642451298702 0.23603353658536588 0.0018973214285714286 0.009262195121951219
2 0.5827739448051947 0.23641615853658537 0.002804383116883117 0.009417682926829268
2 0.591255073051948 0.23641310975609756 0.0023153409090909093 0.007582317073170732
2 0.5968851461038961 0.23677896341463414 0.0022118506493506492 0.008314024390243903
2 0.6003206168831169 0.23659908536585364 0.002589285714285714 0.007954268292682927
2 0.5948193993506493 0.23674390243902438 0.0021387987012987013 0.0076341463414634145
2 0.5883441558441559 0.23667530487804878 0.0021753246753246753 0.008106707317073171
2 0.6050558035714286 0.23677896341463414 0.0023193993506493505 0.006484756097560975
2 0.6079383116883117 0.236875 0.0028084415584415582 0.007896341463414634
2 0.6029291801948052 0.23691158536585366 0.0017187500000000002 0.00675
2 0.609926948051948 0.23691158536585366 0.0023214285714285715 0.00675
2 0.6123965097402597 0.23739786585365852 0.0023904220779220778 0.008942073170731707
22 0.4972179383116883 0.2378704268292683 0.004176136363636364 0.0031798780487804876
7 0.4384161931818182 0.23792225609756099 0.005890827922077922 0.008161585365853659
6 0.45447544642857146 0.23928810975609757 0.013658685064935065 0.009673780487804878
22 0.4320870535714285 0.23957926829268295 0.006625405844155844 0.005378048780487805
14 0.5329464285714286 0.2406920731707317 0.06142857142857144 0.09235975609756097
22 0.4899979707792208 0.24114634146341465 0.004752435064935065 0.003634146341463415
22 0.444812297077922 0.2417926829268293 0.0056960227272727275 0.004926829268292683
22 0.8081554383116883 0.24540548780487803 0.0055154220779220775 0.005445121951219512
6 0.6926247970779221 0.24567530487804878 0.15473011363636363 0.02854573170731707
2 0.7713585633116883 0.24897865853658535 0.0025385551948051946 0.005274390243902439
2 0.7982619724025974 0.25021493902439024 0.004397321428571429 0.013234756097560975
2 0.802325487012987 0.25033079268292685 0.0035957792207792208 0.013466463414634146
2 0.8201917613636364 0.251015243902439 0.003208198051948052 0.008128048780487805
4 0.4103003246753247 0.25184146341463415 0.007694805194805195 0.008560975609756096
6 0.47681818181818186 0.25202439024390244 0.02952922077922078 0.018073170731707316
4 0.41746550324675324 0.2522286585365853 0.007008928571428571 0.008725609756097562
29 0.813625202922078 0.25726524390243904 0.010367288961038962 0.013310975609756097
22 0.8238017451298701 0.26008841463414634 0.0023112824675324676 0.007981707317073171
2 0.805450487012987 0.2696371951219512 0.001728896103896104 0.00878658536585366
2 0.8079352678571429 0.27005792682926827 0.002234172077922078 0.009628048780487805
2 0.6179545454545455 0.2710167682926829 0.01310064935064935 0.020082317073170732
2 0.814700689935065 0.2725564024390244 0.0056189123376623375 0.004259146341463415
22 0.8209953327922077 0.2741295731707317 0.0019744318181818183 0.007405487804878048
22 0.823244724025974 0.2741417682926829 0.0020089285714285717 0.008039634146341464
2 0.7571053165584415 0.27491615853658535 0.004064529220779221 0.004100609756097561
22 0.569976663961039 0.2765685975609756 0.0027780032467532466 0.008015243902439025
22 0.7855184659090909 0.2767408536585366 0.0028551136363636365 0.007750000000000001
22 0.5702211850649351 0.2770899390243903 0.002049512987012987 0.007228658536585366
29 0.4782061688311688 0.2782560975609756 0.0059253246753246756 0.012
24 0.46337053571428566 0.27864481707317074 0.005880681818181818 0.010948170731707316
29 0.4701937905844155 0.278734756097561 0.00572849025974026 0.01173780487804878
22 0.8224736201298701 0.2813368902439024 0.004931006493506493 0.003527439024390244
22 0.8226674107142857 0.28481707317073174 0.004912743506493507 0.003780487804878049
2 0.7851217532467533 0.28475914634146343 0.005308441558441558 0.003664634146341463
2 0.7848356331168831 0.28841615853658537 0.005547889610389611 0.0042713414634146345
2 0.784369926948052 0.2923033536585366 0.006239853896103896 0.0035091463414634147
22 0.5111698457792208 0.2926387195121951 0.0032650162337662337 0.007838414634146341
2 0.5303145292207792 0.2929481707317073 0.0029991883116883117 0.00723780487804878
2 0.5733563311688312 0.2929984756097561 0.002232142857142857 0.007948170731707317
2 0.5370890827922078 0.29313262195121953 0.003967126623376623 0.003948170731707317
22 0.5589691558441559 0.29320121951219513 0.0018668831168831166 0.008353658536585365
2 0.5527607548701299 0.2930640243902439 0.0024370941558441556 0.008079268292682927
22 0.5325842126623376 0.29330487804878047 0.0022625811688311687 0.007951219512195122
22 0.5587155032467532 0.2933826219512195 0.0021712662337662336 0.007496951219512195
2 0.5501846590909091 0.29341463414634145 0.002560876623376623 0.008170731707317073
29 0.467770900974026 0.2935015243902439 0.02117491883116883 0.017490853658536584
22 0.5759618506493507 0.29359756097560974 0.002573051948051948 0.00853658536585366
2 0.5615564123376623 0.2935518292682927 0.0021712662337662336 0.007835365853658537
2 0.48719663149350656 0.29390091463414636 0.01619521103896104 0.021948170731707316
14 0.8018242694805194 0.2951036585365854 0.026943993506493506 0.04081707317073171
29 0.6031392045454546 0.294905487804878 0.009849837662337662 0.02029878048780488
22 0.581387987012987 0.29538109756097564 0.0020616883116883118 0.007835365853658537
24 0.5191680194805195 0.2954557926829268 0.005462662337662338 0.011033536585365853
22 0.579085836038961 0.2959451219512195 0.0023275162337662338 0.00774390243902439
29 0.5873112824675325 0.29670884146341464 0.009443993506493506 0.02085670731707317
6 0.689838676948052 0.2982576219512195 0.16133319805194804 0.03188109756097561
2 0.5303023538961039 0.3003689024390244 0.004598214285714285 0.0037865853658536584
24 0.7811810064935064 0.30062804878048777 0.005949675324675325 0.011621951219512195
22 0.5353551136363637 0.30123170731707316 0.004557629870129871 0.0024634146341463415
22 0.8223376623376624 0.3026875 0.00465909090909091 0.0035457317073170733
2 0.5788971185064935 0.30309451219512196 0.007631899350649351 0.0055792682926829274
2 0.551364650974026 0.3040091463414634 0.007355925324675325 0.004969512195121951
2 0.5403967126623376 0.30409908536585367 0.004900568181818181 0.0033201219512195125
2 0.5699259334415584 0.3042789634146341 0.005111607142857143 0.003679878048780488
22 0.5300294237012987 0.3046173780487805 0.004864042207792208 0.003746951219512195
22 0.5355478896103896 0.30473780487804875 0.004537337662337662 0.002768292682926829