2 0.6481858766233767 0.3056448170731707 0.00700487012987013 0.006411585365853659
2 0.556080560064935 0.3056996951219512 0.005424107142857143 0.004692073170731707
14 0.45865462662337664 0.30947103658536584 0.019176136363636364 0.023820121951219513
14 0.41291599025974024 0.31034603658536586 0.019825487012987014 0.025570121951219514
2 0.647578125 0.31132621951219513 0.007006899350649351 0.007408536585365854
2 0.4868029626623377 0.31188414634146344 0.003638392857142857 0.006695121951219512
14 0.6072017045454545 0.31175914634146346 0.015539772727272727 0.018030487804878047
15 0.6324401379870129 0.3124268292682927 0.024620535714285713 0.03278048780487805
2 0.7154981737012986 0.31311737804878054 0.01825284090909091 0.02257621951219512
7 0.5573224431818182 0.31335670731707316 0.013183847402597402 0.007201219512195122
14 0.5300517451298701 0.314375 0.01586647727272727 0.023871951219512196
15 0.5095880681818182 0.3153079268292683 0.011870941558441558 0.021469512195121953
2 0.5805397727272728 0.3173125 0.004829545454545454 0.003527439024390244
22 0.3637327516233766 0.3186265243902439 0.002627840909090909 0.0031067073170731705
22 0.5565756899350649 0.31943750000000004 0.00479099025974026 0.0035091463414634147
14 0.7359638798701299 0.3204496951219512 0.0076420454545454534 0.014679878048780487
2 0.5798538961038961 0.32179420731707314 0.004675324675324675 0.0051737804878048774
22 0.3771773538961039 0.32185213414634145 0.0031371753246753247 0.002850609756097561
2 0.5419673295454546 0.3222926829268292 0.0035775162337662336 0.01104878048780488
2 0.35921570616883114 0.3224298780487805 0.0033340097402597404 0.00400609756097561
2 0.5458147321428571 0.3226341463414634 0.003967126623376623 0.011121951219512195
22 0.5562844967532468 0.322922256097561 0.004614448051948052 0.004381097560975609
22 0.37738027597402596 0.3248536585365854 0.004354707792207793 0.0021463414634146343
22 0.760744724025974 0.32600152439024394 0.0036323051948051947 0.0032225609756097564
22 0.7570403814935065 0.326155487804878 0.0023112824675324676 0.00475
22 0.7745556006493507 0.3262164634146342 0.001221590909090909 0.003652439024390244
22 0.7728662743506494 0.3262149390243902 0.0014955357142857142 0.004259146341463415
2 0.5794439935064936 0.326390243902439 0.002637987012987013 0.004
2 0.6018394886363636 0.3265076219512195 0.010091314935064934 0.006064024390243903
22 0.7712378246753246 0.32689939024390247 0.0014853896103896105 0.004408536585365854
22 0.776291599025974 0.32668140243902444 0.0014468344155844155 0.003972560975609756
22 0.3576461038961039 0.32758231707317076 0.0030357142857142857 0.002725609756097561
14 0.38585328733766233 0.3281798780487805 0.005066964285714286 0.006969512195121951
2 0.3758634334415585 0.3284496951219512 0.001726866883116883 0.0032408536585365856
14 0.36828125 0.3285625 0.009289772727272728 0.015051829268292682
2 0.37779931006493506 0.32864176829268293 0.0011343344155844155 0.003625
2 0.3590239448051948 0.3321737804878049 0.0021387987012987013 0.003981707317073171
14 0.6746864853896104 0.33309603658536585 0.011710633116883118 0.01863109756097561
2 0.353065137987013 0.3339862804878049 0.0044257305194805195 0.0027286585365853657
2 0.3850578327922078 0.33440396341463413 0.0034760551948051946 0.002344512195121951
22 0.3910196834415584 0.334780487804878 0.0024127435064935066 0.004926829268292683
2 0.3769318181818182 0.33507774390243905 0.002646103896103896 0.002472560975609756
22 0.37689935064935065 0.33761432926829266 0.0033928571428571428 0.001448170731707317
2 0.5112327516233767 0.33815701219512195 0.005014204545454546 0.003753048780487805
22 0.38296469155844154 0.3385609756097561 0.002536525974025974 0.003951219512195122
22 0.37687804383116885 0.33935975609756097 0.0025385551948051946 0.0024999999999999996
14 0.35315036525974025 0.3414024390243902 0.006219561688311688 0.00902439024390244
2 0.5109293831168832 0.34232012195121947 0.0027840909090909092 0.003542682926829268
2 0.6322899756493506 0.34224390243902436 0.0028104707792207793 0.007048780487804878
2 0.6281270292207792 0.3446615853658537 0.002601461038961039 0.00700609756097561
2 0.6450344967532468 0.34682774390243903 0.012065746753246754 0.019875
2 0.3527171266233766 0.34928506097560974 0.004947240259740259 0.004057926829268293
2 0.6053043831168832 0.35030945121951224 0.001193181818181818 0.0048871951219512195
2 0.6069581980519481 0.35096493902439024 0.0012540584415584415 0.004978658536585365
2 0.551148538961039 0.35223780487804873 0.004082792207792208 0.0032560975609756096
2 0.6285612824675325 0.35235823170731706 0.004687500000000001 0.005935975609756098
2 0.674526176948052 0.35520274390243906 0.005708198051948052 0.004917682926829268
2 0.6856097808441558 0.3567423780487805 0.00677150974025974 0.004948170731707317
2 0.6323112824675325 0.3574710365853659 0.0028530844155844155 0.006405487804878049
2 0.5280073051948052 0.36138719512195117 0.0036607142857142854 0.0032621951219512194
2 0.6620048701298702 0.3620228658536585 0.015568181818181818 0.021606707317073173
22 0.3876998782467532 0.3648871951219512 0.0018607954545454546 0.004774390243902439
2 0.38581168831168833 0.36738262195121957 0.0009253246753246752 0.003667682926829268
2 0.6769825487012987 0.3677682926829268 0.010215097402597403 0.01724390243902439
2 0.6323975243506493 0.3704588414634146 0.003025568181818182 0.007990853658536586
2 0.6279809253246753 0.37169512195121956 0.003526785714285714 0.006804878048780488
22 0.3876461038961039 0.37179420731707313 0.0013474025974025974 0.0033445121951219516
14 0.5266538149350649 0.37184298780487807 0.011099837662337663 0.018685975609756097
2 0.5832640016233765 0.3756798780487805 0.011089691558441557 0.016603658536585367
2 0.6081290584415585 0.37799390243902437 0.0015665584415584415 0.004768292682926829
14 0.6188352272727272 0.3787423780487805 0.01445616883116883 0.011753048780487803
2 0.6051866883116883 0.378875 0.0021753246753246753 0.005310975609756098
2 0.606810064935065 0.37894207317073175 0.0013636363636363635 0.00422560975609756
2 0.6281229707792207 0.3793125 0.0021874999999999998 0.005576219512195122
22 0.38797889610389613 0.3820335365853658 0.002012987012987013 0.004310975609756098
14 0.5503236607142857 0.3826234756097561 0.022725243506493506 0.052442073170731705
22 0.38986505681818184 0.3834573170731707 0.001726866883116883 0.0059390243902439025
7 0.6348944805194806 0.38425609756097556 0.005584415584415584 0.004487804878048781
14 0.5733766233766233 0.38640243902439025 0.0059253246753246756 0.00878048780487805
2 0.5676714691558442 0.38712347560975613 0.0030377435064935067 0.006564024390243903
22 0.36226359577922074 0.3875990853658537 0.0021245941558441558 0.0038567073170731707
2 0.6281534090909091 0.3894649390243902 0.003060064935064935 0.006368902439024391
22 0.5800639204545455 0.38971189024390246 0.003877840909090909 0.0032042682926829266
2 0.3970109577922078 0.39121036585365854 0.0034375000000000005 0.008640243902439025
2 0.6347443181818182 0.3918368902439024 0.00325487012987013 0.0025762195121951216
22 0.36222098214285714 0.3928719512195122 0.003256899350649351 0.0028170731707317072
14 0.5323173701298701 0.39486737804878047 0.007410714285714286 0.008637195121951219
22 0.5264174107142857 0.39561280487804873 0.003321834415584416 0.005859756097560976
22 0.6338514610389611 0.3988948170731707 0.0010633116883116884 0.0026676829268292685
2 0.6379657061688312 0.39905030487804877 0.005233360389610389 0.005417682926829268
2 0.5323630275974026 0.4007286585365854 0.0030377435064935067 0.0026768292682926827
22 0.6316375811688312 0.4005899390243902 0.002723214285714286 0.005448170731707318
22 0.5966670048701299 0.40080945121951217 0.0017755681818181818 0.003448170731707317
22 0.5995586444805194 0.40258841463414635 0.0018770292207792208 0.003347560975609756
6 0.7704717938311689 0.40322103658536584 0.11237215909090909 0.08997865853658536
22 0.6337165178571429 0.40451981707317075 0.0020109577922077923 0.003551829268292683
2 0.6378936688311688 0.4045030487804878 0.005900974025974026 0.003518292682926829
22 0.6313220373376623 0.4054009146341463 0.0033096590909090905 0.002875
14 0.6207224025974026 0.4055121951219512 0.009707792207792209 0.01895121951219512
14 0.5322219967532468 0.40596493902439024 0.008437499999999999 0.007051829268292682
2 0.5927881493506494 0.4065579268292683 0.002946428571428571 0.0045792682926829266
14 0.5984588068181818 0.4073140243902439 0.00414163961038961 0.005481707317073171
2 0.6782437094155844 0.4112545731707317 0.0029971590909090907 0.008484756097560974
2 0.633179788961039 0.4117682926829268 0.004184253246753247 0.007682926829268293
2 0.5319855925324676 0.4117012195121952 0.0030945616883116885 0.002670731707317073
22 0.5116741071428572 0.4119451219512195 0.003867694805194805 0.004987804878048781
2 0.5894521103896104 0.41384451219512197 0.004797077922077922 0.004518292682926829
22 0.5941872970779222 0.4139740853658537 0.002903814935064935 0.003557926829268293
22 0.5980702110389611 0.4141265243902439 0.002958603896103896 0.0020335365853658537
2 0.5500202922077922 0.4143338414634147 0.0038555194805194805 0.005496951219512196
22 0.5433522727272727 0.41471951219512193 0.0035064935064935067 0.0026097560975609758
22 0.5562702922077922 0.4151265243902439 0.002150974025974026 0.005253048780487805
2 0.6786789772727273 0.41883841463414634 0.003461850649350649 0.002920731707317073
14 0.6854230925324675 0.42687804878048785 0.007615665584415584 0.00802439024390244
14 0.6201116071428571 0.4274298780487805 0.008080357142857143 0.013396341463414634
6 0.35584517045454545 0.43585670731707316 0.0132325487012987 0.057689024390243905
2 0.6826806006493507 0.43802134146341465 0.0033482142857142855 0.0022621951219512194
2 0.6947920048701298 0.4383551829268293 0.002408685064935065 0.002320121951219512
2 0.6868191964285715 0.4387103658536585 0.0022909902597402594 0.005469512195121952
2 0.6902414772727273 0.43904573170731703 0.0026420454545454546 0.00675
2 0.6945586444805194 0.44091768292682926 0.0027536525974025975 0.001347560975609756
2 0.6944439935064934 0.44344817073170734 0.002524350649350649 0.002140243902439024
2 0.694710836038961 0.4470259146341463 0.004275568181818182 0.0038079268292682926
2 0.6825578327922078 0.44910670731707314 0.006755275974025974 0.010408536585365854
2 0.5643851461038961 0.44938567073170727 0.0037702922077922077 0.002429878048780488
22 0.3889184253246753 0.4499420731707317 0.003080357142857143 0.0017134146341463415
22 0.5643394886363636 0.4520792682926829 0.004490665584415584 0.0023292682926829267
22 0.3889184253246753 0.45239786585365854 0.002674512987012987 0.0023567073170731707
2 0.6717674512987013 0.4533490853658536 0.003031655844155844 0.009137195121951219
2 0.675505275974026 0.45324542682926827 0.0032021103896103893 0.009539634146341463
7 0.5679880275974026 0.4546371951219512 0.0032650162337662337 0.012323170731707318
29 0.5725537743506494 0.45509603658536585 0.004279626623376624 0.008362804878048781
22 0.37673498376623377 0.45518445121951223 0.0030641233766233763 0.0018323170731707316
22 0.5654849837662338 0.455467987804878 0.0015056818181818181 0.004228658536585365
29 0.5587155032467532 0.4565518292682927 0.007853084415584416 0.007615853658536585
2 0.5638839285714285 0.4563993902439024 0.0011444805194805194 0.005481707317073171
22 0.3769135551948052 0.45776524390243906 0.003421266233766234 0.002725609756097561
14 0.6892755681818182 0.45802896341463417 0.002739448051948052 0.007521341463414635
22 0.3768942775974026 0.46051524390243903 0.0033827110389610393 0.0015182926829268293
22 0.5726359577922078 0.4607530487804878 0.00403814935064935 0.0032134146341463413
2 0.6732406655844156 0.4616051829268293 0.0035430194805194807 0.002478658536585366
22 0.3769815340909091 0.4624298780487805 0.00315137987012987 0.002298780487804878
22 0.559278612012987 0.46300762195121953 0.00492086038961039 0.003454268292682927
22 0.5680712256493506 0.4633460365853659 0.004648944805194805 0.0035213414634146342
2 0.5723650568181817 0.4636844512195122 0.003496347402597403 0.002978658536585366
22 0.37652495941558445 0.4651768292682927 0.0026440746753246753 0.0016951219512195122
22 0.6256057224025974 0.465859756097561 0.001617288961038961 0.004890243902439024
2 0.6733674918831168 0.4660670731707317 0.006231737012987014 0.004695121951219512
22 0.6220068993506493 0.4661753048780488 0.002536525974025974 0.00613109756097561
22 0.623744926948052 0.4663475609756097 0.0015482954545454545 0.0058658536585365845
2 0.560101461038961 0.46725914634146337 0.004131493506493506 0.003420731707317073
22 0.3764174107142857 0.4674603658536585 0.0028348214285714287 0.0019939024390243903
2 0.7387479707792208 0.46827439024390244 0.013616071428571427 0.015817073170731707
2 0.7996103896103897 0.4689923780487805 0.013587662337662336 0.017862804878048782
2 0.7704484577922078 0.46947713414634146 0.0141112012987013 0.017612804878048782
22 0.3764569805194805 0.4696204268292683 0.002508116883116883 0.0020457317073170733
2 0.7853064123376623 0.46958536585365857 0.014200487012987014 0.02026829268292683
2 0.7236282467532468 0.46971036585365855 0.01422077922077922 0.019298780487804878
22 0.37664874188311687 0.47207012195121956 0.0020799512987012985 0.0020670731707317074
2 0.692752637987013 0.4754451219512195 0.01091112012987013 0.01674390243902439
2 0.6805803571428571 0.4756890243902439 0.0032061688311688314 0.009304878048780487
29 0.6734598214285714 0.4768033536585366 0.0035754870129870134 0.003606707317073171
22 0.40054180194805195 0.4800411585365854 0.0011647727272727274 0.003984756097560976
22 0.39905742694805196 0.4801356707317073 0.0010369318181818184 0.004783536585365854
2 0.5447382305194804 0.4866417682926829 0.002625811688311688 0.003771341463414634
29 0.7690290178571428 0.4870731707317073 0.00802556818181818 0.008292682926829269
14 0.7369318181818182 0.4875609756097561 0.00551948051948052 0.008048780487804878
22 0.5419206574675325 0.4887606707317073 0.0026724837662337663 0.004960365853658537
14 0.6323325892857143 0.4922240853658536 0.027246347402597404 0.03627743902439024
29 0.7484202516233767 0.49233384146341463 0.0045515422077922075 0.0053993902439024395
29 0.7584527191558442 0.49250304878048784 0.0059476461038961035 0.006957317073170732
2 0.6151268262987013 0.5006371951219512 0.0037926136363636365 0.0024939024390243903
2 0.6153500405844157 0.503407012195122 0.0026156655844155846 0.0031554878048780485
29 0.7584050324675324 0.5035365853658537 0.005446428571428572 0.008292682926829269
29 0.7477069805194805 0.5038871951219512 0.003125 0.004725609756097561
2 0.7360795454545455 0.504547256097561 0.004626623376623376 0.003606707317073171
2 0.7358705357142857 0.5093033536585366 0.005020292207792208 0.0045823170731707314
22 0.7437388392857143 0.5120670731707316 0.00127637987012987 0.003402439024390244
22 0.7467096185064934 0.5123307926829268 0.001130275974025974 0.0033201219512195125
2 0.7453135146103896 0.5122743902439024 0.0011789772727272727 0.0038170731707317072
22 0.7753409090909091 0.5123673780487805 0.0011688311688311688 0.004003048780487805
14 0.4217065746753247 0.5123643292682927 0.008185876623376625 0.007655487804878049
2 0.7769784902597402 0.5125365853658537 0.0016030844155844157 0.003731707317073171
22 0.8117583198051948 0.5126082317073171 0.0013575487012987013 0.0038750000000000004
22 0.7968191964285715 0.5127210365853658 0.0015117694805194806 0.004710365853658536
2 0.7949492694805195 0.512655487804878 0.001424512987012987 0.0045792682926829266
2 0.8096580762987012 0.5127835365853659 0.001215503246753247 0.0048353658536585365
22 0.7934517045454546 0.5130060975609756 0.0016761363636363636 0.004060975609756098
6 0.35403510551948053 0.538905487804878 0.014482548701298703 0.0503719512195122
22 0.3708329951298701 0.5415 0.00627637987012987 0.007390243902439024
2 0.3696083603896104 0.5478262195121951 0.004638798701298701 0.0029695121951219513
6 0.7689377029220779 0.5533323170731708 0.1275669642857143 0.0755670731707317
2 0.5524594155844156 0.5662454268292684 0.0018344155844155843 0.005051829268292683
14 0.5643141233766233 0.5707789634146342 0.006469155844155844 0.004362804878048781
14 0.544536323051948 0.5754878048780487 0.007903814935064936 0.017439024390243904
2 0.35471996753246754 0.5797835365853659 0.004082792207792208 0.00225
22 0.3493831168831169 0.581905487804878 0.002743506493506493 0.002835365853658537
7 0.4601410308441558 0.5826051829268293 0.0026684253246753247 0.010332317073170732
2 0.4551643668831169 0.5828170731707317 0.002049512987012987 0.009536585365853658
22 0.4571124188311689 0.5829420731707317 0.0018871753246753249 0.008567073170731708
29 0.46431006493506494 0.5831143292682927 0.003701298701298701 0.0058628048780487805
2 0.34882812500000004 0.5849649390243902 0.003662743506493507 0.0028567073170731707
22 0.3491903409090909 0.5879725609756098 0.003169642857142857 0.002164634146341463
14 0.35359070616883115 0.5898048780487805 0.005476866883116883 0.007048780487804878
2 0.35829443993506493 0.5901158536585366 0.0027090097402597403 0.006451219512195122
22 0.3494257305194805 0.5908780487804878 0.003234577922077922 0.003707317073170732
22 0.42361099837662336 0.591501524390244 0.0030661525974025974 0.0019054878048780487
29 0.4552668425324675 0.5919573170731707 0.005501217532467532 0.007085365853658536
2 0.46391233766233764 0.5926661585365853 0.002094155844155844 0.001795731707317073
2 0.5641416396103897 0.5930914634146341 0.004906655844155844 0.0038658536585365853
22 0.7237479707792208 0.5963856707317073 0.0022849025974025976 0.005576219512195122
22 0.8172209821428571 0.5968018292682927 0.001325081168831169 0.0045792682926829266
22 0.743570413961039 0.5973917682926829 0.0013453733766233766 0.004539634146341464
22 0.8117075892857143 0.5973399390243903 0.0012560876623376625 0.004435975609756098
22 0.7291730925324675 0.5974237804878049 0.0009598214285714287 0.0033841463414634146
2 0.8184801136363636 0.5976356707317073 0.0014082792207792208 0.0031981707317073173
22 0.7354565746753247 0.5975655487804878 0.0017573051948051948 0.003667682926829268
2 0.8133766233766234 0.5975457317073171 0.0013474025974025974 0.003628048780487805
22 0.34956371753246757 0.5986310975609757 0.004728084415584415 0.002140243902439024
22 0.7269054383116883 0.5987317073170731 0.002106331168831169 0.006
22 0.732765827922078 0.5989039634146341 0.002463474025974026 0.005124999999999999
22 0.740932426948052 0.5988246951219512 0.0025629058441558445 0.004966463414634146
22 0.7210683847402598 0.5993871951219513 0.0022017045454545453 0.0060914634146341465
22 0.3943212256493506 0.5997256097560976 0.001304788961038961 0.004329268292682926
2 0.4584101055194805 0.6001006097560976 0.004888392857142857 0.0038597560975609756
22 0.34877435064935064 0.6007179878048781 0.003961038961038961 0.002655487804878049
2 0.7681513798701298 0.6012271341463415 0.005458603896103896 0.004893292682926829
29 0.8023792613636364 0.6015121951219512 0.005732548701298701 0.007292682926829269
22 0.434724025974026 0.6022576219512195 0.0017532467532467534 0.005124999999999999
22 0.38666903409090914 0.6039649390243903 0.0038575487012987015 0.0024420731707317073
2 0.45835836038961036 0.6043582317073171 0.0035673701298701297 0.0020091463414634147
2 0.7924431818181817 0.6051615853658536 0.0037175324675324676 0.00422560975609756
2 0.7683543019480519 0.6067560975609756 0.005458603896103896 0.004365853658536586
2 0.753721590909091 0.6075823170731707 0.013530844155844157 0.019432926829268293
14 0.7845282061688312 0.608422256097561 0.011020698051948052 0.020503048780487806
15 0.35587459415584416 0.6085365853658536 0.009232954545454546 0.01402439024390244
29 0.8026897321428572 0.6126463414634147 0.005135957792207792 0.007609756097560976
2 0.7683005275974026 0.613327743902439 0.004539366883116883 0.005314024390243902
2 0.7929413555194805 0.6163673780487805 0.004308035714285715 0.004685975609756097
2 0.7681158685064935 0.6186478658536585 0.0037642045454545454 0.0031493902439024392
2 0.35831980519480516 0.6200106707317073 0.00762987012987013 0.004045731707317073
2 0.6598681006493506 0.6203628048780487 0.0031777597402597403 0.005359756097560975
29 0.6690168425324675 0.6208628048780488 0.004429788961038961 0.008189024390243903
2 0.6522686688311689 0.6222759146341463 0.002589285714285714 0.006137195121951219
2 0.6619297889610389 0.6222759146341463 0.0028368506493506493 0.00735670731707317
2 0.658005275974026 0.6224984756097561 0.003916396103896104 0.007801829268292683
2 0.6490229301948053 0.6225533536585366 0.0038088474025974027 0.0073018292682926825
2 0.6545556006493507 0.6230533536585365 0.0026988636363636364 0.006472560975609757
14 0.40791700487012983 0.6263963414634146 0.028496347402597405 0.04425609756097561
2 0.6331787743506493 0.6266006097560975 0.0033705357142857144 0.004420731707317073
2 0.3572179383116883 0.6268490853658537 0.009078733766233766 0.008576219512195121
2 0.6426227678571428 0.6268231707317073 0.0044013798701298705 0.004865853658536585
2 0.6269632711038962 0.6286524390243903 0.003926542207792208 0.00425609756097561
2 0.3584375 0.6319893292682928 0.003806818181818182 0.0023932926829268292
22 0.4290533685064935 0.6321814024390243 0.0021814123376623375 0.0021676829268292685
29 0.643497362012987 0.6325624999999999 0.006962256493506494 0.007807926829268293
22 0.4256635551948052 0.6335960365853659 0.0027069805194805193 0.002557926829268293
29 0.6277556818181818 0.6337820121951219 0.008352272727272727 0.009027439024390243
29 0.6538737824675325 0.6338094512195122 0.004987824675324675 0.007253048780487804
29 0.6647331574675325 0.6343368902439024 0.006414366883116883 0.008917682926829268
29 0.6353977272727273 0.6344756097560975 0.004967532467532468 0.006146341463414634
29 0.6498153409090909 0.6346417682926829 0.005393668831168831 0.007088414634146342
29 0.6596651785714286 0.6355838414634147 0.005206980519480519 0.005923780487804878
22 0.387445211038961 0.6361920731707317 0.0029748376623376623 0.0022621951219512194
2 0.6082782061688311 0.6379405487804879 0.007952516233766234 0.005149390243902439
29 0.6692359983766234 0.6390503048780488 0.0036505681818181815 0.008588414634146342
2 0.35959111201298705 0.6402667682926829 0.006114042207792208 0.003704268292682927
22 0.6798011363636364 0.6403826219512195 0.0016477272727272725 0.003326219512195122
22 0.6854971590909091 0.6408018292682927 0.0012702922077922078 0.004774390243902439
22 0.6829606331168832 0.6416783536585365 0.0010673701298701298 0.00286890243902439
2 0.3608614042207792 0.644391768292683 0.004596185064935064 0.002807926829268293
2 0.6269815340909091 0.6447606707317073 0.006398133116883117 0.006594512195121951
2 0.6359821428571428 0.6447057926829269 0.006542207792207793 0.008314024390243903
22 0.6694409496753247 0.645204268292683 0.0036546266233766236 0.0026036585365853656
2 0.6435338879870129 0.6455929878048781 0.00825284090909091 0.0064298780487804874
2 0.3609902597402597 0.6471204268292683 0.004853896103896104 0.0027774390243902438
2 0.6828713474025974 0.6471798780487805 0.002106331168831169 0.004725609756097561
2 0.6847818587662338 0.6475868902439025 0.001868912337662338 0.005539634146341464
2 0.6779474431818182 0.6480060975609756 0.003216314935064935 0.006378048780487805
2 0.6803754058441558 0.648032012195122 0.0011728896103896105 0.007039634146341464
6 0.771622362012987 0.6482012195121951 0.1215726461038961 0.051280487804878046
22 0.6692004870129871 0.6491493902439025 0.002767857142857143 0.0007378048780487805
22 0.6694409496753247 0.6508307926829268 0.0036546266233766236 0.0016615853658536585
22 0.6643557224025974 0.6509984756097561 0.0016010551948051946 0.0032164634146341466
22 0.6474188311688311 0.6510823170731708 0.002224025974025974 0.005213414634146342
22 0.6520089285714286 0.6514878048780488 0.002881493506493506 0.0035853658536585367
22 0.6585693993506493 0.6518185975609756 0.0038271103896103894 0.004856707317073171
22 0.6542177353896104 0.6520853658536586 0.0024289772727272728 0.0035609756097560977
22 0.6593841314935065 0.6539664634146342 0.0026156655844155846 0.007323170731707317
22 0.40429890422077924 0.6540823170731707 0.0013737824675324674 0.005115853658536586
22 0.40225446428571426 0.6541859756097561 0.001343344155844156 0.0053231707317073175
22 0.6658137175324675 0.659138719512195 0.0016761363636363636 0.005472560975609756
22 0.6669866071428571 0.660015243902439 0.0007751623376623377 0.004176829268292682
22 0.4152059659090909 0.6614176829268292 0.0016781655844155844 0.005152439024390243
22 0.41295353084415587 0.6619984756097561 0.0016375811688311688 0.005094512195121951
2 0.6961850649350649 0.6627972560975609 0.004383116883116884 0.0048628048780487805
22 0.7003277191558441 0.6630518292682926 0.0025223214285714285 0.0029329268292682923
22 0.7020525568181818 0.6669390243902439 0.003942775974025974 0.004
2 0.667210836038961 0.6683506097560976 0.0020353084415584413 0.00499390243902439
2 0.6580123782467532 0.6684283536585366 0.012047483766233765 0.017954268292682925
2 0.6968191964285715 0.6695945121951219 0.004839691558441559 0.0026036585365853656
22 0.7021337256493506 0.6694801829268293 0.002481737012987013 0.002375
22 0.43243810876623373 0.6720350609756098 0.0012398538961038961 0.0032164634146341466
22 0.43570718344155845 0.6720960365853659 0.0012844967532467532 0.004557926829268292
14 0.6814711850649351 0.6726234756097561 0.02122159090909091 0.03183231707317073
22 0.7414458198051948 0.6731966463414635 0.0044013798701298705 0.003100609756097561
2 0.6968110795454546 0.6737500000000001 0.004417613636363636 0.002378048780487805
22 0.7004433847402597 0.6739131097560975 0.0023478084415584416 0.0033140243902439023
22 0.7884517045454545 0.6744801829268293 0.001010551948051948 0.004448170731707317
22 0.7917542613636364 0.6743795731707317 0.0015280032467532467 0.004246951219512195
22 0.7854535308441559 0.6747850609756098 0.001507711038961039 0.005667682926829268
2 0.790299310064935 0.6748094512195122 0.0014590097402597403 0.004496951219512195
2 0.7841020698051948 0.6747576219512195 0.0012398538961038961 0.00561280487804878
22 0.7823650568181818 0.6749893292682927 0.001012581168831169 0.007295731707317073
22 0.7574340503246754 0.6763094512195122 0.005939529220779221 0.005057926829268293
22 0.38180194805194806 0.6762789634146342 0.0018344155844155843 0.0037774390243902442
2 0.6966000405844155 0.676798780487805 0.0027780032467532466 0.002378048780487805
22 0.7968952922077922 0.6766768292682926 0.003287337662337662 0.0039634146341463415
22 0.3844409496753247 0.6769375 0.0018364448051948054 0.005094512195121951
22 0.7412114448051949 0.6771981707317073 0.004744318181818182 0.004396341463414634
22 0.6667857142857143 0.677702743902439 0.0028084415584415582 0.0023567073170731707
15 0.6436363636363637 0.6779192073170731 0.00926948051948052 0.011326219512195122
22 0.6670058847402598 0.6797225609756097 0.0028429383116883116 0.0027378048780487808
2 0.8156036931818182 0.6812210365853659 0.004178165584415585 0.008783536585365853
2 0.8197788149350649 0.6812606707317073 0.004411525974025974 0.008862804878048781
2 0.7971043019480519 0.681564024390244 0.002893668831168831 0.0021524390243902436
2 0.8058989448051948 0.6817042682926828 0.003031655844155844 0.0018231707317073172
2 0.6664498782467532 0.6830899390243902 0.004571834415584416 0.0027652439024390247
22 0.796507711038961 0.6837545731707317 0.003729707792207792 0.002875
2 0.4199482548701299 0.6855945121951219 0.0010166396103896103 0.0041158536585365856
22 0.7974533279220779 0.6866722560975609 0.0023741883116883116 0.0032225609756097564
2 0.44668323863636367 0.6867149390243903 0.002132711038961039 0.00513719512195122
2 0.8028561282467532 0.6876890243902438 0.006280438311688312 0.006475609756097561
22 0.6714691558441559 0.6878048780487804 0.002435064935064935 0.001829268292682927
2 0.7936972402597403 0.6880960365853658 0.0054139610389610385 0.005460365853658536
2 0.6562692775974026 0.6882256097560976 0.012619724025974026 0.017304878048780486
22 0.8188524756493506 0.6885320121951221 0.0021530032467532464 0.002673780487804878
22 0.8151948051948052 0.6894085365853659 0.0029545454545454545 0.0032073170731707315
6 0.6129991883116883 0.6897271341463415 0.019829545454545454 0.077625
2 0.3690036525974026 0.6902759146341464 0.0018060064935064937 0.0055518292682926835
22 0.671190137987013 0.6908414634146341 0.0030945616883116885 0.0024146341463414634
22 0.818919439935065 0.6912957317073171 0.002692775974025974 0.002103658536585366
22 0.8154910714285714 0.6915228658536586 0.0031412337662337663 0.0013384146341463414
2 0.41978693181818183 0.6923810975609757 0.0010998376623376624 0.003664634146341463
2 0.395666599025974 0.692454268292683 0.001966314935064935 0.004420731707317073
15 0.6443191964285714 0.6926966463414634 0.007794237012987012 0.013442073170731709
2 0.815054788961039 0.6940548780487805 0.00429788961038961 0.002134146341463415
2 0.8195840097402597 0.6941310975609756 0.0032102272727272726 0.0022865853658536584
22 0.7798315746753247 0.6961280487804878 0.0020332792207792207 0.0032317073170731706
22 0.7818060064935064 0.6964969512195123 0.002329545454545455 0.005189024390243903
2 0.4465665584415584 0.6966402439024391 0.0018993506493506492 0.0054756097560975615
2 0.36875710227272723 0.6967301829268293 0.0017187500000000002 0.0038262195121951223
15 0.819700689935065 0.6982804878048781 0.0034435876623376623 0.005097560975609755
15 0.8149157873376623 0.698609756097561 0.0036140422077922075 0.006365853658536585
22 0.7358005275974027 0.6997667682926829 0.0069094967532467525 0.006850609756097561
22 0.7901948051948052 0.7000167682926829 0.0016558441558441558 0.0049115853658536586
22 0.8007548701298701 0.7000670731707317 0.002483766233766234 0.00501219512195122
22 0.7887753652597402 0.7006768292682927 0.0016578733766233766 0.003792682926829268
2 0.7987956574675324 0.7007256097560975 0.0018120941558441557 0.0038902439024390244
2 0.792044439935065 0.7008277439024391 0.0017025162337662339 0.004094512195121951
22 0.8025669642857143 0.7007149390243902 0.002049512987012987 0.00386890243902439
22 0.7823589691558441 0.7009314024390243 0.0022179383116883115 0.004301829268292682
2 0.4199512987012987 0.7015045731707317 0.0014285714285714286 0.00361890243902439
2 0.39562905844155843 0.7020121951219512 0.0014853896103896105 0.004024390243902439
2 0.6828145292207792 0.7028140243902439 0.01497970779220779 0.013554878048780488
2 0.36895900974025975 0.705734756097561 0.0017167207792207794 0.004762195121951219
2 0.4198224431818182 0.710623475609756 0.0015767045454545454 0.004173780487804878
14 0.43367593344155847 0.7107987804878049 0.02400771103896104 0.06367073170731707
2 0.44648944805194807 0.710876524390244 0.0013392857142857143 0.004679878048780488
14 0.3822199675324675 0.7131432926829269 0.022962662337662337 0.06104268292682927
2 0.39545150162337667 0.7154466463414634 0.001130275974025974 0.003454268292682927
2 0.36854910714285716 0.7155381097560976 0.0017086038961038961 0.0036371951219512193
2 0.6290655438311687 0.7155853658536585 0.01300121753246753 0.018365853658536584
6 0.7734527191558441 0.7291996951219513 0.11792816558441557 0.05169207317073171
2 0.6294521103896104 0.736516768292683 0.012556818181818183 0.016935975609756095
2 0.6435328733766233 0.7387911585365854 0.014338474025974025 0.02209451219512195
2 0.6141051136363637 0.7392057926829267 0.013518668831168833 0.01682621951219512
2 0.6013981331168832 0.7396783536585366 0.014890422077922077 0.022649390243902442
2 0.4211394074675325 0.7401859756097561 0.0029931006493506495 0.002323170731707317
7 0.7001948051948051 0.7414527439024391 0.003068181818181818 0.008515243902439025
2 0.44232142857142864 0.7417286585365853 0.002743506493506493 0.00175
2 0.3719571834415585 0.745048780487805 0.0028429383116883116 0.002902439024390244
2 0.3907102272727273 0.7460884146341463 0.0030113636363636362 0.0019329268292682927
6 0.6281929788961039 0.7853185975609756 0.02018465909090909 0.059661585365853656
6 0.6789214691558442 0.23501524390243902 0.025456574675324677 0.023689024390243903
6 0.6503865665584415 0.23490853658536584 0.02317573051948052 0.025914634146341462
2 0.4902252435064935 0.2350746951219512 0.007236201298701298 0.005515243902439024
6 0.532702922077922 0.2355030487804878 0.04917207792207792 0.018567073170731706
6 0.5958238636363636 0.23627439024390245 0.041891233766233764 0.0195
2 0.49003449675324673 0.23972865853658534 0.006854707792207792 0.0050670731707317075
2 0.497757711038961 0.24087652439024393 0.003226461038961039 0.00858231707317073
6 0.7982284902597403 0.24163871951219515 0.051814123376623375 0.018033536585365852
2 0.7358350243506494 0.24498323170731706 0.009819399350649351 0.01313719512195122
2 0.4902617694805195 0.24528658536585365 0.006903409090909091 0.005817073170731706
2 0.6295413961038961 0.2488109756097561 0.008271103896103896 0.005548780487804878
2 0.48008116883116886 0.24986128048780487 0.002775974025974026 0.0039908536585365854
2 0.5634446022727273 0.25380335365853657 0.003106737012987013 0.008216463414634147
2 0.5071367694805194 0.25426829268292683 0.007374188311688313 0.006707317073170732
2 0.5600487012987013 0.2544801829268293 0.0032142857142857142 0.008960365853658538
2 0.5466000405844156 0.2544984756097561 0.003914366883116883 0.010216463414634145
2 0.6296245941558442 0.2546768292682927 0.008843344155844155 0.006304878048780487
22 0.8104981737012987 0.255547256097561 0.0028956980519480517 0.009265243902439024
7 0.8074360795454546 0.2554314024390244 0.002453327922077922 0.009033536585365853
22 0.8034811282467532 0.25596341463414635 0.0030661525974025974 0.00948780487804878
2 0.4269379058441558 0.25806250000000003 0.0016030844155844157 0.006978658536585366
2 0.4357061688311688 0.2580655487804878 0.0025 0.005765243902439024
2 0.42496854707792203 0.25821798780487804 0.0013169642857142857 0.006679878048780488
2 0.44421875000000005 0.25822713414634146 0.0016680194805194807 0.006088414634146341
2 0.4335166396103896 0.25817378048780487 0.002179383116883117 0.007201219512195122
2 0.46178571428571424 0.25842073170731705 0.0010876623376623376 0.0058658536585365845
2 0.4422767857142857 0.2584237804878049 0.0018425324675324676 0.005871951219512196
2 0.4179799107142857 0.2589725609756097 0.0015442370129870131 0.005140243902439025
2 0.4511444805194805 0.25885518292682924 0.0025324675324675324 0.0067347560975609755
2 0.4159131493506493 0.2589801829268293 0.002280844155844156 0.005765243902439024
2 0.46007102272727274 0.2592134146341464 0.002122564935064935 0.006841463414634146
2 0.4537449269480519 0.2591951219512195 0.0016456980519480519 0.0061951219512195125
2 0.4106138392857143 0.2605411585365854 0.0030458603896103896 0.007667682926829268
2 0.6296134334415585 0.2607286585365854 0.009226866883116884 0.006823170731707317
14 0.5749878246753247 0.265234756097561 0.006306818181818182 0.011567073170731707
14 0.48691964285714284 0.26539329268292683 0.014017857142857143 0.01798170731707317
2 0.6432690746753247 0.26821798780487804 0.0052881493506493505 0.005338414634146342
2 0.5186353490259741 0.2714375 0.0023681006493506494 0.006899390243902439
2 0.5201278409090909 0.2718140243902439 0.002512175324675325 0.00826219512195122
15 0.5536749188311689 0.2735670731707317 0.014005681818181818 0.022134146341463413
2 0.507937297077922 0.27611890243902437 0.003699269480519481 0.010164634146341464
14 0.6339458198051948 0.2763490853658536 0.010992288961038961 0.013673780487804878
2 0.5156737012987013 0.2762987804878049 0.004155844155844156 0.012963414634146343
2 0.5116751217532467 0.2766219512195122 0.00346387987012987 0.011170731707317073
15 0.6907518262987014 0.27801219512195124 0.01096793831168831 0.016390243902439025
14 0.5270627029220779 0.2781661585365854 0.012729301948051948 0.01913719512195122
15 0.6648336038961039 0.27847103658536587 0.013108766233766233 0.016088414634146342
2 0.8150436282467532 0.2786143292682927 0.0075223214285714286 0.002960365853658537
22 0.78515625 0.2806661585365854 0.002130681818181818 0.006454268292682927
2 0.8148711444805194 0.2815685975609756 0.007177353896103896 0.0021615853658536583
2 0.8141142451298701 0.28459451219512194 0.007692775974025973 0.003945121951219512
2 0.7163808847402597 0.28803810975609756 0.016365665584415587 0.022417682926829267
2 0.6473630275974026 0.2932606707317073 0.0069825487012987 0.004204268292682926
14 0.7663971185064935 0.29389176829268293 0.024677353896103895 0.03656402439024391
15 0.48900872564935066 0.2945625 0.012920048701298701 0.020222560975609757
2 0.556263189935065 0.29500304878048783 0.006601055194805195 0.0052499999999999995
15 0.5766233766233766 0.2982911585365854 0.01810064935064935 0.025850609756097563
2 0.6477445211038961 0.29940396341463416 0.006933847402597403 0.0042957317073170735
2 0.5561150568181817 0.3004588414634146 0.003869724025974026 0.0033567073170731707
15 0.6895424107142857 0.3007149390243902 0.012607548701298701 0.018503048780487804
15 0.6653135146103896 0.3005838414634146 0.012851055194805195 0.019460365853658537
2 0.3812510146103896 0.30120274390243906 0.003573457792207792 0.0030152439024390245