2 0.2382305194805195 0.5335365853658537 0.004464285714285714 0.007926829268292683
22 0.22047483766233766 0.5338414634146341 0.002232142857142857 0.006707317073170732
2 0.3809862012987013 0.5338414634146341 0.002637987012987013 0.007317073170731708
12 0.2028206168831169 0.5339939024390243 0.006290584415584416 0.00274390243902439
22 0.2150974025974026 0.5341463414634147 0.002840909090909091 0.007317073170731708
22 0.21783685064935066 0.5344512195121951 0.002232142857142857 0.006707317073170732
22 0.3601866883116883 0.5350609756097561 0.0016233766233766235 0.006707317073170732
22 0.3626217532467532 0.5350609756097561 0.0016233766233766235 0.006707317073170732
2 0.5213068181818182 0.5350609756097561 0.002029220779220779 0.007926829268292683
22 0.48133116883116883 0.5355182926829268 0.002029220779220779 0.007621951219512195
22 0.3574472402597403 0.5358231707317073 0.0014204545454545455 0.007621951219512195
2 0.47798295454545453 0.5358231707317073 0.003043831168831169 0.008231707317073171
2 0.755275974025974 0.5359756097560976 0.003246753246753247 0.007926829268292683
2 0.2556818181818182 0.536280487804878 0.003246753246753247 0.007317073170731708
2 0.3515625 0.5364329268292682 0.002232142857142857 0.008231707317073171
22 0.7585227272727273 0.5364329268292682 0.002435064935064935 0.007621951219512195
22 0.9604301948051948 0.5364329268292682 0.002029220779220779 0.008841463414634146
2 0.49178165584415584 0.5376524390243902 0.003043831168831169 0.007621951219512195
22 0.5007102272727273 0.5376524390243902 0.002232142857142857 0.007621951219512195
22 0.4979707792207792 0.5378048780487805 0.002435064935064935 0.00853658536585366
22 0.5034496753246753 0.5378048780487805 0.002435064935064935 0.007926829268292683
2 0.34750405844155846 0.538109756097561 0.005073051948051948 0.012804878048780487
2 0.7719155844155844 0.5385670731707317 0.002029220779220779 0.007621951219512195
22 0.7846996753246753 0.5387195121951219 0.002029220779220779 0.00853658536585366
22 0.7791193181818182 0.5388719512195121 0.002232142857142857 0.008231707317073171
22 0.7821631493506493 0.5390243902439025 0.002232142857142857 0.007317073170731708
2 0.4878246753246753 0.5391768292682927 0.0036525974025974025 0.010670731707317074
22 0.6415381493506493 0.5391768292682927 0.0018262987012987013 0.00701219512195122
2 0.6269277597402597 0.5393292682926829 0.0018262987012987013 0.007317073170731708
22 0.6362621753246753 0.5393292682926829 0.002232142857142857 0.006707317073170732
2 0.6296672077922078 0.5394817073170731 0.002435064935064935 0.007621951219512195
22 0.6390016233766234 0.5394817073170731 0.002029220779220779 0.007621951219512195
2 0.9108157467532467 0.5396341463414634 0.002232142857142857 0.007317073170731708
22 0.9213676948051948 0.5397865853658537 0.002637987012987013 0.008231707317073171
2 0.9136566558441559 0.5399390243902439 0.002232142857142857 0.007317073170731708
22 0.924310064935065 0.5400914634146341 0.002029220779220779 0.007621951219512195
22 0.927049512987013 0.5402439024390244 0.0018262987012987013 0.007926829268292683
2 0.39437905844155846 0.541920731707317 0.002232142857142857 0.009451219512195122
22 0.24908685064935066 0.5420731707317074 0.002637987012987013 0.007317073170731708
22 0.25243506493506496 0.5422256097560976 0.002435064935064935 0.007621951219512195
22 0.2150974025974026 0.5423780487804878 0.002435064935064935 0.006707317073170732
22 0.21763392857142858 0.5423780487804878 0.002232142857142857 0.006707317073170732
2 0.39752435064935066 0.5423780487804878 0.002029220779220779 0.007317073170731708
2 0.21215503246753248 0.542530487804878 0.0018262987012987013 0.00701219512195122
22 0.24644886363636365 0.542530487804878 0.0014204545454545455 0.00701219512195122
22 0.9680397727272727 0.5426829268292683 0.002232142857142857 0.00853658536585366
2 0.9710836038961039 0.5426829268292683 0.002637987012987013 0.009146341463414634
2 0.5319602272727273 0.5432926829268293 0.002637987012987013 0.007926829268292683
2 0.5264813311688312 0.5434451219512195 0.002232142857142857 0.007621951219512195
2 0.5291193181818182 0.5435975609756097 0.0018262987012987013 0.00853658536585366
2 0.5378449675324676 0.5435975609756097 0.002637987012987013 0.00853658536585366
2 0.5349025974025974 0.54375 0.002435064935064935 0.008231707317073171
22 0.3628246753246753 0.5442073170731707 0.002435064935064935 0.006707317073170732
2 0.3575487012987013 0.5443597560975609 0.002029220779220779 0.007621951219512195
22 0.3601866883116883 0.5448170731707317 0.0016233766233766235 0.007317073170731708
22 0.5035511363636364 0.5458841463414634 0.0018262987012987013 0.0064024390243902435
2 0.4978693181818182 0.5463414634146342 0.002637987012987013 0.007317073170731708
22 0.5008116883116883 0.5464939024390244 0.002435064935064935 0.00701219512195122
2 0.7792207792207793 0.5464939024390244 0.002840909090909091 0.00701219512195122
22 0.7821631493506493 0.5474085365853658 0.002232142857142857 0.00701219512195122
22 0.7845982142857143 0.5477134146341464 0.0018262987012987013 0.00701219512195122
2 0.6362621753246753 0.5478658536585366 0.0018262987012987013 0.00853658536585366
22 0.6415381493506493 0.5478658536585366 0.0018262987012987013 0.007317073170731708
22 0.6390016233766234 0.5480182926829268 0.0016233766233766235 0.008231707317073171
2 0.21702516233766234 0.5481707317073171 0.005478896103896104 0.003658536585365854
2 0.9240056818181818 0.5481707317073171 0.0034496753246753245 0.00853658536585366
2 0.9207589285714286 0.5484756097560975 0.0018262987012987013 0.00853658536585366
2 0.6272321428571429 0.5490853658536585 0.002840909090909091 0.007317073170731708
22 0.9526176948051948 0.5493902439024391 0.002232142857142857 0.006707317073170732
22 0.958502435064935 0.55 0.0014204545454545455 0.007317073170731708
22 0.25223214285714285 0.5510670731707317 0.002435064935064935 0.007621951219512195
22 0.24939123376623376 0.5516768292682926 0.002840909090909091 0.008231707317073171
22 0.24675324675324675 0.551829268292683 0.002029220779220779 0.007317073170731708
2 0.8446631493506493 0.5525914634146342 0.004261363636363636 0.011890243902439025
2 0.8498376623376623 0.5533536585365854 0.0036525974025974025 0.011585365853658536
2 0.48336038961038963 0.5544207317073171 0.002435064935064935 0.008231707317073171
2 0.752739448051948 0.5544207317073171 0.00588474025974026 0.0039634146341463415
2 0.48609983766233766 0.5545731707317073 0.0018262987012987013 0.007317073170731708
2 0.48914366883116883 0.5547256097560975 0.002232142857142857 0.007621951219512195
2 0.3483157467532468 0.5548780487804879 0.002637987012987013 0.007926829268292683
2 0.34273538961038963 0.5553353658536585 0.002435064935064935 0.007621951219512195
2 0.3455762987012987 0.5553353658536585 0.002029220779220779 0.008841463414634146
2 0.6394074675324676 0.5570121951219512 0.002435064935064935 0.007317073170731708
22 0.6201298701298701 0.5573170731707318 0.005275974025974026 0.003048780487804878
2 0.7820657467532468 0.5578628048780487 0.002443181818181818 0.006579268292682927
22 0.752739448051948 0.5588414634146341 0.00588474025974026 0.003658536585365854
22 0.7913961038961039 0.5594512195121951 0.005681818181818182 0.003658536585365854
22 0.6581777597402597 0.5602134146341463 0.0014204545454545455 0.00701219512195122
22 0.8010349025974026 0.5602134146341463 0.0038555194805194805 0.003353658536585366
22 0.6557426948051948 0.5605182926829269 0.0018262987012987013 0.007621951219512195
22 0.619926948051948 0.5609756097560976 0.004464285714285714 0.003048780487804878
22 0.7454342532467533 0.5611280487804878 0.0018262987012987013 0.00701219512195122
22 0.7478693181818182 0.5611280487804878 0.0018262987012987013 0.00701219512195122
22 0.8544034090909091 0.5611280487804878 0.00588474025974026 0.004573170731707317
2 0.7960004058441559 0.5614542682926829 0.0027150974025974025 0.007664634146341463
22 0.752536525974026 0.5628048780487804 0.005073051948051948 0.0024390243902439024
22 0.8583603896103896 0.5628048780487804 0.0016233766233766235 0.006707317073170732
2 0.6752232142857143 0.563109756097561 0.002637987012987013 0.009146341463414634
14 0.6821022727272728 0.5633201219512195 0.009496753246753246 0.015054878048780489
2 0.6708603896103896 0.5635670731707317 0.002840909090909091 0.008231707317073171
22 0.22027191558441558 0.5638719512195122 0.007102272727272727 0.003353658536585366
22 0.6450892857142857 0.5640243902439024 0.0016233766233766235 0.006707317073170732
22 0.6478287337662337 0.5640243902439024 0.0018262987012987013 0.006707317073170732
22 0.6505681818181818 0.5640243902439024 0.0016233766233766235 0.007926829268292683
22 0.6424512987012987 0.5641768292682927 0.002029220779220779 0.007621951219512195
2 0.791497564935065 0.5641768292682927 0.005073051948051948 0.0039634146341463415
22 0.8010349025974026 0.5641768292682927 0.005073051948051948 0.003353658536585366
2 0.6893262987012987 0.5655487804878049 0.002435064935064935 0.007317073170731708
2 0.8424310064935064 0.5658536585365853 0.002637987012987013 0.00853658536585366
2 0.7650700081168831 0.5659664634146341 0.004977678571428571 0.0038841463414634146
22 0.6201298701298701 0.5660060975609756 0.004464285714285714 0.002134146341463415
22 0.6317978896103896 0.5660060975609756 0.004667207792207792 0.00274390243902439
2 0.8466923701298701 0.5660060975609756 0.003043831168831169 0.008231707317073171
2 0.8499391233766234 0.5661585365853659 0.002637987012987013 0.00853658536585366
22 0.8550121753246753 0.5661585365853659 0.005073051948051948 0.0024390243902439024
2 0.8744926948051948 0.5676829268292682 0.008319805194805194 0.006097560975609756
22 0.8069744318181818 0.567814024390244 0.00518262987012987 0.003920731707317073
2 0.6594967532467533 0.5679878048780488 0.006087662337662338 0.00426829268292683
2 0.7783269074675324 0.568390243902439 0.001864853896103896 0.00751219512195122
12 0.22047483766233766 0.5684451219512195 0.006290584415584416 0.004573170731707317
22 0.8012378246753247 0.5684451219512195 0.005478896103896104 0.003353658536585366
2 0.8684050324675324 0.5684451219512195 0.002637987012987013 0.008231707317073171
2 0.8347199675324676 0.5690548780487805 0.002232142857142857 0.007621951219512195
22 0.7753652597402597 0.5692073170731707 0.002435064935064935 0.007317073170731708
22 0.6322037337662337 0.569359756097561 0.004667207792207792 0.00274390243902439
22 0.6200284090909091 0.5695121951219512 0.005478896103896104 0.00426829268292683
2 0.8209212662337663 0.5704268292682927 0.005478896103896104 0.003048780487804878
7 0.8138494318181818 0.5704725609756098 0.005539772727272727 0.00923780487804878
14 0.7504058441558441 0.5707317073170731 0.013392857142857142 0.007926829268292683
22 0.6125202922077922 0.5713414634146341 0.005478896103896104 0.003048780487804878
22 0.856635551948052 0.5716463414634146 0.006696428571428571 0.003658536585365854
2 0.6595982142857143 0.5717987804878049 0.00588474025974026 0.00274390243902439
22 0.8289366883116883 0.5717987804878049 0.002435064935064935 0.00701219512195122
2 0.825588474025974 0.5722560975609756 0.002637987012987013 0.007317073170731708
14 0.7674512987012987 0.5734756097560976 0.008928571428571428 0.00975609756097561
22 0.8082467532467532 0.5745640243902439 0.0020454545454545456 0.007054878048780488
22 0.8190949675324676 0.5746951219512195 0.004667207792207792 0.003658536585365854
22 0.6125202922077922 0.5751524390243903 0.005478896103896104 0.003353658536585366
2 0.9158887987012987 0.5751524390243903 0.002637987012987013 0.008231707317073171
22 0.6183035714285714 0.5753048780487805 0.00487012987012987 0.003048780487804878
22 0.7940340909090909 0.5753048780487805 0.002840909090909091 0.00853658536585366
22 0.7769886363636364 0.5754573170731707 0.00487012987012987 0.003353658536585366
22 0.796976461038961 0.5754573170731707 0.003043831168831169 0.008231707317073171
12 0.6600040584415584 0.5756097560975609 0.00588474025974026 0.003658536585365854
22 0.8002232142857143 0.5756097560975609 0.002637987012987013 0.007317073170731708
22 0.856737012987013 0.5769817073170732 0.006493506493506494 0.00274390243902439
2 0.8041801948051948 0.5775914634146342 0.004464285714285714 0.0125
2 0.630377435064935 0.5778963414634146 0.0018262987012987013 0.00701219512195122
2 0.632913961038961 0.5780487804878048 0.002435064935064935 0.007926829268292683
22 0.7776988636363636 0.5785060975609756 0.006696428571428571 0.003353658536585366
22 0.6184050324675324 0.5789634146341464 0.004667207792207792 0.003048780487804878
22 0.6124188311688312 0.5791158536585366 0.005275974025974026 0.0039634146341463415
22 0.830661525974026 0.5794207317073171 0.004667207792207792 0.00274390243902439
2 0.8250811688311688 0.5797256097560975 0.00487012987012987 0.0039634146341463415
14 0.8424310064935064 0.5798780487804878 0.00872564935064935 0.01402439024390244
22 0.8107751623376623 0.5809451219512195 0.005478896103896104 0.003353658536585366
22 0.8626217532467533 0.5814024390243903 0.005275974025974026 0.004878048780487805
22 0.7856128246753247 0.5815548780487805 0.005073051948051948 0.00274390243902439
22 0.9234983766233766 0.5821646341463415 0.00487012987012987 0.00274390243902439
22 0.8511566558441559 0.5823170731707317 0.00588474025974026 0.003048780487804878
22 0.9709821428571429 0.582469512195122 0.006493506493506494 0.005182926829268293
22 0.6124188311688312 0.5827743902439024 0.005275974025974026 0.003353658536585366
22 0.8552150974025974 0.5827743902439024 0.003043831168831169 0.007621951219512195
22 0.8579545454545454 0.5829268292682926 0.002840909090909091 0.00853658536585366
2 0.8667816558441559 0.583079268292683 0.003043831168831169 0.008231707317073171
22 0.6179991883116883 0.5832317073170732 0.004667207792207792 0.003048780487804878
22 0.869825487012987 0.5832317073170732 0.002637987012987013 0.00853658536585366
22 0.872463474025974 0.5832317073170732 0.002232142857142857 0.00853658536585366
2 0.7767857142857143 0.5833841463414634 0.004464285714285714 0.00274390243902439
22 0.7920616883116883 0.5840320121951219 0.002548701298701299 0.007088414634146342
22 0.9156858766233766 0.5844512195121951 0.002232142857142857 0.006707317073170732
22 0.9185267857142857 0.5844512195121951 0.002637987012987013 0.007926829268292683
14 0.6458086444805194 0.5845137195121951 0.017672483766233767 0.026954268292682926
29 0.9391233766233766 0.5847560975609756 0.007305194805194805 0.007317073170731708
2 0.8108766233766234 0.5855182926829269 0.00487012987012987 0.003353658536585366
22 0.7850040584415584 0.5856707317073171 0.005478896103896104 0.003658536585365854
22 0.8629261363636364 0.5856707317073171 0.005478896103896104 0.003048780487804878
22 0.9231939935064936 0.5856707317073171 0.005073051948051948 0.003658536585365854
2 0.8518668831168831 0.5865853658536585 0.005275974025974026 0.003658536585365854
22 0.7773944805194806 0.586890243902439 0.00487012987012987 0.003048780487804878
22 0.6183035714285714 0.5870426829268293 0.005275974025974026 0.003353658536585366
12 0.9708806818181818 0.5875 0.00588474025974026 0.00426829268292683
29 0.9307021103896104 0.589329268292683 0.006290584415584416 0.007317073170731708
22 0.8108766233766234 0.5896341463414634 0.005681818181818182 0.003658536585365854
2 0.7766842532467533 0.5908536585365853 0.004667207792207792 0.003048780487804878
2 0.658989448051948 0.5919207317073171 0.005478896103896104 0.003353658536585366
22 0.9442978896103896 0.5940548780487804 0.002232142857142857 0.008231707317073171
2 0.8248782467532467 0.5954268292682927 0.005275974025974026 0.00426829268292683
22 0.7560876623376623 0.5957317073170731 0.005681818181818182 0.003048780487804878
2 0.627637987012987 0.5963414634146341 0.002435064935064935 0.007926829268292683
2 0.630275974025974 0.5963414634146341 0.002435064935064935 0.007926829268292683
2 0.6339285714285714 0.5963414634146341 0.002840909090909091 0.007926829268292683
2 0.6592938311688312 0.5963414634146341 0.005681818181818182 0.003658536585365854
22 0.7480722402597403 0.5975609756097561 0.003043831168831169 0.007317073170731708
22 0.7510146103896104 0.5980182926829268 0.002840909090909091 0.007621951219512195
13 0.7632913961038961 0.5990853658536586 0.005073051948051948 0.003048780487804878
2 0.6592938311688312 0.6 0.005681818181818182 0.003658536585365854
2 0.8248782467532467 0.6018292682926829 0.006493506493506494 0.004878048780487805
22 0.6420454545454546 0.6033536585365854 0.002435064935064935 0.006707317073170732
22 0.6391030844155844 0.6035060975609756 0.002637987012987013 0.0064024390243902435
2 0.8584618506493507 0.6039634146341464 0.003043831168831169 0.00975609756097561
22 0.6236414366883116 0.6056844512195122 0.005399756493506493 0.004051829268292683
2 0.8249797077922078 0.6097560975609756 0.006696428571428571 0.006707317073170732
2 0.8714488636363636 0.6097560975609756 0.0038555194805194805 0.011585365853658536
2 0.8771306818181818 0.6100609756097561 0.003043831168831169 0.011585365853658536
2 0.8832183441558441 0.6103658536585366 0.004667207792207792 0.011585365853658536
22 0.6339285714285714 0.6118902439024391 0.0016233766233766235 0.007317073170731708
2 0.6370738636363636 0.6120426829268293 0.002637987012987013 0.008231707317073171
2 0.6397118506493507 0.6120426829268293 0.0018262987012987013 0.007621951219512195
22 0.6428571428571429 0.6121951219512195 0.002435064935064935 0.007926829268292683
6 0.7311282467532467 0.6121951219512195 0.06777597402597403 0.01768292682926829
7 0.8551136363636364 0.6146341463414634 0.007305194805194805 0.004878048780487805