6 0.781047077922078 0.3048780487804878 0.010551948051948052 0.03536585365853658
22 0.7565949675324676 0.30579268292682926 0.004261363636363636 0.003048780487804878
22 0.6804991883116883 0.30640243902439024 0.004261363636363636 0.003048780487804878
22 0.6334212662337663 0.3070121951219512 0.005073051948051948 0.003048780487804878
2 0.7904829545454546 0.3071646341463415 0.005073051948051948 0.003353658536585366
22 0.6866883116883117 0.307469512195122 0.00487012987012987 0.003353658536585366
22 0.7564935064935064 0.3094512195121951 0.00487012987012987 0.003658536585365854
2 0.6867897727272727 0.31067073170731707 0.004667207792207792 0.003048780487804878
22 0.6803977272727273 0.31112804878048783 0.00487012987012987 0.003353658536585366
2 0.7632913961038961 0.31112804878048783 0.003043831168831169 0.00701219512195122
22 0.632711038961039 0.3126524390243902 0.002029220779220779 0.00701219512195122
22 0.7743506493506493 0.3195121951219512 0.002435064935064935 0.006707317073170732
2 0.6867897727272727 0.3201219512195122 0.004667207792207792 0.003658536585365854
2 0.755174512987013 0.32103658536585367 0.002637987012987013 0.007317073170731708
9 0.6420454545454546 0.32179878048780486 0.01461038961038961 0.024085365853658537
14 0.7208806818181818 0.32195121951219513 0.060673701298701296 0.09329268292682927
2 0.6868912337662337 0.3233231707317073 0.004464285714285714 0.003353658536585366
22 0.687297077922078 0.32682926829268294 0.004464285714285714 0.003048780487804878
22 0.773336038961039 0.32682926829268294 0.002029220779220779 0.007317073170731708
2 0.7832792207792207 0.32728658536585364 0.002840909090909091 0.007621951219512195
22 0.7802353896103896 0.32896341463414636 0.0036525974025974025 0.010365853658536586
2 0.7765827922077922 0.3291158536585366 0.003246753246753247 0.010670731707317074
29 0.6604099025974026 0.32957317073170733 0.020495129870129872 0.01951219512195122
2 0.687702922077922 0.3304878048780488 0.00487012987012987 0.003658536585365854
2 0.687702922077922 0.33460365853658536 0.00487012987012987 0.003353658536585366
22 0.7734375 0.33490853658536585 0.002232142857142857 0.007621951219512195
2 0.6878043831168831 0.338719512195122 0.004667207792207792 0.003658536585365854
2 0.7556818181818182 0.34039634146341463 0.002840909090909091 0.00701219512195122
22 0.6879058441558441 0.34253048780487805 0.004464285714285714 0.0039634146341463415
9 0.7826704545454546 0.3435975609756098 0.011363636363636364 0.01768292682926829
22 0.687702922077922 0.3466463414634146 0.004464285714285714 0.003048780487804878
2 0.577922077922078 0.349390243902439 0.00487012987012987 0.007926829268292683
9 0.6499594155844156 0.35045731707317074 0.0174512987012987 0.02225609756097561
2 0.6879058441558441 0.3521341463414634 0.005275974025974026 0.003048780487804878
2 0.7663352272727273 0.3548780487804878 0.002232142857142857 0.007317073170731708
2 0.3999594155844156 0.35548780487804876 0.005275974025974026 0.00426829268292683
2 0.6879058441558441 0.35564024390243903 0.004464285714285714 0.00274390243902439
2 0.39417613636363635 0.35579268292682925 0.005073051948051948 0.003658536585365854
13 0.78125 0.35853658536585364 0.013798701298701298 0.01097560975609756
2 0.6878043831168831 0.36371951219512194 0.005073051948051948 0.003658536585365854
22 0.5614853896103896 0.36844512195121953 0.00487012987012987 0.00701219512195122
24 0.7581168831168831 0.3695121951219512 0.006899350649350649 0.00853658536585366
2 0.7821631493506493 0.37134146341463414 0.002637987012987013 0.007926829268292683
22 0.7378246753246753 0.3724085365853659 0.005275974025974026 0.0039634146341463415
2 0.744825487012987 0.37271341463414637 0.005073051948051948 0.0039634146341463415
22 0.6961241883116883 0.37362804878048783 0.005073051948051948 0.0039634146341463415
22 0.7208806818181818 0.3746951219512195 0.002232142857142857 0.007317073170731708
22 0.7282873376623377 0.3748475609756098 0.002435064935064935 0.008231707317073171
2 0.7130681818181818 0.375 0.002435064935064935 0.006097560975609756
2 0.7155032467532467 0.3751524390243902 0.002029220779220779 0.007621951219512195
2 0.6547280844155844 0.3753048780487805 0.004667207792207792 0.003658536585365854
2 0.7102272727272727 0.3753048780487805 0.002435064935064935 0.006707317073170732
22 0.7257508116883117 0.3754573170731707 0.002232142857142857 0.008231707317073171
6 0.7980925324675324 0.3780487804878049 0.019074675324675324 0.1353658536585366
2 0.6549310064935064 0.37911585365853656 0.004667207792207792 0.00274390243902439
6 0.39864042207792205 0.380030487804878 0.018871753246753248 0.020426829268292684
22 0.6500608766233766 0.38155487804878047 0.002637987012987013 0.00701219512195122
2 0.6400162337662337 0.38185975609756095 0.00487012987012987 0.0064024390243902435
22 0.6550324675324676 0.3826219512195122 0.004464285714285714 0.0024390243902439024
22 0.5449472402597403 0.38384146341463415 0.004667207792207792 0.007317073170731708
2 0.6550324675324676 0.3861280487804878 0.004058441558441558 0.003353658536585366
22 0.5489042207792207 0.3875 0.004058441558441558 0.006707317073170732
29 0.43262987012987014 0.388109756097561 0.007305194805194805 0.00853658536585366
22 0.651176948051948 0.3885670731707317 0.002029220779220779 0.00701219512195122
22 0.4257305194805195 0.38932926829268294 0.00487012987012987 0.003658536585365854
22 0.6552353896103896 0.38932926829268294 0.004464285714285714 0.003048780487804878
22 0.43851461038961037 0.39146341463414636 0.002029220779220779 0.007926829268292683
22 0.5518465909090909 0.3926829268292683 0.0034496753246753245 0.006707317073170732
22 0.424512987012987 0.39679878048780487 0.002029220779220779 0.00701219512195122
2 0.427150974025974 0.39679878048780487 0.002435064935064935 0.007621951219512195
29 0.43262987012987014 0.39740853658536585 0.007305194805194805 0.008841463414634146
2 0.528612012987013 0.40015243902439024 0.005681818181818182 0.007621951219512195
9 0.6472199675324676 0.40015243902439024 0.014407467532467532 0.02103658536585366
22 0.656351461038961 0.4035060975609756 0.002232142857142857 0.008231707317073171
2 0.5325689935064936 0.4057926829268293 0.005478896103896104 0.007317073170731708
24 0.7537540584415584 0.40746951219512195 0.005478896103896104 0.010670731707317074
2 0.4318181818181818 0.4091463414634146 0.00487012987012987 0.003658536585365854
22 0.43577516233766234 0.41051829268292683 0.0018262987012987013 0.00701219512195122
2 0.7195616883116883 0.41051829268292683 0.002840909090909091 0.007621951219512195
2 0.43191964285714285 0.41234756097560976 0.004667207792207792 0.003353658536585366
22 0.6506696428571429 0.4146341463414634 0.002232142857142857 0.007317073170731708
22 0.6566558441558441 0.4221036585365854 0.002435064935064935 0.007621951219512195
29 0.6499594155844156 0.42317073170731706 0.007711038961038961 0.009146341463414634
2 0.39417613636363635 0.4277439024390244 0.015625 0.02195121951219512
22 0.6552353896103896 0.4291158536585366 0.002435064935064935 0.007621951219512195
29 0.6500608766233766 0.4317073170731707 0.007508116883116883 0.009146341463414634
2 0.6413352272727273 0.43551829268292686 0.0038555194805194805 0.00701219512195122
22 0.635551948051948 0.43582317073170734 0.004058441558441558 0.0064024390243902435
2 0.6372767857142857 0.43841463414634146 0.0038555194805194805 0.00548780487804878
22 0.6393060064935064 0.44115853658536586 0.0034496753246753245 0.004878048780487805
2 0.46915584415584416 0.44146341463414634 0.004058441558441558 0.010365853658536586
2 0.4645900974025974 0.44161585365853656 0.0034496753246753245 0.008841463414634146
2 0.4737215909090909 0.4420731707317073 0.004261363636363636 0.00853658536585366
2 0.4355722402597403 0.442530487804878 0.0038555194805194805 0.010670731707317074
2 0.4825487012987013 0.442530487804878 0.004058441558441558 0.010670731707317074
2 0.4864042207792208 0.4426829268292683 0.004058441558441558 0.01097560975609756
22 0.640726461038961 0.44359756097560976 0.0038555194805194805 0.004878048780487805
9 0.6863839285714286 0.44375 0.016030844155844156 0.02225609756097561
22 0.6367694805194806 0.4457317073170732 0.0036525974025974025 0.006097560975609756
6 0.6686282467532467 0.4461890243902439 0.01948051948051948 0.20152439024390245
2 0.6312905844155844 0.4478658536585366 0.00487012987012987 0.003658536585365854
22 0.6387987012987013 0.4504573170731707 0.0036525974025974025 0.005792682926829268
2 0.39671266233766234 0.4513719512195122 0.01461038961038961 0.021646341463414633
2 0.6310876623376623 0.4513719512195122 0.00487012987012987 0.0039634146341463415
22 0.6350446428571429 0.45167682926829267 0.002232142857142857 0.007621951219512195
22 0.5349025974025974 0.4524390243902439 0.004464285714285714 0.003658536585365854
22 0.640523538961039 0.4527439024390244 0.0034496753246753245 0.006097560975609756
2 0.473924512987013 0.4528963414634146 0.0038555194805194805 0.010670731707317074
2 0.4648944805194805 0.4535060975609756 0.003246753246753247 0.011280487804878048
2 0.46915584415584416 0.4535060975609756 0.0036525974025974025 0.011280487804878048
2 0.4354707792207792 0.45365853658536587 0.0036525974025974025 0.01097560975609756
22 0.5480925324675324 0.45457317073170733 0.004464285714285714 0.006707317073170732
22 0.5499188311688312 0.45716463414634145 0.004464285714285714 0.00701219512195122
22 0.5350040584415584 0.45746951219512194 0.004261363636363636 0.003353658536585366
2 0.7923092532467533 0.4580792682926829 0.003043831168831169 0.008231707317073171
2 0.7897727272727273 0.4582317073170732 0.002029220779220779 0.007317073170731708
2 0.630275974025974 0.45884146341463417 0.004058441558441558 0.006707317073170732
2 0.4865056818181818 0.4600609756097561 0.0038555194805194805 0.01097560975609756
2 0.48275162337662336 0.46021341463414633 0.0036525974025974025 0.010670731707317074
22 0.5350040584415584 0.4614329268292683 0.004261363636363636 0.003353658536585366
2 0.6322037337662337 0.4614329268292683 0.004667207792207792 0.00701219512195122
22 0.5302353896103896 0.46234756097560975 0.00487012987012987 0.003353658536585366
2 0.7911931818181818 0.46432926829268295 0.00487012987012987 0.003658536585365854
2 0.4356737012987013 0.46478658536585366 0.0036525974025974025 0.010670731707317074
2 0.46844561688311687 0.4660060975609756 0.0038555194805194805 0.011280487804878048
2 0.47280844155844154 0.4663109756097561 0.0036525974025974025 0.010670731707317074
2 0.46448863636363635 0.4666158536585366 0.003246753246753247 0.010670731707317074
24 0.7541599025974026 0.46676829268292686 0.005478896103896104 0.00975609756097561
22 0.48336038961038963 0.46753048780487805 0.00487012987012987 0.003353658536585366
9 0.6506696428571429 0.4679878048780488 0.016030844155844156 0.02195121951219512
2 0.791599025974026 0.4679878048780488 0.004058441558441558 0.003048780487804878
22 0.47899756493506496 0.4690548780487805 0.002637987012987013 0.007621951219512195
9 0.6865868506493507 0.46966463414634146 0.014813311688311688 0.02103658536585366
2 0.4872159090909091 0.46996951219512195 0.002029220779220779 0.00701219512195122
2 0.791700487012987 0.4713414634146341 0.0038555194805194805 0.003048780487804878
22 0.48336038961038963 0.4717987804878049 0.00487012987012987 0.003353658536585366
2 0.7912946428571429 0.47545731707317074 0.005073051948051948 0.003353658536585366
2 0.43577516233766234 0.47560975609756095 0.0034496753246753245 0.01097560975609756
2 0.39701704545454547 0.4768292682926829 0.015625 0.02195121951219512
2 0.7911931818181818 0.4789634146341463 0.00487012987012987 0.003048780487804878
24 0.7166193181818182 0.4814024390243902 0.004261363636363636 0.010365853658536586
2 0.43577516233766234 0.4867378048780488 0.0034496753246753245 0.010670731707317074
9 0.6864853896103896 0.49344512195121953 0.016639610389610388 0.022865853658536585
2 0.791801948051948 0.49359756097560975 0.00487012987012987 0.003658536585365854
9 0.6154626623376623 0.49588414634146344 0.012175324675324676 0.017378048780487806
6 0.7054586038961039 0.4967987804878049 0.020495129870129872 0.22957317073170733
6 0.7411728896103896 0.4971036585365854 0.02333603896103896 0.22896341463414635
2 0.791700487012987 0.4971036585365854 0.005073051948051948 0.003353658536585366
2 0.4341517857142857 0.4975609756097561 0.007102272727272727 0.00548780487804878
6 0.7779017857142857 0.4978658536585366 0.02130681818181818 0.2329268292682927
15 0.4283685064935065 0.500609756097561 0.0036525974025974025 0.01097560975609756
2 0.3969155844155844 0.5009146341463414 0.015422077922077922 0.022560975609756097
22 0.6031858766233766 0.5024390243902439 0.0038555194805194805 0.006707317073170732
2 0.4341517857142857 0.5032012195121951 0.007102272727272727 0.005182926829268293
2 0.7924107142857143 0.5032012195121951 0.002435064935064935 0.007621951219512195
2 0.5827922077922078 0.5036585365853659 0.005275974025974026 0.007317073170731708
22 0.6012581168831169 0.5053353658536586 0.004058441558441558 0.0064024390243902435
2 0.5925324675324676 0.5059451219512195 0.004464285714285714 0.00701219512195122
2 0.5847199675324676 0.50625 0.004261363636363636 0.00701219512195122
22 0.5998376623376623 0.5079268292682927 0.004464285714285714 0.006707317073170732
2 0.5887784090909091 0.5091463414634146 0.004667207792207792 0.006097560975609756
15 0.4320211038961039 0.5097560975609756 0.006899350649350649 0.00548780487804878
2 0.7965706168831169 0.5109756097560976 0.002232142857142857 0.004878048780487805
2 0.7983969155844156 0.5109756097560976 0.002232142857142857 0.004878048780487805
22 0.44155844155844154 0.5111280487804878 0.00487012987012987 0.0039634146341463415
22 0.7926136363636364 0.5111280487804878 0.002029220779220779 0.00701219512195122
2 0.7948457792207793 0.511280487804878 0.0016233766233766235 0.00548780487804878
2 0.6176948051948052 0.511890243902439 0.004058441558441558 0.01402439024390244
9 0.6100852272727273 0.5121951219512195 0.011160714285714286 0.016463414634146342
9 0.7249391233766234 0.5125 0.01765422077922078 0.02195121951219512
22 0.44632711038961037 0.5128048780487805 0.002232142857142857 0.007317073170731708
2 0.8035714285714286 0.5131097560975609 0.002435064935064935 0.007926829268292683
22 0.802252435064935 0.5185975609756097 0.005073051948051948 0.003048780487804878
2 0.7946428571428571 0.51875 0.004464285714285714 0.0039634146341463415
2 0.4489650974025974 0.5202743902439024 0.002232142857142857 0.00701219512195122
9 0.598924512987013 0.5202743902439024 0.01075487012987013 0.01676829268292683
22 0.5898944805194806 0.5210365853658536 0.00487012987012987 0.01402439024390244
9 0.5816761363636364 0.5217987804878049 0.011160714285714286 0.01676829268292683
2 0.7558847402597403 0.5217987804878049 0.00487012987012987 0.0039634146341463415
22 0.440036525974026 0.5219512195121951 0.007508116883116883 0.004878048780487805
24 0.6078530844155844 0.5253048780487805 0.007102272727272727 0.009146341463414634
2 0.39701704545454547 0.5260670731707318 0.016030844155844156 0.02347560975609756
7 0.4394277597402597 0.5277439024390244 0.009131493506493506 0.00548780487804878
24 0.4494724025974026 0.5282012195121951 0.007305194805194805 0.008841463414634146
22 0.45484983766233766 0.5285060975609757 0.002232142857142857 0.008231707317073171
22 0.4572849025974026 0.5288109756097561 0.002232142857142857 0.00701219512195122
2 0.43273133116883117 0.5289634146341463 0.0034496753246753245 0.010365853658536586
9 0.6496550324675324 0.5291158536585366 0.016436688311688312 0.022865853658536585
2 0.630275974025974 0.5297256097560976 0.002840909090909091 0.008231707317073171
2 0.625202922077922 0.5298780487804878 0.002435064935064935 0.007926829268292683
15 0.627637987012987 0.5298780487804878 0.002840909090909091 0.00853658536585366
29 0.7226055194805194 0.530640243902439 0.010957792207792208 0.013719512195121951
9 0.5715300324675324 0.5314024390243902 0.017248376623376624 0.021341463414634148
2 0.43973214285714285 0.5321646341463414 0.00487012987012987 0.0039634146341463415
24 0.7540584415584416 0.5355182926829268 0.005275974025974026 0.010670731707317074
22 0.6193181818181818 0.5379573170731707 0.00487012987012987 0.0039634146341463415
2 0.625 0.5379573170731707 0.00487012987012987 0.0039634146341463415
2 0.591213474025974 0.5382621951219512 0.004667207792207792 0.0039634146341463415
2 0.5854301948051948 0.5416158536585366 0.004464285714285714 0.003353658536585366
2 0.625101461038961 0.5416158536585366 0.004667207792207792 0.003353658536585366
22 0.591112012987013 0.5417682926829268 0.00487012987012987 0.003048780487804878
22 0.619622564935065 0.5417682926829268 0.004667207792207792 0.003048780487804878
22 0.6194196428571429 0.5449695121951219 0.004667207792207792 0.003353658536585366
2 0.625 0.5449695121951219 0.00487012987012987 0.0039634146341463415
22 0.46702516233766234 0.5451219512195122 0.005478896103896104 0.003658536585365854
2 0.591213474025974 0.5451219512195122 0.004667207792207792 0.003048780487804878
22 0.5854301948051948 0.5452743902439025 0.00487012987012987 0.003353658536585366
2 0.6308847402597403 0.5457317073170732 0.005275974025974026 0.003658536585365854
2 0.5809659090909091 0.5466463414634146 0.002435064935064935 0.007317073170731708
2 0.6647727272727273 0.5477134146341464 0.00487012987012987 0.003353658536585366
2 0.5856331168831169 0.5486280487804878 0.00487012987012987 0.003353658536585366
22 0.5914163961038961 0.5487804878048781 0.004667207792207792 0.0024390243902439024
22 0.46712662337662336 0.5490853658536585 0.00487012987012987 0.003048780487804878
2 0.6309862012987013 0.5493902439024391 0.005073051948051948 0.003048780487804878
22 0.6497564935064936 0.5498475609756097 0.002435064935064935 0.007621951219512195
14 0.44754464285714285 0.55 0.032670454545454544 0.029878048780487804
14 0.6436688311688312 0.5509146341463415 0.00974025974025974 0.020731707317073172
2 0.6195211038961039 0.5515243902439024 0.004464285714285714 0.003658536585365854
22 0.6546266233766234 0.551829268292683 0.00487012987012987 0.003658536585365854
24 0.625 0.5525914634146342 0.005681818181818182 0.010060975609756098
2 0.6308847402597403 0.5527439024390244 0.004058441558441558 0.003048780487804878
22 0.5915178571428571 0.5528963414634146 0.00487012987012987 0.003353658536585366
2 0.7911931818181818 0.5532012195121951 0.002029220779220779 0.0064024390243902435
22 0.5855316558441559 0.55625 0.004667207792207792 0.003353658536585366
2 0.6308847402597403 0.55625 0.00487012987012987 0.003353658536585366
2 0.591314935064935 0.5565548780487805 0.00487012987012987 0.003353658536585366
9 0.723924512987013 0.5571646341463414 0.016030844155844156 0.02225609756097561
2 0.765523538961039 0.5573170731707318 0.002232142857142857 0.006707317073170732
22 0.6193181818181818 0.5576219512195122 0.00487012987012987 0.003658536585365854
22 0.6059253246753247 0.5579268292682927 0.02150974025974026 0.04451219512195122
22 0.5914163961038961 0.5596036585365853 0.004667207792207792 0.00274390243902439
2 0.6308847402597403 0.5600609756097561 0.004464285714285714 0.003048780487804878
22 0.5851258116883117 0.5605182926829269 0.005073051948051948 0.0039634146341463415
22 0.5792410714285714 0.5611280487804878 0.004667207792207792 0.003353658536585366
2 0.6194196428571429 0.5614329268292683 0.004261363636363636 0.00274390243902439
22 0.5916193181818182 0.563109756097561 0.004667207792207792 0.003048780487804878
2 0.6308847402597403 0.5634146341463414 0.00487012987012987 0.003048780487804878
24 0.625202922077922 0.5638719512195122 0.005681818181818182 0.010060975609756098
22 0.5795454545454546 0.5661585365853659 0.004058441558441558 0.003658536585365854
2 0.6309862012987013 0.5670731707317073 0.005073051948051948 0.003048780487804878
24 0.5853287337662337 0.5678353658536586 0.00588474025974026 0.010670731707317074
2 0.5916193181818182 0.5679878048780488 0.004667207792207792 0.003658536585365854
2 0.6465097402597403 0.5684451219512195 0.00487012987012987 0.003353658536585366
2 0.6195211038961039 0.5707317073170731 0.004464285714285714 0.003658536585365854
6 0.8036728896103896 0.5710365853658537 0.018465909090909092 0.10548780487804878
22 0.625202922077922 0.5711890243902439 0.00487012987012987 0.0039634146341463415
2 0.6306818181818182 0.5713414634146341 0.00487012987012987 0.003048780487804878
2 0.6466112012987013 0.5717987804878049 0.004667207792207792 0.00274390243902439
22 0.619825487012987 0.5745426829268293 0.005073051948051948 0.004573170731707317
22 0.625202922077922 0.5745426829268293 0.004464285714285714 0.003353658536585366
22 0.5856331168831169 0.5748475609756097 0.00487012987012987 0.003353658536585366
2 0.6307832792207793 0.5748475609756097 0.004667207792207792 0.003353658536585366
22 0.5776176948051948 0.5753048780487805 0.002232142857142857 0.007317073170731708
22 0.580661525974026 0.5753048780487805 0.002637987012987013 0.007926829268292683
2 0.6466112012987013 0.5754573170731707 0.004667207792207792 0.00274390243902439
24 0.7534496753246753 0.5759146341463415 0.004058441558441558 0.01097560975609756
14 0.6650771103896104 0.5777439024390244 0.03185876623376623 0.046341463414634146
22 0.625101461038961 0.5778963414634146 0.004261363636363636 0.00274390243902439
22 0.619926948051948 0.5782012195121952 0.00487012987012987 0.0039634146341463415
22 0.585836038961039 0.5785060975609756 0.00487012987012987 0.003353658536585366
2 0.5928368506493507 0.5788109756097561 0.005073051948051948 0.003353658536585366
22 0.6466112012987013 0.5788109756097561 0.004667207792207792 0.003353658536585366
22 0.6254058441558441 0.5814024390243903 0.00487012987012987 0.003048780487804878
2 0.6137378246753247 0.5817073170731707 0.004667207792207792 0.003658536585365854
2 0.6084618506493507 0.581859756097561 0.005073051948051948 0.003353658536585366
15 0.5930397727272727 0.5826219512195122 0.005073051948051948 0.003658536585365854
2 0.4224837662337662 0.5844512195121951 0.004464285714285714 0.01402439024390244
2 0.6462053571428571 0.5867378048780488 0.005073051948051948 0.003353658536585366
22 0.6000405844155844 0.5871951219512195 0.002435064935064935 0.007926829268292683
22 0.5956777597402597 0.5875 0.002232142857142857 0.007317073170731708
22 0.5979099025974026 0.5875 0.002637987012987013 0.007926829268292683
22 0.5934456168831169 0.5876524390243902 0.002637987012987013 0.007621951219512195
22 0.6462053571428571 0.5902439024390244 0.004261363636363636 0.003658536585365854
29 0.4312094155844156 0.5908536585365853 0.013392857142857142 0.03048780487804878
9 0.7618709415584416 0.5913109756097561 0.016842532467532468 0.022865853658536585
22 0.421773538961039 0.5934451219512196 0.004667207792207792 0.003353658536585366
15 0.4017857142857143 0.59375 0.03206168831168831 0.034451219512195125
22 0.6461038961038961 0.5945121951219512 0.00487012987012987 0.003658536585365854
15 0.5283076298701299 0.5948170731707317 0.031047077922077924 0.03353658536585366
2 0.5644277597402597 0.5955792682926829 0.005073051948051948 0.004573170731707317
29 0.507609577922078 0.5977134146341463 0.014407467532467532 0.030792682926829268
9 0.4512987012987013 0.5978658536585366 0.020292207792207792 0.028658536585365855
9 0.4715909090909091 0.5978658536585366 0.019886363636363636 0.028658536585365855
2 0.7302150974025974 0.5978658536585366 0.002637987012987013 0.00853658536585366
2 0.6461038961038961 0.5983231707317073 0.00487012987012987 0.003353658536585366
9 0.4929991883116883 0.5989329268292682 0.021712662337662336 0.032621951219512196
2 0.6941964285714286 0.6001524390243902 0.002435064935064935 0.007621951219512195
2 0.5576298701298701 0.6004573170731707 0.005275974025974026 0.0039634146341463415
2 0.6753246753246753 0.6030487804878049 0.00487012987012987 0.003048780487804878
22 0.6544237012987013 0.6035060975609756 0.00487012987012987 0.003353658536585366
2 0.650872564935065 0.6051829268292683 0.002637987012987013 0.007317073170731708
15 0.6672077922077922 0.6053353658536585 0.002840909090909091 0.007621951219512195
22 0.7913961038961039 0.6053353658536585 0.002435064935064935 0.007621951219512195
22 0.789163961038961 0.6071646341463415 0.002029220779220779 0.007621951219512195
2 0.762987012987013 0.6074695121951219 0.002840909090909091 0.007621951219512195
2 0.7323457792207793 0.6126524390243903 0.00487012987012987 0.0039634146341463415
2 0.7528409090909091 0.6132621951219512 0.00487012987012987 0.004573170731707317
2 0.7436079545454546 0.6134146341463415 0.004667207792207792 0.00426829268292683
2 0.7383319805194806 0.6135670731707317 0.005478896103896104 0.0039634146341463415
15 0.5147118506493507 0.6140243902439024 0.00020292207792207794 0.0006097560975609756
22 0.5034496753246753 0.6152439024390244 0.00487012987012987 0.00426829268292683
2 0.5926339285714286 0.6161585365853659 0.004667207792207792 0.003658536585365854
22 0.5927353896103896 0.6198170731707318 0.00487012987012987 0.003658536585365854
2 0.6216517857142857 0.6208841463414634 0.004667207792207792 0.0039634146341463415
22 0.5409902597402597 0.6211890243902439 0.002435064935064935 0.00701219512195122
24 0.7167207792207793 0.6216463414634147 0.005681818181818182 0.01097560975609756
2 0.6289569805194806 0.6236280487804878 0.004261363636363636 0.004573170731707317
22 0.5929383116883117 0.6242378048780488 0.00487012987012987 0.003353658536585366
22 0.5497159090909091 0.6245426829268292 0.002840909090909091 0.007621951219512195
29 0.4375 0.6246951219512196 0.013392857142857142 0.03048780487804878
2 0.7716112012987013 0.6253048780487804 0.002637987012987013 0.007317073170731708
29 0.421875 0.625609756097561 0.012987012987012988 0.03048780487804878
22 0.8040787337662337 0.6269817073170731 0.002232142857142857 0.00701219512195122
9 0.45413961038961037 0.6277439024390243 0.01948051948051948 0.02621951219512195
14 0.5718344155844156 0.6282012195121951 0.037337662337662336 0.028353658536585367
2 0.5930397727272727 0.6282012195121951 0.005073051948051948 0.003353658536585366
2 0.48295454545454547 0.6283536585365853 0.003246753246753247 0.00853658536585366
29 0.5331777597402597 0.6283536585365853 0.013189935064935064 0.03048780487804878
29 0.5146103896103896 0.6289634146341463 0.013392857142857142 0.031097560975609756
2 0.5408887987012987 0.629420731707317 0.002637987012987013 0.007621951219512195
14 0.7804383116883117 0.6309451219512195 0.01461038961038961 0.02652439024390244
24 0.7089082792207793 0.6314024390243902 0.005478896103896104 0.010365853658536586
22 0.5499188311688312 0.6327743902439025 0.002435064935064935 0.007621951219512195
2 0.7886566558441559 0.6327743902439025 0.002232142857142857 0.007621951219512195
6 0.49381087662337664 0.6329268292682927 0.018060064935064936 0.026829268292682926
2 0.7939326298701299 0.6342987804878049 0.0034496753246753245 0.00274390243902439
2 0.7717126623376623 0.6349085365853658 0.002029220779220779 0.00701219512195122
29 0.801948051948052 0.635670731707317 0.007305194805194805 0.00853658536585366
22 0.796976461038961 0.6370426829268293 0.002232142857142857 0.00701219512195122
2 0.7170251623376623 0.6371951219512195 0.004667207792207792 0.003658536585365854
7 0.40330762987012986 0.6373475609756097 0.00588474025974026 0.03567073170731707
7 0.408887987012987 0.6375 0.005681818181818182 0.03536585365853658
22 0.44551542207792205 0.6388719512195122 0.002637987012987013 0.008231707317073171
2 0.7677556818181818 0.6403963414634146 0.004667207792207792 0.003353658536585366
2 0.7940340909090909 0.6403963414634146 0.002029220779220779 0.007621951219512195
14 0.7425933441558441 0.6408536585365854 0.044845779220779224 0.048170731707317074
22 0.5067978896103896 0.6410060975609756 0.002232142857142857 0.00701219512195122
2 0.5227272727272727 0.6410060975609756 0.002435064935064935 0.007621951219512195
22 0.5252637987012987 0.6411585365853658 0.002232142857142857 0.007926829268292683
2 0.5046672077922078 0.6413109756097561 0.002840909090909091 0.00701219512195122
2 0.7982954545454546 0.6419207317073171 0.00487012987012987 0.003353658536585366
22 0.8034699675324676 0.6420731707317073 0.004667207792207792 0.003658536585365854
2 0.44155844155844154 0.6422256097560975 0.005275974025974026 0.0039634146341463415
24 0.7089082792207793 0.6422256097560975 0.00588474025974026 0.010060975609756098
22 0.43060064935064934 0.6425304878048781 0.004464285714285714 0.0039634146341463415
2 0.43648538961038963 0.6425304878048781 0.005275974025974026 0.0039634146341463415
22 0.5977069805194806 0.6425304878048781 0.004667207792207792 0.003353658536585366
2 0.7902800324675324 0.6425304878048781 0.004667207792207792 0.003353658536585366
2 0.47037337662337664 0.6426829268292683 0.002435064935064935 0.00853658536585366
22 0.42329545454545453 0.6431402439024391 0.00487012987012987 0.0039634146341463415
2 0.4182224025974026 0.6434451219512195 0.00487012987012987 0.003353658536585366
2 0.6194196428571429 0.6434451219512195 0.002637987012987013 0.007621951219512195
22 0.7677556818181818 0.644359756097561 0.004667207792207792 0.00274390243902439
2 0.39864042207792205 0.6454268292682926 0.002637987012987013 0.007317073170731708
22 0.5950689935064936 0.6460365853658536 0.005073051948051948 0.003658536585365854
6 0.6605113636363636 0.6460365853658536 0.023944805194805196 0.020121951219512196
22 0.6002435064935064 0.646189024390244 0.00487012987012987 0.0039634146341463415
2 0.716010551948052 0.6471036585365854 0.002232142857142857 0.007621951219512195
2 0.48336038961038963 0.6486280487804879 0.005275974025974026 0.004573170731707317
16 0.692877435064935 0.6486280487804879 0.00588474025974026 0.014939024390243902
22 0.3899147727272727 0.649390243902439 0.006290584415584416 0.020731707317073172
15 0.677150974025974 0.649390243902439 0.002435064935064935 0.007317073170731708
2 0.43110795454545453 0.65 0.005073051948051948 0.00426829268292683
15 0.5952719155844156 0.651219512195122 0.006290584415584416 0.004878048780487805
15 0.6969358766233766 0.651829268292683 0.0038555194805194805 0.003658536585365854
2 0.7179383116883117 0.6527439024390244 0.004464285714285714 0.003658536585365854
2 0.48325892857142855 0.6528963414634147 0.004667207792207792 0.003353658536585366
22 0.5014204545454546 0.6528963414634147 0.004464285714285714 0.0039634146341463415
22 0.4890422077922078 0.6533536585365853 0.005275974025974026 0.003658536585365854
22 0.49523133116883117 0.6533536585365853 0.005073051948051948 0.003658536585365854
22 0.7712053571428571 0.6545731707317073 0.0018262987012987013 0.007926829268292683
2 0.7667410714285714 0.6551829268292683 0.002232142857142857 0.006707317073170732
22 0.6740056818181818 0.6560975609756098 0.004261363636363636 0.003048780487804878
15 0.5012175324675324 0.6564024390243902 0.00487012987012987 0.003048780487804878
15 0.49523133116883117 0.6567073170731708 0.005073051948051948 0.003048780487804878
22 0.5953733766233766 0.6567073170731708 0.006087662337662338 0.004878048780487805
15 0.48914366883116883 0.657469512195122 0.004261363636363636 0.003353658536585366
22 0.7129667207792207 0.6576219512195122 0.002232142857142857 0.007317073170731708
15 0.6775568181818182 0.6577743902439024 0.002435064935064935 0.008231707317073171
6 0.6842532467532467 0.6579268292682927 0.010957792207792208 0.03414634146341464
2 0.7104301948051948 0.6579268292682927 0.002029220779220779 0.007317073170731708
9 0.5367288961038961 0.6580792682926829 0.016233766233766232 0.02347560975609756
24 0.4552556818181818 0.6582317073170731 0.007102272727272727 0.00853658536585366
2 0.7070819805194806 0.6582317073170731 0.002232142857142857 0.007317073170731708
24 0.4715909090909091 0.6583841463414634 0.006899350649350649 0.008841463414634146
2 0.718547077922078 0.6583841463414634 0.002840909090909091 0.00701219512195122
22 0.4117288961038961 0.6585365853658537 0.004464285714285714 0.003658536585365854
22 0.4810267857142857 0.6585365853658537 0.002232142857142857 0.007926829268292683
2 0.5127840909090909 0.6585365853658537 0.002840909090909091 0.007926829268292683
2 0.4666193181818182 0.6586890243902439 0.002637987012987013 0.00701219512195122
2 0.4786931818181818 0.6586890243902439 0.002435064935064935 0.007621951219512195
22 0.4831574675324675 0.6586890243902439 0.002435064935064935 0.007621951219512195
2 0.5068993506493507 0.6586890243902439 0.002840909090909091 0.00701219512195122
2 0.4484577922077922 0.6588414634146341 0.002435064935064935 0.007317073170731708
2 0.45992288961038963 0.6588414634146341 0.002637987012987013 0.007317073170731708
2 0.4621550324675325 0.6588414634146341 0.002232142857142857 0.007317073170731708
2 0.47625811688311687 0.6588414634146341 0.002435064935064935 0.007926829268292683
22 0.48538961038961037 0.6588414634146341 0.002435064935064935 0.007317073170731708
2 0.46448863636363635 0.6589939024390243 0.002029220779220779 0.007621951219512195
24 0.4226866883116883 0.6591463414634147 0.006899350649350649 0.007926829268292683
2 0.4296875 0.6591463414634147 0.002232142857142857 0.007317073170731708
24 0.4390219155844156 0.6591463414634147 0.006696428571428571 0.009146341463414634
2 0.43191964285714285 0.6592987804878049 0.0018262987012987013 0.007621951219512195
2 0.4342532467532468 0.6592987804878049 0.002435064935064935 0.007621951219512195
2 0.4437905844155844 0.6592987804878049 0.002840909090909091 0.00701219512195122
2 0.4461241883116883 0.6592987804878049 0.002232142857142857 0.00701219512195122
2 0.450487012987013 0.6592987804878049 0.002029220779220779 0.00701219512195122
2 0.4273538961038961 0.6594512195121951 0.002435064935064935 0.007317073170731708
2 0.4155844155844156 0.6597560975609756 0.002029220779220779 0.007317073170731708
2 0.4179180194805195 0.6597560975609756 0.002232142857142857 0.007317073170731708
6 0.6109983766233766 0.6597560975609756 0.025974025974025976 0.01707317073170732
2 0.40645292207792205 0.6602134146341463 0.002840909090909091 0.008231707317073171
2 0.49512987012987014 0.6602134146341463 0.00487012987012987 0.00274390243902439
2 0.5015219155844156 0.6602134146341463 0.004667207792207792 0.0039634146341463415
15 0.3940746753246753 0.6603658536585366 0.0036525974025974025 0.01097560975609756
15 0.3977272727272727 0.6603658536585366 0.003246753246753247 0.010365853658536586
22 0.7675527597402597 0.6605182926829268 0.004667207792207792 0.003353658536585366
2 0.48914366883116883 0.660670731707317 0.004261363636363636 0.003658536585365854
2 0.4117288961038961 0.661890243902439 0.004464285714285714 0.003658536585365854
16 0.692775974025974 0.6620426829268292 0.005681818181818182 0.0125
24 0.5477881493506493 0.6628048780487805 0.006696428571428571 0.00853658536585366
2 0.5968952922077922 0.6644817073170731 0.002637987012987013 0.00701219512195122
2 0.6974431818181818 0.6650914634146341 0.005275974025974026 0.0039634146341463415
2 0.6775568181818182 0.6667682926829268 0.002435064935064935 0.006707317073170732
2 0.5282061688311688 0.6679878048780488 0.00487012987012987 0.00426829268292683
22 0.6730925324675324 0.668140243902439 0.00487012987012987 0.0039634146341463415
2 0.724127435064935 0.668140243902439 0.005073051948051948 0.0039634146341463415
2 0.7565949675324676 0.6682926829268293 0.005073051948051948 0.003658536585365854
2 0.6972402597402597 0.66875 0.00487012987012987 0.003353658536585366
22 0.7511160714285714 0.66875 0.004667207792207792 0.003353658536585366
2 0.7398538961038961 0.6689024390243903 0.00487012987012987 0.003658536585365854
22 0.7458400974025974 0.6692073170731707 0.004667207792207792 0.003658536585365854
22 0.6921672077922078 0.6699695121951219 0.004464285714285714 0.003353658536585366
22 0.7294034090909091 0.6701219512195122 0.002637987012987013 0.007317073170731708
15 0.401075487012987 0.6704268292682927 0.002637987012987013 0.007926829268292683
15 0.403612012987013 0.6704268292682927 0.002435064935064935 0.007926829268292683
24 0.39620535714285715 0.6705792682926829 0.007102272727272727 0.008841463414634146
22 0.7324472402597403 0.6705792682926829 0.002637987012987013 0.007621951219512195
22 0.7356939935064936 0.6705792682926829 0.002637987012987013 0.00701219512195122
15 0.3887987012987013 0.6707317073170732 0.002435064935064935 0.007926829268292683
15 0.3911323051948052 0.6707317073170732 0.002637987012987013 0.007926829268292683
2 0.7726258116883117 0.6707317073170732 0.005073051948051948 0.003658536585365854
2 0.5515422077922078 0.6714939024390244 0.002840909090909091 0.007621951219512195
2 0.724127435064935 0.6719512195121952 0.005073051948051948 0.003658536585365854
14 0.7920048701298701 0.6727134146341464 0.03206168831168831 0.05274390243902439
2 0.6975446428571429 0.6728658536585366 0.004667207792207792 0.003048780487804878
22 0.6918628246753247 0.6731707317073171 0.004667207792207792 0.003658536585365854
22 0.5009131493506493 0.6739329268292683 0.002637987012987013 0.007621951219512195
22 0.7400568181818182 0.6740853658536585 0.004058441558441558 0.003048780487804878
2 0.7727272727272727 0.6746951219512195 0.00487012987012987 0.003658536585365854
14 0.5093344155844156 0.676219512195122 0.013798701298701298 0.025
2 0.7242288961038961 0.676219512195122 0.00487012987012987 0.003658536585365854
22 0.7310267857142857 0.676219512195122 0.005073051948051948 0.003658536585365854
2 0.6974431818181818 0.6765243902439024 0.004058441558441558 0.003658536585365854
14 0.7116477272727273 0.6771341463414634 0.01948051948051948 0.02804878048780488
2 0.6919642857142857 0.6772865853658536 0.004464285714285714 0.003353658536585366
2 0.7727272727272727 0.6782012195121951 0.00487012987012987 0.003353658536585366
22 0.6809050324675324 0.6786585365853659 0.005073051948051948 0.00426829268292683
2 0.6860795454545454 0.6786585365853659 0.00487012987012987 0.003658536585365854
2 0.4039163961038961 0.6794207317073171 0.002637987012987013 0.007621951219512195
22 0.7372159090909091 0.6794207317073171 0.002435064935064935 0.007621951219512195
2 0.395900974025974 0.6795731707317073 0.002840909090909091 0.007317073170731708
2 0.39864042207792205 0.6795731707317073 0.003043831168831169 0.007926829268292683
2 0.401075487012987 0.6795731707317073 0.002637987012987013 0.007926829268292683
22 0.723823051948052 0.6798780487804879 0.005275974025974026 0.003658536585365854
2 0.6976461038961039 0.6803353658536585 0.004464285714285714 0.003353658536585366
2 0.6918628246753247 0.6804878048780488 0.004261363636363636 0.003658536585365854
2 0.3918425324675325 0.6815548780487805 0.00487012987012987 0.0039634146341463415
2 0.7724228896103896 0.681859756097561 0.005073051948051948 0.003353658536585366
2 0.5518465909090909 0.6827743902439024 0.002637987012987013 0.00701219512195122
6 0.7662337662337663 0.6844512195121951 0.00974025974025974 0.03536585365853658
22 0.5012175324675324 0.6846036585365853 0.002435064935064935 0.007621951219512195
6 0.5745738636363636 0.6850609756097561 0.03794642857142857 0.08048780487804878
2 0.7727272727272727 0.6859756097560976 0.00487012987012987 0.003658536585365854
22 0.7311282467532467 0.6861280487804878 0.002435064935064935 0.007621951219512195
2 0.7234172077922078 0.686890243902439 0.002435064935064935 0.007926829268292683
2 0.7728287337662337 0.6896341463414634 0.004667207792207792 0.003048780487804878
2 0.5082183441558441 0.6908536585365853 0.005073051948051948 0.003658536585365854
2 0.5030438311688312 0.6911585365853659 0.005275974025974026 0.004878048780487805
15 0.6628449675324676 0.6911585365853659 0.004261363636363636 0.00426829268292683
9 0.684760551948052 0.6913109756097561 0.011566558441558442 0.018597560975609755
9 0.6969358766233766 0.6913109756097561 0.012378246753246754 0.01798780487804878
15 0.7311282467532467 0.6935975609756098 0.002435064935064935 0.006707317073170732
2 0.7336647727272727 0.6935975609756098 0.002637987012987013 0.007317073170731708
2 0.7726258116883117 0.6935975609756098 0.004261363636363636 0.003658536585365854
6 0.6465097402597403 0.6945121951219512 0.03125 0.07560975609756097
6 0.6096793831168831 0.6949695121951219 0.02739448051948052 0.049695121951219515
22 0.6648741883116883 0.6951219512195121 0.004261363636363636 0.003658536585365854
6 0.536424512987013 0.6954268292682927 0.028206168831168832 0.051829268292682924
2 0.705762987012987 0.6958841463414634 0.002435064935064935 0.007621951219512195
2 0.7219967532467533 0.6958841463414634 0.002029220779220779 0.00701219512195122
2 0.7034293831168831 0.6960365853658537 0.002637987012987013 0.007926829268292683
2 0.7176339285714286 0.6961890243902439 0.002232142857142857 0.0064024390243902435
2 0.7151988636363636 0.6963414634146341 0.002232142857142857 0.007317073170731708
2 0.7197646103896104 0.6963414634146341 0.002029220779220779 0.006707317073170732
2 0.7105316558441559 0.6969512195121951 0.006290584415584416 0.004878048780487805
2 0.7728287337662337 0.6972560975609756 0.004667207792207792 0.003048780487804878
22 0.7274756493506493 0.6978658536585366 0.00487012987012987 0.003658536585365854
22 0.6749188311688312 0.6984756097560976 0.00487012987012987 0.003658536585365854
22 0.6696428571428571 0.6986280487804878 0.005275974025974026 0.003353658536585366
2 0.5144074675324676 0.698780487804878 0.002435064935064935 0.007317073170731708
22 0.664265422077922 0.698780487804878 0.005073051948051948 0.003658536585365854
6 0.45038555194805197 0.7022865853658536 0.12439123376623376 0.0722560975609756
2 0.7911931818181818 0.1964939024390244 0.002435064935064935 0.007621951219512195
2 0.7957589285714286 0.19664634146341464 0.002637987012987013 0.007317073170731708
22 0.7935267857142857 0.19695121951219513 0.0018262987012987013 0.006707317073170732
22 0.5098417207792207 0.19832317073170733 0.005478896103896104 0.005182926829268293
2 0.7217938311688312 0.19878048780487806 0.002840909090909091 0.006707317073170732
22 0.5292207792207793 0.19969512195121952 0.002840909090909091 0.007926829268292683
22 0.5316558441558441 0.2 0.002029220779220779 0.007317073170731708
22 0.544237012987013 0.2 0.00487012987012987 0.00426829268292683
29 0.49959415584415584 0.2003048780487805 0.008116883116883116 0.00853658536585366
22 0.5346996753246753 0.20076219512195123 0.002435064935064935 0.0064024390243902435
29 0.520799512987013 0.20152439024390245 0.011972402597402598 0.011585365853658536
9 0.4880275974025974 0.2032012195121951 0.011363636363636364 0.018597560975609755
22 0.544338474025974 0.20396341463414633 0.004667207792207792 0.003048780487804878
22 0.6547280844155844 0.20579268292682926 0.004261363636363636 0.00426829268292683
6 0.6000405844155844 0.20685975609756097 0.10308441558441558 0.02225609756097561
22 0.729200487012987 0.20777439024390243 0.002232142857142857 0.007621951219512195
22 0.544135551948052 0.20792682926829267 0.004261363636363636 0.003658536585365854
6 0.7962662337662337 0.20929878048780487 0.01461038961038961 0.016158536585365854
14 0.5100446428571429 0.2100609756097561 0.009131493506493506 0.020731707317073172
6 0.4353693181818182 0.21310975609756097 0.08867694805194805 0.03048780487804878
2 0.7355925324675324 0.21371951219512195 0.00487012987012987 0.00426829268292683
6 0.7649147727272727 0.2146341463414634 0.009537337662337662 0.04695121951219512
14 0.5335836038961039 0.2149390243902439 0.016436688311688312 0.021341463414634148
6 0.7484780844155844 0.2149390243902439 0.01075487012987013 0.04573170731707317
9 0.49837662337662336 0.21646341463414634 0.013392857142857142 0.022560975609756097
22 0.5160308441558441 0.21692073170731707 0.002435064935064935 0.008231707317073171
22 0.5162337662337663 0.21722560975609756 0.002435064935064935 0.008231707317073171
7 0.5451501623376623 0.21996951219512195 0.0038555194805194805 0.014939024390243902
7 0.7353896103896104 0.22103658536585366 0.006493506493506494 0.007317073170731708
22 0.7817573051948052 0.2228658536585366 0.002637987012987013 0.007926829268292683
22 0.7791193181818182 0.22301829268292683 0.002637987012987013 0.008231707317073171
22 0.5109577922077922 0.22317073170731708 0.005275974025974026 0.003048780487804878
22 0.5111607142857143 0.22317073170731708 0.00487012987012987 0.003658536585365854
22 0.7350852272727273 0.22698170731707318 0.005073051948051948 0.0039634146341463415
22 0.536424512987013 0.22728658536585367 0.004667207792207792 0.003353658536585366
22 0.5248579545454546 0.22850609756097562 0.005478896103896104 0.003353658536585366
22 0.5420048701298701 0.2288109756097561 0.002435064935064935 0.007621951219512195
2 0.791801948051948 0.22926829268292684 0.003246753246753247 0.0024390243902439024
2 0.46053165584415584 0.22972560975609757 0.0038555194805194805 0.003353658536585366
2 0.4182224025974026 0.23003048780487806 0.0036525974025974025 0.00274390243902439
2 0.447950487012987 0.2301829268292683 0.005478896103896104 0.003658536585365854
2 0.4724025974025974 0.23033536585365855 0.00487012987012987 0.0039634146341463415
2 0.432224025974026 0.23079268292682928 0.005681818181818182 0.003658536585365854
2 0.4119318181818182 0.23109756097560977 0.004464285714285714 0.003658536585365854
22 0.5317573051948052 0.23109756097560977 0.002637987012987013 0.00853658536585366
2 0.4017857142857143 0.23125 0.005275974025974026 0.004573170731707317
2 0.791801948051948 0.23201219512195123 0.003246753246753247 0.0024390243902439024
22 0.6551339285714286 0.23338414634146343 0.005073051948051948 0.004573170731707317
29 0.4398336038961039 0.23353658536585367 0.005478896103896104 0.012195121951219513
7 0.5454545454545454 0.23658536585365852 0.003246753246753247 0.01402439024390244
6 0.5993303571428571 0.236890243902439 0.10531655844155845 0.028658536585365855
6 0.7984983766233766 0.2375 0.00974025974025974 0.03414634146341464
7 0.41832386363636365 0.2396341463414634 0.004261363636363636 0.014634146341463415
14 0.78125 0.2396341463414634 0.013798701298701298 0.024390243902439025
22 0.7911931818181818 0.24085365853658536 0.003246753246753247 0.010365853658536586
24 0.500202922077922 0.24115853658536585 0.00974025974025974 0.021341463414634148
24 0.4889407467532468 0.2413109756097561 0.009943181818181818 0.021646341463414633
29 0.7510146103896104 0.24420731707317073 0.007711038961038961 0.009146341463414634
9 0.5352069805194806 0.24466463414634146 0.01278409090909091 0.022865853658536585
9 0.42857142857142855 0.2448170731707317 0.013798701298701298 0.02195121951219512
9 0.45271915584415584 0.24496951219512195 0.013392857142857142 0.024695121951219513
29 0.4715909090909091 0.24664634146341463 0.020698051948051948 0.020121951219512196
22 0.7223011363636364 0.24786585365853658 0.002232142857142857 0.006707317073170732
29 0.5161323051948052 0.24801829268292683 0.020495129870129872 0.019817073170731708
22 0.6553368506493507 0.2510670731707317 0.005073051948051948 0.003353658536585366
2 0.736810064935065 0.25228658536585363 0.002840909090909091 0.007621951219512195
22 0.7910917207792207 0.25228658536585363 0.0034496753246753245 0.010670731707317074
2 0.718952922077922 0.2530487804878049 0.00487012987012987 0.003658536585365854
2 0.4197443181818182 0.2548780487804878 0.002232142857142857 0.007317073170731708
2 0.41710633116883117 0.255030487804878 0.002637987012987013 0.007621951219512195
7 0.7840909090909091 0.2557926829268293 0.010146103896103896 0.00548780487804878
22 0.7771915584415584 0.25655487804878047 0.002840909090909091 0.007621951219512195
9 0.7531452922077922 0.2579268292682927 0.011566558441558442 0.01768292682926829
2 0.8013392857142857 0.25899390243902437 0.005275974025974026 0.004573170731707317
2 0.6966314935064936 0.25960365853658535 0.002840909090909091 0.007621951219512195
7 0.7128652597402597 0.2597560975609756 0.022727272727272728 0.009146341463414634
6 0.5327719155844156 0.2660060975609756 0.28104707792207795 0.02652439024390244
22 0.7067775974025974 0.2660060975609756 0.00487012987012987 0.0039634146341463415
2 0.7118506493506493 0.2660060975609756 0.004058441558441558 0.003353658536585366
22 0.7340706168831169 0.2660060975609756 0.002637987012987013 0.008841463414634146
22 0.744926948051948 0.26753048780487804 0.002435064935064935 0.0064024390243902435
2 0.7302150974025974 0.2678353658536585 0.004261363636363636 0.00274390243902439
2 0.7620738636363636 0.2684451219512195 0.004261363636363636 0.0039634146341463415
2 0.7168222402597403 0.26966463414634145 0.002232142857142857 0.007621951219512195
22 0.7220982142857143 0.26966463414634145 0.0018262987012987013 0.0064024390243902435
2 0.7244318181818182 0.26966463414634145 0.002029220779220779 0.00701219512195122
6 0.7957589285714286 0.26966463414634145 0.00588474025974026 0.028353658536585367
22 0.7196631493506493 0.2701219512195122 0.002232142857142857 0.007317073170731708
2 0.7265625 0.2701219512195122 0.002637987012987013 0.007317073170731708
2 0.6965300324675324 0.2705792682926829 0.002637987012987013 0.007621951219512195
22 0.7575081168831169 0.2707317073170732 0.002435064935064935 0.007317073170731708
22 0.7503043831168831 0.2708841463414634 0.002637987012987013 0.007621951219512195
22 0.7528409090909091 0.2708841463414634 0.002435064935064935 0.00701219512195122
22 0.755275974025974 0.2708841463414634 0.002435064935064935 0.00701219512195122
22 0.7304180194805194 0.2710365853658537 0.005073051948051948 0.003048780487804878
2 0.742390422077922 0.2710365853658537 0.002232142857142857 0.006707317073170732
2 0.7064732142857143 0.27164634146341465 0.004667207792207792 0.003658536585365854
2 0.7624797077922078 0.2725609756097561 0.004667207792207792 0.003658536585365854
2 0.7458400974025974 0.2730182926829268 0.005073051948051948 0.003353658536585366
2 0.7722199675324676 0.27378048780487807 0.002637987012987013 0.007317073170731708
22 0.7675527597402597 0.280640243902439 0.002637987012987013 0.00701219512195122
24 0.7572037337662337 0.28125 0.00588474025974026 0.010670731707317074
22 0.7904829545454546 0.28216463414634146 0.005073051948051948 0.003353658536585366
22 0.6735998376623377 0.2847560975609756 0.004261363636363636 0.004878048780487805
22 0.7567978896103896 0.2894817073170732 0.005073051948051948 0.0039634146341463415
29 0.7899756493506493 0.29039634146341464 0.006087662337662338 0.011280487804878048
9 0.684862012987013 0.2919207317073171 0.012581168831168832 0.019817073170731708
6 0.5273944805194806 0.29222560975609757 0.2702922077922078 0.027134146341463414
22 0.7565949675324676 0.29329268292682925 0.005073051948051948 0.003658536585365854
6 0.7982954545454546 0.2967987804878049 0.00974025974025974 0.022865853658536585
22 0.7905844155844156 0.2990853658536585 0.00487012987012987 0.003658536585365854
29 0.7623782467532467 0.299390243902439 0.006087662337662338 0.012195121951219513
29 0.6607142857142857 0.2996951219512195 0.019886363636363636 0.020121951219512196
22 0.7566964285714286 0.30015243902439026 0.004464285714285714 0.003353658536585366
2 0.677150974025974 0.30060975609756097 0.002840909090909091 0.007317073170731708
2 0.6870941558441559 0.30350609756097563 0.005275974025974026 0.00274390243902439
2 0.7905844155844156 0.30350609756097563 0.005275974025974026 0.0039634146341463415
2 0.6336241883116883 0.30396341463414633 0.005073051948051948 0.003048780487804878