16 0.6189903846153846 0.33052884615384615 0.03125 0.021634615384615384
3 0.6237980769230769 0.36177884615384615 0.016826923076923076 0.01201923076923077
7 0.6442307692307693 0.46274038461538464 0.009615384615384616 0.007211538461538462
23 0.6586538461538461 0.5420673076923077 0.009615384615384616 0.007211538461538462
3 0.6141826923076923 0.3798076923076923 0.021634615384615384 0.014423076923076924
3 0.6045673076923077 0.36177884615384615 0.016826923076923076 0.01201923076923077
23 0.6033653846153846 0.3954326923076923 0.009615384615384616 0.007211538461538462
3 0.5709134615384616 0.32572115384615385 0.016826923076923076 0.01201923076923077
6 0.6310096153846154 0.6153846153846154 0.05048076923076923 0.02403846153846154
3 0.5769230769230769 0.3713942307692308 0.019230769230769232 0.01201923076923077
7 0.5793269230769231 0.40865384615384615 0.004807692307692308 0.004807692307692308
15 0.5685096153846154 0.38822115384615385 0.036057692307692304 0.021634615384615384
25 0.5516826923076923 0.34615384615384615 0.021634615384615384 0.014423076923076924
29 0.5588942307692307 0.4026442307692308 0.01201923076923077 0.007211538461538462
3 0.5408653846153846 0.4050480769230769 0.014423076923076924 0.01201923076923077
7 0.5408653846153846 0.41346153846153844 0.009615384615384616 0.004807692307692308
23 0.5288461538461539 0.36177884615384615 0.009615384615384616 0.007211538461538462
23 0.5264423076923077 0.36658653846153844 0.009615384615384616 0.007211538461538462
3 0.5252403846153846 0.4074519230769231 0.016826923076923076 0.01201923076923077
29 0.5661057692307693 0.5925480769230769 0.016826923076923076 0.01201923076923077
23 0.5588942307692307 0.5757211538461539 0.007211538461538462 0.007211538461538462
23 0.5540865384615384 0.5757211538461539 0.007211538461538462 0.007211538461538462
29 0.5540865384615384 0.5949519230769231 0.016826923076923076 0.01201923076923077
23 0.5060096153846154 0.38221153846153844 0.007211538461538462 0.009615384615384616
6 0.49158653846153844 0.3401442307692308 0.11298076923076923 0.04567307692307692
23 0.5408653846153846 0.5853365384615384 0.019230769230769232 0.016826923076923076
29 0.5432692307692307 0.5973557692307693 0.014423076923076924 0.01201923076923077
23 0.4987980769230769 0.38341346153846156 0.007211538461538462 0.007211538461538462
15 0.515625 0.5 0.026442307692307692 0.019230769230769232
23 0.5300480769230769 0.5685096153846154 0.016826923076923076 0.01201923076923077
7 0.5 0.4266826923076923 0.009615384615384616 0.007211538461538462
23 0.49158653846153844 0.3858173076923077 0.007211538461538462 0.007211538461538462
29 0.5324519230769231 0.5997596153846154 0.016826923076923076 0.01201923076923077
23 0.5084134615384616 0.5300480769230769 0.016826923076923076 0.01201923076923077
7 0.49158653846153844 0.46033653846153844 0.007211538461538462 0.007211538461538462
23 0.5240384615384616 0.6141826923076923 0.009615384615384616 0.007211538461538462
23 0.5204326923076923 0.6045673076923077 0.007211538461538462 0.007211538461538462
29 0.5144230769230769 0.5829326923076923 0.009615384615384616 0.01201923076923077
23 0.5132211538461539 0.6045673076923077 0.007211538461538462 0.007211538461538462
23 0.47115384615384615 0.4206730769230769 0.009615384615384616 0.014423076923076924
7 0.5048076923076923 0.5865384615384616 0.004807692307692308 0.004807692307692308
7 0.5012019230769231 0.5685096153846154 0.007211538461538462 0.007211538461538462
7 0.48197115384615385 0.5324519230769231 0.01201923076923077 0.007211538461538462
25 0.47596153846153844 0.5144230769230769 0.019230769230769232 0.014423076923076924
25 0.4651442307692308 0.4651442307692308 0.021634615384615384 0.016826923076923076
25 0.484375 0.5625 0.021634615384615384 0.014423076923076924
25 0.49278846153846156 0.6033653846153846 0.019230769230769232 0.014423076923076924
3 0.45072115384615385 0.44591346153846156 0.016826923076923076 0.01201923076923077
6 0.515625 0.7451923076923077 0.01201923076923077 0.014423076923076924
7 0.5 0.7007211538461539 0.009615384615384616 0.007211538461538462
7 0.5 0.7055288461538461 0.009615384615384616 0.007211538461538462
23 0.42427884615384615 0.42908653846153844 0.01201923076923077 0.007211538461538462
23 0.41466346153846156 0.4050480769230769 0.007211538461538462 0.007211538461538462
7 0.47716346153846156 0.7175480769230769 0.007211538461538462 0.007211538461538462
23 0.4074519230769231 0.41225961538461536 0.007211538461538462 0.007211538461538462
23 0.46875 0.6935096153846154 0.009615384615384616 0.007211538461538462
25 0.4074519230769231 0.45072115384615385 0.021634615384615384 0.016826923076923076
25 0.41466346153846156 0.4879807692307692 0.021634615384615384 0.014423076923076924
25 0.44591346153846156 0.640625 0.021634615384615384 0.016826923076923076
25 0.4387019230769231 0.6069711538461539 0.021634615384615384 0.016826923076923076
25 0.4230769230769231 0.5228365384615384 0.019230769230769232 0.016826923076923076
25 0.42788461538461536 0.5564903846153846 0.019230769230769232 0.01201923076923077
25 0.4519230769230769 0.6850961538461539 0.019230769230769232 0.014423076923076924
25 0.4579326923076923 0.7223557692307693 0.016826923076923076 0.01201923076923077
25 0.4639423076923077 0.7584134615384616 0.019230769230769232 0.016826923076923076
3 0.40024038461538464 0.5120192307692307 0.03125 0.019230769230769232
3 0.3858173076923077 0.4519230769230769 0.016826923076923076 0.014423076923076924
23 0.36899038461538464 0.3858173076923077 0.007211538461538462 0.007211538461538462
7 0.4338942307692308 0.6959134615384616 0.007211538461538462 0.007211538461538462
3 0.38100961538461536 0.4675480769230769 0.021634615384615384 0.016826923076923076
7 0.42427884615384615 0.6959134615384616 0.007211538461538462 0.007211538461538462
7 0.4110576923076923 0.6706730769230769 0.004807692307692308 0.004807692307692308
16 0.35336538461538464 0.41947115384615385 0.028846153846153848 0.021634615384615384
16 0.36177884615384615 0.45552884615384615 0.03125 0.021634615384615384
25 0.41466346153846156 0.7319711538461539 0.016826923076923076 0.016826923076923076
3 0.3581730769230769 0.5144230769230769 0.019230769230769232 0.014423076923076924
25 0.38221153846153844 0.6430288461538461 0.019230769230769232 0.01201923076923077
25 0.38822115384615385 0.6730769230769231 0.016826923076923076 0.014423076923076924
3 0.34134615384615385 0.4651442307692308 0.014423076923076924 0.01201923076923077
3 0.3425480769230769 0.48197115384615385 0.016826923076923076 0.01201923076923077