3 0.7283653846153846 0.27524038461538464 0.004807692307692308 0.007211538461538462
3 0.7331730769230769 0.23197115384615385 0.004807692307692308 0.007211538461538462
6 0.6995192307692307 0.47475961538461536 0.0625 0.24759615384615385
23 0.71875 0.3293269230769231 0.004807692307692308 0.004807692307692308
3 0.6766826923076923 0.6189903846153846 0.021634615384615384 0.016826923076923076
3 0.7235576923076923 0.27283653846153844 0.004807692307692308 0.007211538461538462
23 0.7283653846153846 0.23076923076923078 0.004807692307692308 0.004807692307692308
23 0.7139423076923077 0.3269230769230769 0.004807692307692308 0.004807692307692308
23 0.7115384615384616 0.3329326923076923 0.009615384615384616 0.007211538461538462
23 0.71875 0.27163461538461536 0.004807692307692308 0.004807692307692308
23 0.7115384615384616 0.31971153846153844 0.004807692307692308 0.004807692307692308
7 0.6694711538461539 0.6057692307692307 0.007211538461538462 0.009615384615384616
23 0.7235576923076923 0.23076923076923078 0.004807692307692308 0.004807692307692308
23 0.7139423076923077 0.27163461538461536 0.004807692307692308 0.004807692307692308
23 0.71875 0.2283653846153846 0.004807692307692308 0.004807692307692308
22 0.7043269230769231 0.3269230769230769 0.009615384615384616 0.009615384615384616
3 0.6610576923076923 0.6141826923076923 0.014423076923076924 0.01201923076923077
23 0.7067307692307693 0.27163461538461536 0.004807692307692308 0.004807692307692308
22 0.7115384615384616 0.2283653846153846 0.009615384615384616 0.009615384615384616
23 0.6658653846153846 0.5168269230769231 0.004807692307692308 0.004807692307692308
23 0.6658653846153846 0.5240384615384616 0.004807692307692308 0.004807692307692308
14 0.6983173076923077 0.29447115384615385 0.07451923076923077 0.04567307692307692
23 0.6971153846153846 0.2932692307692308 0.07692307692307693 0.04326923076923077
3 0.7007211538461539 0.2692307692307692 0.007211538461538462 0.009615384615384616
22 0.6706730769230769 0.4567307692307692 0.009615384615384616 0.009615384615384616
22 0.6754807692307693 0.43990384615384615 0.009615384615384616 0.009615384615384616
22 0.6682692307692307 0.47596153846153844 0.009615384615384616 0.009615384615384616
23 0.6706730769230769 0.46274038461538464 0.009615384615384616 0.007211538461538462
22 0.6730769230769231 0.4495192307692308 0.009615384615384616 0.009615384615384616
22 0.6682692307692307 0.4807692307692308 0.009615384615384616 0.009615384615384616
3 0.6694711538461539 0.4651442307692308 0.01201923076923077 0.007211538461538462
6 0.7043269230769231 0.21875 0.038461538461538464 0.014423076923076924
23 0.6682692307692307 0.46875 0.009615384615384616 0.004807692307692308
3 0.6899038461538461 0.3161057692307692 0.004807692307692308 0.007211538461538462
22 0.6995192307692307 0.22596153846153846 0.009615384615384616 0.009615384615384616
3 0.6490384615384616 0.5865384615384616 0.028846153846153848 0.019230769230769232
3 0.6538461538461539 0.5492788461538461 0.009615384615384616 0.007211538461538462
3 0.6526442307692307 0.5661057692307693 0.026442307692307692 0.021634615384615384
3 0.6514423076923077 0.5540865384615384 0.009615384615384616 0.007211538461538462
3 0.6454326923076923 0.6033653846153846 0.03125 0.02403846153846154
3 0.6382211538461539 0.6225961538461539 0.03125 0.02403846153846154
22 0.6802884615384616 0.31490384615384615 0.009615384615384616 0.009615384615384616
22 0.6610576923076923 0.4423076923076923 0.009615384615384616 0.009615384615384616
22 0.6586538461538461 0.4519230769230769 0.009615384615384616 0.009615384615384616
23 0.65625 0.4579326923076923 0.009615384615384616 0.007211538461538462
23 0.6778846153846154 0.2668269230769231 0.004807692307692308 0.004807692307692308
22 0.6706730769230769 0.31490384615384615 0.009615384615384616 0.009615384615384616
22 0.6442307692307693 0.49759615384615385 0.009615384615384616 0.009615384615384616
22 0.6442307692307693 0.5024038461538461 0.009615384615384616 0.009615384615384616
22 0.6394230769230769 0.5192307692307693 0.009615384615384616 0.009615384615384616
22 0.6418269230769231 0.5132211538461539 0.009615384615384616 0.007211538461538462
3 0.6418269230769231 0.5072115384615384 0.009615384615384616 0.004807692307692308
22 0.6334134615384616 0.5733173076923077 0.01201923076923077 0.01201923076923077
22 0.6322115384615384 0.5817307692307693 0.009615384615384616 0.009615384615384616
3 0.6442307692307693 0.49158653846153844 0.009615384615384616 0.007211538461538462
23 0.6802884615384616 0.23557692307692307 0.004807692307692308 0.004807692307692308
3 0.6778846153846154 0.2439903846153846 0.004807692307692308 0.007211538461538462
3 0.6298076923076923 0.5853365384615384 0.009615384615384616 0.007211538461538462
3 0.6382211538461539 0.5252403846153846 0.01201923076923077 0.007211538461538462
3 0.6538461538461539 0.41947115384615385 0.014423076923076924 0.01201923076923077
3 0.6538461538461539 0.4098557692307692 0.014423076923076924 0.01201923076923077
15 0.6778846153846154 0.22596153846153846 0.004807692307692308 0.004807692307692308
3 0.6802884615384616 0.21394230769230768 0.004807692307692308 0.004807692307692308
3 0.6754807692307693 0.25240384615384615 0.004807692307692308 0.004807692307692308
3 0.6610576923076923 0.3473557692307692 0.014423076923076924 0.01201923076923077
3 0.6586538461538461 0.3557692307692308 0.004807692307692308 0.004807692307692308
3 0.6730769230769231 0.24158653846153846 0.004807692307692308 0.007211538461538462
3 0.6730769230769231 0.234375 0.004807692307692308 0.007211538461538462
3 0.6574519230769231 0.3317307692307692 0.036057692307692304 0.02403846153846154
3 0.6514423076923077 0.3786057692307692 0.004807692307692308 0.007211538461538462
3 0.6538461538461539 0.3557692307692308 0.004807692307692308 0.004807692307692308
15 0.6538461538461539 0.3629807692307692 0.004807692307692308 0.004807692307692308
22 0.6586538461538461 0.3125 0.009615384615384616 0.009615384615384616
3 0.6682692307692307 0.25240384615384615 0.004807692307692308 0.004807692307692308
23 0.6442307692307693 0.41586538461538464 0.004807692307692308 0.004807692307692308
3 0.6201923076923077 0.5901442307692307 0.004807692307692308 0.007211538461538462
23 0.6442307692307693 0.4230769230769231 0.004807692307692308 0.004807692307692308
23 0.6466346153846154 0.3701923076923077 0.004807692307692308 0.004807692307692308
3 0.6394230769230769 0.41466346153846156 0.004807692307692308 0.007211538461538462
3 0.6394230769230769 0.4206730769230769 0.004807692307692308 0.004807692307692308
23 0.6153846153846154 0.5889423076923077 0.004807692307692308 0.004807692307692308
3 0.65625 0.29086538461538464 0.004807692307692308 0.004807692307692308
23 0.6466346153846154 0.3605769230769231 0.004807692307692308 0.004807692307692308
23 0.6442307692307693 0.38461538461538464 0.004807692307692308 0.004807692307692308
15 0.6466346153846154 0.35336538461538464 0.004807692307692308 0.004807692307692308
3 0.6610576923076923 0.25240384615384615 0.004807692307692308 0.004807692307692308
3 0.6105769230769231 0.6165865384615384 0.028846153846153848 0.021634615384615384
3 0.6466346153846154 0.3449519230769231 0.014423076923076924 0.01201923076923077
3 0.6430288461538461 0.3762019230769231 0.01201923076923077 0.01201923076923077
3 0.6346153846153846 0.41466346153846156 0.004807692307692308 0.007211538461538462
3 0.6346153846153846 0.4206730769230769 0.004807692307692308 0.004807692307692308
3 0.6105769230769231 0.5877403846153846 0.004807692307692308 0.007211538461538462
23 0.6418269230769231 0.3605769230769231 0.004807692307692308 0.004807692307692308
3 0.6370192307692307 0.390625 0.004807692307692308 0.007211538461538462
23 0.6394230769230769 0.38461538461538464 0.004807692307692308 0.004807692307692308
15 0.6418269230769231 0.35336538461538464 0.004807692307692308 0.004807692307692308
3 0.6538461538461539 0.25 0.004807692307692308 0.004807692307692308
3 0.6394230769230769 0.36778846153846156 0.009615384615384616 0.009615384615384616
3 0.6298076923076923 0.41225961538461536 0.004807692307692308 0.007211538461538462
3 0.6298076923076923 0.41947115384615385 0.004807692307692308 0.007211538461538462
22 0.6225961538461539 0.47836538461538464 0.009615384615384616 0.009615384615384616
3 0.625 0.44350961538461536 0.009615384615384616 0.007211538461538462
3 0.6201923076923077 0.4723557692307692 0.009615384615384616 0.007211538461538462
23 0.6057692307692307 0.5865384615384616 0.004807692307692308 0.004807692307692308
23 0.6346153846153846 0.3605769230769231 0.004807692307692308 0.004807692307692308
3 0.6322115384615384 0.3762019230769231 0.004807692307692308 0.007211538461538462
3 0.6322115384615384 0.38341346153846156 0.004807692307692308 0.007211538461538462
23 0.6370192307692307 0.3317307692307692 0.004807692307692308 0.004807692307692308
23 0.6490384615384616 0.24759615384615385 0.004807692307692308 0.004807692307692308
3 0.6418269230769231 0.2848557692307692 0.004807692307692308 0.007211538461538462
23 0.6466346153846154 0.25721153846153844 0.004807692307692308 0.004807692307692308
23 0.6418269230769231 0.2932692307692308 0.004807692307692308 0.004807692307692308
6 0.6502403846153846 0.21394230769230768 0.04567307692307692 0.019230769230769232
23 0.5985576923076923 0.5865384615384616 0.004807692307692308 0.004807692307692308
3 0.6286057692307693 0.375 0.007211538461538462 0.009615384615384616
23 0.6418269230769231 0.24759615384615385 0.004807692307692308 0.004807692307692308
23 0.6418269230769231 0.25600961538461536 0.004807692307692308 0.002403846153846154
22 0.6105769230769231 0.47836538461538464 0.009615384615384616 0.009615384615384616
23 0.6370192307692307 0.2932692307692308 0.004807692307692308 0.004807692307692308
23 0.59375 0.5865384615384616 0.004807692307692308 0.004807692307692308
23 0.6225961538461539 0.375 0.004807692307692308 0.004807692307692308
3 0.6081730769230769 0.45552884615384615 0.009615384615384616 0.007211538461538462
3 0.6057692307692307 0.4699519230769231 0.009615384615384616 0.007211538461538462
15 0.5877403846153846 0.6033653846153846 0.036057692307692304 0.03365384615384615
23 0.5889423076923077 0.5841346153846154 0.004807692307692308 0.004807692307692308
29 0.6213942307692307 0.33774038461538464 0.026442307692307692 0.026442307692307692
3 0.6189903846153846 0.3581730769230769 0.03125 0.02403846153846154
23 0.6153846153846154 0.37259615384615385 0.004807692307692308 0.004807692307692308
22 0.6009615384615384 0.47596153846153844 0.009615384615384616 0.009615384615384616
23 0.5817307692307693 0.5841346153846154 0.004807692307692308 0.004807692307692308
23 0.6105769230769231 0.3713942307692308 0.004807692307692308 0.007211538461538462
3 0.625 0.24639423076923078 0.028846153846153848 0.016826923076923076
23 0.5769230769230769 0.5841346153846154 0.004807692307692308 0.004807692307692308
3 0.6057692307692307 0.3713942307692308 0.004807692307692308 0.007211538461538462
3 0.5889423076923077 0.4675480769230769 0.009615384615384616 0.007211538461538462
22 0.5889423076923077 0.4735576923076923 0.009615384615384616 0.009615384615384616
3 0.5721153846153846 0.5829326923076923 0.004807692307692308 0.007211538461538462
3 0.6009615384615384 0.3713942307692308 0.004807692307692308 0.007211538461538462
3 0.5961538461538461 0.36899038461538464 0.004807692307692308 0.007211538461538462
23 0.6033653846153846 0.3269230769230769 0.004807692307692308 0.004807692307692308
23 0.5673076923076923 0.5817307692307693 0.004807692307692308 0.004807692307692308
3 0.6201923076923077 0.20552884615384615 0.004807692307692308 0.007211538461538462
29 0.6021634615384616 0.31971153846153844 0.01201923076923077 0.009615384615384616
23 0.5625 0.5889423076923077 0.004807692307692308 0.004807692307692308
3 0.5961538461538461 0.35216346153846156 0.014423076923076924 0.01201923076923077
22 0.578125 0.4735576923076923 0.01201923076923077 0.009615384615384616
3 0.5913461538461539 0.36899038461538464 0.004807692307692308 0.007211538461538462
23 0.5576923076923077 0.6153846153846154 0.004807692307692308 0.004807692307692308
23 0.5985576923076923 0.3269230769230769 0.004807692307692308 0.004807692307692308
3 0.5793269230769231 0.46634615384615385 0.009615384615384616 0.004807692307692308
23 0.6129807692307693 0.20432692307692307 0.004807692307692308 0.004807692307692308
23 0.5600961538461539 0.5817307692307693 0.004807692307692308 0.004807692307692308
3 0.5793269230769231 0.45552884615384615 0.009615384615384616 0.007211538461538462
3 0.6105769230769231 0.2127403846153846 0.02403846153846154 0.01201923076923077
23 0.5769230769230769 0.45072115384615385 0.009615384615384616 0.007211538461538462
3 0.5865384615384616 0.36899038461538464 0.004807692307692308 0.007211538461538462
23 0.5673076923076923 0.5060096153846154 0.004807692307692308 0.007211538461538462
3 0.5600961538461539 0.5492788461538461 0.004807692307692308 0.007211538461538462
3 0.6081730769230769 0.203125 0.004807692307692308 0.007211538461538462
23 0.5552884615384616 0.5793269230769231 0.004807692307692308 0.004807692307692308
3 0.5649038461538461 0.515625 0.009615384615384616 0.007211538461538462
3 0.5649038461538461 0.5108173076923077 0.009615384615384616 0.007211538461538462
3 0.5600961538461539 0.5276442307692307 0.009615384615384616 0.007211538461538462
3 0.5600961538461539 0.5372596153846154 0.009615384615384616 0.007211538461538462
3 0.5625 0.5204326923076923 0.009615384615384616 0.007211538461538462
3 0.5576923076923077 0.5444711538461539 0.009615384615384616 0.007211538461538462
3 0.5600961538461539 0.5408653846153846 0.009615384615384616 0.004807692307692308
3 0.5625 0.5228365384615384 0.009615384615384616 0.007211538461538462
3 0.5600961538461539 0.5324519230769231 0.009615384615384616 0.007211538461538462
3 0.5817307692307693 0.36658653846153844 0.004807692307692308 0.007211538461538462
22 0.5673076923076923 0.47115384615384615 0.009615384615384616 0.009615384615384616
3 0.5625 0.5036057692307693 0.004807692307692308 0.007211538461538462
23 0.6033653846153846 0.203125 0.004807692307692308 0.007211538461538462
23 0.5504807692307693 0.5793269230769231 0.004807692307692308 0.004807692307692308
3 0.5552884615384616 0.5492788461538461 0.004807692307692308 0.007211538461538462
3 0.5817307692307693 0.34975961538461536 0.014423076923076924 0.01201923076923077
3 0.5769230769230769 0.36658653846153844 0.004807692307692308 0.007211538461538462
3 0.5552884615384616 0.5036057692307693 0.004807692307692308 0.007211538461538462
29 0.5432692307692307 0.5997596153846154 0.038461538461538464 0.036057692307692304
29 0.5817307692307693 0.31971153846153844 0.02403846153846154 0.014423076923076924
23 0.5456730769230769 0.5793269230769231 0.004807692307692308 0.004807692307692308
3 0.5625 0.44591346153846156 0.009615384615384616 0.007211538461538462
23 0.5625 0.453125 0.009615384615384616 0.007211538461538462
23 0.5625 0.4495192307692308 0.009615384615384616 0.004807692307692308
3 0.5504807692307693 0.5192307692307693 0.009615384615384616 0.009615384615384616
3 0.578125 0.33413461538461536 0.03125 0.019230769230769232
3 0.5480769230769231 0.5372596153846154 0.004807692307692308 0.007211538461538462
3 0.5480769230769231 0.546875 0.004807692307692308 0.007211538461538462
23 0.5889423076923077 0.2403846153846154 0.004807692307692308 0.004807692307692308
3 0.5480769230769231 0.5276442307692307 0.004807692307692308 0.007211538461538462
22 0.5576923076923077 0.46875 0.009615384615384616 0.009615384615384616
3 0.5697115384615384 0.36538461538461536 0.004807692307692308 0.004807692307692308
6 0.5492788461538461 0.5252403846153846 0.19471153846153846 0.12259615384615384
3 0.5576923076923077 0.46274038461538464 0.009615384615384616 0.007211538461538462
23 0.5384615384615384 0.5769230769230769 0.004807692307692308 0.004807692307692308
3 0.5504807692307693 0.5024038461538461 0.004807692307692308 0.004807692307692308
23 0.5841346153846154 0.2403846153846154 0.004807692307692308 0.004807692307692308
3 0.5673076923076923 0.35697115384615385 0.004807692307692308 0.007211538461538462
3 0.5432692307692307 0.5180288461538461 0.004807692307692308 0.007211538461538462
3 0.5432692307692307 0.5276442307692307 0.004807692307692308 0.007211538461538462
23 0.5408653846153846 0.5360576923076923 0.004807692307692308 0.004807692307692308
23 0.5673076923076923 0.3605769230769231 0.004807692307692308 0.004807692307692308
3 0.5673076923076923 0.3449519230769231 0.014423076923076924 0.01201923076923077
3 0.5336538461538461 0.578125 0.004807692307692308 0.007211538461538462
22 0.5745192307692307 0.27884615384615385 0.009615384615384616 0.009615384615384616
3 0.5432692307692307 0.5012019230769231 0.004807692307692308 0.007211538461538462
3 0.5384615384615384 0.5276442307692307 0.004807692307692308 0.007211538461538462
22 0.5456730769230769 0.46875 0.009615384615384616 0.009615384615384616
23 0.5360576923076923 0.5360576923076923 0.004807692307692308 0.004807692307692308
3 0.5288461538461539 0.5757211538461539 0.004807692307692308 0.007211538461538462
3 0.5360576923076923 0.5180288461538461 0.004807692307692308 0.007211538461538462
22 0.5769230769230769 0.2403846153846154 0.009615384615384616 0.009615384615384616
3 0.5360576923076923 0.5012019230769231 0.004807692307692308 0.007211538461538462
3 0.5552884615384616 0.36177884615384615 0.004807692307692308 0.007211538461538462
3 0.5576923076923077 0.3545673076923077 0.004807692307692308 0.007211538461538462
3 0.53125 0.5264423076923077 0.004807692307692308 0.004807692307692308
3 0.5408653846153846 0.46033653846153844 0.009615384615384616 0.007211538461538462
3 0.5240384615384616 0.5757211538461539 0.004807692307692308 0.007211538461538462
3 0.5552884615384616 0.3473557692307692 0.004807692307692308 0.007211538461538462
22 0.5576923076923077 0.3269230769230769 0.009615384615384616 0.009615384615384616
22 0.5552884615384616 0.33774038461538464 0.009615384615384616 0.007211538461538462
3 0.5528846153846154 0.3545673076923077 0.004807692307692308 0.007211538461538462
3 0.5504807692307693 0.3629807692307692 0.004807692307692308 0.004807692307692308
3 0.53125 0.5012019230769231 0.004807692307692308 0.007211538461538462
3 0.5288461538461539 0.5168269230769231 0.004807692307692308 0.004807692307692308
3 0.5264423076923077 0.5240384615384616 0.004807692307692308 0.004807692307692308
22 0.5336538461538461 0.4675480769230769 0.009615384615384616 0.007211538461538462
23 0.5192307692307693 0.5745192307692307 0.004807692307692308 0.004807692307692308
3 0.5264423076923077 0.5 0.004807692307692308 0.004807692307692308
7 0.5685096153846154 0.1971153846153846 0.007211538461538462 0.009615384615384616
22 0.5625 0.23798076923076922 0.009615384615384616 0.009615384615384616
3 0.5432692307692307 0.3629807692307692 0.004807692307692308 0.004807692307692308
29 0.5108173076923077 0.5985576923076923 0.03125 0.028846153846153848
3 0.5192307692307693 0.5324519230769231 0.004807692307692308 0.007211538461538462
3 0.5216346153846154 0.5228365384615384 0.004807692307692308 0.007211538461538462
23 0.5144230769230769 0.5745192307692307 0.004807692307692308 0.004807692307692308
3 0.5168269230769231 0.5420673076923077 0.004807692307692308 0.007211538461538462
22 0.5432692307692307 0.34615384615384615 0.009615384615384616 0.009615384615384616
3 0.5192307692307693 0.515625 0.004807692307692308 0.007211538461538462
22 0.5420673076923077 0.35336538461538464 0.01201923076923077 0.009615384615384616
23 0.5625 0.2091346153846154 0.004807692307692308 0.004807692307692308
3 0.5192307692307693 0.4987980769230769 0.004807692307692308 0.007211538461538462
3 0.5264423076923077 0.46033653846153844 0.009615384615384616 0.007211538461538462
3 0.5144230769230769 0.5324519230769231 0.004807692307692308 0.007211538461538462
23 0.5096153846153846 0.5745192307692307 0.004807692307692308 0.004807692307692308
3 0.5168269230769231 0.5228365384615384 0.004807692307692308 0.007211538461538462
22 0.5228365384615384 0.4651442307692308 0.01201923076923077 0.007211538461538462
7 0.5612980769230769 0.1971153846153846 0.007211538461538462 0.009615384615384616
23 0.5576923076923077 0.20673076923076922 0.004807692307692308 0.004807692307692308
3 0.5096153846153846 0.5420673076923077 0.004807692307692308 0.007211538461538462
3 0.5144230769230769 0.5144230769230769 0.009615384615384616 0.009615384615384616
3 0.5144230769230769 0.4987980769230769 0.004807692307692308 0.007211538461538462
3 0.5240384615384616 0.44350961538461536 0.004807692307692308 0.007211538461538462
6 0.5540865384615384 0.21634615384615385 0.23798076923076922 0.057692307692307696
3 0.5120192307692307 0.5216346153846154 0.004807692307692308 0.004807692307692308
3 0.5096153846153846 0.53125 0.004807692307692308 0.004807692307692308
3 0.5048076923076923 0.5733173076923077 0.004807692307692308 0.007211538461538462
6 0.5432692307692307 0.28966346153846156 0.23076923076923078 0.055288461538461536
7 0.5564903846153846 0.19591346153846154 0.007211538461538462 0.01201923076923077
22 0.5336538461538461 0.34615384615384615 0.009615384615384616 0.009615384615384616
22 0.53125 0.35336538461538464 0.009615384615384616 0.009615384615384616
6 0.5456730769230769 0.2512019230769231 0.23076923076923078 0.055288461538461536
23 0.5528846153846154 0.20673076923076922 0.004807692307692308 0.004807692307692308
3 0.5096153846153846 0.49759615384615385 0.004807692307692308 0.004807692307692308
3 0.5048076923076923 0.5420673076923077 0.004807692307692308 0.007211538461538462
3 0.5 0.5709134615384616 0.004807692307692308 0.007211538461538462
3 0.5288461538461539 0.359375 0.004807692307692308 0.007211538461538462
3 0.5144230769230769 0.4567307692307692 0.009615384615384616 0.004807692307692308
22 0.5144230769230769 0.46274038461538464 0.009615384615384616 0.007211538461538462
3 0.5048076923076923 0.4963942307692308 0.004807692307692308 0.007211538461538462
23 0.4951923076923077 0.5721153846153846 0.004807692307692308 0.004807692307692308
3 0.49759615384615385 0.5396634615384616 0.004807692307692308 0.007211538461538462
23 0.5240384615384616 0.34375 0.004807692307692308 0.004807692307692308
3 0.5240384615384616 0.35216346153846156 0.004807692307692308 0.007211538461538462
3 0.5 0.5060096153846154 0.009615384615384616 0.007211538461538462
3 0.5 0.5012019230769231 0.009615384615384616 0.007211538461538462
3 0.49759615384615385 0.5288461538461539 0.009615384615384616 0.004807692307692308
3 0.49759615384615385 0.5132211538461539 0.009615384615384616 0.007211538461538462
3 0.5 0.5096153846153846 0.009615384615384616 0.004807692307692308
3 0.49759615384615385 0.5228365384615384 0.009615384615384616 0.007211538461538462
3 0.49759615384615385 0.5180288461538461 0.009615384615384616 0.007211538461538462
3 0.49759615384615385 0.5252403846153846 0.009615384615384616 0.007211538461538462
23 0.49038461538461536 0.5697115384615384 0.004807692307692308 0.004807692307692308
3 0.49278846153846156 0.5396634615384616 0.004807692307692308 0.007211538461538462
3 0.5 0.4963942307692308 0.004807692307692308 0.007211538461538462
23 0.5192307692307693 0.34375 0.004807692307692308 0.004807692307692308
3 0.5192307692307693 0.34975961538461536 0.004807692307692308 0.007211538461538462
22 0.5024038461538461 0.46153846153846156 0.009615384615384616 0.009615384615384616
23 0.5288461538461539 0.2668269230769231 0.004807692307692308 0.004807692307692308
23 0.4855769230769231 0.5697115384615384 0.004807692307692308 0.004807692307692308
23 0.5120192307692307 0.38221153846153844 0.004807692307692308 0.004807692307692308
3 0.5072115384615384 0.40865384615384615 0.004807692307692308 0.004807692307692308
3 0.5048076923076923 0.42427884615384615 0.004807692307692308 0.007211538461538462
23 0.5264423076923077 0.2764423076923077 0.004807692307692308 0.004807692307692308
23 0.53125 0.23076923076923078 0.004807692307692308 0.004807692307692308
3 0.4795673076923077 0.5961538461538461 0.03125 0.028846153846153848
3 0.49759615384615385 0.4543269230769231 0.009615384615384616 0.004807692307692308
3 0.4987980769230769 0.4362980769230769 0.03125 0.026442307692307692
23 0.4807692307692308 0.5697115384615384 0.004807692307692308 0.004807692307692308
23 0.5072115384615384 0.3737980769230769 0.004807692307692308 0.007211538461538462
3 0.5024038461538461 0.4074519230769231 0.004807692307692308 0.007211538461538462
3 0.5072115384615384 0.38100961538461536 0.004807692307692308 0.007211538461538462
23 0.5 0.421875 0.004807692307692308 0.007211538461538462
14 0.53125 0.1971153846153846 0.038461538461538464 0.02403846153846154
22 0.49158653846153844 0.45913461538461536 0.01201923076923077 0.009615384615384616
22 0.5072115384615384 0.35336538461538464 0.009615384615384616 0.009615384615384616
23 0.5240384615384616 0.2283653846153846 0.004807692307692308 0.004807692307692308
3 0.5024038461538461 0.38100961538461536 0.004807692307692308 0.007211538461538462
23 0.5096153846153846 0.3125 0.004807692307692308 0.004807692307692308
3 0.5024038461538461 0.37259615384615385 0.004807692307692308 0.004807692307692308
23 0.49759615384615385 0.4074519230769231 0.004807692307692308 0.007211538461538462
23 0.4951923076923077 0.421875 0.004807692307692308 0.007211538461538462
3 0.5048076923076923 0.31009615384615385 0.004807692307692308 0.004807692307692308
23 0.5 0.35336538461538464 0.004807692307692308 0.004807692307692308
3 0.49759615384615385 0.37259615384615385 0.004807692307692308 0.004807692307692308
23 0.4951923076923077 0.3798076923076923 0.004807692307692308 0.004807692307692308
3 0.4879807692307692 0.421875 0.004807692307692308 0.007211538461538462
3 0.4831730769230769 0.453125 0.009615384615384616 0.007211538461538462
22 0.4807692307692308 0.4567307692307692 0.009615384615384616 0.009615384615384616
3 0.4879807692307692 0.4074519230769231 0.014423076923076924 0.01201923076923077
23 0.5 0.31009615384615385 0.004807692307692308 0.004807692307692308
23 0.4951923076923077 0.35096153846153844 0.004807692307692308 0.004807692307692308
3 0.49038461538461536 0.3786057692307692 0.004807692307692308 0.007211538461538462
23 0.49038461538461536 0.37259615384615385 0.004807692307692308 0.004807692307692308
23 0.49038461538461536 0.3581730769230769 0.004807692307692308 0.004807692307692308
23 0.5096153846153846 0.2283653846153846 0.004807692307692308 0.004807692307692308
23 0.5072115384615384 0.23557692307692307 0.004807692307692308 0.004807692307692308
3 0.4567307692307692 0.5817307692307693 0.04326923076923077 0.04807692307692308
23 0.5024038461538461 0.2620192307692308 0.004807692307692308 0.004807692307692308
23 0.5024038461538461 0.27163461538461536 0.004807692307692308 0.004807692307692308
23 0.4855769230769231 0.37740384615384615 0.004807692307692308 0.004807692307692308
23 0.4855769230769231 0.3701923076923077 0.004807692307692308 0.004807692307692308
3 0.4879807692307692 0.3641826923076923 0.004807692307692308 0.007211538461538462
23 0.47836538461538464 0.4182692307692308 0.004807692307692308 0.004807692307692308
3 0.4807692307692308 0.4110576923076923 0.004807692307692308 0.004807692307692308
23 0.49278846153846156 0.31009615384615385 0.004807692307692308 0.004807692307692308
15 0.4855769230769231 0.3581730769230769 0.004807692307692308 0.004807692307692308
22 0.47115384615384615 0.45552884615384615 0.009615384615384616 0.007211538461538462
3 0.4807692307692308 0.37740384615384615 0.004807692307692308 0.004807692307692308
23 0.4831730769230769 0.3629807692307692 0.004807692307692308 0.004807692307692308
23 0.4807692307692308 0.3701923076923077 0.004807692307692308 0.004807692307692308
3 0.46875 0.45072115384615385 0.009615384615384616 0.007211538461538462
3 0.4735576923076923 0.4098557692307692 0.004807692307692308 0.007211538461538462
23 0.4735576923076923 0.4182692307692308 0.004807692307692308 0.004807692307692308
22 0.49278846153846156 0.2668269230769231 0.009615384615384616 0.009615384615384616
23 0.4855769230769231 0.3076923076923077 0.004807692307692308 0.004807692307692308
15 0.4735576923076923 0.37740384615384615 0.004807692307692308 0.004807692307692308
23 0.47596153846153844 0.36778846153846156 0.004807692307692308 0.004807692307692308
22 0.46153846153846156 0.46153846153846156 0.009615384615384616 0.009615384615384616
23 0.4807692307692308 0.3076923076923077 0.004807692307692308 0.004807692307692308
23 0.4423076923076923 0.5769230769230769 0.004807692307692308 0.004807692307692308
23 0.46153846153846156 0.43028846153846156 0.004807692307692308 0.004807692307692308
23 0.4639423076923077 0.4230769230769231 0.004807692307692308 0.004807692307692308
3 0.44711538461538464 0.5252403846153846 0.009615384615384616 0.007211538461538462
3 0.4567307692307692 0.4543269230769231 0.004807692307692308 0.004807692307692308
3 0.4891826923076923 0.22596153846153846 0.03125 0.019230769230769232
22 0.4519230769230769 0.49038461538461536 0.009615384615384616 0.009615384615384616
22 0.4519230769230769 0.4831730769230769 0.009615384615384616 0.009615384615384616
23 0.4831730769230769 0.2644230769230769 0.004807692307692308 0.004807692307692308
3 0.43990384615384615 0.5432692307692307 0.02403846153846154 0.019230769230769232
3 0.4495192307692308 0.47115384615384615 0.028846153846153848 0.019230769230769232
22 0.4519230769230769 0.46153846153846156 0.009615384615384616 0.009615384615384616
22 0.44471153846153844 0.4951923076923077 0.009615384615384616 0.009615384615384616
3 0.4495192307692308 0.453125 0.004807692307692308 0.007211538461538462
23 0.46634615384615385 0.3317307692307692 0.004807692307692308 0.004807692307692308
3 0.4543269230769231 0.41466346153846156 0.004807692307692308 0.007211538461538462
3 0.4423076923076923 0.484375 0.004807692307692308 0.007211538461538462
3 0.44711538461538464 0.4362980769230769 0.02403846153846154 0.016826923076923076
23 0.43509615384615385 0.5228365384615384 0.009615384615384616 0.007211538461538462
23 0.4326923076923077 0.5252403846153846 0.009615384615384616 0.007211538461538462
15 0.4326923076923077 0.5300480769230769 0.009615384615384616 0.007211538461538462
23 0.46153846153846156 0.3293269230769231 0.004807692307692308 0.004807692307692308
6 0.46274038461538464 0.3161057692307692 0.11298076923076923 0.036057692307692304
15 0.4230769230769231 0.5829326923076923 0.028846153846153848 0.03125
3 0.43509615384615385 0.5060096153846154 0.004807692307692308 0.007211538461538462
3 0.44711538461538464 0.41346153846153844 0.004807692307692308 0.004807692307692308
3 0.43509615384615385 0.4963942307692308 0.004807692307692308 0.007211538461538462
3 0.43028846153846156 0.5180288461538461 0.004807692307692308 0.007211538461538462
3 0.42788461538461536 0.5408653846153846 0.004807692307692308 0.004807692307692308
23 0.43990384615384615 0.4495192307692308 0.004807692307692308 0.004807692307692308
23 0.4567307692307692 0.3269230769230769 0.004807692307692308 0.004807692307692308
6 0.47596153846153844 0.1875 0.04326923076923077 0.019230769230769232
23 0.4375 0.45913461538461536 0.004807692307692308 0.004807692307692308
14 0.421875 0.5552884615384616 0.05048076923076923 0.028846153846153848
3 0.4423076923076923 0.41346153846153844 0.004807692307692308 0.004807692307692308
23 0.4230769230769231 0.5408653846153846 0.004807692307692308 0.004807692307692308
23 0.4230769230769231 0.5336538461538461 0.004807692307692308 0.004807692307692308
22 0.46634615384615385 0.22355769230769232 0.009615384615384616 0.009615384615384616
23 0.4495192307692308 0.3269230769230769 0.004807692307692308 0.004807692307692308
3 0.4375 0.4110576923076923 0.004807692307692308 0.004807692307692308
3 0.41586538461538464 0.5420673076923077 0.004807692307692308 0.007211538461538462
3 0.4170673076923077 0.5228365384615384 0.026442307692307692 0.016826923076923076
3 0.4110576923076923 0.5709134615384616 0.004807692307692308 0.007211538461538462
23 0.43028846153846156 0.42788461538461536 0.004807692307692308 0.004807692307692308
23 0.4110576923076923 0.5408653846153846 0.004807692307692308 0.004807692307692308
23 0.4110576923076923 0.5336538461538461 0.004807692307692308 0.004807692307692308
23 0.40625 0.5721153846153846 0.004807692307692308 0.004807692307692308
3 0.4254807692307692 0.4266826923076923 0.004807692307692308 0.007211538461538462
6 0.41586538461538464 0.47475961538461536 0.038461538461538464 0.07932692307692307
22 0.4495192307692308 0.22115384615384615 0.009615384615384616 0.009615384615384616
23 0.4206730769230769 0.4254807692307692 0.004807692307692308 0.004807692307692308
3 0.39903846153846156 0.5697115384615384 0.004807692307692308 0.004807692307692308
3 0.39783653846153844 0.5805288461538461 0.026442307692307692 0.016826923076923076
3 0.40384615384615385 0.5396634615384616 0.004807692307692308 0.007211538461538462
23 0.41586538461538464 0.4254807692307692 0.004807692307692308 0.004807692307692308
23 0.4206730769230769 0.3629807692307692 0.004807692307692308 0.004807692307692308
23 0.4182692307692308 0.37259615384615385 0.004807692307692308 0.004807692307692308
7 0.41225961538461536 0.4074519230769231 0.01201923076923077 0.01201923076923077
23 0.41586538461538464 0.37740384615384615 0.004807692307692308 0.004807692307692308
23 0.41586538461538464 0.38461538461538464 0.004807692307692308 0.004807692307692308
3 0.40865384615384615 0.42427884615384615 0.004807692307692308 0.007211538461538462
23 0.4206730769230769 0.34375 0.004807692307692308 0.004807692307692308
23 0.40625 0.43509615384615385 0.004807692307692308 0.004807692307692308
23 0.3870192307692308 0.5625 0.004807692307692308 0.004807692307692308
3 0.41586538461538464 0.3449519230769231 0.004807692307692308 0.007211538461538462
3 0.40384615384615385 0.42427884615384615 0.004807692307692308 0.007211538461538462
23 0.4014423076923077 0.4326923076923077 0.004807692307692308 0.004807692307692308
3 0.4326923076923077 0.19591346153846154 0.009615384615384616 0.007211538461538462
3 0.43028846153846156 0.19951923076923078 0.009615384615384616 0.004807692307692308
3 0.43028846153846156 0.20192307692307693 0.009615384615384616 0.004807692307692308
3 0.3798076923076923 0.5612980769230769 0.004807692307692308 0.007211538461538462
23 0.42788461538461536 0.22956730769230768 0.004807692307692308 0.007211538461538462
14 0.39663461538461536 0.44471153846153844 0.019230769230769232 0.019230769230769232
13 0.37740384615384615 0.5721153846153846 0.019230769230769232 0.009615384615384616
3 0.37740384615384615 0.5661057692307693 0.019230769230769232 0.007211538461538462
23 0.4254807692307692 0.23918269230769232 0.004807692307692308 0.007211538461538462
3 0.3870192307692308 0.4987980769230769 0.004807692307692308 0.007211538461538462
23 0.43028846153846156 0.17668269230769232 0.004807692307692308 0.007211538461538462
23 0.375 0.5600961538461539 0.004807692307692308 0.004807692307692308
22 0.38221153846153844 0.5048076923076923 0.009615384615384616 0.009615384615384616
3 0.4206730769230769 0.23918269230769232 0.004807692307692308 0.007211538461538462
3 0.4254807692307692 0.18870192307692307 0.014423076923076924 0.01201923076923077
3 0.4206730769230769 0.22115384615384615 0.004807692307692308 0.004807692307692308
14 0.41225961538461536 0.28846153846153844 0.021634615384615384 0.019230769230769232
3 0.4206730769230769 0.22956730769230768 0.004807692307692308 0.007211538461538462
3 0.4206730769230769 0.20793269230769232 0.014423076923076924 0.01201923076923077
23 0.4254807692307692 0.1778846153846154 0.004807692307692308 0.004807692307692308
3 0.4206730769230769 0.19831730769230768 0.009615384615384616 0.007211538461538462
3 0.4230769230769231 0.1935096153846154 0.009615384615384616 0.007211538461538462
14 0.3786057692307692 0.4807692307692308 0.036057692307692304 0.028846153846153848
3 0.41346153846153844 0.23677884615384615 0.004807692307692308 0.007211538461538462
3 0.4206730769230769 0.18509615384615385 0.004807692307692308 0.004807692307692308
3 0.41346153846153844 0.21995192307692307 0.004807692307692308 0.007211538461538462
3 0.41346153846153844 0.22956730769230768 0.004807692307692308 0.007211538461538462
15 0.4206730769230769 0.17548076923076922 0.004807692307692308 0.004807692307692308
3 0.37259615384615385 0.4963942307692308 0.004807692307692308 0.007211538461538462
23 0.3629807692307692 0.5709134615384616 0.009615384615384616 0.007211538461538462
23 0.36538461538461536 0.5612980769230769 0.009615384615384616 0.007211538461538462
23 0.36538461538461536 0.5637019230769231 0.009615384615384616 0.007211538461538462
23 0.3629807692307692 0.5685096153846154 0.009615384615384616 0.007211538461538462
23 0.4014423076923077 0.30649038461538464 0.009615384615384616 0.007211538461538462
3 0.4014423076923077 0.30288461538461536 0.009615384615384616 0.004807692307692308
23 0.39903846153846156 0.3112980769230769 0.009615384615384616 0.007211538461538462
23 0.4014423076923077 0.29927884615384615 0.009615384615384616 0.007211538461538462
3 0.39903846153846156 0.3161057692307692 0.009615384615384616 0.007211538461538462
3 0.39903846153846156 0.3088942307692308 0.009615384615384616 0.007211538461538462
23 0.40865384615384615 0.23557692307692307 0.004807692307692308 0.004807692307692308
3 0.41586538461538464 0.18269230769230768 0.004807692307692308 0.004807692307692308
15 0.3918269230769231 0.3485576923076923 0.004807692307692308 0.004807692307692308
15 0.36778846153846156 0.5084134615384616 0.009615384615384616 0.007211538461538462
15 0.36778846153846156 0.515625 0.009615384615384616 0.007211538461538462
15 0.36778846153846156 0.5132211538461539 0.009615384615384616 0.007211538461538462
15 0.36778846153846156 0.5204326923076923 0.009615384615384616 0.007211538461538462
3 0.40865384615384615 0.22716346153846154 0.004807692307692308 0.007211538461538462
23 0.3629807692307692 0.546875 0.009615384615384616 0.007211538461538462
23 0.3629807692307692 0.5540865384615384 0.009615384615384616 0.007211538461538462
23 0.3605769230769231 0.5516826923076923 0.009615384615384616 0.007211538461538462
15 0.3701923076923077 0.4951923076923077 0.004807692307692308 0.004807692307692308
3 0.40625 0.21754807692307693 0.004807692307692308 0.007211538461538462
23 0.40384615384615385 0.23557692307692307 0.004807692307692308 0.004807692307692308
3 0.4110576923076923 0.18269230769230768 0.004807692307692308 0.004807692307692308
15 0.3870192307692308 0.35216346153846156 0.009615384615384616 0.007211538461538462
3 0.3894230769230769 0.3329326923076923 0.009615384615384616 0.007211538461538462
3 0.3870192307692308 0.33774038461538464 0.009615384615384616 0.007211538461538462
3 0.3870192307692308 0.3425480769230769 0.009615384615384616 0.007211538461538462
3 0.3870192307692308 0.33533653846153844 0.009615384615384616 0.007211538461538462
3 0.40865384615384615 0.17427884615384615 0.014423076923076924 0.01201923076923077
15 0.38461538461538464 0.34615384615384615 0.004807692307692308 0.004807692307692308
15 0.38221153846153844 0.3629807692307692 0.004807692307692308 0.004807692307692308
23 0.4014423076923077 0.22716346153846154 0.004807692307692308 0.007211538461538462
15 0.38461538461538464 0.3557692307692308 0.004807692307692308 0.004807692307692308
23 0.3942307692307692 0.27403846153846156 0.004807692307692308 0.004807692307692308
23 0.35336538461538464 0.5588942307692307 0.009615384615384616 0.007211538461538462
15 0.3629807692307692 0.49399038461538464 0.004807692307692308 0.007211538461538462
23 0.3942307692307692 0.2668269230769231 0.004807692307692308 0.004807692307692308
3 0.35336538461538464 0.5612980769230769 0.009615384615384616 0.007211538461538462
23 0.35336538461538464 0.5661057692307693 0.009615384615384616 0.007211538461538462
3 0.35336538461538464 0.5685096153846154 0.009615384615384616 0.007211538461538462
3 0.35096153846153844 0.5757211538461539 0.009615384615384616 0.007211538461538462
3 0.35096153846153844 0.5805288461538461 0.009615384615384616 0.007211538461538462
3 0.35096153846153844 0.5733173076923077 0.009615384615384616 0.007211538461538462
6 0.39663461538461536 0.2512019230769231 0.014423076923076924 0.021634615384615384
23 0.39903846153846156 0.23557692307692307 0.004807692307692308 0.004807692307692308
3 0.40625 0.18028846153846154 0.004807692307692308 0.004807692307692308
3 0.4014423076923077 0.21754807692307693 0.004807692307692308 0.007211538461538462
3 0.3581730769230769 0.5108173076923077 0.009615384615384616 0.007211538461538462
3 0.3581730769230769 0.5084134615384616 0.009615384615384616 0.007211538461538462
3 0.3557692307692308 0.5132211538461539 0.009615384615384616 0.007211538461538462
3 0.3557692307692308 0.515625 0.009615384615384616 0.007211538461538462
23 0.39663461538461536 0.22716346153846154 0.004807692307692308 0.007211538461538462
29 0.3737980769230769 0.3798076923076923 0.01201923076923077 0.009615384615384616
29 0.3737980769230769 0.3894230769230769 0.01201923076923077 0.009615384615384616
23 0.3894230769230769 0.27403846153846156 0.004807692307692308 0.004807692307692308
3 0.3894230769230769 0.265625 0.004807692307692308 0.007211538461538462
29 0.3713942307692308 0.39663461538461536 0.01201923076923077 0.009615384615384616
15 0.4014423076923077 0.17307692307692307 0.004807692307692308 0.004807692307692308
3 0.4014423076923077 0.18028846153846154 0.004807692307692308 0.004807692307692308
14 0.39783653846153844 0.1971153846153846 0.03125 0.02403846153846154
23 0.3942307692307692 0.23317307692307693 0.004807692307692308 0.004807692307692308
3 0.3942307692307692 0.21514423076923078 0.004807692307692308 0.007211538461538462
22 0.375 0.34375 0.009615384615384616 0.009615384615384616
22 0.375 0.3545673076923077 0.009615384615384616 0.007211538461538462
23 0.375 0.3473557692307692 0.009615384615384616 0.007211538461538462
2 0.37259615384615385 0.3605769230769231 0.009615384615384616 0.009615384615384616
22 0.37740384615384615 0.33653846153846156 0.009615384615384616 0.009615384615384616
23 0.37259615384615385 0.36658653846153844 0.009615384615384616 0.007211538461538462
3 0.37259615384615385 0.37259615384615385 0.009615384615384616 0.004807692307692308
15 0.3701923076923077 0.375 0.009615384615384616 0.004807692307692308
23 0.37259615384615385 0.3701923076923077 0.009615384615384616 0.004807692307692308
23 0.3918269230769231 0.2247596153846154 0.004807692307692308 0.007211538461538462
22 0.3629807692307692 0.4206730769230769 0.009615384615384616 0.009615384615384616
22 0.3581730769230769 0.4495192307692308 0.009615384615384616 0.009615384615384616
7 0.3641826923076923 0.41346153846153844 0.007211538461538462 0.009615384615384616
3 0.38461538461538464 0.265625 0.004807692307692308 0.007211538461538462
22 0.3605769230769231 0.43509615384615385 0.009615384615384616 0.009615384615384616
22 0.3557692307692308 0.47115384615384615 0.009615384615384616 0.009615384615384616
23 0.38221153846153844 0.27403846153846156 0.004807692307692308 0.004807692307692308
3 0.35336538461538464 0.4807692307692308 0.009615384615384616 0.004807692307692308
23 0.3557692307692308 0.47716346153846156 0.009615384615384616 0.007211538461538462
23 0.34134615384615385 0.5612980769230769 0.009615384615384616 0.007211538461538462
3 0.3389423076923077 0.578125 0.009615384615384616 0.007211538461538462
23 0.3389423076923077 0.5733173076923077 0.009615384615384616 0.007211538461538462
23 0.34134615384615385 0.5661057692307693 0.009615384615384616 0.007211538461538462
23 0.34134615384615385 0.5685096153846154 0.009615384615384616 0.007211538461538462
23 0.3870192307692308 0.234375 0.004807692307692308 0.007211538461538462
3 0.3942307692307692 0.17908653846153846 0.004807692307692308 0.007211538461538462
3 0.39663461538461536 0.171875 0.004807692307692308 0.007211538461538462
23 0.3605769230769231 0.3954326923076923 0.009615384615384616 0.007211538461538462
15 0.3605769230769231 0.4014423076923077 0.009615384615384616 0.004807692307692308
3 0.3870192307692308 0.21514423076923078 0.004807692307692308 0.007211538461538462
15 0.3605769230769231 0.4050480769230769 0.009615384615384616 0.007211538461538462
3 0.3605769230769231 0.39783653846153844 0.009615384615384616 0.007211538461538462
23 0.3629807692307692 0.390625 0.009615384615384616 0.007211538461538462
6 0.3762019230769231 0.2932692307692308 0.021634615384615384 0.028846153846153848
23 0.38461538461538464 0.22355769230769232 0.004807692307692308 0.004807692307692308
23 0.3798076923076923 0.2644230769230769 0.004807692307692308 0.004807692307692308
3 0.37740384615384615 0.27163461538461536 0.004807692307692308 0.004807692307692308
3 0.3894230769230769 0.18028846153846154 0.004807692307692308 0.004807692307692308
3 0.38221153846153844 0.23197115384615385 0.004807692307692308 0.007211538461538462
3 0.38461538461538464 0.20552884615384615 0.014423076923076924 0.01201923076923077
3 0.3425480769230769 0.5084134615384616 0.021634615384615384 0.016826923076923076
3 0.3894230769230769 0.171875 0.014423076923076924 0.01201923076923077
3 0.37259615384615385 0.27163461538461536 0.004807692307692308 0.004807692307692308
6 0.375 0.24879807692307693 0.014423076923076924 0.021634615384615384
3 0.38461538461538464 0.1778846153846154 0.004807692307692308 0.004807692307692308
23 0.37740384615384615 0.22355769230769232 0.004807692307692308 0.004807692307692308
3 0.3798076923076923 0.21514423076923078 0.004807692307692308 0.007211538461538462
23 0.3701923076923077 0.2644230769230769 0.004807692307692308 0.004807692307692308
3 0.3485576923076923 0.4050480769230769 0.009615384615384616 0.007211538461538462
3 0.3485576923076923 0.40024038461538464 0.009615384615384616 0.007211538461538462
3 0.35096153846153844 0.39783653846153844 0.009615384615384616 0.007211538461538462
23 0.37259615384615385 0.23317307692307693 0.004807692307692308 0.004807692307692308
3 0.35096153846153844 0.38822115384615385 0.009615384615384616 0.007211538461538462
15 0.3485576923076923 0.390625 0.009615384615384616 0.007211538461538462
3 0.3641826923076923 0.27524038461538464 0.021634615384615384 0.016826923076923076
23 0.36538461538461536 0.2620192307692308 0.004807692307692308 0.004807692307692308
3 0.3293269230769231 0.5132211538461539 0.009615384615384616 0.007211538461538462
15 0.3317307692307692 0.5084134615384616 0.009615384615384616 0.007211538461538462
3 0.375 0.1814903846153846 0.009615384615384616 0.007211538461538462
3 0.37740384615384615 0.171875 0.009615384615384616 0.007211538461538462
3 0.37259615384615385 0.19471153846153846 0.009615384615384616 0.004807692307692308
3 0.37740384615384615 0.17427884615384615 0.009615384615384616 0.007211538461538462
3 0.375 0.18870192307692307 0.009615384615384616 0.007211538461538462
3 0.375 0.18389423076923078 0.009615384615384616 0.007211538461538462
3 0.375 0.19110576923076922 0.009615384615384616 0.007211538461538462
3 0.375 0.1778846153846154 0.009615384615384616 0.004807692307692308
3 0.3713942307692308 0.20432692307692307 0.01201923076923077 0.014423076923076924
3 0.3605769230769231 0.28725961538461536 0.004807692307692308 0.007211538461538462
3 0.36538461538461536 0.23918269230769232 0.004807692307692308 0.007211538461538462
3 0.3605769230769231 0.26322115384615385 0.004807692307692308 0.007211538461538462
23 0.35336538461538464 0.31009615384615385 0.004807692307692308 0.004807692307692308
23 0.3629807692307692 0.23076923076923078 0.004807692307692308 0.004807692307692308
23 0.35336538461538464 0.2824519230769231 0.009615384615384616 0.007211538461538462
23 0.3581730769230769 0.23798076923076922 0.004807692307692308 0.004807692307692308
23 0.35336538461538464 0.2860576923076923 0.009615384615384616 0.004807692307692308
23 0.35096153846153844 0.28846153846153844 0.009615384615384616 0.004807692307692308
15 0.33653846153846156 0.3954326923076923 0.009615384615384616 0.007211538461538462
15 0.33653846153846156 0.39302884615384615 0.009615384615384616 0.007211538461538462
15 0.33653846153846156 0.39783653846153844 0.009615384615384616 0.007211538461538462
3 0.33653846153846156 0.390625 0.009615384615384616 0.007211538461538462
15 0.33653846153846156 0.4026442307692308 0.009615384615384616 0.007211538461538462
3 0.3389423076923077 0.3858173076923077 0.009615384615384616 0.007211538461538462
23 0.3557692307692308 0.25961538461538464 0.004807692307692308 0.004807692307692308
3 0.3485576923076923 0.31009615384615385 0.004807692307692308 0.004807692307692308
3 0.3629807692307692 0.18629807692307693 0.009615384615384616 0.007211538461538462
3 0.3629807692307692 0.19230769230769232 0.009615384615384616 0.004807692307692308
3 0.3629807692307692 0.18870192307692307 0.009615384615384616 0.007211538461538462
3 0.3557692307692308 0.22956730769230768 0.004807692307692308 0.007211538461538462
3 0.36177884615384615 0.19951923076923078 0.016826923076923076 0.019230769230769232
3 0.35336538461538464 0.23918269230769232 0.004807692307692308 0.007211538461538462
3 0.35096153846153844 0.2608173076923077 0.004807692307692308 0.007211538461538462
3 0.34134615384615385 0.3076923076923077 0.004807692307692308 0.004807692307692308
23 0.3485576923076923 0.265625 0.009615384615384616 0.007211538461538462
3 0.34615384615384615 0.27283653846153844 0.019230769230769232 0.01201923076923077
23 0.34375 0.2848557692307692 0.009615384615384616 0.007211538461538462
23 0.34134615384615385 0.28846153846153844 0.009615384615384616 0.004807692307692308
23 0.34375 0.28125 0.009615384615384616 0.004807692307692308
3 0.3485576923076923 0.22956730769230768 0.004807692307692308 0.007211538461538462
23 0.3485576923076923 0.23798076923076922 0.004807692307692308 0.004807692307692308
23 0.34375 0.25961538461538464 0.004807692307692308 0.004807692307692308
3 0.33653846153846156 0.3076923076923077 0.004807692307692308 0.004807692307692308
23 0.7740384615384616 0.625 0.004807692307692308 0.004807692307692308
3 0.7740384615384616 0.6322115384615384 0.004807692307692308 0.004807692307692308
3 0.7764423076923077 0.6069711538461539 0.004807692307692308 0.007211538461538462
3 0.7788461538461539 0.5997596153846154 0.004807692307692308 0.007211538461538462
23 0.7764423076923077 0.6153846153846154 0.004807692307692308 0.004807692307692308
22 0.8100961538461539 0.3713942307692308 0.009615384615384616 0.007211538461538462
15 0.7788461538461539 0.5841346153846154 0.004807692307692308 0.004807692307692308
3 0.8161057692307693 0.30408653846153844 0.026442307692307692 0.021634615384615384
7 0.8149038461538461 0.32572115384615385 0.014423076923076924 0.01201923076923077
29 0.8137019230769231 0.3173076923076923 0.01201923076923077 0.009615384615384616
22 0.8076923076923077 0.3629807692307692 0.009615384615384616 0.009615384615384616
3 0.7692307692307693 0.6310096153846154 0.004807692307692308 0.007211538461538462
6 0.796875 0.4254807692307692 0.040865384615384616 0.10576923076923077
3 0.7740384615384616 0.5901442307692307 0.014423076923076924 0.01201923076923077
23 0.8076923076923077 0.35336538461538464 0.004807692307692308 0.004807692307692308
23 0.7692307692307693 0.6225961538461539 0.004807692307692308 0.004807692307692308
23 0.8221153846153846 0.24519230769230768 0.004807692307692308 0.004807692307692308
6 0.7800480769230769 0.5276442307692307 0.040865384615384616 0.09375
3 0.7740384615384616 0.5829326923076923 0.004807692307692308 0.007211538461538462
3 0.7668269230769231 0.6237980769230769 0.004807692307692308 0.007211538461538462
23 0.8028846153846154 0.3245192307692308 0.004807692307692308 0.004807692307692308
22 0.7980769230769231 0.36899038461538464 0.009615384615384616 0.007211538461538462
23 0.8052884615384616 0.31490384615384615 0.004807692307692308 0.004807692307692308
2 0.7644230769230769 0.5829326923076923 0.009615384615384616 0.007211538461538462
29 0.8112980769230769 0.2439903846153846 0.01201923076923077 0.01201923076923077
22 0.7644230769230769 0.5889423076923077 0.009615384615384616 0.009615384615384616
2 0.7572115384615384 0.6298076923076923 0.009615384615384616 0.009615384615384616
22 0.7572115384615384 0.6225961538461539 0.009615384615384616 0.009615384615384616
22 0.7956730769230769 0.3605769230769231 0.009615384615384616 0.009615384615384616
3 0.7980769230769231 0.33052884615384615 0.014423076923076924 0.01201923076923077
3 0.7572115384615384 0.5805288461538461 0.004807692307692308 0.007211538461538462
7 0.7956730769230769 0.30288461538461536 0.009615384615384616 0.009615384615384616
23 0.7908653846153846 0.35096153846153844 0.004807692307692308 0.004807692307692308
3 0.8028846153846154 0.25 0.004807692307692308 0.004807692307692308
3 0.7548076923076923 0.5889423076923077 0.004807692307692308 0.004807692307692308
23 0.7860576923076923 0.36778846153846156 0.004807692307692308 0.004807692307692308
23 0.7884615384615384 0.3605769230769231 0.004807692307692308 0.004807692307692308
3 0.75 0.6274038461538461 0.004807692307692308 0.004807692307692308
3 0.8028846153846154 0.24278846153846154 0.004807692307692308 0.004807692307692308
14 0.7512019230769231 0.6033653846153846 0.04567307692307692 0.02403846153846154
23 0.7596153846153846 0.546875 0.004807692307692308 0.007211538461538462
23 0.7668269230769231 0.484375 0.004807692307692308 0.007211538461538462
23 0.7860576923076923 0.35096153846153844 0.004807692307692308 0.004807692307692308
3 0.7524038461538461 0.5805288461538461 0.004807692307692308 0.007211538461538462
23 0.75 0.5889423076923077 0.004807692307692308 0.004807692307692308
3 0.7980769230769231 0.25 0.004807692307692308 0.004807692307692308
3 0.7451923076923077 0.6201923076923077 0.004807692307692308 0.004807692307692308
23 0.78125 0.36538461538461536 0.004807692307692308 0.004807692307692308
7 0.7896634615384616 0.30288461538461536 0.007211538461538462 0.009615384615384616
23 0.78125 0.3581730769230769 0.004807692307692308 0.004807692307692308
23 0.7860576923076923 0.328125 0.009615384615384616 0.007211538461538462
23 0.7980769230769231 0.2403846153846154 0.004807692307692308 0.004807692307692308
3 0.75 0.5745192307692307 0.009615384615384616 0.004807692307692308
3 0.7608173076923077 0.4951923076923077 0.026442307692307692 0.019230769230769232
23 0.7548076923076923 0.5480769230769231 0.004807692307692308 0.004807692307692308
6 0.7692307692307693 0.4206730769230769 0.04326923076923077 0.10576923076923077
23 0.7788461538461539 0.35096153846153844 0.004807692307692308 0.004807692307692308
3 0.7403846153846154 0.6189903846153846 0.004807692307692308 0.007211538461538462
3 0.7932692307692307 0.25 0.004807692307692308 0.004807692307692308
23 0.7764423076923077 0.36538461538461536 0.004807692307692308 0.004807692307692308
6 0.7944711538461539 0.23197115384615385 0.055288461538461536 0.016826923076923076
23 0.7764423076923077 0.3581730769230769 0.004807692307692308 0.004807692307692308
22 0.7451923076923077 0.5793269230769231 0.009615384615384616 0.009615384615384616
7 0.7824519230769231 0.30288461538461536 0.007211538461538462 0.009615384615384616
23 0.7908653846153846 0.2403846153846154 0.004807692307692308 0.004807692307692308
23 0.7475961538461539 0.5456730769230769 0.004807692307692308 0.004807692307692308
23 0.7740384615384616 0.3485576923076923 0.004807692307692308 0.004807692307692308
3 0.7403846153846154 0.5853365384615384 0.004807692307692308 0.007211538461538462
3 0.7331730769230769 0.6262019230769231 0.004807692307692308 0.007211538461538462
23 0.7355769230769231 0.6177884615384616 0.004807692307692308 0.004807692307692308
23 0.78125 0.29447115384615385 0.009615384615384616 0.007211538461538462
23 0.7427884615384616 0.5456730769230769 0.004807692307692308 0.004807692307692308
3 0.7403846153846154 0.5733173076923077 0.009615384615384616 0.007211538461538462
7 0.7764423076923077 0.3125 0.009615384615384616 0.009615384615384616
7 0.7752403846153846 0.3125 0.007211538461538462 0.009615384615384616
23 0.7692307692307693 0.3485576923076923 0.004807692307692308 0.004807692307692308
3 0.7355769230769231 0.578125 0.004807692307692308 0.007211538461538462
3 0.7283653846153846 0.6262019230769231 0.004807692307692308 0.007211538461538462
23 0.7307692307692307 0.6177884615384616 0.004807692307692308 0.004807692307692308
3 0.7307692307692307 0.5853365384615384 0.004807692307692308 0.007211538461538462
3 0.7331730769230769 0.5769230769230769 0.004807692307692308 0.004807692307692308
22 0.7355769230769231 0.5432692307692307 0.009615384615384616 0.009615384615384616
3 0.7235576923076923 0.6153846153846154 0.004807692307692308 0.004807692307692308
3 0.7259615384615384 0.5997596153846154 0.004807692307692308 0.007211538461538462
3 0.7259615384615384 0.5925480769230769 0.004807692307692308 0.007211538461538462
23 0.7427884615384616 0.48677884615384615 0.004807692307692308 0.007211538461538462
23 0.7716346153846154 0.27884615384615385 0.004807692307692308 0.004807692307692308
3 0.7211538461538461 0.6237980769230769 0.014423076923076924 0.01201923076923077
23 0.7475961538461539 0.43149038461538464 0.009615384615384616 0.007211538461538462
23 0.7475961538461539 0.4266826923076923 0.009615384615384616 0.007211538461538462
3 0.7548076923076923 0.3798076923076923 0.009615384615384616 0.004807692307692308
3 0.7572115384615384 0.3713942307692308 0.009615384615384616 0.007211538461538462
3 0.7572115384615384 0.36899038461538464 0.009615384615384616 0.007211538461538462
23 0.7475961538461539 0.4338942307692308 0.009615384615384616 0.007211538461538462
23 0.75 0.4170673076923077 0.009615384615384616 0.007211538461538462
29 0.7668269230769231 0.2980769230769231 0.009615384615384616 0.009615384615384616
3 0.7548076923076923 0.3737980769230769 0.009615384615384616 0.007211538461538462
23 0.7475961538461539 0.421875 0.009615384615384616 0.007211538461538462
23 0.7427884615384616 0.45552884615384615 0.009615384615384616 0.007211538461538462
23 0.7451923076923077 0.4387019230769231 0.009615384615384616 0.007211538461538462
23 0.7451923076923077 0.4483173076923077 0.009615384615384616 0.007211538461538462
23 0.7475961538461539 0.41947115384615385 0.009615384615384616 0.007211538461538462
23 0.7451923076923077 0.453125 0.009615384615384616 0.007211538461538462
23 0.7451923076923077 0.44591346153846156 0.009615384615384616 0.007211538461538462
23 0.7427884615384616 0.46274038461538464 0.009615384615384616 0.007211538461538462
23 0.7427884615384616 0.4579326923076923 0.009615384615384616 0.007211538461538462
23 0.7451923076923077 0.4411057692307692 0.009615384615384616 0.007211538461538462
23 0.7644230769230769 0.30649038461538464 0.009615384615384616 0.007211538461538462
22 0.7524038461538461 0.38461538461538464 0.009615384615384616 0.009615384615384616
23 0.7668269230769231 0.2920673076923077 0.009615384615384616 0.007211538461538462
23 0.7644230769230769 0.3112980769230769 0.009615384615384616 0.007211538461538462
22 0.7524038461538461 0.3918269230769231 0.009615384615384616 0.009615384615384616
23 0.7644230769230769 0.30408653846153844 0.009615384615384616 0.007211538461538462
22 0.75 0.4110576923076923 0.009615384615384616 0.009615384615384616
22 0.7524038461538461 0.4014423076923077 0.009615384615384616 0.009615384615384616
3 0.71875 0.6081730769230769 0.004807692307692308 0.004807692307692308
3 0.71875 0.6153846153846154 0.004807692307692308 0.004807692307692308
23 0.7355769230769231 0.4855769230769231 0.004807692307692308 0.004807692307692308
3 0.7139423076923077 0.6165865384615384 0.004807692307692308 0.007211538461538462
23 0.7211538461538461 0.5612980769230769 0.009615384615384616 0.007211538461538462
23 0.71875 0.578125 0.009615384615384616 0.007211538461538462
23 0.7211538461538461 0.5709134615384616 0.009615384615384616 0.007211538461538462
23 0.7211538461538461 0.5637019230769231 0.009615384615384616 0.007211538461538462
23 0.7211538461538461 0.5685096153846154 0.009615384615384616 0.007211538461538462
22 0.7331730769230769 0.47115384615384615 0.009615384615384616 0.009615384615384616
23 0.7235576923076923 0.5420673076923077 0.009615384615384616 0.007211538461538462
23 0.7235576923076923 0.546875 0.009615384615384616 0.007211538461538462
23 0.7235576923076923 0.5396634615384616 0.009615384615384616 0.007211538461538462
23 0.7283653846153846 0.5168269230769231 0.009615384615384616 0.004807692307692308
22 0.7331730769230769 0.47836538461538464 0.009615384615384616 0.009615384615384616
23 0.7283653846153846 0.5132211538461539 0.009615384615384616 0.007211538461538462
23 0.7235576923076923 0.5444711538461539 0.009615384615384616 0.007211538461538462
23 0.7283653846153846 0.5084134615384616 0.009615384615384616 0.007211538461538462
23 0.7235576923076923 0.5504807692307693 0.009615384615384616 0.004807692307692308
23 0.7259615384615384 0.5348557692307693 0.009615384615384616 0.007211538461538462
23 0.7235576923076923 0.5324519230769231 0.009615384615384616 0.007211538461538462
15 0.7115384615384616 0.6225961538461539 0.004807692307692308 0.004807692307692308
23 0.7307692307692307 0.4855769230769231 0.004807692307692308 0.004807692307692308
3 0.7355769230769231 0.4387019230769231 0.004807692307692308 0.007211538461538462
3 0.7379807692307693 0.41947115384615385 0.004807692307692308 0.007211538461538462
3 0.7307692307692307 0.46274038461538464 0.004807692307692308 0.007211538461538462
15 0.7548076923076923 0.2848557692307692 0.009615384615384616 0.007211538461538462
23 0.7548076923076923 0.29447115384615385 0.009615384615384616 0.007211538461538462
3 0.7524038461538461 0.3137019230769231 0.009615384615384616 0.007211538461538462
23 0.7524038461538461 0.3016826923076923 0.009615384615384616 0.007211538461538462
23 0.7524038461538461 0.29927884615384615 0.009615384615384616 0.007211538461538462
15 0.7548076923076923 0.28725961538461536 0.009615384615384616 0.007211538461538462
23 0.7548076923076923 0.29086538461538464 0.009615384615384616 0.004807692307692308
3 0.7524038461538461 0.3088942307692308 0.009615384615384616 0.007211538461538462
3 0.75 0.31850961538461536 0.009615384615384616 0.007211538461538462
23 0.7620192307692307 0.23557692307692307 0.004807692307692308 0.004807692307692308
3 0.75 0.3161057692307692 0.009615384615384616 0.007211538461538462
3 0.7524038461538461 0.30649038461538464 0.009615384615384616 0.007211538461538462
23 0.7019230769230769 0.6370192307692307 0.009615384615384616 0.004807692307692308
7 0.7560096153846154 0.24519230769230768 0.007211538461538462 0.009615384615384616
23 0.7548076923076923 0.23317307692307693 0.004807692307692308 0.004807692307692308
3 0.6983173076923077 0.6262019230769231 0.026442307692307692 0.021634615384615384
6 0.71875 0.4735576923076923 0.057692307692307696 0.23557692307692307
23 0.7451923076923077 0.2776442307692308 0.009615384615384616 0.007211538461538462
23 0.7427884615384616 0.2920673076923077 0.009615384615384616 0.007211538461538462
23 0.7427884615384616 0.28125 0.009615384615384616 0.004807692307692308
23 0.7403846153846154 0.29927884615384615 0.009615384615384616 0.007211538461538462
3 0.7379807692307693 0.31850961538461536 0.009615384615384616 0.007211538461538462
23 0.7439903846153846 0.27524038461538464 0.007211538461538462 0.002403846153846154
3 0.7379807692307693 0.3137019230769231 0.009615384615384616 0.007211538461538462
3 0.7403846153846154 0.3112980769230769 0.009615384615384616 0.007211538461538462
23 0.7427884615384616 0.28966346153846156 0.009615384615384616 0.007211538461538462
3 0.7427884615384616 0.2848557692307692 0.009615384615384616 0.007211538461538462
23 0.75 0.23557692307692307 0.004807692307692308 0.004807692307692308
23 0.7427884615384616 0.296875 0.009615384615384616 0.007211538461538462
3 0.7403846153846154 0.30408653846153844 0.009615384615384616 0.007211538461538462
3 0.7475961538461539 0.25841346153846156 0.028846153846153848 0.021634615384615384
7 0.7487980769230769 0.24519230769230768 0.007211538461538462 0.009615384615384616
3 0.7379807692307693 0.30649038461538464 0.009615384615384616 0.007211538461538462
23 0.6923076923076923 0.6358173076923077 0.009615384615384616 0.007211538461538462
29 0.7307692307692307 0.3389423076923077 0.009615384615384616 0.009615384615384616
29 0.6935096153846154 0.6117788461538461 0.01201923076923077 0.01201923076923077
3 0.7451923076923077 0.23317307692307693 0.004807692307692308 0.004807692307692308
23 0.7307692307692307 0.3317307692307692 0.004807692307692308 0.004807692307692308
23 0.7355769230769231 0.27403846153846156 0.004807692307692308 0.004807692307692308
23 0.7355769230769231 0.27403846153846156 0.004807692307692308 0.004807692307692308
23 0.7403846153846154 0.23317307692307693 0.004807692307692308 0.004807692307692308
23 0.7235576923076923 0.3317307692307692 0.004807692307692308 0.004807692307692308
3 0.7127403846153846 0.41586538461538464 0.007211538461538462 0.009615384615384616
23 0.6850961538461539 0.6105769230769231 0.004807692307692308 0.004807692307692308
3 0.7079326923076923 0.43509615384615385 0.002403846153846154 0.004807692307692308
3 0.7019230769230769 0.47716346153846156 0.004807692307692308 0.007211538461538462
3 0.7007211538461539 0.4951923076923077 0.007211538461538462 0.009615384615384616
3 0.7055288461538461 0.4651442307692308 0.002403846153846154 0.007211538461538462
3 0.6983173076923077 0.5168269230769231 0.007211538461538462 0.009615384615384616
3 0.6923076923076923 0.5480769230769231 0.004807692307692308 0.004807692307692308
3 0.6875 0.5709134615384616 0.004807692307692308 0.007211538461538462
29 0.7211538461538461 0.33653846153846156 0.009615384615384616 0.009615384615384616