6 0.6754807692307693 0.38461538461538464 0.07692307692307693 0.25
23 0.6514423076923077 0.25 0.004807692307692308 0.004807692307692308
3 0.6971153846153846 0.5745192307692307 0.004807692307692308 0.004807692307692308
23 0.6875 0.5144230769230769 0.004807692307692308 0.004807692307692308
23 0.6466346153846154 0.28846153846153844 0.004807692307692308 0.004807692307692308
9 0.6875 0.5444711538461539 0.014423076923076924 0.01201923076923077
23 0.6826923076923077 0.5168269230769231 0.004807692307692308 0.004807692307692308
22 0.6538461538461539 0.3557692307692308 0.009615384615384616 0.009615384615384616
9 0.6959134615384616 0.5925480769230769 0.026442307692307692 0.021634615384615384
9 0.6959134615384616 0.6105769230769231 0.026442307692307692 0.019230769230769232
3 0.6730769230769231 0.49038461538461536 0.004807692307692308 0.004807692307692308
6 0.6418269230769231 0.3233173076923077 0.02403846153846154 0.06009615384615385
14 0.6838942307692307 0.5649038461538461 0.026442307692307692 0.02403846153846154
15 0.6862980769230769 0.578125 0.021634615384615384 0.01201923076923077
23 0.6682692307692307 0.4807692307692308 0.009615384615384616 0.004807692307692308
3 0.6658653846153846 0.4735576923076923 0.004807692307692308 0.004807692307692308
23 0.6778846153846154 0.5384615384615384 0.004807692307692308 0.004807692307692308
22 0.6730769230769231 0.5180288461538461 0.009615384615384616 0.007211538461538462
23 0.6610576923076923 0.44471153846153844 0.004807692307692308 0.004807692307692308
22 0.6754807692307693 0.5324519230769231 0.009615384615384616 0.007211538461538462
23 0.6730769230769231 0.5408653846153846 0.004807692307692308 0.004807692307692308
23 0.65625 0.44711538461538464 0.004807692307692308 0.004807692307692308
22 0.6394230769230769 0.3581730769230769 0.009615384615384616 0.009615384615384616
3 0.6514423076923077 0.44711538461538464 0.004807692307692308 0.004807692307692308
7 0.6682692307692307 0.5516826923076923 0.014423076923076924 0.007211538461538462
14 0.640625 0.4014423076923077 0.055288461538461536 0.08173076923076923
23 0.6682692307692307 0.5721153846153846 0.004807692307692308 0.004807692307692308
23 0.6682692307692307 0.5673076923076923 0.004807692307692308 0.004807692307692308
23 0.6274038461538461 0.3473557692307692 0.009615384615384616 0.007211538461538462
3 0.6466346153846154 0.44711538461538464 0.004807692307692308 0.004807692307692308
23 0.6286057692307693 0.35096153846153844 0.007211538461538462 0.004807692307692308
23 0.6586538461538461 0.5240384615384616 0.004807692307692308 0.004807692307692308
23 0.6634615384615384 0.5564903846153846 0.009615384615384616 0.007211538461538462
23 0.6634615384615384 0.5600961538461539 0.009615384615384616 0.004807692307692308
22 0.6418269230769231 0.43990384615384615 0.009615384615384616 0.009615384615384616
23 0.6274038461538461 0.3557692307692308 0.004807692307692308 0.004807692307692308
3 0.6298076923076923 0.3629807692307692 0.004807692307692308 0.004807692307692308
23 0.6418269230769231 0.4495192307692308 0.004807692307692308 0.004807692307692308
15 0.6670673076923077 0.6033653846153846 0.036057692307692304 0.03365384615384615
3 0.65625 0.5432692307692307 0.009615384615384616 0.004807692307692308
23 0.6586538461538461 0.5480769230769231 0.009615384615384616 0.004807692307692308
23 0.65625 0.5456730769230769 0.009615384615384616 0.004807692307692308
7 0.6622596153846154 0.5769230769230769 0.007211538461538462 0.009615384615384616
29 0.6610576923076923 0.5673076923076923 0.009615384615384616 0.009615384615384616
23 0.6370192307692307 0.4495192307692308 0.004807692307692308 0.004807692307692308
29 0.6189903846153846 0.35336538461538464 0.01201923076923077 0.009615384615384616
9 0.6189903846153846 0.359375 0.016826923076923076 0.01201923076923077
9 0.6526442307692307 0.5588942307692307 0.016826923076923076 0.01201923076923077
6 0.6069711538461539 0.30408653846153844 0.016826923076923076 0.021634615384615384
7 0.6538461538461539 0.5757211538461539 0.009615384615384616 0.007211538461538462
6 0.6105769230769231 0.33774038461538464 0.019230769230769232 0.026442307692307692
23 0.6490384615384616 0.5649038461538461 0.009615384615384616 0.004807692307692308
23 0.6502403846153846 0.5697115384615384 0.007211538461538462 0.004807692307692308
23 0.6454326923076923 0.5528846153846154 0.007211538461538462 0.004807692307692308
23 0.6454326923076923 0.5504807692307693 0.007211538461538462 0.004807692307692308
3 0.6358173076923077 0.5216346153846154 0.007211538461538462 0.004807692307692308
22 0.59375 0.2860576923076923 0.009615384615384616 0.009615384615384616
23 0.6442307692307693 0.5769230769230769 0.004807692307692308 0.004807692307692308
3 0.6442307692307693 0.5697115384615384 0.004807692307692308 0.004807692307692308
29 0.6033653846153846 0.3545673076923077 0.009615384615384616 0.007211538461538462
9 0.6057692307692307 0.36177884615384615 0.014423076923076924 0.01201923076923077
22 0.6105769230769231 0.39663461538461536 0.009615384615384616 0.009615384615384616
23 0.6105769230769231 0.4014423076923077 0.009615384615384616 0.004807692307692308
22 0.6081730769230769 0.37740384615384615 0.009615384615384616 0.009615384615384616
9 0.6382211538461539 0.5612980769230769 0.016826923076923076 0.01201923076923077
23 0.6009615384615384 0.3485576923076923 0.004807692307692308 0.004807692307692308
22 0.6081730769230769 0.38461538461538464 0.009615384615384616 0.009615384615384616
23 0.6033653846153846 0.3701923076923077 0.009615384615384616 0.004807692307692308
3 0.6033653846153846 0.37259615384615385 0.009615384615384616 0.004807692307692308
3 0.6177884615384616 0.4543269230769231 0.004807692307692308 0.004807692307692308
23 0.6394230769230769 0.5769230769230769 0.004807692307692308 0.004807692307692308
3 0.5889423076923077 0.2932692307692308 0.009615384615384616 0.004807692307692308
7 0.6370192307692307 0.5685096153846154 0.009615384615384616 0.007211538461538462
23 0.59375 0.3581730769230769 0.009615384615384616 0.004807692307692308
14 0.6177884615384616 0.49038461538461536 0.09615384615384616 0.07211538461538461
29 0.6370192307692307 0.6069711538461539 0.02403846153846154 0.036057692307692304
9 0.6189903846153846 0.5348557692307693 0.016826923076923076 0.01201923076923077
9 0.6262019230769231 0.5817307692307693 0.026442307692307692 0.02403846153846154
29 0.6189903846153846 0.5540865384615384 0.026442307692307692 0.026442307692307692
22 0.5721153846153846 0.296875 0.009615384615384616 0.007211538461538462
23 0.6153846153846154 0.5697115384615384 0.009615384615384616 0.004807692307692308
3 0.5961538461538461 0.4579326923076923 0.009615384615384616 0.007211538461538462
6 0.5829326923076923 0.3798076923076923 0.04567307692307692 0.14903846153846154
3 0.6057692307692307 0.5420673076923077 0.009615384615384616 0.007211538461538462
23 0.6033653846153846 0.5360576923076923 0.009615384615384616 0.004807692307692308
15 0.6141826923076923 0.6177884615384616 0.036057692307692304 0.03365384615384615
22 0.5552884615384616 0.3016826923076923 0.009615384615384616 0.007211538461538462
14 0.5456730769230769 0.2776442307692308 0.08173076923076923 0.05048076923076923
9 0.5949519230769231 0.5456730769230769 0.026442307692307692 0.019230769230769232
22 0.5504807692307693 0.3112980769230769 0.009615384615384616 0.007211538461538462
9 0.59375 0.5625 0.028846153846153848 0.019230769230769232
23 0.5576923076923077 0.3485576923076923 0.009615384615384616 0.004807692307692308
23 0.5564903846153846 0.35096153846153844 0.007211538461538462 0.004807692307692308
23 0.5576923076923077 0.3557692307692308 0.009615384615384616 0.004807692307692308
23 0.5600961538461539 0.3737980769230769 0.009615384615384616 0.007211538461538462
22 0.5745192307692307 0.46274038461538464 0.009615384615384616 0.007211538461538462
23 0.5721153846153846 0.4519230769230769 0.004807692307692308 0.004807692307692308
23 0.5673076923076923 0.43028846153846156 0.004807692307692308 0.004807692307692308
29 0.5721153846153846 0.4579326923076923 0.009615384615384616 0.007211538461538462
9 0.5973557692307693 0.5985576923076923 0.026442307692307692 0.019230769230769232
22 0.5432692307692307 0.30408653846153844 0.009615384615384616 0.007211538461538462
23 0.5817307692307693 0.5360576923076923 0.004807692307692308 0.004807692307692308
3 0.5865384615384616 0.5552884615384616 0.009615384615384616 0.004807692307692308
22 0.5408653846153846 0.3137019230769231 0.009615384615384616 0.007211538461538462
29 0.5649038461538461 0.4495192307692308 0.009615384615384616 0.009615384615384616
3 0.5432692307692307 0.33052884615384615 0.009615384615384616 0.007211538461538462
22 0.5408653846153846 0.3245192307692308 0.009615384615384616 0.009615384615384616
22 0.5432692307692307 0.33653846153846156 0.009615384615384616 0.009615384615384616
23 0.5673076923076923 0.4639423076923077 0.004807692307692308 0.004807692307692308
23 0.5456730769230769 0.3581730769230769 0.009615384615384616 0.004807692307692308
23 0.5456730769230769 0.36177884615384615 0.009615384615384616 0.007211538461538462
22 0.5456730769230769 0.35096153846153844 0.009615384615384616 0.009615384615384616
23 0.5649038461538461 0.4567307692307692 0.004807692307692308 0.004807692307692308
3 0.5360576923076923 0.30528846153846156 0.004807692307692308 0.004807692307692308
3 0.5769230769230769 0.5348557692307693 0.009615384615384616 0.007211538461538462
22 0.5528846153846154 0.40384615384615385 0.009615384615384616 0.009615384615384616
22 0.5504807692307693 0.3942307692307692 0.009615384615384616 0.009615384615384616
23 0.5769230769230769 0.5396634615384616 0.009615384615384616 0.007211538461538462
23 0.5769230769230769 0.5432692307692307 0.009615384615384616 0.004807692307692308
22 0.5528846153846154 0.41346153846153844 0.009615384615384616 0.009615384615384616
16 0.5552884615384616 0.43149038461538464 0.019230769230769232 0.016826923076923076
23 0.5625 0.46634615384615385 0.004807692307692308 0.004807692307692308
3 0.5673076923076923 0.5024038461538461 0.004807692307692308 0.004807692307692308
3 0.5600961538461539 0.45913461538461536 0.004807692307692308 0.004807692307692308
23 0.5697115384615384 0.5216346153846154 0.004807692307692308 0.004807692307692308
23 0.5625 0.4987980769230769 0.009615384615384616 0.007211538461538462
23 0.5697115384615384 0.5264423076923077 0.004807692307692308 0.004807692307692308
23 0.5552884615384616 0.4519230769230769 0.004807692307692308 0.004807692307692308
22 0.5288461538461539 0.30649038461538464 0.009615384615384616 0.007211538461538462
23 0.5576923076923077 0.46634615384615385 0.004807692307692308 0.004807692307692308
23 0.5649038461538461 0.5192307692307693 0.009615384615384616 0.004807692307692308
23 0.5552884615384616 0.45913461538461536 0.004807692307692308 0.004807692307692308
3 0.5625 0.5024038461538461 0.004807692307692308 0.004807692307692308
3 0.5625 0.5096153846153846 0.004807692307692308 0.004807692307692308
23 0.5528846153846154 0.46634615384615385 0.004807692307692308 0.004807692307692308
23 0.5480769230769231 0.46875 0.004807692307692308 0.004807692307692308
22 0.5192307692307693 0.3076923076923077 0.009615384615384616 0.009615384615384616
23 0.5480769230769231 0.47596153846153844 0.009615384615384616 0.004807692307692308
6 0.5252403846153846 0.38822115384615385 0.05048076923076923 0.15625
23 0.5048076923076923 0.28365384615384615 0.009615384615384616 0.004807692307692308
29 0.5060096153846154 0.29927884615384615 0.01201923076923077 0.007211538461538462
23 0.5048076923076923 0.2956730769230769 0.009615384615384616 0.004807692307692308
22 0.5072115384615384 0.3112980769230769 0.009615384615384616 0.007211538461538462
3 0.5336538461538461 0.5276442307692307 0.009615384615384616 0.007211538461538462
23 0.5060096153846154 0.3798076923076923 0.007211538461538462 0.004807692307692308
3 0.5144230769230769 0.4326923076923077 0.004807692307692308 0.004807692307692308
23 0.5072115384615384 0.3870192307692308 0.009615384615384616 0.004807692307692308
29 0.5120192307692307 0.43990384615384615 0.009615384615384616 0.009615384615384616
14 0.5240384615384616 0.5072115384615384 0.07211538461538461 0.04807692307692308
9 0.49278846153846156 0.32572115384615385 0.019230769230769232 0.01201923076923077
23 0.5096153846153846 0.4326923076923077 0.004807692307692308 0.004807692307692308
14 0.48197115384615385 0.28125 0.036057692307692304 0.028846153846153848
3 0.5384615384615384 0.6081730769230769 0.004807692307692308 0.004807692307692308
3 0.5360576923076923 0.6009615384615384 0.004807692307692308 0.004807692307692308
3 0.5336538461538461 0.5889423076923077 0.004807692307692308 0.004807692307692308
22 0.53125 0.5673076923076923 0.009615384615384616 0.009615384615384616
22 0.5024038461538461 0.4110576923076923 0.009615384615384616 0.009615384615384616
23 0.5048076923076923 0.4230769230769231 0.004807692307692308 0.004807692307692308
23 0.5024038461538461 0.43509615384615385 0.004807692307692308 0.004807692307692308
7 0.47836538461538464 0.296875 0.014423076923076924 0.007211538461538462
22 0.5288461538461539 0.5829326923076923 0.009615384615384616 0.007211538461538462
23 0.4879807692307692 0.36538461538461536 0.009615384615384616 0.004807692307692308
3 0.5096153846153846 0.4831730769230769 0.009615384615384616 0.004807692307692308
29 0.5024038461538461 0.4411057692307692 0.009615384615384616 0.007211538461538462
22 0.5288461538461539 0.5925480769230769 0.009615384615384616 0.007211538461538462
3 0.5 0.43509615384615385 0.004807692307692308 0.004807692307692308
23 0.5192307692307693 0.5817307692307693 0.004807692307692308 0.004807692307692308
3 0.5168269230769231 0.5961538461538461 0.004807692307692308 0.004807692307692308
3 0.5192307692307693 0.6033653846153846 0.004807692307692308 0.004807692307692308
3 0.5192307692307693 0.6105769230769231 0.004807692307692308 0.004807692307692308
3 0.5120192307692307 0.5745192307692307 0.004807692307692308 0.004807692307692308
3 0.5120192307692307 0.5841346153846154 0.004807692307692308 0.004807692307692308
3 0.5120192307692307 0.5961538461538461 0.004807692307692308 0.004807692307692308
3 0.5120192307692307 0.6033653846153846 0.004807692307692308 0.004807692307692308
3 0.5144230769230769 0.6105769230769231 0.004807692307692308 0.004807692307692308
3 0.5072115384615384 0.5769230769230769 0.004807692307692308 0.004807692307692308
3 0.5072115384615384 0.5841346153846154 0.004807692307692308 0.004807692307692308
6 0.4723557692307692 0.39783653846153844 0.05048076923076923 0.15625
3 0.5072115384615384 0.5961538461538461 0.004807692307692308 0.004807692307692308
3 0.5072115384615384 0.6033653846153846 0.004807692307692308 0.004807692307692308
3 0.5096153846153846 0.6105769230769231 0.004807692307692308 0.004807692307692308
3 0.5024038461538461 0.5865384615384616 0.004807692307692308 0.004807692307692308
23 0.48677884615384615 0.49278846153846156 0.007211538461538462 0.009615384615384616
22 0.5 0.5757211538461539 0.009615384615384616 0.007211538461538462
3 0.5024038461538461 0.6057692307692307 0.004807692307692308 0.004807692307692308
3 0.5024038461538461 0.6129807692307693 0.004807692307692308 0.004807692307692308
23 0.5012019230769231 0.5961538461538461 0.007211538461538462 0.009615384615384616
3 0.49759615384615385 0.5865384615384616 0.004807692307692308 0.004807692307692308
3 0.47836538461538464 0.49038461538461536 0.004807692307692308 0.004807692307692308
23 0.44711538461538464 0.3173076923076923 0.009615384615384616 0.004807692307692308
29 0.44471153846153844 0.31009615384615385 0.009615384615384616 0.009615384615384616
3 0.49759615384615385 0.6129807692307693 0.004807692307692308 0.004807692307692308
3 0.49278846153846156 0.5769230769230769 0.004807692307692308 0.004807692307692308
3 0.49278846153846156 0.5865384615384616 0.004807692307692308 0.004807692307692308
29 0.4951923076923077 0.6069711538461539 0.009615384615384616 0.007211538461538462
14 0.4387019230769231 0.2860576923076923 0.036057692307692304 0.028846153846153848
23 0.4495192307692308 0.3605769230769231 0.009615384615384616 0.004807692307692308
23 0.4483173076923077 0.35336538461538464 0.007211538461538462 0.004807692307692308
23 0.4483173076923077 0.35096153846153844 0.007211538461538462 0.004807692307692308
3 0.4879807692307692 0.5769230769230769 0.004807692307692308 0.004807692307692308
23 0.4879807692307692 0.5865384615384616 0.004807692307692308 0.004807692307692308
22 0.4879807692307692 0.5997596153846154 0.009615384615384616 0.007211538461538462
3 0.49038461538461536 0.6153846153846154 0.004807692307692308 0.004807692307692308
7 0.43028846153846156 0.27524038461538464 0.014423076923076924 0.007211538461538462
22 0.4375 0.3173076923076923 0.009615384615384616 0.009615384615384616
23 0.43509615384615385 0.3112980769230769 0.009615384615384616 0.007211538461538462
22 0.4375 0.3269230769230769 0.009615384615384616 0.009615384615384616
23 0.43509615384615385 0.30649038461538464 0.009615384615384616 0.007211538461538462
22 0.43990384615384615 0.34615384615384615 0.009615384615384616 0.009615384615384616
22 0.4375 0.33653846153846156 0.009615384615384616 0.009615384615384616
23 0.43990384615384615 0.3557692307692308 0.009615384615384616 0.004807692307692308
23 0.43990384615384615 0.35096153846153844 0.009615384615384616 0.004807692307692308
23 0.4411057692307692 0.3629807692307692 0.007211538461538462 0.004807692307692308
23 0.4423076923076923 0.36538461538461536 0.009615384615384616 0.004807692307692308
23 0.44350961538461536 0.375 0.007211538461538462 0.004807692307692308
22 0.47836538461538464 0.578125 0.009615384615384616 0.007211538461538462
23 0.4423076923076923 0.3701923076923077 0.009615384615384616 0.004807692307692308
23 0.43990384615384615 0.3581730769230769 0.009615384615384616 0.004807692307692308
23 0.4423076923076923 0.37259615384615385 0.009615384615384616 0.004807692307692308
23 0.44350961538461536 0.37740384615384615 0.007211538461538462 0.004807692307692308
23 0.4423076923076923 0.38100961538461536 0.009615384615384616 0.007211538461538462
23 0.44471153846153844 0.38461538461538464 0.009615384615384616 0.004807692307692308
22 0.47836538461538464 0.5877403846153846 0.009615384615384616 0.007211538461538462
22 0.47836538461538464 0.6021634615384616 0.009615384615384616 0.007211538461538462
23 0.47836538461538464 0.6105769230769231 0.004807692307692308 0.004807692307692308
3 0.47836538461538464 0.6177884615384616 0.004807692307692308 0.004807692307692308
3 0.4735576923076923 0.5889423076923077 0.004807692307692308 0.004807692307692308
3 0.46875 0.5841346153846154 0.004807692307692308 0.004807692307692308
23 0.47115384615384615 0.6033653846153846 0.004807692307692308 0.004807692307692308
23 0.46634615384615385 0.5913461538461539 0.004807692307692308 0.004807692307692308
6 0.41947115384615385 0.3557692307692308 0.05048076923076923 0.11057692307692307
14 0.44711538461538464 0.515625 0.07692307692307693 0.05048076923076923
9 0.4338942307692308 0.4567307692307692 0.026442307692307692 0.019230769230769232
7 0.42908653846153844 0.4362980769230769 0.01201923076923077 0.021634615384615384
3 0.4026442307692308 0.29086538461538464 0.007211538461538462 0.004807692307692308
23 0.4014423076923077 0.28846153846153844 0.009615384615384616 0.004807692307692308
3 0.4014423076923077 0.2848557692307692 0.009615384615384616 0.007211538461538462
3 0.43990384615384615 0.4951923076923077 0.009615384615384616 0.004807692307692308
23 0.4026442307692308 0.2932692307692308 0.007211538461538462 0.004807692307692308
23 0.44711538461538464 0.5528846153846154 0.009615384615384616 0.004807692307692308
7 0.39663461538461536 0.30408653846153844 0.014423076923076924 0.007211538461538462
7 0.39663461538461536 0.29927884615384615 0.014423076923076924 0.007211538461538462
7 0.41466346153846156 0.40384615384615385 0.007211538461538462 0.009615384615384616
23 0.39663461538461536 0.3173076923076923 0.009615384615384616 0.004807692307692308
23 0.40625 0.3605769230769231 0.009615384615384616 0.004807692307692308
23 0.40384615384615385 0.3581730769230769 0.009615384615384616 0.004807692307692308
23 0.4050480769230769 0.3629807692307692 0.007211538461538462 0.004807692307692308
22 0.39903846153846156 0.3317307692307692 0.009615384615384616 0.009615384615384616
3 0.3918269230769231 0.2860576923076923 0.009615384615384616 0.004807692307692308
23 0.40625 0.36538461538461536 0.009615384615384616 0.004807692307692308
22 0.39903846153846156 0.32211538461538464 0.009615384615384616 0.009615384615384616
23 0.4074519230769231 0.37259615384615385 0.007211538461538462 0.004807692307692308
23 0.40625 0.3798076923076923 0.009615384615384616 0.004807692307692308
23 0.40625 0.36899038461538464 0.009615384615384616 0.007211538461538462
22 0.4014423076923077 0.3401442307692308 0.009615384615384616 0.007211538461538462
23 0.390625 0.28846153846153844 0.007211538461538462 0.004807692307692308
23 0.40865384615384615 0.3870192307692308 0.009615384615384616 0.004807692307692308
23 0.40625 0.375 0.009615384615384616 0.004807692307692308
23 0.3918269230769231 0.296875 0.009615384615384616 0.007211538461538462
23 0.40865384615384615 0.38221153846153844 0.009615384615384616 0.004807692307692308
22 0.4014423076923077 0.35096153846153844 0.009615384615384616 0.009615384615384616
23 0.40865384615384615 0.3894230769230769 0.009615384615384616 0.004807692307692308
23 0.4098557692307692 0.3918269230769231 0.007211538461538462 0.004807692307692308
23 0.4110576923076923 0.3942307692307692 0.009615384615384616 0.004807692307692308
23 0.4098557692307692 0.39903846153846156 0.007211538461538462 0.004807692307692308
23 0.4362980769230769 0.5516826923076923 0.01201923076923077 0.007211538461538462
3 0.41586538461538464 0.4423076923076923 0.004807692307692308 0.004807692307692308
23 0.43509615384615385 0.5552884615384616 0.014423076923076924 0.004807692307692308
23 0.43509615384615385 0.5492788461538461 0.014423076923076924 0.007211538461538462
7 0.4050480769230769 0.40625 0.007211538461538462 0.009615384615384616
23 0.4074519230769231 0.4423076923076923 0.007211538461538462 0.004807692307692308
3 0.40865384615384615 0.44471153846153844 0.009615384615384616 0.004807692307692308
23 0.3798076923076923 0.29086538461538464 0.004807692307692308 0.004807692307692308
3 0.40865384615384615 0.45913461538461536 0.004807692307692308 0.004807692307692308
3 0.41346153846153844 0.49038461538461536 0.004807692307692308 0.004807692307692308
23 0.3918269230769231 0.41586538461538464 0.009615384615384616 0.004807692307692308
6 0.38341346153846156 0.3605769230769231 0.040865384615384616 0.10576923076923077
9 0.3954326923076923 0.44350961538461536 0.016826923076923076 0.01201923076923077
9 0.4014423076923077 0.515625 0.014423076923076924 0.01201923076923077
3 0.38221153846153844 0.4182692307692308 0.004807692307692308 0.004807692307692308
3 0.3605769230769231 0.32211538461538464 0.004807692307692308 0.004807692307692308
23 0.37259615384615385 0.3870192307692308 0.004807692307692308 0.004807692307692308
16 0.3798076923076923 0.43509615384615385 0.02403846153846154 0.009615384615384616
3 0.3942307692307692 0.5360576923076923 0.004807692307692308 0.004807692307692308
23 0.3557692307692308 0.32211538461538464 0.004807692307692308 0.004807692307692308
6 0.3545673076923077 0.3088942307692308 0.016826923076923076 0.021634615384615384
23 0.36538461538461536 0.3870192307692308 0.004807692307692308 0.004807692307692308
9 0.3629807692307692 0.3737980769230769 0.014423076923076924 0.01201923076923077
16 0.3605769230769231 0.35697115384615385 0.014423076923076924 0.007211538461538462
6 0.35697115384615385 0.3401442307692308 0.016826923076923076 0.021634615384615384
3 0.3894230769230769 0.5276442307692307 0.009615384615384616 0.007211538461538462
23 0.3894230769230769 0.53125 0.009615384615384616 0.004807692307692308
9 0.3605769230769231 0.36538461538461536 0.014423076923076924 0.009615384615384616
23 0.3485576923076923 0.3245192307692308 0.004807692307692308 0.004807692307692308
3 0.3389423076923077 0.28846153846153844 0.004807692307692308 0.004807692307692308
3 0.38221153846153844 0.5384615384615384 0.004807692307692308 0.004807692307692308
23 0.36538461538461536 0.4375 0.004807692307692308 0.004807692307692308
23 0.3557692307692308 0.38221153846153844 0.009615384615384616 0.004807692307692308
3 0.34615384615384615 0.3245192307692308 0.004807692307692308 0.004807692307692308
23 0.3557692307692308 0.3894230769230769 0.004807692307692308 0.004807692307692308
9 0.39783653846153844 0.6322115384615384 0.026442307692307692 0.019230769230769232
23 0.34375 0.3293269230769231 0.009615384615384616 0.004807692307692308
23 0.34375 0.34375 0.009615384615384616 0.004807692307692308
23 0.34615384615384615 0.35096153846153844 0.009615384615384616 0.004807692307692308
9 0.39783653846153844 0.6466346153846154 0.026442307692307692 0.019230769230769232
23 0.34615384615384615 0.3557692307692308 0.009615384615384616 0.004807692307692308
3 0.33413461538461536 0.28846153846153844 0.004807692307692308 0.004807692307692308
3 0.3449519230769231 0.34615384615384615 0.007211538461538462 0.004807692307692308
23 0.3605769230769231 0.4375 0.004807692307692308 0.004807692307692308
23 0.35096153846153844 0.3786057692307692 0.009615384615384616 0.007211538461538462
3 0.3485576923076923 0.3894230769230769 0.004807692307692308 0.004807692307692308
3 0.3293269230769231 0.28846153846153844 0.004807692307692308 0.004807692307692308
3 0.34375 0.3894230769230769 0.004807692307692308 0.004807692307692308
3 0.3269230769230769 0.28846153846153844 0.004807692307692308 0.004807692307692308
3 0.33052884615384615 0.3125 0.007211538461538462 0.004807692307692308
23 0.3329326923076923 0.3269230769230769 0.007211538461538462 0.004807692307692308
3 0.3317307692307692 0.32211538461538464 0.009615384615384616 0.004807692307692308
3 0.33052884615384615 0.3293269230769231 0.007211538461538462 0.004807692307692308
16 0.33774038461538464 0.3641826923076923 0.01201923076923077 0.01201923076923077
23 0.3317307692307692 0.33774038461538464 0.009615384615384616 0.007211538461538462
23 0.35096153846153844 0.43990384615384615 0.004807692307692308 0.004807692307692308
3 0.3317307692307692 0.33533653846153844 0.009615384615384616 0.007211538461538462
3 0.33413461538461536 0.34975961538461536 0.009615384615384616 0.007211538461538462
3 0.33413461538461536 0.34134615384615385 0.009615384615384616 0.004807692307692308
23 0.33533653846153844 0.34615384615384615 0.007211538461538462 0.004807692307692308
23 0.33653846153846156 0.3557692307692308 0.009615384615384616 0.004807692307692308
3 0.3389423076923077 0.3918269230769231 0.004807692307692308 0.004807692307692308
23 0.38100961538461536 0.6298076923076923 0.007211538461538462 0.004807692307692308
3 0.37740384615384615 0.6141826923076923 0.009615384615384616 0.007211538461538462
3 0.3798076923076923 0.625 0.009615384615384616 0.004807692307692308
3 0.3798076923076923 0.6213942307692307 0.009615384615384616 0.007211538461538462
23 0.38100961538461536 0.6346153846153846 0.007211538461538462 0.004807692307692308
3 0.37740384615384615 0.6153846153846154 0.009615384615384616 0.004807692307692308
3 0.375 0.6009615384615384 0.004807692307692308 0.004807692307692308
3 0.37740384615384615 0.6189903846153846 0.009615384615384616 0.007211538461538462
9 0.33413461538461536 0.37259615384615385 0.014423076923076924 0.009615384615384616
3 0.3798076923076923 0.6334134615384616 0.009615384615384616 0.007211538461538462
9 0.33533653846153844 0.38100961538461536 0.016826923076923076 0.01201923076923077
9 0.38100961538461536 0.6478365384615384 0.01201923076923077 0.01201923076923077
15 0.3798076923076923 0.640625 0.009615384615384616 0.007211538461538462
9 0.38221153846153844 0.6598557692307693 0.02403846153846154 0.016826923076923076
3 0.33413461538461536 0.3918269230769231 0.004807692307692308 0.004807692307692308
14 0.3389423076923077 0.41466346153846156 0.07692307692307693 0.05048076923076923
3 0.328125 0.36778846153846156 0.007211538461538462 0.004807692307692308
23 0.3701923076923077 0.6009615384615384 0.004807692307692308 0.004807692307692308
6 0.31971153846153844 0.33774038461538464 0.02403846153846154 0.06009615384615385
3 0.3293269230769231 0.3918269230769231 0.004807692307692308 0.004807692307692308
23 0.36538461538461536 0.6033653846153846 0.004807692307692308 0.004807692307692308
3 0.36538461538461536 0.6105769230769231 0.009615384615384616 0.004807692307692308
3 0.33653846153846156 0.4423076923076923 0.004807692307692308 0.004807692307692308
23 0.36778846153846156 0.6225961538461539 0.009615384615384616 0.004807692307692308
23 0.36778846153846156 0.6189903846153846 0.009615384615384616 0.007211538461538462
23 0.36778846153846156 0.6153846153846154 0.009615384615384616 0.004807692307692308
3 0.36538461538461536 0.6081730769230769 0.009615384615384616 0.004807692307692308
23 0.36899038461538464 0.6274038461538461 0.007211538461538462 0.004807692307692308
23 0.36658653846153844 0.625 0.007211538461538462 0.004807692307692308
3 0.36778846153846156 0.6322115384615384 0.009615384615384616 0.004807692307692308
23 0.3701923076923077 0.6346153846153846 0.009615384615384616 0.004807692307692308
15 0.32091346153846156 0.37259615384615385 0.007211538461538462 0.009615384615384616
23 0.36899038461538464 0.6394230769230769 0.007211538461538462 0.004807692307692308
15 0.3245192307692308 0.38100961538461536 0.004807692307692308 0.007211538461538462
23 0.36778846153846156 0.6418269230769231 0.009615384615384616 0.004807692307692308
3 0.36778846153846156 0.6466346153846154 0.004807692307692308 0.004807692307692308
3 0.32211538461538464 0.3942307692307692 0.004807692307692308 0.004807692307692308
23 0.3293269230769231 0.4423076923076923 0.004807692307692308 0.004807692307692308
22 0.36778846153846156 0.65625 0.009615384615384616 0.009615384615384616
3 0.30649038461538464 0.3317307692307692 0.007211538461538462 0.004807692307692308
3 0.30408653846153844 0.31971153846153844 0.007211538461538462 0.004807692307692308
23 0.30649038461538464 0.3293269230769231 0.007211538461538462 0.004807692307692308
23 0.30528846153846156 0.3269230769230769 0.009615384615384616 0.004807692307692308
23 0.30528846153846156 0.32211538461538464 0.009615384615384616 0.004807692307692308
3 0.3173076923076923 0.3942307692307692 0.004807692307692308 0.004807692307692308
3 0.3076923076923077 0.34134615384615385 0.009615384615384616 0.004807692307692308
23 0.3076923076923077 0.3389423076923077 0.009615384615384616 0.004807692307692308
3 0.30649038461538464 0.33413461538461536 0.007211538461538462 0.004807692307692308
23 0.3076923076923077 0.3485576923076923 0.009615384615384616 0.004807692307692308
3 0.3076923076923077 0.34375 0.009615384615384616 0.004807692307692308
3 0.35336538461538464 0.6057692307692307 0.004807692307692308 0.004807692307692308
15 0.31009615384615385 0.3605769230769231 0.009615384615384616 0.004807692307692308
15 0.3088942307692308 0.35216346153846156 0.01201923076923077 0.007211538461538462
3 0.3581730769230769 0.6394230769230769 0.004807692307692308 0.004807692307692308
3 0.31009615384615385 0.3629807692307692 0.009615384615384616 0.004807692307692308
23 0.31009615384615385 0.36538461538461536 0.009615384615384616 0.004807692307692308
15 0.3088942307692308 0.35697115384615385 0.01201923076923077 0.007211538461538462
22 0.3004807692307692 0.30528846153846156 0.009615384615384616 0.009615384615384616
3 0.3245192307692308 0.4543269230769231 0.004807692307692308 0.004807692307692308
3 0.3125 0.39663461538461536 0.004807692307692308 0.004807692307692308
3 0.35336538461538464 0.6418269230769231 0.004807692307692308 0.004807692307692308
9 0.30649038461538464 0.3737980769230769 0.021634615384615384 0.01201923076923077
3 0.33653846153846156 0.5456730769230769 0.004807692307692308 0.004807692307692308
3 0.31971153846153844 0.44471153846153844 0.004807692307692308 0.004807692307692308
6 0.2932692307692308 0.2956730769230769 0.057692307692307696 0.019230769230769232
9 0.3088942307692308 0.38341346153846156 0.021634615384615384 0.016826923076923076
22 0.3557692307692308 0.6586538461538461 0.009615384615384616 0.009615384615384616
3 0.30288461538461536 0.3629807692307692 0.004807692307692308 0.004807692307692308
23 0.29927884615384615 0.3293269230769231 0.007211538461538462 0.004807692307692308
3 0.2980769230769231 0.3329326923076923 0.009615384615384616 0.007211538461538462
3 0.29927884615384615 0.33413461538461536 0.007211538461538462 0.004807692307692308
3 0.34375 0.6057692307692307 0.004807692307692308 0.004807692307692308
22 0.35336538461538464 0.6502403846153846 0.009615384615384616 0.007211538461538462
23 0.35096153846153844 0.6418269230769231 0.004807692307692308 0.004807692307692308
3 0.3076923076923077 0.39663461538461536 0.004807692307692308 0.004807692307692308
14 0.33653846153846156 0.5769230769230769 0.057692307692307696 0.028846153846153848
22 0.28846153846153844 0.30528846153846156 0.009615384615384616 0.009615384615384616
3 0.3125 0.44471153846153844 0.004807692307692308 0.004807692307692308
23 0.29086538461538464 0.33413461538461536 0.004807692307692308 0.004807692307692308
3 0.3125 0.4543269230769231 0.004807692307692308 0.004807692307692308
23 0.34615384615384615 0.6418269230769231 0.004807692307692308 0.004807692307692308
3 0.30288461538461536 0.39663461538461536 0.004807692307692308 0.004807692307692308
14 0.34134615384615385 0.625 0.03365384615384615 0.03365384615384615
15 0.33774038461538464 0.609375 0.01201923076923077 0.007211538461538462
23 0.31009615384615385 0.4567307692307692 0.004807692307692308 0.004807692307692308
3 0.3076923076923077 0.44711538461538464 0.004807692307692308 0.004807692307692308
3 0.34134615384615385 0.6442307692307693 0.004807692307692308 0.004807692307692308
3 0.34134615384615385 0.6514423076923077 0.004807692307692308 0.004807692307692308
9 0.28365384615384615 0.32211538461538464 0.02403846153846154 0.019230769230769232
23 0.2956730769230769 0.39903846153846156 0.004807692307692308 0.004807692307692308
9 0.28966346153846156 0.359375 0.026442307692307692 0.021634615384615384
9 0.2848557692307692 0.3425480769230769 0.016826923076923076 0.01201923076923077
23 0.33653846153846156 0.6442307692307693 0.004807692307692308 0.004807692307692308
9 0.34134615384615385 0.6646634615384616 0.02403846153846154 0.016826923076923076
23 0.31971153846153844 0.5528846153846154 0.004807692307692308 0.004807692307692308
3 0.3269230769230769 0.6081730769230769 0.004807692307692308 0.004807692307692308
3 0.27403846153846156 0.3076923076923077 0.004807692307692308 0.004807692307692308
3 0.33413461538461536 0.6514423076923077 0.004807692307692308 0.004807692307692308
15 0.3317307692307692 0.6454326923076923 0.004807692307692308 0.007211538461538462
23 0.27884615384615385 0.35096153846153844 0.004807692307692308 0.004807692307692308
23 0.31490384615384615 0.5552884615384616 0.004807692307692308 0.004807692307692308
29 0.2860576923076923 0.40024038461538464 0.014423076923076924 0.01201923076923077
29 0.2860576923076923 0.40865384615384615 0.014423076923076924 0.009615384615384616
9 0.296875 0.46033653846153844 0.016826923076923076 0.01201923076923077
23 0.29086538461538464 0.42788461538461536 0.009615384615384616 0.004807692307692308
23 0.28966346153846156 0.4254807692307692 0.007211538461538462 0.004807692307692308
3 0.28846153846153844 0.41947115384615385 0.009615384615384616 0.007211538461538462
29 0.28725961538461536 0.41466346153846156 0.01201923076923077 0.007211538461538462
23 0.3293269230769231 0.6538461538461539 0.004807692307692308 0.004807692307692308
23 0.28846153846153844 0.4326923076923077 0.009615384615384616 0.004807692307692308
3 0.28846153846153844 0.421875 0.009615384615384616 0.007211538461538462
23 0.29086538461538464 0.4375 0.009615384615384616 0.004807692307692308
23 0.29086538461538464 0.43509615384615385 0.009615384615384616 0.004807692307692308
3 0.2932692307692308 0.4495192307692308 0.009615384615384616 0.004807692307692308
23 0.29086538461538464 0.44471153846153844 0.009615384615384616 0.004807692307692308
3 0.2932692307692308 0.44711538461538464 0.009615384615384616 0.004807692307692308
23 0.27403846153846156 0.35336538461538464 0.004807692307692308 0.004807692307692308
15 0.29086538461538464 0.4411057692307692 0.009615384615384616 0.007211538461538462
23 0.31850961538461536 0.6105769230769231 0.007211538461538462 0.004807692307692308
23 0.31009615384615385 0.5552884615384616 0.004807692307692308 0.004807692307692308
23 0.31971153846153844 0.6129807692307693 0.009615384615384616 0.004807692307692308
23 0.3245192307692308 0.6538461538461539 0.004807692307692308 0.004807692307692308
3 0.27163461538461536 0.35336538461538464 0.004807692307692308 0.004807692307692308
9 0.2704326923076923 0.36177884615384615 0.01201923076923077 0.01201923076923077
3 0.3076923076923077 0.5769230769230769 0.004807692307692308 0.004807692307692308
23 0.30528846153846156 0.5685096153846154 0.004807692307692308 0.007211538461538462
23 0.31009615384615385 0.5841346153846154 0.004807692307692308 0.004807692307692308
9 0.3112980769230769 0.6009615384615384 0.03125 0.014423076923076924
23 0.27403846153846156 0.40625 0.009615384615384616 0.004807692307692308
3 0.27403846153846156 0.39903846153846156 0.009615384615384616 0.004807692307692308
23 0.2668269230769231 0.35336538461538464 0.004807692307692308 0.004807692307692308
22 0.27884615384615385 0.43509615384615385 0.009615384615384616 0.009615384615384616
23 0.2764423076923077 0.4182692307692308 0.009615384615384616 0.004807692307692308
3 0.27524038461538464 0.40865384615384615 0.007211538461538462 0.004807692307692308
6 0.25721153846153844 0.3112980769230769 0.014423076923076924 0.026442307692307692
3 0.2764423076923077 0.41346153846153844 0.009615384615384616 0.004807692307692308
23 0.27403846153846156 0.4110576923076923 0.009615384615384616 0.004807692307692308
3 0.27403846153846156 0.40384615384615385 0.009615384615384616 0.004807692307692308
3 0.3112980769230769 0.6201923076923077 0.007211538461538462 0.004807692307692308
23 0.31009615384615385 0.6141826923076923 0.009615384615384616 0.007211538461538462
3 0.31009615384615385 0.6177884615384616 0.009615384615384616 0.004807692307692308
23 0.3125 0.625 0.009615384615384616 0.004807692307692308
23 0.3112980769230769 0.6105769230769231 0.007211538461538462 0.004807692307692308
3 0.2764423076923077 0.421875 0.009615384615384616 0.007211538461538462
3 0.3137019230769231 0.6298076923076923 0.007211538461538462 0.004807692307692308
23 0.3076923076923077 0.5913461538461539 0.004807692307692308 0.004807692307692308
23 0.3125 0.6358173076923077 0.009615384615384616 0.007211538461538462
3 0.3137019230769231 0.6322115384615384 0.007211538461538462 0.004807692307692308
3 0.3112980769230769 0.6274038461538461 0.007211538461538462 0.004807692307692308
23 0.31490384615384615 0.6394230769230769 0.009615384615384616 0.004807692307692308
15 0.2764423076923077 0.42427884615384615 0.014423076923076924 0.007211538461538462
23 0.31490384615384615 0.6418269230769231 0.009615384615384616 0.004807692307692308
23 0.31490384615384615 0.6466346153846154 0.009615384615384616 0.004807692307692308
23 0.31490384615384615 0.6514423076923077 0.009615384615384616 0.004807692307692308
9 0.28125 0.46033653846153844 0.014423076923076924 0.01201923076923077
3 0.3173076923076923 0.6586538461538461 0.009615384615384616 0.004807692307692308
23 0.31490384615384615 0.65625 0.009615384615384616 0.004807692307692308
23 0.31490384615384615 0.6490384615384616 0.009615384615384616 0.004807692307692308
3 0.27884615384615385 0.44711538461538464 0.009615384615384616 0.004807692307692308
3 0.27884615384615385 0.4495192307692308 0.009615384615384616 0.004807692307692308
9 0.31850961538461536 0.6670673076923077 0.021634615384615384 0.01201923076923077
15 0.27884615384615385 0.44350961538461536 0.009615384615384616 0.007211538461538462
3 0.27884615384615385 0.4519230769230769 0.009615384615384616 0.004807692307692308
3 0.2800480769230769 0.46875 0.007211538461538462 0.004807692307692308
7 0.25841346153846156 0.3581730769230769 0.007211538461538462 0.009615384615384616
15 0.2548076923076923 0.32572115384615385 0.009615384615384616 0.007211538461538462
15 0.26322115384615385 0.4026442307692308 0.01201923076923077 0.007211538461538462
15 0.2644230769230769 0.4074519230769231 0.009615384615384616 0.007211538461538462
3 0.29927884615384615 0.6129807692307693 0.007211538461538462 0.004807692307692308
15 0.2644230769230769 0.4170673076923077 0.009615384615384616 0.007211538461538462
3 0.2620192307692308 0.39663461538461536 0.009615384615384616 0.004807692307692308
3 0.3004807692307692 0.6177884615384616 0.009615384615384616 0.004807692307692308
3 0.2620192307692308 0.40625 0.009615384615384616 0.004807692307692308
3 0.3004807692307692 0.6237980769230769 0.009615384615384616 0.007211538461538462
3 0.3016826923076923 0.6274038461538461 0.007211538461538462 0.004807692307692308
3 0.29927884615384615 0.625 0.007211538461538462 0.004807692307692308
3 0.2980769230769231 0.6165865384615384 0.009615384615384616 0.007211538461538462
23 0.3016826923076923 0.6346153846153846 0.007211538461538462 0.004807692307692308
3 0.26322115384615385 0.4206730769230769 0.007211538461538462 0.004807692307692308
3 0.2620192307692308 0.41346153846153844 0.009615384615384616 0.004807692307692308
23 0.2644230769230769 0.421875 0.009615384615384616 0.007211538461538462
3 0.30288461538461536 0.6370192307692307 0.009615384615384616 0.004807692307692308
3 0.2668269230769231 0.42908653846153844 0.009615384615384616 0.007211538461538462
3 0.3004807692307692 0.6310096153846154 0.009615384615384616 0.007211538461538462
3 0.2668269230769231 0.43509615384615385 0.009615384615384616 0.004807692307692308
3 0.2644230769230769 0.4326923076923077 0.009615384615384616 0.004807692307692308
3 0.2644230769230769 0.4266826923076923 0.009615384615384616 0.007211538461538462
3 0.2668269230769231 0.43990384615384615 0.009615384615384616 0.004807692307692308
15 0.2668269230769231 0.44350961538461536 0.009615384615384616 0.007211538461538462
9 0.26802884615384615 0.4651442307692308 0.016826923076923076 0.01201923076923077
9 0.25 0.3641826923076923 0.014423076923076924 0.01201923076923077
3 0.265625 0.4495192307692308 0.007211538461538462 0.004807692307692308
3 0.2668269230769231 0.4519230769230769 0.009615384615384616 0.004807692307692308
3 0.26802884615384615 0.4567307692307692 0.007211538461538462 0.004807692307692308
9 0.27524038461538464 0.5084134615384616 0.016826923076923076 0.01201923076923077
3 0.24278846153846154 0.3269230769230769 0.009615384615384616 0.004807692307692308
3 0.24278846153846154 0.3581730769230769 0.004807692307692308 0.004807692307692308
23 0.27884615384615385 0.5697115384615384 0.004807692307692308 0.004807692307692308
6 0.2512019230769231 0.42427884615384615 0.021634615384615384 0.040865384615384616
3 0.2548076923076923 0.4519230769230769 0.004807692307692308 0.004807692307692308
3 0.25240384615384615 0.44711538461538464 0.004807692307692308 0.004807692307692308
3 0.2548076923076923 0.45913461538461536 0.004807692307692308 0.004807692307692308
23 0.28365384615384615 0.625 0.009615384615384616 0.004807692307692308
23 0.28365384615384615 0.6213942307692307 0.009615384615384616 0.007211538461538462
15 0.23076923076923078 0.33052884615384615 0.009615384615384616 0.007211538461538462
23 0.2848557692307692 0.6346153846153846 0.007211538461538462 0.004807692307692308
23 0.2824519230769231 0.6298076923076923 0.007211538461538462 0.004807692307692308
23 0.28365384615384615 0.6274038461538461 0.009615384615384616 0.004807692307692308
9 0.23557692307692307 0.3641826923076923 0.014423076923076924 0.01201923076923077
23 0.2848557692307692 0.6370192307692307 0.007211538461538462 0.004807692307692308
3 0.25961538461538464 0.5 0.009615384615384616 0.004807692307692308
3 0.2548076923076923 0.4807692307692308 0.009615384615384616 0.004807692307692308
23 0.25961538461538464 0.5036057692307693 0.009615384615384616 0.007211538461538462
23 0.25841346153846156 0.49038461538461536 0.007211538461538462 0.004807692307692308
22 0.2620192307692308 0.5216346153846154 0.009615384615384616 0.009615384615384616
22 0.25961538461538464 0.5096153846153846 0.009615384615384616 0.009615384615384616
23 0.2608173076923077 0.5168269230769231 0.007211538461538462 0.004807692307692308
22 0.2620192307692308 0.5288461538461539 0.009615384615384616 0.009615384615384616
23 0.2644230769230769 0.5432692307692307 0.009615384615384616 0.004807692307692308
23 0.2644230769230769 0.5456730769230769 0.009615384615384616 0.004807692307692308
22 0.2620192307692308 0.5384615384615384 0.009615384615384616 0.009615384615384616
22 0.2644230769230769 0.5504807692307693 0.009615384615384616 0.009615384615384616
22 0.2668269230769231 0.5600961538461539 0.009615384615384616 0.009615384615384616
22 0.2668269230769231 0.5673076923076923 0.009615384615384616 0.009615384615384616
6 0.22115384615384615 0.3076923076923077 0.0625 0.038461538461538464
23 0.2668269230769231 0.5721153846153846 0.009615384615384616 0.004807692307692308
22 0.2692307692307692 0.578125 0.009615384615384616 0.007211538461538462
23 0.2692307692307692 0.5889423076923077 0.009615384615384616 0.004807692307692308
22 0.27163461538461536 0.59375 0.009615384615384616 0.009615384615384616
3 0.2776442307692308 0.6418269230769231 0.007211538461538462 0.004807692307692308
23 0.2692307692307692 0.6009615384615384 0.004807692307692308 0.004807692307692308
6 0.22956730769230768 0.3870192307692308 0.13221153846153846 0.04326923076923077
22 0.21875 0.33052884615384615 0.009615384615384616 0.007211538461538462
6 0.21514423076923078 0.34615384615384615 0.11778846153846154 0.038461538461538464
22 0.21153846153846154 0.33413461538461536 0.009615384615384616 0.004807692307692308
9 0.21514423076923078 0.36658653846153844 0.026442307692307692 0.021634615384615384
6 0.24759615384615385 0.5528846153846154 0.0673076923076923 0.2403846153846154
23 0.22235576923076922 0.45913461538461536 0.002403846153846154 0.004807692307692308
23 0.22115384615384615 0.4519230769230769 0.004807692307692308 0.004807692307692308
3 0.22355769230769232 0.4723557692307692 0.004807692307692308 0.007211538461538462
3 0.22716346153846154 0.4951923076923077 0.002403846153846154 0.004807692307692308
22 0.1971153846153846 0.3293269230769231 0.009615384615384616 0.009615384615384616
3 0.2283653846153846 0.5048076923076923 0.004807692307692308 0.004807692307692308
23 0.2283653846153846 0.5120192307692307 0.004807692307692308 0.004807692307692308
3 0.23076923076923078 0.5264423076923077 0.004807692307692308 0.004807692307692308
23 0.23317307692307693 0.5432692307692307 0.004807692307692308 0.004807692307692308
3 0.23557692307692307 0.5745192307692307 0.004807692307692308 0.004807692307692308
3 0.24759615384615385 0.6490384615384616 0.004807692307692308 0.004807692307692308
23 0.18509615384615385 0.3269230769230769 0.009615384615384616 0.004807692307692308
23 0.1875 0.3317307692307692 0.009615384615384616 0.004807692307692308
6 0.22355769230769232 0.5480769230769231 0.07211538461538461 0.2548076923076923
9 0.19230769230769232 0.3713942307692308 0.02403846153846154 0.021634615384615384
15 0.17427884615384615 0.33533653846153844 0.01201923076923077 0.007211538461538462
15 0.17307692307692307 0.33052884615384615 0.009615384615384616 0.007211538461538462
23 0.19471153846153846 0.453125 0.004807692307692308 0.007211538461538462
3 0.1971153846153846 0.4639423076923077 0.004807692307692308 0.004807692307692308
3 0.19951923076923078 0.5 0.004807692307692308 0.004807692307692308
3 0.20432692307692307 0.53125 0.004807692307692308 0.004807692307692308
23 0.20673076923076922 0.5480769230769231 0.004807692307692308 0.004807692307692308
3 0.21153846153846154 0.5793269230769231 0.004807692307692308 0.004807692307692308
3 0.21394230769230768 0.6177884615384616 0.004807692307692308 0.004807692307692308
3 0.22115384615384615 0.6538461538461539 0.004807692307692308 0.004807692307692308
3 0.16105769230769232 0.3317307692307692 0.009615384615384616 0.004807692307692308
3 0.16346153846153846 0.33653846153846156 0.009615384615384616 0.004807692307692308
9 0.16947115384615385 0.3762019230769231 0.026442307692307692 0.021634615384615384
6 0.19471153846153846 0.5552884615384616 0.07211538461538461 0.2644230769230769
6 0.7319711538461539 0.3762019230769231 0.07451923076923077 0.25721153846153844
22 0.7091346153846154 0.24879807692307693 0.009615384615384616 0.007211538461538462
6 0.7536057692307693 0.5456730769230769 0.016826923076923076 0.04807692307692308
29 0.7427884615384616 0.5012019230769231 0.009615384615384616 0.007211538461538462
6 0.7584134615384616 0.5877403846153846 0.016826923076923076 0.021634615384615384
23 0.7451923076923077 0.5192307692307693 0.004807692307692308 0.004807692307692308
23 0.7451923076923077 0.5192307692307693 0.004807692307692308 0.004807692307692308
23 0.7548076923076923 0.5721153846153846 0.009615384615384616 0.004807692307692308
23 0.7548076923076923 0.5769230769230769 0.009615384615384616 0.004807692307692308
23 0.7355769230769231 0.5048076923076923 0.004807692307692308 0.004807692307692308
23 0.6995192307692307 0.2956730769230769 0.009615384615384616 0.004807692307692308
23 0.6995192307692307 0.30288461538461536 0.009615384615384616 0.004807692307692308
23 0.7355769230769231 0.5216346153846154 0.009615384615384616 0.004807692307692308
23 0.7367788461538461 0.5264423076923077 0.007211538461538462 0.004807692307692308
23 0.7355769230769231 0.5216346153846154 0.009615384615384616 0.004807692307692308
23 0.7367788461538461 0.5264423076923077 0.007211538461538462 0.004807692307692308
23 0.7379807692307693 0.5372596153846154 0.009615384615384616 0.007211538461538462
23 0.7379807692307693 0.5348557692307693 0.009615384615384616 0.007211538461538462
29 0.7379807692307693 0.5300480769230769 0.009615384615384616 0.007211538461538462
23 0.7403846153846154 0.5540865384615384 0.009615384615384616 0.007211538461538462
23 0.7403846153846154 0.5480769230769231 0.009615384615384616 0.004807692307692308
23 0.6995192307692307 0.32211538461538464 0.009615384615384616 0.004807692307692308
22 0.7379807692307693 0.5432692307692307 0.009615384615384616 0.009615384615384616
23 0.7403846153846154 0.5504807692307693 0.009615384615384616 0.004807692307692308
22 0.7115384615384616 0.3942307692307692 0.009615384615384616 0.009615384615384616
22 0.6995192307692307 0.3173076923076923 0.009615384615384616 0.009615384615384616
3 0.6875 0.25240384615384615 0.009615384615384616 0.004807692307692308
29 0.7403846153846154 0.5588942307692307 0.009615384615384616 0.007211538461538462
3 0.6875 0.26322115384615385 0.009615384615384616 0.007211538461538462
23 0.6875 0.25600961538461536 0.009615384615384616 0.007211538461538462
29 0.7427884615384616 0.5673076923076923 0.009615384615384616 0.009615384615384616
3 0.6875 0.25841346153846156 0.009615384615384616 0.007211538461538462
23 0.6899038461538461 0.2764423076923077 0.009615384615384616 0.004807692307692308
22 0.6899038461538461 0.27283653846153844 0.009615384615384616 0.007211538461538462
23 0.6899038461538461 0.2668269230769231 0.009615384615384616 0.004807692307692308
23 0.6923076923076923 0.28125 0.009615384615384616 0.004807692307692308
23 0.7307692307692307 0.5048076923076923 0.004807692307692308 0.004807692307692308
22 0.7067307692307693 0.375 0.009615384615384616 0.009615384615384616
23 0.7451923076923077 0.5985576923076923 0.009615384615384616 0.004807692307692308
7 0.6995192307692307 0.3401442307692308 0.014423076923076924 0.007211538461538462
3 0.6899038461538461 0.28365384615384615 0.009615384615384616 0.004807692307692308
7 0.7007211538461539 0.33533653846153844 0.01201923076923077 0.007211538461538462
3 0.7115384615384616 0.40384615384615385 0.009615384615384616 0.004807692307692308
7 0.7019230769230769 0.3545673076923077 0.014423076923076924 0.007211538461538462
7 0.6995192307692307 0.3449519230769231 0.014423076923076924 0.007211538461538462
7 0.7019230769230769 0.34975961538461536 0.014423076923076924 0.007211538461538462
22 0.7115384615384616 0.40865384615384615 0.009615384615384616 0.009615384615384616
22 0.7139423076923077 0.42788461538461536 0.009615384615384616 0.009615384615384616
22 0.7163461538461539 0.4423076923076923 0.009615384615384616 0.009615384615384616
22 0.7163461538461539 0.4543269230769231 0.009615384615384616 0.009615384615384616
23 0.7379807692307693 0.5757211538461539 0.009615384615384616 0.007211538461538462
23 0.7391826923076923 0.5745192307692307 0.007211538461538462 0.004807692307692308
22 0.71875 0.46634615384615385 0.009615384615384616 0.009615384615384616
29 0.7415865384615384 0.5925480769230769 0.01201923076923077 0.007211538461538462
23 0.7391826923076923 0.5841346153846154 0.007211538461538462 0.004807692307692308
23 0.7379807692307693 0.5841346153846154 0.009615384615384616 0.004807692307692308
23 0.7379807692307693 0.5793269230769231 0.009615384615384616 0.004807692307692308
23 0.7403846153846154 0.5889423076923077 0.009615384615384616 0.004807692307692308
22 0.7211538461538461 0.4879807692307692 0.009615384615384616 0.009615384615384616
23 0.7331730769230769 0.5600961538461539 0.004807692307692308 0.004807692307692308
23 0.7307692307692307 0.5528846153846154 0.004807692307692308 0.004807692307692308
29 0.7283653846153846 0.5372596153846154 0.009615384615384616 0.007211538461538462
29 0.7331730769230769 0.5661057692307693 0.009615384615384616 0.007211538461538462
16 0.6766826923076923 0.2608173076923077 0.01201923076923077 0.016826923076923076
3 0.7331730769230769 0.5865384615384616 0.004807692307692308 0.004807692307692308
3 0.6778846153846154 0.27884615384615385 0.004807692307692308 0.004807692307692308
22 0.7019230769230769 0.44471153846153844 0.009615384615384616 0.009615384615384616
22 0.6971153846153846 0.4230769230769231 0.009615384615384616 0.009615384615384616
3 0.6682692307692307 0.25721153846153844 0.004807692307692308 0.004807692307692308
23 0.6971153846153846 0.4362980769230769 0.004807692307692308 0.002403846153846154
22 0.7043269230769231 0.4735576923076923 0.009615384615384616 0.009615384615384616
3 0.7067307692307693 0.49399038461538464 0.009615384615384616 0.007211538461538462
6 0.7175480769230769 0.5685096153846154 0.036057692307692304 0.09375
7 0.65625 0.25841346153846156 0.014423076923076924 0.007211538461538462
7 0.65625 0.25600961538461536 0.014423076923076924 0.007211538461538462