2 0.3487215909090909 0.3065548780487805 0.005478896103896104 0.003353658536585366
13 0.6689326298701299 0.3073170731707317 0.006696428571428571 0.00426829268292683
22 0.7920048701298701 0.3076219512195122 0.005275974025974026 0.003658536585365854
22 0.7982954545454546 0.3079268292682927 0.005275974025974026 0.003658536585365854
2 0.737012987012987 0.30823170731707317 0.00487012987012987 0.003048780487804878
22 0.34395292207792205 0.30838414634146344 0.002840909090909091 0.008231707317073171
22 0.6386972402597403 0.3103658536585366 0.005478896103896104 0.003048780487804878
22 0.632711038961039 0.31082317073170734 0.005681818181818182 0.0039634146341463415
2 0.3487215909090909 0.31097560975609756 0.006290584415584416 0.003658536585365854
22 0.6262175324675324 0.31097560975609756 0.005681818181818182 0.004878048780487805
2 0.666599025974026 0.3129573170731707 0.005275974025974026 0.0039634146341463415
2 0.3404017857142857 0.31448170731707314 0.003043831168831169 0.011890243902439025
22 0.6709618506493507 0.3152439024390244 0.0018262987012987013 0.007926829268292683
2 0.7982954545454546 0.3170731707317073 0.005681818181818182 0.00426829268292683
7 0.6348417207792207 0.3178353658536585 0.006696428571428571 0.010670731707317074
2 0.6552353896103896 0.3179878048780488 0.002840909090909091 0.010365853658536586
22 0.7921063311688312 0.3179878048780488 0.005478896103896104 0.003658536585365854
29 0.627536525974026 0.31875 0.006696428571428571 0.009451219512195122
2 0.6603084415584416 0.31905487804878047 0.005275974025974026 0.003353658536585366
7 0.6195211038961039 0.3195121951219512 0.006087662337662338 0.018292682926829267
22 0.6751217532467533 0.32179878048780486 0.005275974025974026 0.0039634146341463415
13 0.6689326298701299 0.32240853658536583 0.005073051948051948 0.0039634146341463415
2 0.7983969155844156 0.3231707317073171 0.00588474025974026 0.00426829268292683
22 0.7920048701298701 0.3233231707317073 0.005681818181818182 0.003353658536585366
2 0.7545657467532467 0.32423780487804876 0.00588474025974026 0.005182926829268293
14 0.770799512987013 0.3257621951219512 0.02536525974025974 0.03689024390243902
6 0.468851461038961 0.32621951219512196 0.2757711038961039 0.03170731707317073
22 0.6752232142857143 0.3263719512195122 0.005478896103896104 0.0039634146341463415
22 0.6325081168831169 0.32652439024390245 0.005681818181818182 0.003048780487804878
2 0.6697443181818182 0.32728658536585364 0.005478896103896104 0.003353658536585366
22 0.7922077922077922 0.3283536585365854 0.005275974025974026 0.00426829268292683
2 0.7985998376623377 0.3283536585365854 0.005478896103896104 0.003658536585365854
22 0.624898538961039 0.32865853658536587 0.002232142857142857 0.00853658536585366
22 0.6280438311688312 0.32865853658536587 0.002435064935064935 0.00975609756097561
2 0.6650771103896104 0.32957317073170733 0.002232142857142857 0.009146341463414634
22 0.6325081168831169 0.3303353658536585 0.005275974025974026 0.0039634146341463415
14 0.7064732142857143 0.3307926829268293 0.0505275974025974 0.07560975609756097
2 0.638088474025974 0.33216463414634145 0.003043831168831169 0.010670731707317074
22 0.7919034090909091 0.3339939024390244 0.005478896103896104 0.0039634146341463415
22 0.7984983766233766 0.3339939024390244 0.005681818181818182 0.0039634146341463415
22 0.8213271103896104 0.3353658536585366 0.005478896103896104 0.003658536585365854
24 0.736810064935065 0.33628048780487807 0.006087662337662338 0.00975609756097561
22 0.6312905844155844 0.33734756097560975 0.003246753246753247 0.008231707317073171
22 0.6344358766233766 0.33765243902439024 0.003043831168831169 0.008841463414634146
22 0.7921063311688312 0.33932926829268295 0.00588474025974026 0.003658536585365854
2 0.7984983766233766 0.33948170731707317 0.006087662337662338 0.0039634146341463415
2 0.33837256493506496 0.3402439024390244 0.005478896103896104 0.00426829268292683
2 0.828023538961039 0.3413109756097561 0.002637987012987013 0.009451219512195122
29 0.8222402597402597 0.3432926829268293 0.007305194805194805 0.00975609756097561
2 0.7984983766233766 0.3448170731707317 0.006087662337662338 0.004878048780487805
2 0.338575487012987 0.34496951219512195 0.00588474025974026 0.003353658536585366
22 0.7920048701298701 0.34542682926829266 0.005681818181818182 0.003658536585365854
24 0.736810064935065 0.34710365853658537 0.006493506493506494 0.010060975609756098
2 0.338575487012987 0.349390243902439 0.006290584415584416 0.003658536585365854
22 0.7443181818181818 0.3495426829268293 0.004464285714285714 0.003353658536585366
22 0.7920048701298701 0.35015243902439025 0.005681818181818182 0.003353658536585366
2 0.7989042207792207 0.35045731707317074 0.006087662337662338 0.004573170731707317
22 0.7692775974025974 0.3519817073170732 0.002029220779220779 0.008231707317073171
2 0.7663352272727273 0.3521341463414634 0.002637987012987013 0.00853658536585366
22 0.7632913961038961 0.35228658536585367 0.002637987012987013 0.008841463414634146
22 0.7723214285714286 0.35228658536585367 0.002435064935064935 0.009451219512195122
22 0.7815543831168831 0.35228658536585367 0.002232142857142857 0.008841463414634146
2 0.7781047077922078 0.3524390243902439 0.003043831168831169 0.00853658536585366
22 0.8278206168831169 0.35259146341463415 0.002637987012987013 0.008841463414634146
22 0.7750608766233766 0.35274390243902437 0.002637987012987013 0.00975609756097561
7 0.6265219155844156 0.35289634146341464 0.022118506493506492 0.01798780487804878
29 0.8224431818181818 0.35320121951219513 0.007305194805194805 0.009451219512195122
2 0.32954545454545453 0.35365853658536583 0.006493506493506494 0.004878048780487805
2 0.3387784090909091 0.35365853658536583 0.006290584415584416 0.003048780487804878
6 0.473924512987013 0.3548780487804878 0.2644074675324675 0.03048780487804878
22 0.7444196428571429 0.3548780487804878 0.005478896103896104 0.00426829268292683
29 0.6051136363636364 0.35533536585365855 0.021103896103896104 0.04725609756097561
22 0.7989042207792207 0.35533536585365855 0.006087662337662338 0.0039634146341463415
22 0.7922077922077922 0.35579268292682925 0.005681818181818182 0.003658536585365854
24 0.7372159090909091 0.35746951219512196 0.005681818181818182 0.010670731707317074
2 0.33867694805194803 0.35792682926829267 0.005681818181818182 0.003658536585365854
22 0.8286323051948052 0.3611280487804878 0.00588474025974026 0.0039634146341463415
22 0.7816558441558441 0.3614329268292683 0.002435064935064935 0.008841463414634146
22 0.7753652597402597 0.3615853658536585 0.002840909090909091 0.009146341463414634
22 0.7781047077922078 0.3615853658536585 0.002637987012987013 0.009146341463414634
22 0.7691761363636364 0.3617378048780488 0.002637987012987013 0.007621951219512195
22 0.7724228896103896 0.3617378048780488 0.002232142857142857 0.008231707317073171
22 0.7635957792207793 0.361890243902439 0.002029220779220779 0.00853658536585366
22 0.7664366883116883 0.361890243902439 0.002435064935064935 0.00853658536585366
22 0.3387784090909091 0.36265243902439026 0.005478896103896104 0.003353658536585366
29 0.8215300324675324 0.36326219512195124 0.007102272727272727 0.009451219512195122
2 0.736911525974026 0.36509146341463417 0.006696428571428571 0.004573170731707317
22 0.8286323051948052 0.36554878048780487 0.00588474025974026 0.003658536585365854
22 0.3387784090909091 0.3670731707317073 0.005478896103896104 0.003658536585365854
22 0.7698863636363636 0.36844512195121953 0.006087662337662338 0.003353658536585366
14 0.32853084415584416 0.37027439024390246 0.010146103896103896 0.02530487804878049
22 0.8219358766233766 0.37073170731707317 0.004667207792207792 0.003658536585365854
2 0.33887987012987014 0.3719512195121951 0.006493506493506494 0.00426829268292683
22 0.7350852272727273 0.37271341463414637 0.002637987012987013 0.009451219512195122
29 0.8292410714285714 0.37271341463414637 0.007508116883116883 0.009451219512195122
22 0.682426948051948 0.374390243902439 0.005681818181818182 0.00426829268292683
2 0.7130681818181818 0.3745426829268293 0.006087662337662338 0.003353658536585366
2 0.7182426948051948 0.37621951219512195 0.0018262987012987013 0.00853658536585366
2 0.687702922077922 0.3771341463414634 0.002435064935064935 0.00853658536585366
13 0.7087053571428571 0.3771341463414634 0.002637987012987013 0.00975609756097561
7 0.8113839285714286 0.3780487804878049 0.01278409090909091 0.00975609756097561
2 0.5945616883116883 0.37911585365853656 0.002840909090909091 0.010670731707317074
2 0.7378246753246753 0.37972560975609754 0.006899350649350649 0.0039634146341463415
22 0.828327922077922 0.3801829268292683 0.005275974025974026 0.003048780487804878
24 0.5610795454545454 0.3833841463414634 0.006899350649350649 0.009451219512195122
24 0.5326704545454546 0.3836890243902439 0.006899350649350649 0.009451219512195122
24 0.5539772727272727 0.3836890243902439 0.007305194805194805 0.010670731707317074
24 0.546773538961039 0.38384146341463415 0.007102272727272727 0.00975609756097561
24 0.5397727272727273 0.38399390243902437 0.007305194805194805 0.009451219512195122
24 0.5539772727272727 0.38399390243902437 0.007305194805194805 0.009451219512195122
24 0.5172483766233766 0.38414634146341464 0.006899350649350649 0.009146341463414634
24 0.5243506493506493 0.38414634146341464 0.007305194805194805 0.00853658536585366
2 0.7132711038961039 0.38429878048780486 0.006493506493506494 0.0039634146341463415
24 0.49310064935064934 0.38445121951219513 0.006899350649350649 0.009146341463414634
24 0.48265016233766234 0.3847560975609756 0.007102272727272727 0.009146341463414634
22 0.5092329545454546 0.3847560975609756 0.002637987012987013 0.00853658536585366
22 0.5122767857142857 0.3847560975609756 0.002637987012987013 0.00853658536585366
24 0.5003043831168831 0.38490853658536583 0.007508116883116883 0.010060975609756098
2 0.4509943181818182 0.3852134146341463 0.002232142857142857 0.007621951219512195
24 0.4590097402597403 0.3852134146341463 0.006899350649350649 0.008841463414634146
22 0.4538352272727273 0.3853658536585366 0.002232142857142857 0.007926829268292683
24 0.4664163961038961 0.3853658536585366 0.007102272727272727 0.00975609756097561
2 0.4718952922077922 0.3853658536585366 0.002232142857142857 0.00853658536585366
22 0.432224025974026 0.3856707317073171 0.002435064935064935 0.00853658536585366
22 0.43506493506493504 0.3856707317073171 0.003246753246753247 0.009146341463414634
22 0.44125405844155846 0.3856707317073171 0.002232142857142857 0.009146341463414634
22 0.43861607142857145 0.3858231707317073 0.002232142857142857 0.008841463414634146
24 0.4461241883116883 0.3858231707317073 0.006696428571428571 0.008231707317073171
22 0.42664366883116883 0.38597560975609757 0.002232142857142857 0.00975609756097561
22 0.4296875 0.38597560975609757 0.002232142857142857 0.00975609756097561
2 0.7184456168831169 0.38597560975609757 0.003043831168831169 0.009146341463414634
22 0.40980113636363635 0.3861280487804878 0.002637987012987013 0.008841463414634146
22 0.41548295454545453 0.3861280487804878 0.002637987012987013 0.008231707317073171
22 0.4213676948051948 0.3861280487804878 0.002637987012987013 0.008841463414634146
22 0.42431006493506496 0.3861280487804878 0.002435064935064935 0.008841463414634146
22 0.7561891233766234 0.3861280487804878 0.003043831168831169 0.008841463414634146
22 0.7416801948051948 0.38628048780487806 0.002435064935064935 0.00853658536585366
24 0.39234983766233766 0.3864329268292683 0.006696428571428571 0.010060975609756098
22 0.4069602272727273 0.3864329268292683 0.002637987012987013 0.008841463414634146
22 0.41264204545454547 0.3864329268292683 0.002637987012987013 0.008841463414634146
22 0.4185267857142857 0.3864329268292683 0.002232142857142857 0.008841463414634146
22 0.7444196428571429 0.3864329268292683 0.0034496753246753245 0.008231707317073171
22 0.7532467532467533 0.3864329268292683 0.003246753246753247 0.008231707317073171
22 0.4041193181818182 0.38658536585365855 0.002637987012987013 0.00853658536585366
22 0.747362012987013 0.38658536585365855 0.002435064935064935 0.007926829268292683
22 0.7504058441558441 0.38658536585365855 0.002840909090909091 0.00853658536585366
24 0.36830357142857145 0.38673780487804876 0.006899350649350649 0.009451219512195122
24 0.37540584415584416 0.38673780487804876 0.006899350649350649 0.008231707317073171
24 0.3990462662337662 0.38673780487804876 0.006696428571428571 0.009451219512195122
24 0.7338676948051948 0.38673780487804876 0.006696428571428571 0.009451219512195122
22 0.7384334415584416 0.38689024390243903 0.002435064935064935 0.00975609756097561
24 0.3823051948051948 0.3871951219512195 0.006899350649350649 0.010365853658536586
22 0.687702922077922 0.3871951219512195 0.002840909090909091 0.009146341463414634
9 0.3391842532467532 0.388109756097561 0.014813311688311688 0.021341463414634148
22 0.8015422077922078 0.38932926829268294 0.00487012987012987 0.003658536585365854
2 0.6708603896103896 0.3913109756097561 0.002435064935064935 0.010670731707317074
22 0.4980722402597403 0.3928353658536585 0.00588474025974026 0.004573170731707317
22 0.5059862012987013 0.3928353658536585 0.005478896103896104 0.004573170731707317
29 0.8212256493506493 0.393140243902439 0.022321428571428572 0.018597560975609755
22 0.5303368506493507 0.3934451219512195 0.003043831168831169 0.010060975609756098
22 0.5276988636363636 0.3935975609756098 0.003043831168831169 0.010365853658536586
22 0.8016436688311688 0.39375 0.005073051948051948 0.003353658536585366
2 0.7184456168831169 0.39390243902439026 0.0034496753246753245 0.00853658536585366
2 0.6739042207792207 0.39466463414634145 0.002840909090909091 0.009451219512195122
22 0.4226866883116883 0.3954268292682927 0.002840909090909091 0.00853658536585366
22 0.43506493506493504 0.3954268292682927 0.002029220779220779 0.009146341463414634
22 0.42694805194805197 0.3955792682926829 0.003246753246753247 0.007621951219512195
2 0.6878043831168831 0.3955792682926829 0.002637987012987013 0.008231707317073171
22 0.43141233766233766 0.3957317073170732 0.002435064935064935 0.009146341463414634
22 0.43851461038961037 0.3957317073170732 0.002029220779220779 0.00975609756097561
6 0.7857142857142857 0.3961890243902439 0.023944805194805196 0.016158536585365854
13 0.6708603896103896 0.4024390243902439 0.002435064935064935 0.010365853658536586
29 0.6596996753246753 0.40259146341463414 0.01948051948051948 0.04542682926829268
9 0.35562094155844154 0.4036585365853659 0.022930194805194804 0.02804878048780488
2 0.6738027597402597 0.4036585365853659 0.002637987012987013 0.007926829268292683
29 0.33086444805194803 0.4051829268292683 0.013189935064935064 0.03475609756097561
2 0.3390827922077922 0.40746951219512195 0.003246753246753247 0.010060975609756098
2 0.6868912337662337 0.411280487804878 0.002840909090909091 0.009146341463414634
2 0.6903409090909091 0.4114329268292683 0.002435064935064935 0.008841463414634146
2 0.6707589285714286 0.4121951219512195 0.0018262987012987013 0.010365853658536586
2 0.6734983766233766 0.41234756097560976 0.002435064935064935 0.008841463414634146
6 0.7861201298701299 0.4132621951219512 0.024756493506493508 0.016158536585365854
2 0.5871550324675324 0.41371951219512193 0.006290584415584416 0.004878048780487805
9 0.8351258116883117 0.4138719512195122 0.015625 0.02347560975609756
9 0.37327516233766234 0.4143292682926829 0.02130681818181818 0.03048780487804878
22 0.33867694805194803 0.41875 0.002435064935064935 0.008841463414634146
22 0.34202516233766234 0.4189024390243902 0.002232142857142857 0.00853658536585366
2 0.5943587662337663 0.41996951219512196 0.006493506493506494 0.004573170731707317
13 0.6906452922077922 0.4208841463414634 0.002637987012987013 0.008841463414634146
2 0.6869926948051948 0.42103658536585364 0.002637987012987013 0.009146341463414634
22 0.6967329545454546 0.42134146341463413 0.002232142857142857 0.007926829268292683
2 0.6741071428571429 0.4214939024390244 0.002840909090909091 0.009451219512195122
22 0.6996753246753247 0.4216463414634146 0.002435064935064935 0.009146341463414634
22 0.6939935064935064 0.4217987804878049 0.002435064935064935 0.009451219512195122
13 0.6707589285714286 0.4222560975609756 0.003043831168831169 0.009146341463414634
9 0.8059050324675324 0.42652439024390243 0.014407467532467532 0.03414634146341464
2 0.5930397727272727 0.4292682926829268 0.0034496753246753245 0.00975609756097561
13 0.5968952922077922 0.4295731707317073 0.003043831168831169 0.009146341463414634
2 0.593851461038961 0.4376524390243902 0.00588474025974026 0.003353658536585366
2 0.5798498376623377 0.4413109756097561 0.009943181818181818 0.0064024390243902435
22 0.6518871753246753 0.44390243902439025 0.002637987012987013 0.007317073170731708
29 0.6606128246753247 0.44420731707317074 0.012378246753246754 0.03353658536585366
29 0.33482142857142855 0.4472560975609756 0.020698051948051948 0.0475609756097561
22 0.5765016233766234 0.4501524390243902 0.003246753246753247 0.009451219512195122
13 0.593851461038961 0.4503048780487805 0.002232142857142857 0.00975609756097561
2 0.5975040584415584 0.4507621951219512 0.002637987012987013 0.010060975609756098
2 0.46905438311688313 0.4524390243902439 0.00588474025974026 0.00548780487804878
2 0.44287743506493504 0.4533536585365854 0.006290584415584416 0.00548780487804878
2 0.4565746753246753 0.4533536585365854 0.006493506493506494 0.00548780487804878
2 0.4757508116883117 0.4533536585365854 0.00588474025974026 0.00426829268292683
22 0.5842126623376623 0.4533536585365854 0.005681818181818182 0.003658536585365854
2 0.4628652597402597 0.4560975609756098 0.005681818181818182 0.0024390243902439024
13 0.4822443181818182 0.45670731707317075 0.005073051948051948 0.004878048780487805
9 0.804788961038961 0.45716463414634145 0.01461038961038961 0.025914634146341462
22 0.5842126623376623 0.45746951219512194 0.005681818181818182 0.003353658536585366
2 0.4888392857142857 0.4579268292682927 0.006087662337662338 0.00426829268292683
13 0.45606737012987014 0.4582317073170732 0.005073051948051948 0.00426829268292683
2 0.5956777597402597 0.4582317073170732 0.006696428571428571 0.004878048780487805
13 0.46966314935064934 0.4583841463414634 0.005478896103896104 0.0039634146341463415
2 0.4498782467532468 0.4585365853658537 0.006899350649350649 0.003658536585365854
13 0.4433847402597403 0.4589939024390244 0.005681818181818182 0.003353658536585366
22 0.5765016233766234 0.45960365853658536 0.002840909090909091 0.008231707317073171
2 0.48265016233766234 0.46265243902439024 0.00588474025974026 0.004573170731707317
22 0.6567573051948052 0.4641768292682927 0.005478896103896104 0.0039634146341463415
2 0.3347199675324675 0.4655487804878049 0.0034496753246753245 0.011585365853658536
29 0.6635551948051948 0.46676829268292686 0.006493506493506494 0.009146341463414634
22 0.4083806818181818 0.46875 0.003043831168831169 0.008231707317073171
22 0.4054383116883117 0.4690548780487805 0.002840909090909091 0.008231707317073171
22 0.43790584415584416 0.47027439024390244 0.002435064935064935 0.008841463414634146
24 0.4431818181818182 0.47027439024390244 0.006899350649350649 0.008841463414634146
24 0.4329342532467532 0.47073170731707314 0.006696428571428571 0.00853658536585366
24 0.41943993506493504 0.4708841463414634 0.006899350649350649 0.008841463414634146
22 0.42481737012987014 0.4711890243902439 0.002637987012987013 0.008841463414634146
22 0.4281655844155844 0.4711890243902439 0.002435064935064935 0.008231707317073171
9 0.369825487012987 0.4746951219512195 0.020495129870129872 0.02621951219512195
22 0.4597199675324675 0.47560975609756095 0.005478896103896104 0.00426829268292683
22 0.6568587662337663 0.47759146341463415 0.005681818181818182 0.003353658536585366
2 0.41101866883116883 0.47804878048780486 0.009537337662337662 0.006097560975609756
29 0.6636566558441559 0.47804878048780486 0.006696428571428571 0.009146341463414634
2 0.656452922077922 0.481859756097561 0.006087662337662338 0.003353658536585366
22 0.65625 0.48567073170731706 0.004464285714285714 0.0024390243902439024
22 0.663961038961039 0.48567073170731706 0.005681818181818182 0.003658536585365854
29 0.3380681818181818 0.48871951219512194 0.012581168831168832 0.03231707317073171
9 0.3528814935064935 0.48902439024390243 0.016639610389610388 0.03048780487804878
22 0.6565543831168831 0.49054878048780487 0.005478896103896104 0.003658536585365854
29 0.6634537337662337 0.4929878048780488 0.006696428571428571 0.009146341463414634
22 0.6567573051948052 0.49573170731707317 0.00588474025974026 0.00426829268292683
9 0.369724025974026 0.4992378048780488 0.020292207792207792 0.024085365853658537
22 0.3377637987012987 0.5001524390243902 0.002232142857142857 0.008841463414634146
22 0.663859577922078 0.500609756097561 0.005478896103896104 0.003658536585365854
2 0.5985186688311688 0.5018292682926829 0.00588474025974026 0.00426829268292683
22 0.7363027597402597 0.5025914634146341 0.005478896103896104 0.004573170731707317
24 0.804788961038961 0.5076219512195121 0.006493506493506494 0.010365853658536586
22 0.6030844155844156 0.5077743902439025 0.002029220779220779 0.008841463414634146
22 0.5979099025974026 0.5146341463414634 0.005478896103896104 0.003658536585365854
24 0.7726258116883117 0.5149390243902439 0.00588474025974026 0.010365853658536586
2 0.41000405844155846 0.5155487804878048 0.005478896103896104 0.01402439024390244
2 0.4047280844155844 0.5157012195121952 0.004667207792207792 0.013109756097560975
2 0.4153814935064935 0.5161585365853658 0.004464285714285714 0.014634146341463415
9 0.661424512987013 0.5179878048780487 0.01359577922077922 0.023170731707317073
22 0.5980113636363636 0.5192073170731707 0.005275974025974026 0.00426829268292683
14 0.557426948051948 0.5207317073170732 0.07426948051948051 0.11036585365853659
9 0.369825487012987 0.524390243902439 0.020495129870129872 0.028658536585365855
24 0.736810064935065 0.5283536585365853 0.006493506493506494 0.010365853658536586
29 0.33563311688311687 0.5298780487804878 0.019886363636363636 0.048170731707317074
2 0.4049310064935065 0.530030487804878 0.005073051948051948 0.014329268292682927
2 0.41030844155844154 0.5304878048780488 0.005275974025974026 0.013414634146341463
2 0.4152800324675325 0.5304878048780488 0.005073051948051948 0.013414634146341463
22 0.494724025974026 0.5355182926829268 0.006087662337662338 0.004573170731707317
22 0.5008116883116883 0.5355182926829268 0.006087662337662338 0.0039634146341463415
6 0.8243709415584416 0.5382621951219512 0.020900974025974024 0.22896341463414635
6 0.7884537337662337 0.5385670731707317 0.022524350649350648 0.22835365853658537
22 0.49441964285714285 0.5397865853658537 0.006290584415584416 0.0039634146341463415
22 0.5007102272727273 0.5405487804878049 0.00588474025974026 0.003658536585365854
6 0.716112012987013 0.5410060975609756 0.020698051948051948 0.22835365853658537
6 0.752637987012987 0.5416158536585366 0.019074675324675324 0.23140243902439026
9 0.6611201298701299 0.5422256097560976 0.015422077922077922 0.024085365853658537
2 0.46256087662337664 0.543140243902439 0.004667207792207792 0.014939024390243902
2 0.453226461038961 0.5432926829268293 0.004667207792207792 0.01402439024390244
6 0.6779626623376623 0.5432926829268293 0.0174512987012987 0.23109756097560977
2 0.4484577922077922 0.5435975609756097 0.004464285714285714 0.014634146341463415
2 0.4440949675324675 0.54375 0.0034496753246753245 0.014329268292682927
2 0.4575892857142857 0.5439024390243903 0.00487012987012987 0.014634146341463415
2 0.43973214285714285 0.5440548780487805 0.004058441558441558 0.013719512195121951
22 0.4942167207792208 0.5440548780487805 0.006696428571428571 0.0039634146341463415
22 0.5009131493506493 0.5446646341463415 0.005478896103896104 0.004573170731707317
2 0.41051136363636365 0.5463414634146342 0.004464285714285714 0.01402439024390244
2 0.4153814935064935 0.5466463414634146 0.00487012987012987 0.012804878048780487
2 0.3352272727272727 0.5472560975609756 0.0036525974025974025 0.011585365853658536
22 0.5008116883116883 0.5484756097560975 0.005681818181818182 0.004878048780487805
22 0.494724025974026 0.5489329268292683 0.005275974025974026 0.0039634146341463415
9 0.3703327922077922 0.5498475609756097 0.022321428571428572 0.025914634146341462
2 0.4489650974025974 0.5585365853658537 0.005073051948051948 0.013414634146341463
2 0.45332792207792205 0.5585365853658537 0.004464285714285714 0.013414634146341463
2 0.4577922077922078 0.5585365853658537 0.00487012987012987 0.014634146341463415
2 0.46235795454545453 0.5585365853658537 0.004667207792207792 0.013414634146341463
2 0.44429788961038963 0.5589939024390244 0.0034496753246753245 0.014939024390243902
2 0.440137987012987 0.5592987804878049 0.0036525974025974025 0.014329268292682927
2 0.4155844155844156 0.5615853658536586 0.004464285714285714 0.01402439024390244
2 0.4101055194805195 0.5620426829268292 0.004464285714285714 0.014939024390243902
22 0.7015016233766234 0.5672256097560976 0.005681818181818182 0.004573170731707317
22 0.737114448051948 0.56875 0.006290584415584416 0.003353658536585366
22 0.7734375 0.5692073170731707 0.00588474025974026 0.004878048780487805
22 0.810064935064935 0.5699695121951219 0.005275974025974026 0.0039634146341463415
29 0.3380681818181818 0.5704268292682927 0.011363636363636364 0.03353658536585366
2 0.41548295454545453 0.572560975609756 0.005478896103896104 0.00426829268292683
9 0.3708400974025974 0.5728658536585366 0.020089285714285716 0.025609756097560974
22 0.4094967532467532 0.573170731707317 0.005275974025974026 0.003658536585365854
9 0.6624391233766234 0.5748475609756097 0.01359577922077922 0.024695121951219513
9 0.3483157467532468 0.5772865853658536 0.024147727272727272 0.029573170731707316
2 0.4155844155844156 0.5775914634146342 0.005275974025974026 0.0039634146341463415
22 0.4093952922077922 0.5777439024390244 0.005478896103896104 0.003048780487804878
22 0.567775974025974 0.5789634146341464 0.005275974025974026 0.004878048780487805
2 0.5738636363636364 0.5806402439024391 0.006493506493506494 0.0039634146341463415
22 0.5601663961038961 0.58125 0.002637987012987013 0.008841463414634146
22 0.557325487012987 0.5815548780487805 0.002637987012987013 0.008231707317073171
2 0.5632102272727273 0.5817073170731707 0.002232142857142857 0.009146341463414634
2 0.5510349025974026 0.581859756097561 0.002637987012987013 0.009451219512195122
22 0.5540787337662337 0.581859756097561 0.003043831168831169 0.008841463414634146
22 0.567674512987013 0.5835365853658536 0.005073051948051948 0.003658536585365854
15 0.4112215909090909 0.5871951219512195 0.004667207792207792 0.01402439024390244
15 0.4158887987012987 0.5878048780487805 0.004261363636363636 0.014634146341463415
2 0.5774147727272727 0.5900914634146341 0.005478896103896104 0.0039634146341463415
2 0.5667613636363636 0.5907012195121951 0.003246753246753247 0.009451219512195122
22 0.5511363636363636 0.5908536585365853 0.002435064935064935 0.007926829268292683
2 0.5542816558441559 0.5908536585365853 0.0018262987012987013 0.009146341463414634
22 0.5602678571428571 0.5910060975609757 0.002435064935064935 0.008231707317073171
2 0.557224025974026 0.5911585365853659 0.002029220779220779 0.007317073170731708
2 0.5697037337662337 0.5926829268292683 0.003043831168831169 0.009146341463414634
13 0.572950487012987 0.5926829268292683 0.003043831168831169 0.009146341463414634
13 0.5825892857142857 0.5928353658536586 0.002435064935064935 0.008841463414634146
2 0.6479301948051948 0.5928353658536586 0.005681818181818182 0.0039634146341463415
22 0.5970982142857143 0.5954268292682927 0.005478896103896104 0.00426829268292683
22 0.6033887987012987 0.5955792682926829 0.005478896103896104 0.003353658536585366
15 0.808497362012987 0.5958795731707317 0.008228490259740259 0.004564024390243903
9 0.3726663961038961 0.5960365853658537 0.018465909090909092 0.025
2 0.591112012987013 0.5960365853658537 0.005681818181818182 0.00426829268292683
2 0.6481331168831169 0.5971036585365853 0.005681818181818182 0.003353658536585366
2 0.4134537337662338 0.598780487804878 0.009537337662337662 0.006097560975609756
2 0.5539772727272727 0.6 0.009334415584415584 0.006097560975609756
24 0.6411323051948052 0.6001524390243902 0.005478896103896104 0.010060975609756098
2 0.5787337662337663 0.6003048780487805 0.006087662337662338 0.00426829268292683
2 0.5966923701298701 0.6003048780487805 0.005478896103896104 0.003658536585365854
2 0.5602678571428571 0.6004573170731707 0.002435064935064935 0.009451219512195122
22 0.6032873376623377 0.6004573170731707 0.004464285714285714 0.00274390243902439
22 0.648336038961039 0.6015243902439025 0.005681818181818182 0.003048780487804878
22 0.809760551948052 0.6018292682926829 0.00588474025974026 0.00426829268292683
2 0.565137987012987 0.6027439024390244 0.006899350649350649 0.003658536585365854
22 0.6651785714285714 0.6036585365853658 0.006087662337662338 0.003658536585365854
22 0.6591923701298701 0.604420731707317 0.005478896103896104 0.004573170731707317
22 0.5775162337662337 0.6051829268292683 0.005275974025974026 0.00426829268292683
22 0.5848214285714286 0.6051829268292683 0.005275974025974026 0.003658536585365854
22 0.5969967532467533 0.6051829268292683 0.005681818181818182 0.003048780487804878
2 0.591112012987013 0.6053353658536585 0.00487012987012987 0.0039634146341463415
22 0.424512987012987 0.6064024390243903 0.005681818181818182 0.00426829268292683
22 0.6413352272727273 0.6077743902439025 0.005478896103896104 0.003353658536585366
2 0.5970982142857143 0.6096036585365854 0.006696428571428571 0.003353658536585366
22 0.6035917207792207 0.6096036585365854 0.005478896103896104 0.0039634146341463415
24 0.4177150974025974 0.6097560975609756 0.006696428571428571 0.00975609756097561
22 0.424512987012987 0.6105182926829268 0.005275974025974026 0.004573170731707317
7 0.3937702922077922 0.6114329268292683 0.007913961038961038 0.00701219512195122
22 0.635349025974026 0.6120426829268293 0.005681818181818182 0.004573170731707317
29 0.658887987012987 0.6121951219512195 0.006493506493506494 0.00975609756097561
22 0.5924310064935064 0.6123475609756097 0.002637987012987013 0.008231707317073171
29 0.6658887987012987 0.6123475609756097 0.006290584415584416 0.010670731707317074
22 0.6413352272727273 0.6126524390243903 0.005478896103896104 0.003353658536585366
29 0.5799512987012987 0.6129573170731707 0.007305194805194805 0.009451219512195122
29 0.5875608766233766 0.6129573170731707 0.007102272727272727 0.008841463414634146
22 0.5967938311688312 0.614329268292683 0.00487012987012987 0.00426829268292683
22 0.6037946428571429 0.614329268292683 0.005478896103896104 0.003658536585365854
29 0.3366477272727273 0.6170731707317073 0.020698051948051948 0.056707317073170734
2 0.6415381493506493 0.6170731707317073 0.00588474025974026 0.003658536585365854
22 0.40249594155844154 0.6178353658536585 0.005478896103896104 0.0039634146341463415
14 0.6194196428571429 0.618140243902439 0.020495129870129872 0.04176829268292683
2 0.6491477272727273 0.618140243902439 0.008928571428571428 0.005792682926829268
22 0.6037946428571429 0.6182926829268293 0.005478896103896104 0.003048780487804878
2 0.5970982142857143 0.6185975609756098 0.005478896103896104 0.003658536585365854
22 0.6592938311688312 0.620579268292683 0.005681818181818182 0.003353658536585366
9 0.37256493506493504 0.6208841463414634 0.015422077922077922 0.025914634146341462
7 0.8027597402597403 0.6208841463414634 0.006493506493506494 0.005792682926829268
22 0.6415381493506493 0.6216463414634147 0.00588474025974026 0.003658536585365854
22 0.6037946428571429 0.6228658536585366 0.004667207792207792 0.003048780487804878
22 0.5971996753246753 0.6230182926829269 0.005681818181818182 0.003353658536585366
22 0.6475243506493507 0.6246951219512196 0.005681818181818182 0.003658536585365854
13 0.5906047077922078 0.6248475609756098 0.00588474025974026 0.004573170731707317
22 0.635349025974026 0.6253048780487804 0.00487012987012987 0.003658536585365854
13 0.5647321428571429 0.6254573170731708 0.003246753246753247 0.010060975609756098
2 0.6415381493506493 0.6259146341463414 0.00588474025974026 0.003658536585365854
22 0.544338474025974 0.6263719512195122 0.002637987012987013 0.009451219512195122
24 0.549614448051948 0.6263719512195122 0.007102272727272727 0.009451219512195122
24 0.539163961038961 0.6271341463414634 0.006493506493506494 0.009146341463414634
22 0.6036931818181818 0.6272865853658537 0.005275974025974026 0.0039634146341463415
22 0.5969967532467533 0.6275914634146341 0.005275974025974026 0.004573170731707317
6 0.8110795454545454 0.6286585365853659 0.008522727272727272 0.02195121951219512
2 0.6476258116883117 0.629420731707317 0.005478896103896104 0.0039634146341463415
22 0.635450487012987 0.6295731707317073 0.005478896103896104 0.00426829268292683
22 0.8041801948051948 0.6297256097560976 0.002840909090909091 0.008841463414634146
22 0.6417410714285714 0.6307926829268292 0.005478896103896104 0.003048780487804878
22 0.5328733766233766 0.6323170731707317 0.005681818181818182 0.003048780487804878
22 0.6037946428571429 0.6324695121951219 0.005073051948051948 0.0039634146341463415
22 0.42796266233766234 0.6327743902439025 0.002435064935064935 0.008841463414634146
22 0.5970982142857143 0.6327743902439025 0.005478896103896104 0.0039634146341463415
22 0.42481737012987014 0.6329268292682927 0.002637987012987013 0.009146341463414634
22 0.4210633116883117 0.6330792682926829 0.002435064935064935 0.009451219512195122
2 0.4148741883116883 0.6332317073170731 0.0038555194805194805 0.00975609756097561
22 0.4083806818181818 0.6335365853658537 0.002232142857142857 0.00853658536585366
22 0.41112012987012986 0.6335365853658537 0.002840909090909091 0.00853658536585366
22 0.635551948051948 0.6339939024390244 0.005275974025974026 0.003353658536585366
2 0.6416396103896104 0.6342987804878049 0.005275974025974026 0.004573170731707317
2 0.6480316558441559 0.635060975609756 0.005478896103896104 0.004878048780487805
22 0.43242694805194803 0.6361280487804878 0.005681818181818182 0.004573170731707317
13 0.565036525974026 0.636280487804878 0.003043831168831169 0.00975609756097561
24 0.5593547077922078 0.6364329268292683 0.006290584415584416 0.010670731707317074
22 0.525872564935065 0.6365853658536585 0.005478896103896104 0.003658536585365854
22 0.5973011363636364 0.6365853658536585 0.005073051948051948 0.003048780487804878
22 0.5317573051948052 0.6367378048780488 0.00588474025974026 0.0039634146341463415
22 0.6035917207792207 0.6367378048780488 0.005073051948051948 0.003353658536585366
22 0.8033685064935064 0.636890243902439 0.005275974025974026 0.00426829268292683
22 0.6414366883116883 0.6394817073170732 0.005275974025974026 0.003353658536585366
2 0.5914163961038961 0.6408536585365854 0.005478896103896104 0.00426829268292683
22 0.5971996753246753 0.6410060975609756 0.005275974025974026 0.003353658536585366
2 0.6268262987012987 0.6413109756097561 0.006087662337662338 0.0039634146341463415
22 0.5322646103896104 0.6414634146341464 0.005275974025974026 0.003658536585365854
22 0.34993912337662336 0.6446646341463415 0.004667207792207792 0.0039634146341463415
2 0.5697037337662337 0.6452743902439024 0.0038555194805194805 0.014329268292682927
2 0.6269277597402597 0.6460365853658536 0.00588474025974026 0.00426829268292683
22 0.531351461038961 0.6464939024390244 0.005478896103896104 0.0039634146341463415
22 0.8102678571428571 0.6464939024390244 0.005681818181818182 0.003353658536585366
13 0.5648336038961039 0.6467987804878049 0.0034496753246753245 0.010670731707317074
13 0.604099025974026 0.6481707317073171 0.0036525974025974025 0.010365853658536586
22 0.559760551948052 0.6489329268292683 0.005478896103896104 0.00274390243902439
14 0.5454545454545454 0.6490853658536585 0.019074675324675324 0.02926829268292683
22 0.4575892857142857 0.6496951219512195 0.002840909090909091 0.009146341463414634
22 0.460836038961039 0.65 0.002435064935064935 0.00853658536585366
7 0.479099025974026 0.650609756097561 0.010146103896103896 0.006707317073170732
22 0.4647930194805195 0.6515243902439024 0.002637987012987013 0.009146341463414634
22 0.4437905844155844 0.6522865853658537 0.0036525974025974025 0.008231707317073171
22 0.531452922077922 0.6522865853658537 0.00487012987012987 0.003353658536585366
29 0.4705762987012987 0.6525914634146341 0.006493506493506494 0.011280487804878048
14 0.4257305194805195 0.6539634146341463 0.033279220779220776 0.022560975609756097
22 0.4544439935064935 0.6541158536585366 0.002637987012987013 0.008841463414634146
22 0.45484983766233766 0.6541158536585366 0.002637987012987013 0.008841463414634146
29 0.4491680194805195 0.655640243902439 0.006696428571428571 0.010670731707317074
24 0.559963474025974 0.6565548780487804 0.005478896103896104 0.009451219512195122
2 0.799411525974026 0.656859756097561 0.005073051948051948 0.00274390243902439
22 0.45951704545454547 0.6570121951219512 0.00588474025974026 0.003048780487804878
2 0.7992086038961039 0.6614329268292682 0.005478896103896104 0.00274390243902439
6 0.3548092532467532 0.661890243902439 0.018060064935064936 0.026829268292682926
2 0.5593547077922078 0.6647865853658537 0.005073051948051948 0.003353658536585366
2 0.5479910714285714 0.6650914634146341 0.00588474025974026 0.004573170731707317
22 0.5537743506493507 0.6652439024390244 0.005681818181818182 0.00426829268292683
2 0.799512987012987 0.6661585365853658 0.005275974025974026 0.003658536585365854
22 0.3450689935064935 0.6692073170731707 0.0014204545454545455 0.009146341463414634
2 0.799512987012987 0.6710365853658536 0.005681818181818182 0.003658536585365854
24 0.6607142857142857 0.6714939024390244 0.006899350649350649 0.008841463414634146
24 0.5330762987012987 0.6730182926829268 0.007305194805194805 0.008231707317073171
22 0.44805194805194803 0.6733231707317073 0.006087662337662338 0.002134146341463415
2 0.44226866883116883 0.6734756097560975 0.005478896103896104 0.003048780487804878
24 0.526176948051948 0.6734756097560975 0.007711038961038961 0.010365853658536586
2 0.4361810064935065 0.6737804878048781 0.005073051948051948 0.003048780487804878
22 0.6725852272727273 0.6763719512195122 0.005478896103896104 0.0039634146341463415
22 0.42593344155844154 0.676829268292683 0.002435064935064935 0.00853658536585366
22 0.42288961038961037 0.6769817073170732 0.002435064935064935 0.008841463414634146
2 0.4290787337662338 0.6769817073170732 0.002232142857142857 0.009451219512195122
22 0.43212256493506496 0.6769817073170732 0.002637987012987013 0.008231707317073171
22 0.4200487012987013 0.6772865853658536 0.002435064935064935 0.008841463414634146
22 0.36556412337662336 0.6789634146341463 0.002637987012987013 0.00853658536585366
22 0.3626217532467532 0.6791158536585366 0.002435064935064935 0.008841463414634146
24 0.7244318181818182 0.6795731707317073 0.006087662337662338 0.010365853658536586
9 0.7992086038961039 0.6804878048780488 0.01075487012987013 0.01402439024390244
24 0.39032061688311687 0.6839939024390244 0.011566558441558442 0.01676829268292683
24 0.34354707792207795 0.6849085365853659 0.006899350649350649 0.009451219512195122
13 0.3492288961038961 0.6856707317073171 0.003246753246753247 0.01097560975609756
13 0.3588676948051948 0.6856707317073171 0.0034496753246753245 0.013414634146341463
22 0.38189935064935066 0.6882621951219512 0.002435064935064935 0.008231707317073171
2 0.7648133116883117 0.6882621951219512 0.005681818181818182 0.0039634146341463415
22 0.3757102272727273 0.6884146341463414 0.0018262987012987013 0.007926829268292683
22 0.3726663961038961 0.6885670731707317 0.002637987012987013 0.008231707317073171
22 0.3632305194805195 0.688719512195122 0.002435064935064935 0.00853658536585366
2 0.7768871753246753 0.6891768292682927 0.006290584415584416 0.005182926829268293
24 0.5797483766233766 0.6894817073170731 0.006493506493506494 0.010670731707317074
24 0.573051948051948 0.6897865853658537 0.006493506493506494 0.009451219512195122
24 0.7246347402597403 0.6902439024390243 0.006087662337662338 0.00975609756097561
22 0.7600446428571429 0.6908536585365853 0.003043831168831169 0.007926829268292683
22 0.7572037337662337 0.6910060975609756 0.003043831168831169 0.008841463414634146
22 0.7724228896103896 0.6910060975609756 0.002637987012987013 0.008841463414634146
22 0.7691761363636364 0.6917682926829268 0.002637987012987013 0.009146341463414634
14 0.7042410714285714 0.691920731707317 0.033076298701298704 0.041158536585365856
22 0.7649147727272727 0.6928353658536586 0.00588474025974026 0.00274390243902439
2 0.7513189935064936 0.6932926829268292 0.008319805194805194 0.007317073170731708
2 0.7772930194805194 0.6935975609756098 0.006290584415584416 0.004878048780487805
22 0.4872159090909091 0.6945121951219512 0.002840909090909091 0.009146341463414634
24 0.48193993506493504 0.6948170731707317 0.006087662337662338 0.00853658536585366
24 0.4586038961038961 0.6952743902439025 0.006493506493506494 0.009451219512195122
24 0.46702516233766234 0.6952743902439025 0.006696428571428571 0.010060975609756098
24 0.44389204545454547 0.6954268292682927 0.007102272727272727 0.007926829268292683
22 0.6812094155844156 0.6958841463414634 0.005275974025974026 0.004573170731707317
13 0.747564935064935 0.6986280487804878 0.004058441558441558 0.004573170731707317
22 0.7804383116883117 0.6986280487804878 0.006087662337662338 0.0039634146341463415
13 0.5929383116883117 0.6989329268292683 0.006493506493506494 0.004573170731707317
13 0.3347199675324675 0.6992378048780488 0.003043831168831169 0.008841463414634146
2 0.7534496753246753 0.699390243902439 0.006493506493506494 0.003658536585365854
13 0.3315746753246753 0.6995426829268293 0.002435064935064935 0.008841463414634146
13 0.33766233766233766 0.6995426829268293 0.002840909090909091 0.008841463414634146
13 0.3288352272727273 0.6996951219512195 0.002637987012987013 0.00853658536585366
22 0.6812094155844156 0.7003048780487805 0.005681818181818182 0.003658536585365854
24 0.5863433441558441 0.7004573170731707 0.006290584415584416 0.010060975609756098
7 0.49462256493506496 0.7007621951219513 0.0038555194805194805 0.014939024390243902
24 0.5731534090909091 0.7007621951219513 0.005478896103896104 0.009451219512195122
2 0.5533685064935064 0.7018292682926829 0.002029220779220779 0.009146341463414634
22 0.5566152597402597 0.7018292682926829 0.002840909090909091 0.009146341463414634
2 0.544237012987013 0.7021341463414634 0.002029220779220779 0.00853658536585366
22 0.5472808441558441 0.7021341463414634 0.002435064935064935 0.00853658536585366
22 0.5505275974025974 0.7024390243902439 0.002435064935064935 0.007926829268292683
9 0.34598214285714285 0.7025914634146342 0.013798701298701298 0.024695121951219513
2 0.5931412337662337 0.7033536585365854 0.006087662337662338 0.0024390243902439024
13 0.747362012987013 0.7035060975609756 0.004464285714285714 0.00274390243902439
2 0.7533482142857143 0.7036585365853658 0.006290584415584416 0.003658536585365854
22 0.7805397727272727 0.7036585365853658 0.00588474025974026 0.003658536585365854
2 0.4875202922077922 0.7039634146341464 0.002637987012987013 0.007926829268292683
6 0.7998975243506493 0.7041006097560975 0.006450892857142857 0.033201219512195124
14 0.5140016233766234 0.7042682926829268 0.014204545454545454 0.02195121951219512
22 0.49056412337662336 0.7044207317073171 0.002232142857142857 0.009451219512195122
14 0.4018871753246753 0.7070121951219512 0.011972402597402598 0.02195121951219512
14 0.6532061688311688 0.7070121951219512 0.04342532467532467 0.05060975609756098
2 0.7534496753246753 0.7083841463414634 0.006493506493506494 0.004573170731707317
13 0.7480722402597403 0.7085365853658536 0.0038555194805194805 0.00426829268292683
22 0.3313717532467532 0.7088414634146342 0.002029220779220779 0.00853658536585366
14 0.7674512987012987 0.7109756097560975 0.018668831168831168 0.025
2 0.7535511363636364 0.7132621951219512 0.00588474025974026 0.003353658536585366
22 0.7476663961038961 0.7134146341463414 0.00588474025974026 0.003658536585365854
13 0.7337662337662337 0.7135670731707318 0.005681818181818182 0.0039634146341463415
22 0.7404626623376623 0.7135670731707318 0.005681818181818182 0.005182926829268293
22 0.7151988636363636 0.7155487804878049 0.002232142857142857 0.00853658536585366
22 0.7092126623376623 0.7157012195121951 0.002029220779220779 0.008231707317073171
2 0.71875 0.7157012195121951 0.002840909090909091 0.008841463414634146
22 0.7119521103896104 0.7161585365853659 0.0018262987012987013 0.009146341463414634
13 0.723924512987013 0.7163109756097561 0.006696428571428571 0.005182926829268293
22 0.7400568181818182 0.718140243902439 0.005275974025974026 0.0039634146341463415
2 0.7537540584415584 0.718140243902439 0.005073051948051948 0.005182926829268293
22 0.7471590909090909 0.7182926829268292 0.005275974025974026 0.00426829268292683
13 0.734172077922078 0.7184451219512196 0.005275974025974026 0.004573170731707317
22 0.747463474025974 0.7225609756097561 0.00588474025974026 0.003048780487804878
2 0.7536525974025974 0.7228658536585366 0.006087662337662338 0.00426829268292683
13 0.7340706168831169 0.723170731707317 0.005478896103896104 0.003658536585365854
22 0.7402597402597403 0.7233231707317073 0.005275974025974026 0.003353658536585366
22 0.7138798701298701 0.7236280487804878 0.005275974025974026 0.0039634146341463415
22 0.7195616883116883 0.7248475609756098 0.002435064935064935 0.008231707317073171
22 0.7228084415584416 0.7251524390243902 0.002029220779220779 0.008231707317073171
2 0.7534496753246753 0.7272865853658537 0.005681818181818182 0.0039634146341463415
22 0.7403612012987013 0.7277439024390244 0.004667207792207792 0.003658536585365854
22 0.747463474025974 0.7278963414634146 0.005073051948051948 0.0039634146341463415
13 0.734172077922078 0.7280487804878049 0.00487012987012987 0.003658536585365854
22 0.7137784090909091 0.7282012195121951 0.005073051948051948 0.003353658536585366
2 0.7625811688311688 0.7297256097560976 0.008116883116883116 0.005792682926829268
2 0.7769886363636364 0.7297256097560976 0.006087662337662338 0.003353658536585366
9 0.794338474025974 0.7298780487804878 0.01359577922077922 0.01402439024390244
2 0.7533482142857143 0.7320121951219513 0.006290584415584416 0.00426829268292683
2 0.7403612012987013 0.7321646341463415 0.00588474025974026 0.003353658536585366
22 0.713676948051948 0.7324695121951219 0.005681818181818182 0.0039634146341463415
22 0.747362012987013 0.7324695121951219 0.005275974025974026 0.0039634146341463415
13 0.7338676948051948 0.7327743902439025 0.005478896103896104 0.0039634146341463415
9 0.8102678571428571 0.7333841463414634 0.019886363636363636 0.011890243902439025
6 0.3721590909090909 0.7341463414634146 0.04180194805194805 0.07804878048780488
2 0.7770900974025974 0.7342987804878048 0.00588474025974026 0.003353658536585366
2 0.6231737012987013 0.7347560975609756 0.005681818181818182 0.00426829268292683
2 0.598823051948052 0.7350609756097561 0.005681818181818182 0.003658536585365854
2 0.6411323051948052 0.7350609756097561 0.006696428571428571 0.003048780487804878
2 0.6336241883116883 0.7356707317073171 0.005478896103896104 0.003658536585365854
2 0.7633928571428571 0.7356707317073171 0.005681818181818182 0.003658536585365854
22 0.6707589285714286 0.7359756097560975 0.005073051948051948 0.003658536585365854
2 0.7702922077922078 0.7359756097560975 0.006493506493506494 0.004878048780487805
22 0.7139813311688312 0.7368902439024391 0.00588474025974026 0.00426829268292683
2 0.7401582792207793 0.7368902439024391 0.005478896103896104 0.00426829268292683
13 0.734273538961039 0.7373475609756097 0.005073051948051948 0.003353658536585366
2 0.6229707792207793 0.739329268292683 0.006493506493506494 0.00426829268292683
2 0.7771915584415584 0.739329268292683 0.005275974025974026 0.00426829268292683
2 0.5992288961038961 0.7402439024390244 0.005681818181818182 0.003658536585365854
2 0.7632913961038961 0.7405487804878049 0.005478896103896104 0.004878048780487805
22 0.6628449675324676 0.7408536585365854 0.002637987012987013 0.00975609756097561
2 0.7700892857142857 0.7413109756097561 0.006493506493506494 0.0039634146341463415
13 0.7137784090909091 0.7419207317073171 0.006290584415584416 0.0039634146341463415
6 0.33887987012987014 0.7420731707317073 0.027597402597402596 0.057926829268292686
13 0.7141842532467533 0.7423780487804879 0.006696428571428571 0.004878048780487805
2 0.6234780844155844 0.7434451219512195 0.00588474025974026 0.0039634146341463415
2 0.5995332792207793 0.7440548780487805 0.00588474025974026 0.0039634146341463415
6 0.4575892857142857 0.7469512195121951 0.11728896103896104 0.07439024390243902
6 0.5618912337662337 0.7469512195121951 0.07305194805194805 0.08048780487804878
2 0.7922077922077922 0.22164634146341464 0.005275974025974026 0.00426829268292683
7 0.778713474025974 0.2225609756097561 0.00588474025974026 0.00548780487804878
2 0.7210836038961039 0.22454268292682927 0.003043831168831169 0.010060975609756098
7 0.7857142857142857 0.22454268292682927 0.006087662337662338 0.010670731707317074
22 0.7279829545454546 0.22484756097560976 0.002232142857142857 0.008841463414634146
22 0.6346387987012987 0.22591463414634147 0.00588474025974026 0.003048780487804878
22 0.7097199675324676 0.22621951219512196 0.002232142857142857 0.007926829268292683
22 0.7923092532467533 0.22621951219512196 0.005073051948051948 0.003658536585365854
7 0.7143871753246753 0.22682926829268293 0.006696428571428571 0.011585365853658536
29 0.741984577922078 0.2274390243902439 0.009537337662337662 0.014634146341463415
2 0.731838474025974 0.22865853658536586 0.004261363636363636 0.01402439024390244
22 0.5204951298701299 0.2288109756097561 0.00487012987012987 0.0039634146341463415
22 0.4067573051948052 0.22972560975609757 0.00588474025974026 0.003353658536585366
22 0.5250608766233766 0.22987804878048781 0.002637987012987013 0.007926829268292683
22 0.6418425324675324 0.22987804878048781 0.005275974025974026 0.003048780487804878
22 0.6347402597402597 0.23064024390243903 0.005681818181818182 0.0039634146341463415
28 0.6512784090909091 0.23125 0.00872564935064935 0.007621951219512195
22 0.7784090909090909 0.23140243902439026 0.006087662337662338 0.00426829268292683
2 0.375 0.23246951219512196 0.008928571428571428 0.00701219512195122
7 0.7244318181818182 0.23246951219512196 0.009334415584415584 0.005792682926829268
22 0.41446834415584416 0.23307926829268294 0.005478896103896104 0.003353658536585366
22 0.7906858766233766 0.23338414634146343 0.0018262987012987013 0.008231707317073171
22 0.7937297077922078 0.23338414634146343 0.002637987012987013 0.009451219512195122
22 0.40665584415584416 0.23368902439024392 0.005681818181818182 0.003353658536585366
6 0.47169237012987014 0.23536585365853657 0.08786525974025974 0.025609756097560974
6 0.5784293831168831 0.23536585365853657 0.10328733766233766 0.02195121951219512
7 0.7857142857142857 0.2361280487804878 0.006087662337662338 0.010060975609756098
22 0.41446834415584416 0.2371951219512195 0.005073051948051948 0.003048780487804878
22 0.7429991883116883 0.23810975609756097 0.005073051948051948 0.00426829268292683
22 0.5250608766233766 0.23902439024390243 0.002637987012987013 0.007926829268292683
22 0.369724025974026 0.23978658536585365 0.006087662337662338 0.0039634146341463415
22 0.8313717532467533 0.24024390243902438 0.005681818181818182 0.00426829268292683
22 0.7926136363636364 0.2407012195121951 0.005275974025974026 0.0039634146341463415
2 0.7383319805194806 0.24146341463414633 0.002637987012987013 0.00853658536585366
22 0.7653206168831169 0.24176829268292682 0.002637987012987013 0.007926829268292683
22 0.7623782467532467 0.24192073170731707 0.002435064935064935 0.008841463414634146
22 0.7679586038961039 0.2420731707317073 0.002637987012987013 0.009146341463414634
2 0.37388392857142855 0.2423780487804878 0.00020292207792207794 0.0006097560975609756
22 0.7432021103896104 0.24283536585365853 0.005073051948051948 0.003353658536585366
7 0.7775974025974026 0.24298780487804877 0.00974025974025974 0.006097560975609756
9 0.7533482142857143 0.24390243902439024 0.013189935064935064 0.05
22 0.8314732142857143 0.24405487804878048 0.00588474025974026 0.0039634146341463415
22 0.3695211038961039 0.24435975609756097 0.006087662337662338 0.003353658536585366
22 0.7855113636363636 0.24435975609756097 0.005681818181818182 0.003353658536585366
2 0.4146712662337662 0.24664634146341463 0.006290584415584416 0.003658536585365854
7 0.42228084415584416 0.24664634146341463 0.004464285714285714 0.014634146341463415
22 0.5252637987012987 0.2486280487804878 0.002637987012987013 0.007621951219512195
22 0.3691152597402597 0.24923780487804878 0.005275974025974026 0.0039634146341463415
2 0.377536525974026 0.24923780487804878 0.00588474025974026 0.0039634146341463415
22 0.40726461038961037 0.24954268292682927 0.005681818181818182 0.003353658536585366
2 0.5201907467532467 0.25 0.005478896103896104 0.003048780487804878
13 0.4147727272727273 0.25182926829268293 0.007305194805194805 0.004878048780487805
7 0.7874391233766234 0.2524390243902439 0.012378246753246754 0.00853658536585366
22 0.742288961038961 0.2527439024390244 0.004464285714285714 0.012804878048780487
22 0.8316761363636364 0.2538109756097561 0.005478896103896104 0.003353658536585366
22 0.36992694805194803 0.25411585365853656 0.005275974025974026 0.003353658536585366
14 0.39336444805194803 0.255030487804878 0.018060064935064936 0.04542682926829268
22 0.6356534090909091 0.255640243902439 0.00588474025974026 0.0039634146341463415
22 0.5256696428571429 0.25685975609756095 0.002232142857142857 0.008231707317073171
22 0.6422483766233766 0.25716463414634144 0.006087662337662338 0.0039634146341463415
22 0.4145698051948052 0.2573170731707317 0.005275974025974026 0.003658536585365854
2 0.7780032467532467 0.2573170731707317 0.005681818181818182 0.00426829268292683
22 0.36992694805194803 0.2580792682926829 0.005275974025974026 0.003353658536585366
22 0.7233157467532467 0.2582317073170732 0.0018262987012987013 0.007926829268292683
22 0.34202516233766234 0.2583841463414634 0.005478896103896104 0.00274390243902439
2 0.3354301948051948 0.25899390243902437 0.006899350649350649 0.005182926829268293
22 0.377637987012987 0.25914634146341464 0.005681818181818182 0.003658536585365854
22 0.40716314935064934 0.25945121951219513 0.005478896103896104 0.003048780487804878
6 0.5789366883116883 0.25945121951219513 0.10470779220779221 0.020731707317073172
14 0.768364448051948 0.25990853658536583 0.01278409090909091 0.02347560975609756
22 0.41497564935064934 0.2621951219512195 0.005681818181818182 0.00426829268292683
2 0.7416801948051948 0.26234756097560974 0.005275974025974026 0.0039634146341463415
22 0.7780032467532467 0.26234756097560974 0.005275974025974026 0.003353658536585366
22 0.37723214285714285 0.2629573170731707 0.005681818181818182 0.004573170731707317
22 0.3700284090909091 0.263109756097561 0.00588474025974026 0.003658536585365854
6 0.47148944805194803 0.2632621951219512 0.07974837662337662 0.02347560975609756
13 0.7879464285714286 0.2632621951219512 0.012581168831168832 0.010060975609756098
22 0.3424310064935065 0.2634146341463415 0.005478896103896104 0.003658536585365854
22 0.40726461038961037 0.26371951219512196 0.00487012987012987 0.003048780487804878
2 0.33553165584415584 0.2649390243902439 0.006696428571428571 0.00426829268292683
22 0.5252637987012987 0.2660060975609756 0.002637987012987013 0.008841463414634146
22 0.7781047077922078 0.2678353658536585 0.005478896103896104 0.0039634146341463415
22 0.33035714285714285 0.2679878048780488 0.002840909090909091 0.009146341463414634
13 0.4148741883116883 0.2682926829268293 0.007102272727272727 0.004878048780487805
22 0.7260551948051948 0.26890243902439026 0.002435064935064935 0.007317073170731708
22 0.5204951298701299 0.2690548780487805 0.005275974025974026 0.00274390243902439
22 0.7295048701298701 0.26935975609756097 0.002840909090909091 0.00701219512195122
22 0.7183441558441559 0.26951219512195124 0.002029220779220779 0.00853658536585366
22 0.721489448051948 0.26951219512195124 0.002232142857142857 0.00853658536585366
29 0.7413758116883117 0.2698170731707317 0.00588474025974026 0.01097560975609756
29 0.7346793831168831 0.2704268292682927 0.006696428571428571 0.010365853658536586
2 0.7460430194805194 0.27134146341463417 0.002232142857142857 0.009146341463414634
29 0.757609577922078 0.27179878048780487 0.007102272727272727 0.009451219512195122
22 0.3257913961038961 0.27225609756097563 0.005073051948051948 0.003658536585365854
22 0.37743506493506496 0.27240853658536585 0.005275974025974026 0.0039634146341463415
29 0.7512175324675324 0.2725609756097561 0.006493506493506494 0.009146341463414634
22 0.40726461038961037 0.27271341463414633 0.005275974025974026 0.004573170731707317
22 0.5240462662337663 0.2730182926829268 0.005073051948051948 0.00274390243902439
22 0.5582386363636364 0.2754573170731707 0.006087662337662338 0.004573170731707317
9 0.3599837662337662 0.275609756097561 0.013392857142857142 0.022560975609756097
22 0.544237012987013 0.2757621951219512 0.006493506493506494 0.005182926829268293
9 0.4247159090909091 0.276219512195122 0.008928571428571428 0.015853658536585366
22 0.377637987012987 0.27682926829268295 0.005275974025974026 0.003658536585365854
22 0.3304586038961039 0.27698170731707317 0.002637987012987013 0.008231707317073171
22 0.4074675324675325 0.27759146341463414 0.005275974025974026 0.0039634146341463415
22 0.734375 0.2782012195121951 0.006087662337662338 0.0039634146341463415
22 0.7853084415584416 0.2782012195121951 0.005681818181818182 0.003353658536585366
22 0.7412743506493507 0.2785060975609756 0.005681818181818182 0.0039634146341463415
22 0.3257913961038961 0.27926829268292686 0.007102272727272727 0.003658536585365854
7 0.5225243506493507 0.27926829268292686 0.00974025974025974 0.006097560975609756
24 0.7203733766233766 0.2804878048780488 0.006899350649350649 0.009146341463414634
24 0.7276785714285714 0.2804878048780488 0.006087662337662338 0.009146341463414634
2 0.4656047077922078 0.280640243902439 0.006290584415584416 0.003353658536585366
22 0.4596185064935065 0.2815548780487805 0.005681818181818182 0.0039634146341463415
22 0.7489853896103896 0.28262195121951217 0.002029220779220779 0.009146341463414634
22 0.7042410714285714 0.2842987804878049 0.003043831168831169 0.008841463414634146
22 0.6882102272727273 0.2844512195121951 0.002232142857142857 0.00975609756097561
7 0.32711038961038963 0.28521341463414634 0.00974025974025974 0.0064024390243902435
9 0.586038961038961 0.2858231707317073 0.0174512987012987 0.029573170731707316
29 0.736810064935065 0.2864329268292683 0.006493506493506494 0.010670731707317074
29 0.7434050324675324 0.2867378048780488 0.006696428571428571 0.010060975609756098
22 0.8316761363636364 0.2871951219512195 0.005073051948051948 0.003658536585365854
22 0.6750202922077922 0.2875 0.005478896103896104 0.003048780487804878
22 0.669135551948052 0.28780487804878047 0.004667207792207792 0.003658536585365854
22 0.791497564935065 0.2914634146341463 0.005478896103896104 0.003658536585365854
2 0.7979910714285714 0.2914634146341463 0.006290584415584416 0.00426829268292683
9 0.3460836038961039 0.2916158536585366 0.015219155844155844 0.022865853658536585
2 0.6686282467532467 0.2926829268292683 0.005275974025974026 0.004878048780487805
22 0.8314732142857143 0.2926829268292683 0.005478896103896104 0.00426829268292683
9 0.6581777597402597 0.29283536585365855 0.013189935064935064 0.03323170731707317
22 0.7434050324675324 0.2946646341463415 0.00588474025974026 0.0039634146341463415
22 0.737012987012987 0.29496951219512196 0.005681818181818182 0.004573170731707317
22 0.6751217532467533 0.29634146341463413 0.005275974025974026 0.003048780487804878
2 0.7979910714285714 0.29634146341463413 0.00588474025974026 0.00426829268292683
24 0.4185267857142857 0.2967987804878049 0.00020292207792207794 0.0003048780487804878
22 0.791700487012987 0.2967987804878049 0.006290584415584416 0.004573170731707317
22 0.6009537337662337 0.2972560975609756 0.005478896103896104 0.003658536585365854
24 0.5709212662337663 0.29771341463414636 0.006696428571428571 0.009451219512195122
24 0.5635146103896104 0.29801829268292684 0.006899350649350649 0.008841463414634146
24 0.5562094155844156 0.29817073170731706 0.007305194805194805 0.009146341463414634
9 0.6236810064935064 0.29817073170731706 0.016436688311688312 0.023170731707317073
24 0.49381087662337664 0.29847560975609755 0.007102272727272727 0.00853658536585366
24 0.515827922077922 0.29847560975609755 0.006899350649350649 0.00975609756097561
22 0.5296266233766234 0.29847560975609755 0.002840909090909091 0.009146341463414634
24 0.5350040584415584 0.29847560975609755 0.007102272727272727 0.009146341463414634
24 0.541599025974026 0.29847560975609755 0.007305194805194805 0.009146341463414634
24 0.5490056818181818 0.29847560975609755 0.007102272727272727 0.00975609756097561
22 0.510450487012987 0.2986280487804878 0.002637987012987013 0.007621951219512195
22 0.521002435064935 0.2986280487804878 0.002232142857142857 0.008231707317073171
22 0.507711038961039 0.29878048780487804 0.002840909090909091 0.00853658536585366
22 0.5238433441558441 0.29878048780487804 0.002637987012987013 0.007926829268292683
22 0.5269886363636364 0.29878048780487804 0.002840909090909091 0.00853658536585366
22 0.7644074675324676 0.29878048780487804 0.005681818181818182 0.004878048780487805
22 0.770799512987013 0.29878048780487804 0.00588474025974026 0.00426829268292683
22 0.5047686688311688 0.2989329268292683 0.002637987012987013 0.008231707317073171
22 0.49888392857142855 0.2992378048780488 0.002232142857142857 0.008841463414634146
22 0.5020292207792207 0.2992378048780488 0.002435064935064935 0.008231707317073171
2 0.7366071428571429 0.2992378048780488 0.006087662337662338 0.003353658536585366
22 0.4708806818181818 0.2995426829268293 0.002232142857142857 0.007621951219512195
22 0.48863636363636365 0.2995426829268293 0.002435064935064935 0.008231707317073171
24 0.47615665584415584 0.2998475609756098 0.006696428571428571 0.009451219512195122
24 0.48325892857142855 0.3 0.007102272727272727 0.010365853658536586
24 0.4421672077922078 0.30045731707317075 0.006493506493506494 0.008841463414634146
22 0.4473417207792208 0.30045731707317075 0.003043831168831169 0.008841463414634146
22 0.45038555194805197 0.30045731707317075 0.002637987012987013 0.009451219512195122
24 0.45586444805194803 0.30045731707317075 0.007102272727272727 0.009451219512195122
24 0.43191964285714285 0.30060975609756097 0.007102272727272727 0.009146341463414634
22 0.43719561688311687 0.30060975609756097 0.002637987012987013 0.00853658536585366
24 0.4615462662337662 0.30060975609756097 0.00872564935064935 0.01097560975609756
22 0.40919237012987014 0.30091463414634145 0.002637987012987013 0.009146341463414634
22 0.7749594155844156 0.30091463414634145 0.002435064935064935 0.00853658536585366
22 0.7779017857142857 0.30091463414634145 0.002232142857142857 0.00853658536585366
24 0.41436688311688313 0.3010670731707317 0.006899350649350649 0.008841463414634146
22 0.42674512987012986 0.3010670731707317 0.002840909090909091 0.008231707317073171
24 0.42157061688311687 0.30121951219512194 0.00588474025974026 0.00853658536585366
24 0.39356737012987014 0.3013719512195122 0.006696428571428571 0.008841463414634146
24 0.40381493506493504 0.3013719512195122 0.006899350649350649 0.008841463414634146
24 0.38656655844155846 0.30152439024390243 0.007305194805194805 0.00853658536585366
22 0.6009537337662337 0.30152439024390243 0.005478896103896104 0.003048780487804878
24 0.3717532467532468 0.3018292682926829 0.006899350649350649 0.009146341463414634
24 0.3791599025974026 0.3018292682926829 0.007102272727272727 0.009146341463414634
22 0.755073051948052 0.3018292682926829 0.0016233766233766235 0.00853658536585366
2 0.3614042207792208 0.3019817073170732 0.006899350649350649 0.009451219512195122
2 0.6688311688311688 0.3021341463414634 0.006493506493506494 0.00548780487804878
22 0.791599025974026 0.3022865853658537 0.005681818181818182 0.0039634146341463415
2 0.7979910714285714 0.3022865853658537 0.00588474025974026 0.0039634146341463415
2 0.7623782467532467 0.30350609756097563 0.005275974025974026 0.00274390243902439
22 0.768161525974026 0.30350609756097563 0.005478896103896104 0.003353658536585366
2 0.6766436688311688 0.3045731707317073 0.002232142857142857 0.00853658536585366