3 0.6923076923076923 0.22596153846153846 0.004807692307692308 0.004807692307692308
23 0.6923076923076923 0.22115384615384615 0.004807692307692308 0.004807692307692308
23 0.6899038461538461 0.5552884615384616 0.004807692307692308 0.004807692307692308
23 0.6899038461538461 0.5600961538461539 0.004807692307692308 0.004807692307692308
23 0.6899038461538461 0.5649038461538461 0.004807692307692308 0.004807692307692308
3 0.6875 0.22596153846153846 0.004807692307692308 0.004807692307692308
6 0.6875 0.3269230769230769 0.019230769230769232 0.15384615384615385
23 0.6850961538461539 0.5552884615384616 0.004807692307692308 0.004807692307692308
23 0.6850961538461539 0.5649038461538461 0.004807692307692308 0.004807692307692308
23 0.6862980769230769 0.2439903846153846 0.007211538461538462 0.002403846153846154
23 0.6850961538461539 0.5600961538461539 0.004807692307692308 0.004807692307692308
29 0.6850961538461539 0.23798076923076922 0.009615384615384616 0.009615384615384616
15 0.6862980769230769 0.24639423076923078 0.007211538461538462 0.002403846153846154
3 0.6838942307692307 0.22956730769230768 0.007211538461538462 0.002403846153846154
3 0.6838942307692307 0.21754807692307693 0.007211538461538462 0.002403846153846154
3 0.6838942307692307 0.21995192307692307 0.007211538461538462 0.002403846153846154
23 0.6850961538461539 0.234375 0.004807692307692308 0.002403846153846154
3 0.6826923076923077 0.22596153846153846 0.004807692307692308 0.004807692307692308
15 0.6802884615384616 0.20673076923076922 0.009615384615384616 0.004807692307692308
3 0.6730769230769231 0.20673076923076922 0.009615384615384616 0.004807692307692308
15 0.6730769230769231 0.24759615384615385 0.009615384615384616 0.004807692307692308
14 0.6706730769230769 0.5168269230769231 0.08173076923076923 0.052884615384615384
23 0.6682692307692307 0.5576923076923077 0.004807692307692308 0.004807692307692308
23 0.6682692307692307 0.5625 0.004807692307692308 0.004807692307692308
3 0.6658653846153846 0.20673076923076922 0.004807692307692308 0.004807692307692308
3 0.6658653846153846 0.5745192307692307 0.004807692307692308 0.004807692307692308
23 0.6670673076923077 0.5685096153846154 0.007211538461538462 0.002403846153846154
3 0.6658653846153846 0.24759615384615385 0.004807692307692308 0.004807692307692308
23 0.6634615384615384 0.5625 0.004807692307692308 0.004807692307692308
6 0.6622596153846154 0.6045673076923077 0.14182692307692307 0.016826923076923076
3 0.6610576923076923 0.5745192307692307 0.004807692307692308 0.004807692307692308
3 0.6610576923076923 0.24639423076923078 0.004807692307692308 0.007211538461538462
3 0.6610576923076923 0.25240384615384615 0.014423076923076924 0.004807692307692308
3 0.6586538461538461 0.20673076923076922 0.004807692307692308 0.004807692307692308
3 0.6574519230769231 0.3798076923076923 0.021634615384615384 0.014423076923076924
23 0.65625 0.20192307692307693 0.004807692307692308 0.004807692307692308
3 0.65625 0.5745192307692307 0.004807692307692308 0.004807692307692308
23 0.6574519230769231 0.5685096153846154 0.007211538461538462 0.002403846153846154
3 0.6538461538461539 0.20673076923076922 0.004807692307692308 0.004807692307692308
23 0.6538461538461539 0.19951923076923078 0.004807692307692308 0.004807692307692308
3 0.6538461538461539 0.24519230769230768 0.004807692307692308 0.004807692307692308
3 0.6514423076923077 0.5745192307692307 0.004807692307692308 0.004807692307692308
23 0.6502403846153846 0.28846153846153844 0.002403846153846154 0.004807692307692308
23 0.6490384615384616 0.20192307692307693 0.004807692307692308 0.004807692307692308
3 0.6490384615384616 0.20673076923076922 0.004807692307692308 0.004807692307692308
3 0.6478365384615384 0.19591346153846154 0.007211538461538462 0.002403846153846154
3 0.6490384615384616 0.47115384615384615 0.014423076923076924 0.009615384615384616
3 0.6466346153846154 0.24519230769230768 0.004807692307692308 0.004807692307692308
23 0.6466346153846154 0.28846153846153844 0.004807692307692308 0.004807692307692308
14 0.6478365384615384 0.22596153846153846 0.06009615384615385 0.028846153846153848
23 0.6466346153846154 0.20192307692307693 0.004807692307692308 0.004807692307692308
3 0.6418269230769231 0.20673076923076922 0.004807692307692308 0.004807692307692308
23 0.6418269230769231 0.20192307692307693 0.004807692307692308 0.004807692307692308
23 0.640625 0.2439903846153846 0.007211538461538462 0.002403846153846154
3 0.6418269230769231 0.19591346153846154 0.004807692307692308 0.002403846153846154
23 0.6382211538461539 0.20192307692307693 0.002403846153846154 0.004807692307692308
3 0.6370192307692307 0.20673076923076922 0.004807692307692308 0.004807692307692308
3 0.6358173076923077 0.19951923076923078 0.002403846153846154 0.004807692307692308
3 0.6334134615384616 0.2439903846153846 0.007211538461538462 0.002403846153846154
3 0.6334134615384616 0.44591346153846156 0.007211538461538462 0.002403846153846154
3 0.6334134615384616 0.46033653846153844 0.007211538461538462 0.002403846153846154
3 0.6322115384615384 0.453125 0.004807692307692308 0.002403846153846154
3 0.6322115384615384 0.46274038461538464 0.004807692307692308 0.002403846153846154
3 0.6322115384615384 0.4579326923076923 0.004807692307692308 0.002403846153846154
3 0.6322115384615384 0.45552884615384615 0.004807692307692308 0.002403846153846154
3 0.6322115384615384 0.4483173076923077 0.004807692307692308 0.002403846153846154
6 0.6322115384615384 0.3269230769230769 0.02403846153846154 0.14903846153846154
3 0.6322115384615384 0.20673076923076922 0.004807692307692308 0.004807692307692308
3 0.6310096153846154 0.4411057692307692 0.007211538461538462 0.002403846153846154
15 0.6322115384615384 0.19951923076923078 0.004807692307692308 0.004807692307692308
3 0.6322115384615384 0.44350961538461536 0.004807692307692308 0.002403846153846154
3 0.6322115384615384 0.4338942307692308 0.004807692307692308 0.002403846153846154
9 0.6322115384615384 0.40865384615384615 0.004807692307692308 0.004807692307692308
3 0.6310096153846154 0.4891826923076923 0.007211538461538462 0.002403846153846154
15 0.6298076923076923 0.48677884615384615 0.009615384615384616 0.002403846153846154
23 0.6298076923076923 0.5576923076923077 0.004807692307692308 0.004807692307692308
15 0.6298076923076923 0.42788461538461536 0.004807692307692308 0.004807692307692308
3 0.6274038461538461 0.24519230769230768 0.004807692307692308 0.004807692307692308
3 0.6274038461538461 0.20673076923076922 0.004807692307692308 0.004807692307692308
23 0.625 0.5120192307692307 0.004807692307692308 0.004807692307692308
23 0.625 0.20192307692307693 0.004807692307692308 0.004807692307692308
15 0.625 0.42788461538461536 0.004807692307692308 0.004807692307692308
23 0.6237980769230769 0.44591346153846156 0.007211538461538462 0.002403846153846154
3 0.6237980769230769 0.5060096153846154 0.007211538461538462 0.002403846153846154
3 0.6237980769230769 0.19591346153846154 0.007211538461538462 0.002403846153846154
3 0.6225961538461539 0.24519230769230768 0.004807692307692308 0.004807692307692308
23 0.6237980769230769 0.5084134615384616 0.007211538461538462 0.002403846153846154
23 0.6225961538461539 0.5228365384615384 0.004807692307692308 0.002403846153846154
23 0.6225961538461539 0.5348557692307693 0.004807692307692308 0.002403846153846154
23 0.6225961538461539 0.5276442307692307 0.004807692307692308 0.002403846153846154
23 0.6237980769230769 0.44350961538461536 0.007211538461538462 0.002403846153846154
23 0.6237980769230769 0.4411057692307692 0.007211538461538462 0.002403846153846154
3 0.6225961538461539 0.4651442307692308 0.004807692307692308 0.002403846153846154
23 0.6213942307692307 0.4699519230769231 0.007211538461538462 0.002403846153846154
23 0.6225961538461539 0.4362980769230769 0.009615384615384616 0.002403846153846154
23 0.6201923076923077 0.4675480769230769 0.009615384615384616 0.002403846153846154
23 0.6201923076923077 0.19951923076923078 0.004807692307692308 0.004807692307692308
3 0.6201923076923077 0.5120192307692307 0.004807692307692308 0.004807692307692308
23 0.6201923076923077 0.24639423076923078 0.004807692307692308 0.007211538461538462
23 0.6153846153846154 0.20192307692307693 0.004807692307692308 0.004807692307692308
23 0.6141826923076923 0.5276442307692307 0.007211538461538462 0.002403846153846154
23 0.6141826923076923 0.5324519230769231 0.007211538461538462 0.002403846153846154
23 0.6141826923076923 0.5252403846153846 0.007211538461538462 0.002403846153846154
3 0.6141826923076923 0.19591346153846154 0.007211538461538462 0.002403846153846154
23 0.6141826923076923 0.4699519230769231 0.007211538461538462 0.002403846153846154
3 0.6129807692307693 0.4879807692307692 0.028846153846153848 0.019230769230769232
23 0.6117788461538461 0.5228365384615384 0.007211538461538462 0.002403846153846154
23 0.6105769230769231 0.20192307692307693 0.004807692307692308 0.004807692307692308
23 0.609375 0.2439903846153846 0.007211538461538462 0.002403846153846154
23 0.609375 0.24158653846153846 0.007211538461538462 0.002403846153846154
3 0.609375 0.22235576923076922 0.007211538461538462 0.002403846153846154
23 0.6105769230769231 0.21514423076923078 0.004807692307692308 0.002403846153846154
3 0.609375 0.21754807692307693 0.007211538461538462 0.002403846153846154
3 0.609375 0.2247596153846154 0.007211538461538462 0.002403846153846154
3 0.609375 0.21995192307692307 0.007211538461538462 0.002403846153846154
3 0.609375 0.22956730769230768 0.007211538461538462 0.002403846153846154
3 0.609375 0.23677884615384615 0.007211538461538462 0.002403846153846154
3 0.609375 0.234375 0.007211538461538462 0.002403846153846154
23 0.6081730769230769 0.2800480769230769 0.009615384615384616 0.002403846153846154
23 0.6081730769230769 0.5360576923076923 0.004807692307692308 0.004807692307692308
23 0.6057692307692307 0.3173076923076923 0.004807692307692308 0.004807692307692308
3 0.6057692307692307 0.3798076923076923 0.02403846153846154 0.014423076923076924
23 0.6033653846153846 0.32211538461538464 0.004807692307692308 0.004807692307692308
3 0.6033653846153846 0.2956730769230769 0.02403846153846154 0.019230769230769232
3 0.6033653846153846 0.5120192307692307 0.02403846153846154 0.014423076923076924
23 0.6033653846153846 0.5324519230769231 0.009615384615384616 0.002403846153846154
23 0.6021634615384616 0.3112980769230769 0.007211538461538462 0.002403846153846154
3 0.6033653846153846 0.33052884615384615 0.02403846153846154 0.016826923076923076
14 0.6033653846153846 0.3954326923076923 0.009615384615384616 0.007211538461538462
3 0.6033653846153846 0.2283653846153846 0.004807692307692308 0.004807692307692308
15 0.6033653846153846 0.23317307692307693 0.004807692307692308 0.004807692307692308
23 0.6009615384615384 0.40384615384615385 0.004807692307692308 0.004807692307692308
23 0.5997596153846154 0.390625 0.007211538461538462 0.002403846153846154
29 0.5985576923076923 0.31490384615384615 0.009615384615384616 0.004807692307692308
23 0.5973557692307693 0.40024038461538464 0.007211538461538462 0.002403846153846154
23 0.5985576923076923 0.40384615384615385 0.004807692307692308 0.004807692307692308
29 0.5961538461538461 0.32211538461538464 0.009615384615384616 0.004807692307692308
14 0.5961538461538461 0.24519230769230768 0.019230769230769232 0.009615384615384616
23 0.59375 0.31009615384615385 0.004807692307692308 0.004807692307692308
14 0.5949519230769231 0.3942307692307692 0.007211538461538462 0.009615384615384616
3 0.5925480769230769 0.4074519230769231 0.007211538461538462 0.002403846153846154
3 0.5925480769230769 0.4098557692307692 0.007211538461538462 0.002403846153846154
3 0.5793269230769231 0.23798076923076922 0.004807692307692308 0.004807692307692308
6 0.5793269230769231 0.3701923076923077 0.02403846153846154 0.15384615384615385
23 0.5793269230769231 0.4675480769230769 0.004807692307692308 0.002403846153846154
3 0.5721153846153846 0.46274038461538464 0.004807692307692308 0.002403846153846154
3 0.5709134615384616 0.4675480769230769 0.007211538461538462 0.002403846153846154
3 0.5721153846153846 0.4651442307692308 0.004807692307692308 0.002403846153846154
23 0.5661057692307693 0.203125 0.007211538461538462 0.002403846153846154
23 0.5661057692307693 0.19831730769230768 0.007211538461538462 0.002403846153846154
23 0.5673076923076923 0.20072115384615385 0.004807692307692308 0.002403846153846154
23 0.5673076923076923 0.20552884615384615 0.004807692307692308 0.002403846153846154
23 0.5649038461538461 0.21033653846153846 0.009615384615384616 0.002403846153846154
3 0.5625 0.22716346153846154 0.004807692307692308 0.002403846153846154
3 0.5625 0.22716346153846154 0.004807692307692308 0.002403846153846154
3 0.5625 0.23197115384615385 0.004807692307692308 0.002403846153846154
23 0.5612980769230769 0.19591346153846154 0.007211538461538462 0.002403846153846154
3 0.5600961538461539 0.40384615384615385 0.004807692307692308 0.004807692307692308
23 0.5600961538461539 0.38221153846153844 0.004807692307692308 0.004807692307692308
3 0.5588942307692307 0.21995192307692307 0.007211538461538462 0.002403846153846154
3 0.5588942307692307 0.22235576923076922 0.007211538461538462 0.002403846153846154
3 0.5600961538461539 0.21754807692307693 0.009615384615384616 0.002403846153846154
3 0.5576923076923077 0.3605769230769231 0.009615384615384616 0.004807692307692308
15 0.5588942307692307 0.203125 0.007211538461538462 0.002403846153846154
15 0.5588942307692307 0.20072115384615385 0.007211538461538462 0.002403846153846154
15 0.5576923076923077 0.20552884615384615 0.009615384615384616 0.002403846153846154
15 0.5576923076923077 0.21033653846153846 0.009615384615384616 0.002403846153846154
15 0.5588942307692307 0.20793269230769232 0.007211538461538462 0.002403846153846154
15 0.5588942307692307 0.19831730769230768 0.007211538461538462 0.002403846153846154
23 0.5528846153846154 0.5192307692307693 0.004807692307692308 0.004807692307692308
3 0.5504807692307693 0.4266826923076923 0.014423076923076924 0.01201923076923077
3 0.5432692307692307 0.5600961538461539 0.028846153846153848 0.014423076923076924
3 0.5408653846153846 0.4735576923076923 0.02403846153846154 0.014423076923076924
6 0.5336538461538461 0.23076923076923078 0.038461538461538464 0.009615384615384616
6 0.5336538461538461 0.19230769230769232 0.038461538461538464 0.04326923076923077
14 0.5288461538461539 0.3076923076923077 0.019230769230769232 0.014423076923076924
3 0.5072115384615384 0.5192307692307693 0.004807692307692308 0.004807692307692308
3 0.5048076923076923 0.5661057692307693 0.028846153846153848 0.016826923076923076
23 0.5012019230769231 0.296875 0.007211538461538462 0.002403846153846154
23 0.49759615384615385 0.34375 0.004807692307692308 0.004807692307692308
23 0.4951923076923077 0.34375 0.004807692307692308 0.004807692307692308
3 0.49158653846153844 0.296875 0.007211538461538462 0.002403846153846154
3 0.49038461538461536 0.5649038461538461 0.004807692307692308 0.004807692307692308
29 0.49038461538461536 0.3173076923076923 0.02403846153846154 0.019230769230769232
3 0.4855769230769231 0.24519230769230768 0.02403846153846154 0.019230769230769232
6 0.4855769230769231 0.5853365384615384 0.15865384615384615 0.016826923076923076
6 0.4831730769230769 0.6045673076923077 0.15865384615384615 0.016826923076923076
7 0.4831730769230769 0.35096153846153844 0.004807692307692308 0.004807692307692308
3 0.4807692307692308 0.5649038461538461 0.004807692307692308 0.004807692307692308
3 0.4807692307692308 0.5192307692307693 0.004807692307692308 0.004807692307692308
23 0.47836538461538464 0.5552884615384616 0.004807692307692308 0.004807692307692308
6 0.47596153846153844 0.28365384615384615 0.1201923076923077 0.019230769230769232
3 0.4735576923076923 0.5649038461538461 0.004807692307692308 0.004807692307692308
23 0.47115384615384615 0.35096153846153844 0.004807692307692308 0.004807692307692308
3 0.47115384615384615 0.3269230769230769 0.02403846153846154 0.014423076923076924
6 0.4699519230769231 0.19951923076923078 0.05048076923076923 0.052884615384615384
23 0.47115384615384615 0.34375 0.004807692307692308 0.004807692307692308
23 0.46875 0.35096153846153844 0.004807692307692308 0.004807692307692308
23 0.4651442307692308 0.34375 0.002403846153846154 0.004807692307692308
3 0.46634615384615385 0.5649038461538461 0.004807692307692308 0.004807692307692308
9 0.4651442307692308 0.43990384615384615 0.021634615384615384 0.014423076923076924
23 0.4639423076923077 0.35096153846153844 0.004807692307692308 0.004807692307692308
23 0.46033653846153844 0.3485576923076923 0.002403846153846154 0.004807692307692308
3 0.45913461538461536 0.5649038461538461 0.004807692307692308 0.004807692307692308
23 0.4567307692307692 0.3485576923076923 0.004807692307692308 0.004807692307692308
3 0.4543269230769231 0.5192307692307693 0.004807692307692308 0.004807692307692308
14 0.45552884615384615 0.3894230769230769 0.10336538461538461 0.0673076923076923
3 0.4519230769230769 0.5649038461538461 0.004807692307692308 0.004807692307692308
29 0.44711538461538464 0.30528846153846156 0.028846153846153848 0.014423076923076924
6 0.44711538461538464 0.265625 0.02403846153846154 0.016826923076923076
3 0.44471153846153844 0.5649038461538461 0.004807692307692308 0.004807692307692308
3 0.44591346153846156 0.3401442307692308 0.007211538461538462 0.002403846153846154
23 0.4411057692307692 0.5757211538461539 0.007211538461538462 0.002403846153846154
3 0.43990384615384615 0.5649038461538461 0.004807692307692308 0.004807692307692308
23 0.43990384615384615 0.3329326923076923 0.004807692307692308 0.002403846153846154
3 0.43028846153846156 0.5649038461538461 0.004807692307692308 0.004807692307692308
3 0.4266826923076923 0.5204326923076923 0.007211538461538462 0.002403846153846154
3 0.42788461538461536 0.4807692307692308 0.009615384615384616 0.004807692307692308
23 0.4254807692307692 0.3329326923076923 0.009615384615384616 0.002403846153846154
3 0.4254807692307692 0.5649038461538461 0.004807692307692308 0.004807692307692308
3 0.4206730769230769 0.32211538461538464 0.028846153846153848 0.014423076923076924
3 0.4206730769230769 0.5649038461538461 0.004807692307692308 0.004807692307692308
6 0.4110576923076923 0.1971153846153846 0.04807692307692308 0.04326923076923077
3 0.4110576923076923 0.23076923076923078 0.028846153846153848 0.019230769230769232
3 0.40865384615384615 0.5204326923076923 0.009615384615384616 0.002403846153846154
3 0.40625 0.27163461538461536 0.02403846153846154 0.014423076923076924
3 0.40625 0.47836538461538464 0.009615384615384616 0.004807692307692308
23 0.40384615384615385 0.6045673076923077 0.009615384615384616 0.002403846153846154
23 0.40384615384615385 0.6069711538461539 0.009615384615384616 0.002403846153846154
3 0.4014423076923077 0.3269230769230769 0.014423076923076924 0.004807692307692308
3 0.4014423076923077 0.3293269230769231 0.014423076923076924 0.004807692307692308
3 0.39663461538461536 0.5649038461538461 0.019230769230769232 0.014423076923076924
3 0.3918269230769231 0.41466346153846156 0.009615384615384616 0.002403846153846154
3 0.3894230769230769 0.5120192307692307 0.004807692307692308 0.004807692307692308
23 0.38822115384615385 0.33052884615384615 0.007211538461538462 0.002403846153846154
3 0.38822115384615385 0.2512019230769231 0.036057692307692304 0.01201923076923077
23 0.3858173076923077 0.3605769230769231 0.007211538461538462 0.004807692307692308
15 0.38221153846153844 0.4182692307692308 0.014423076923076924 0.004807692307692308
6 0.3798076923076923 0.5360576923076923 0.35096153846153844 0.028846153846153848
3 0.3786057692307692 0.42427884615384615 0.007211538461538462 0.002403846153846154
6 0.3786057692307692 0.5048076923076923 0.3629807692307692 0.009615384615384616
6 0.37259615384615385 0.49038461538461536 0.3701923076923077 0.009615384615384616
3 0.3701923076923077 0.5120192307692307 0.004807692307692308 0.004807692307692308
15 0.3701923076923077 0.33413461538461536 0.009615384615384616 0.004807692307692308
15 0.3701923076923077 0.33653846153846156 0.009615384615384616 0.004807692307692308
3 0.36778846153846156 0.5625 0.02403846153846154 0.014423076923076924
3 0.36538461538461536 0.47596153846153844 0.02403846153846154 0.014423076923076924
3 0.3605769230769231 0.33653846153846156 0.004807692307692308 0.004807692307692308
3 0.3605769230769231 0.5192307692307693 0.004807692307692308 0.004807692307692308
3 0.359375 0.3329326923076923 0.007211538461538462 0.002403846153846154
3 0.359375 0.30288461538461536 0.026442307692307692 0.014423076923076924
3 0.3581730769230769 0.33653846153846156 0.004807692307692308 0.004807692307692308
29 0.3557692307692308 0.5913461538461539 0.009615384615384616 0.009615384615384616
3 0.3473557692307692 0.5132211538461539 0.007211538461538462 0.002403846153846154
3 0.3389423076923077 0.5600961538461539 0.004807692307692308 0.004807692307692308
3 0.33413461538461536 0.3137019230769231 0.028846153846153848 0.01201923076923077
3 0.33413461538461536 0.5204326923076923 0.009615384615384616 0.002403846153846154
3 0.3317307692307692 0.2980769230769231 0.028846153846153848 0.014423076923076924
3 0.328125 0.5925480769230769 0.007211538461538462 0.002403846153846154
3 0.3293269230769231 0.5949519230769231 0.009615384615384616 0.002403846153846154
3 0.3269230769230769 0.5600961538461539 0.009615384615384616 0.004807692307692308
15 0.3245192307692308 0.2764423076923077 0.03365384615384615 0.028846153846153848
3 0.3233173076923077 0.5853365384615384 0.007211538461538462 0.002403846153846154
3 0.3233173076923077 0.5829326923076923 0.007211538461538462 0.002403846153846154
3 0.32211538461538464 0.578125 0.009615384615384616 0.002403846153846154
3 0.3233173076923077 0.5805288461538461 0.007211538461538462 0.002403846153846154
3 0.31971153846153844 0.5877403846153846 0.009615384615384616 0.002403846153846154
3 0.31971153846153844 0.5901442307692307 0.009615384615384616 0.002403846153846154
23 0.31971153846153844 0.44711538461538464 0.004807692307692308 0.004807692307692308
3 0.31971153846153844 0.5600961538461539 0.009615384615384616 0.004807692307692308
3 0.31850961538461536 0.5949519230769231 0.007211538461538462 0.002403846153846154
3 0.31850961538461536 0.5661057692307693 0.007211538461538462 0.002403846153846154
3 0.3173076923076923 0.5817307692307693 0.004807692307692308 0.004807692307692308
23 0.31490384615384615 0.44711538461538464 0.004807692307692308 0.004807692307692308
23 0.3125 0.2536057692307692 0.028846153846153848 0.016826923076923076
3 0.3125 0.5625 0.004807692307692308 0.004807692307692308
3 0.3125 0.23317307692307693 0.028846153846153848 0.014423076923076924
23 0.3125 0.44711538461538464 0.004807692307692308 0.004807692307692308
3 0.3076923076923077 0.5204326923076923 0.009615384615384616 0.002403846153846154
23 0.3076923076923077 0.44711538461538464 0.004807692307692308 0.004807692307692308
3 0.30649038461538464 0.5588942307692307 0.007211538461538462 0.002403846153846154
15 0.30649038461538464 0.5637019230769231 0.007211538461538462 0.002403846153846154
23 0.30528846153846156 0.4543269230769231 0.004807692307692308 0.004807692307692308
23 0.30288461538461536 0.44711538461538464 0.004807692307692308 0.004807692307692308
23 0.3004807692307692 0.44711538461538464 0.004807692307692308 0.004807692307692308
15 0.3004807692307692 0.5625 0.004807692307692308 0.004807692307692308
3 0.2956730769230769 0.5588942307692307 0.009615384615384616 0.002403846153846154
23 0.2956730769230769 0.44711538461538464 0.004807692307692308 0.004807692307692308
23 0.2956730769230769 0.4543269230769231 0.004807692307692308 0.004807692307692308
14 0.2956730769230769 0.5817307692307693 0.028846153846153848 0.02403846153846154
3 0.2920673076923077 0.44711538461538464 0.002403846153846154 0.004807692307692308
6 0.29086538461538464 0.19230769230769232 0.14423076923076922 0.04807692307692308
15 0.28846153846153844 0.2764423076923077 0.03365384615384615 0.028846153846153848
3 0.28846153846153844 0.44711538461538464 0.004807692307692308 0.004807692307692308
3 0.28966346153846156 0.5612980769230769 0.007211538461538462 0.002403846153846154
3 0.28966346153846156 0.5637019230769231 0.007211538461538462 0.002403846153846154
3 0.28846153846153844 0.5588942307692307 0.009615384615384616 0.002403846153846154
23 0.28125 0.44711538461538464 0.004807692307692308 0.004807692307692308
3 0.27884615384615385 0.5673076923076923 0.004807692307692308 0.004807692307692308
3 0.27884615384615385 0.5745192307692307 0.004807692307692308 0.004807692307692308
3 0.2764423076923077 0.5805288461538461 0.009615384615384616 0.002403846153846154
3 0.2776442307692308 0.5877403846153846 0.007211538461538462 0.002403846153846154
3 0.2764423076923077 0.5901442307692307 0.009615384615384616 0.002403846153846154
3 0.2776442307692308 0.5925480769230769 0.007211538461538462 0.002403846153846154
3 0.27524038461538464 0.5588942307692307 0.007211538461538462 0.002403846153846154
3 0.27403846153846156 0.45913461538461536 0.004807692307692308 0.004807692307692308
23 0.27403846153846156 0.44711538461538464 0.004807692307692308 0.004807692307692308
3 0.27283653846153844 0.5757211538461539 0.007211538461538462 0.002403846153846154
3 0.27283653846153844 0.5709134615384616 0.007211538461538462 0.002403846153846154
3 0.27283653846153844 0.5661057692307693 0.007211538461538462 0.002403846153846154
3 0.27283653846153844 0.5685096153846154 0.007211538461538462 0.002403846153846154
3 0.27283653846153844 0.578125 0.007211538461538462 0.002403846153846154
3 0.27283653846153844 0.5180288461538461 0.007211538461538462 0.002403846153846154
3 0.27283653846153844 0.5733173076923077 0.007211538461538462 0.002403846153846154
3 0.27163461538461536 0.45913461538461536 0.004807692307692308 0.004807692307692308
23 0.2692307692307692 0.44711538461538464 0.004807692307692308 0.004807692307692308
3 0.2692307692307692 0.2403846153846154 0.04807692307692308 0.019230769230769232
3 0.2704326923076923 0.5853365384615384 0.007211538461538462 0.002403846153846154
3 0.2704326923076923 0.5829326923076923 0.007211538461538462 0.002403846153846154
3 0.26802884615384615 0.5949519230769231 0.007211538461538462 0.002403846153846154
3 0.2692307692307692 0.5925480769230769 0.009615384615384616 0.002403846153846154
3 0.26802884615384615 0.5901442307692307 0.007211538461538462 0.002403846153846154
3 0.265625 0.5877403846153846 0.007211538461538462 0.002403846153846154
3 0.265625 0.5588942307692307 0.007211538461538462 0.002403846153846154
23 0.25961538461538464 0.45913461538461536 0.004807692307692308 0.004807692307692308
3 0.25961538461538464 0.2824519230769231 0.02403846153846154 0.016826923076923076
14 0.25721153846153844 0.26802884615384615 0.009615384615384616 0.007211538461538462
23 0.25721153846153844 0.45913461538461536 0.004807692307692308 0.004807692307692308
23 0.25600961538461536 0.44711538461538464 0.002403846153846154 0.004807692307692308
23 0.2536057692307692 0.4543269230769231 0.002403846153846154 0.004807692307692308
23 0.2536057692307692 0.45913461538461536 0.002403846153846154 0.004807692307692308
23 0.25240384615384615 0.44711538461538464 0.004807692307692308 0.004807692307692308
14 0.25 0.25240384615384615 0.019230769230769232 0.014423076923076924
23 0.24879807692307693 0.44711538461538464 0.002403846153846154 0.004807692307692308
23 0.24879807692307693 0.4543269230769231 0.002403846153846154 0.004807692307692308
3 0.24759615384615385 0.3076923076923077 0.02403846153846154 0.014423076923076924
23 0.24519230769230768 0.44711538461538464 0.004807692307692308 0.004807692307692308
3 0.2439903846153846 0.5588942307692307 0.007211538461538462 0.002403846153846154
23 0.24278846153846154 0.44711538461538464 0.004807692307692308 0.004807692307692308
3 0.24278846153846154 0.4543269230769231 0.004807692307692308 0.004807692307692308
23 0.23677884615384615 0.4519230769230769 0.002403846153846154 0.004807692307692308
3 0.23798076923076922 0.46153846153846156 0.004807692307692308 0.009615384615384616
3 0.23317307692307693 0.5588942307692307 0.009615384615384616 0.002403846153846154
23 0.23197115384615385 0.4495192307692308 0.002403846153846154 0.004807692307692308
14 0.2283653846153846 0.22716346153846154 0.019230769230769232 0.007211538461538462
3 0.2283653846153846 0.5192307692307693 0.004807692307692308 0.004807692307692308
23 0.22716346153846154 0.44711538461538464 0.002403846153846154 0.004807692307692308
3 0.2247596153846154 0.31490384615384615 0.026442307692307692 0.014423076923076924
15 0.22235576923076922 0.27403846153846156 0.03125 0.028846153846153848
3 0.22235576923076922 0.5588942307692307 0.007211538461538462 0.002403846153846154
23 0.21754807692307693 0.4495192307692308 0.002403846153846154 0.004807692307692308
3 0.2127403846153846 0.5588942307692307 0.007211538461538462 0.002403846153846154
3 0.21153846153846154 0.2956730769230769 0.02403846153846154 0.014423076923076924
14 0.2091346153846154 0.22115384615384615 0.019230769230769232 0.009615384615384616
3 0.2091346153846154 0.47836538461538464 0.004807692307692308 0.004807692307692308
23 0.20673076923076922 0.44711538461538464 0.004807692307692308 0.004807692307692308
14 0.20673076923076922 0.5853365384615384 0.057692307692307696 0.026442307692307692
3 0.20432692307692307 0.47836538461538464 0.004807692307692308 0.004807692307692308
6 0.20432692307692307 0.4675480769230769 0.028846153846153848 0.016826923076923076
3 0.20192307692307693 0.5120192307692307 0.004807692307692308 0.004807692307692308
3 0.20192307692307693 0.5168269230769231 0.004807692307692308 0.004807692307692308
23 0.19951923076923078 0.47836538461538464 0.004807692307692308 0.004807692307692308
3 0.19951923076923078 0.5168269230769231 0.004807692307692308 0.004807692307692308
3 0.19951923076923078 0.5120192307692307 0.004807692307692308 0.004807692307692308
23 0.1971153846153846 0.22596153846153846 0.004807692307692308 0.004807692307692308
23 0.1971153846153846 0.22115384615384615 0.004807692307692308 0.004807692307692308
23 0.19471153846153846 0.5168269230769231 0.004807692307692308 0.004807692307692308
29 0.19471153846153846 0.24278846153846154 0.019230769230769232 0.019230769230769232
3 0.18509615384615385 0.5168269230769231 0.004807692307692308 0.004807692307692308
29 0.18389423076923078 0.2860576923076923 0.026442307692307692 0.009615384615384616
29 0.1814903846153846 0.2644230769230769 0.026442307692307692 0.009615384615384616
15 0.18028846153846154 0.22596153846153846 0.004807692307692308 0.004807692307692308
15 0.17548076923076922 0.22596153846153846 0.004807692307692308 0.004807692307692308
6 0.17548076923076922 0.19591346153846154 0.04326923076923077 0.040865384615384616
29 0.17548076923076922 0.5456730769230769 0.009615384615384616 0.009615384615384616
14 0.171875 0.40384615384615385 0.021634615384615384 0.019230769230769232
15 0.17307692307692307 0.22596153846153846 0.004807692307692308 0.004807692307692308
3 0.16947115384615385 0.21875 0.002403846153846154 0.004807692307692308
14 0.17067307692307693 0.33413461538461536 0.014423076923076924 0.009615384615384616
15 0.16826923076923078 0.22596153846153846 0.004807692307692308 0.004807692307692308
29 0.16826923076923078 0.5012019230769231 0.02403846153846154 0.016826923076923076
29 0.1658653846153846 0.5444711538461539 0.009615384615384616 0.007211538461538462
6 0.1622596153846154 0.5576923076923077 0.016826923076923076 0.014423076923076924
15 0.16105769230769232 0.22115384615384615 0.009615384615384616 0.004807692307692308
7 0.16105769230769232 0.45913461538461536 0.014423076923076924 0.014423076923076924
3 0.78125 0.5576923076923077 0.004807692307692308 0.004807692307692308
23 0.7764423076923077 0.5877403846153846 0.009615384615384616 0.002403846153846154
6 0.7764423076923077 0.2548076923076923 0.019230769230769232 0.02403846153846154
6 0.7752403846153846 0.4567307692307692 0.016826923076923076 0.02403846153846154
6 0.7764423076923077 0.5817307692307693 0.028846153846153848 0.009615384615384616
6 0.7764423076923077 0.5216346153846154 0.02403846153846154 0.019230769230769232
14 0.7752403846153846 0.42788461538461536 0.01201923076923077 0.014423076923076924
6 0.7740384615384616 0.28846153846153844 0.02403846153846154 0.038461538461538464
6 0.7752403846153846 0.6021634615384616 0.016826923076923076 0.021634615384615384
6 0.7740384615384616 0.3918269230769231 0.014423076923076924 0.02403846153846154
3 0.7740384615384616 0.22355769230769232 0.02403846153846154 0.019230769230769232
3 0.7716346153846154 0.23557692307692307 0.028846153846153848 0.014423076923076924
3 0.7692307692307693 0.3389423076923077 0.02403846153846154 0.014423076923076924
23 0.7680288461538461 0.5877403846153846 0.007211538461538462 0.002403846153846154
14 0.7692307692307693 0.3233173076923077 0.02403846153846154 0.016826923076923076
3 0.7668269230769231 0.49759615384615385 0.02403846153846154 0.019230769230769232
3 0.7632211538461539 0.5805288461538461 0.007211538461538462 0.002403846153846154
7 0.7608173076923077 0.6057692307692307 0.007211538461538462 0.004807692307692308
9 0.7608173076923077 0.43509615384615385 0.002403846153846154 0.004807692307692308
23 0.7620192307692307 0.6117788461538461 0.004807692307692308 0.002403846153846154
3 0.7620192307692307 0.5757211538461539 0.004807692307692308 0.002403846153846154
3 0.7584134615384616 0.5877403846153846 0.01201923076923077 0.002403846153846154
3 0.7572115384615384 0.4519230769230769 0.02403846153846154 0.014423076923076924
23 0.7572115384615384 0.5829326923076923 0.009615384615384616 0.002403846153846154
3 0.7548076923076923 0.4519230769230769 0.014423076923076924 0.014423076923076924
14 0.7548076923076923 0.5576923076923077 0.028846153846153848 0.02403846153846154
14 0.7536057692307693 0.22235576923076922 0.021634615384615384 0.01201923076923077
7 0.7487980769230769 0.5805288461538461 0.007211538461538462 0.007211538461538462
3 0.7475961538461539 0.20432692307692307 0.004807692307692308 0.004807692307692308
6 0.7427884615384616 0.6009615384615384 0.009615384615384616 0.019230769230769232
7 0.7403846153846154 0.53125 0.004807692307692308 0.009615384615384616
7 0.7403846153846154 0.5817307692307693 0.004807692307692308 0.004807692307692308
23 0.7415865384615384 0.578125 0.007211538461538462 0.002403846153846154
29 0.7379807692307693 0.5240384615384616 0.009615384615384616 0.009615384615384616
23 0.7379807692307693 0.515625 0.009615384615384616 0.002403846153846154
23 0.7367788461538461 0.5288461538461539 0.002403846153846154 0.004807692307692308
7 0.7379807692307693 0.5096153846153846 0.009615384615384616 0.009615384615384616
6 0.734375 0.3293269230769231 0.021634615384615384 0.14903846153846154
23 0.7307692307692307 0.5300480769230769 0.009615384615384616 0.002403846153846154
23 0.7307692307692307 0.5276442307692307 0.009615384615384616 0.002403846153846154
23 0.7283653846153846 0.5504807692307693 0.004807692307692308 0.004807692307692308
23 0.7295673076923077 0.5552884615384616 0.002403846153846154 0.004807692307692308
23 0.7271634615384616 0.5228365384615384 0.007211538461538462 0.002403846153846154
3 0.7283653846153846 0.40865384615384615 0.004807692307692308 0.004807692307692308
23 0.7271634615384616 0.5252403846153846 0.007211538461538462 0.002403846153846154
23 0.7247596153846154 0.5504807692307693 0.002403846153846154 0.004807692307692308
23 0.7247596153846154 0.5552884615384616 0.002403846153846154 0.004807692307692308
23 0.7235576923076923 0.5444711538461539 0.009615384615384616 0.002403846153846154
23 0.7235576923076923 0.5360576923076923 0.004807692307692308 0.004807692307692308
23 0.7235576923076923 0.21033653846153846 0.009615384615384616 0.002403846153846154
23 0.7223557692307693 0.5504807692307693 0.002403846153846154 0.004807692307692308
23 0.7223557692307693 0.5552884615384616 0.002403846153846154 0.004807692307692308
3 0.7223557692307693 0.2403846153846154 0.016826923076923076 0.009615384615384616
6 0.71875 0.22596153846153846 0.014423076923076924 0.014423076923076924
23 0.71875 0.5504807692307693 0.004807692307692308 0.004807692307692308
23 0.7175480769230769 0.5552884615384616 0.002403846153846154 0.004807692307692308
23 0.71875 0.5252403846153846 0.009615384615384616 0.002403846153846154
23 0.7175480769230769 0.5228365384615384 0.007211538461538462 0.002403846153846154
23 0.7175480769230769 0.5204326923076923 0.007211538461538462 0.002403846153846154
23 0.7175480769230769 0.5132211538461539 0.007211538461538462 0.002403846153846154
23 0.7175480769230769 0.5180288461538461 0.007211538461538462 0.002403846153846154
23 0.7175480769230769 0.515625 0.007211538461538462 0.002403846153846154
23 0.7163461538461539 0.5444711538461539 0.009615384615384616 0.002403846153846154
23 0.7175480769230769 0.5420673076923077 0.007211538461538462 0.002403846153846154
29 0.7163461538461539 0.25721153846153844 0.019230769230769232 0.009615384615384616
3 0.7151442307692307 0.2848557692307692 0.016826923076923076 0.016826923076923076
3 0.7139423076923077 0.5745192307692307 0.004807692307692308 0.004807692307692308
3 0.7115384615384616 0.5745192307692307 0.004807692307692308 0.004807692307692308
14 0.7067307692307693 0.42908653846153844 0.038461538461538464 0.026442307692307692
3 0.7067307692307693 0.38221153846153844 0.014423076923076924 0.019230769230769232
23 0.7067307692307693 0.23076923076923078 0.004807692307692308 0.004807692307692308
3 0.7067307692307693 0.3317307692307692 0.019230769230769232 0.014423076923076924
3 0.7043269230769231 0.5528846153846154 0.004807692307692308 0.004807692307692308
3 0.7043269230769231 0.5745192307692307 0.004807692307692308 0.004807692307692308
23 0.7043269230769231 0.5492788461538461 0.009615384615384616 0.002403846153846154
23 0.703125 0.4891826923076923 0.007211538461538462 0.002403846153846154
23 0.703125 0.48677884615384615 0.007211538461538462 0.002403846153846154
3 0.7019230769230769 0.24519230769230768 0.014423076923076924 0.009615384615384616
3 0.7019230769230769 0.5528846153846154 0.004807692307692308 0.004807692307692308
3 0.7019230769230769 0.21634615384615385 0.014423076923076924 0.004807692307692308
29 0.7019230769230769 0.22355769230769232 0.014423076923076924 0.009615384615384616
3 0.7019230769230769 0.5745192307692307 0.004807692307692308 0.004807692307692308
3 0.6971153846153846 0.23317307692307693 0.019230769230769232 0.009615384615384616