7 0.3473557692307692 0.6298076923076923 0.007211538461538462 0.004807692307692308
7 0.34615384615384615 0.5144230769230769 0.004807692307692308 0.004807692307692308
29 0.35697115384615385 0.6021634615384616 0.03125 0.03125
29 0.35697115384615385 0.5805288461538461 0.03125 0.016826923076923076
23 0.3545673076923077 0.4735576923076923 0.021634615384615384 0.038461538461538464
3 0.34615384615384615 0.27884615384615385 0.052884615384615384 0.038461538461538464
3 0.36177884615384615 0.5637019230769231 0.03125 0.016826923076923076
29 0.35697115384615385 0.5108173076923077 0.03125 0.03125
3 0.36658653846153844 0.6454326923076923 0.055288461538461536 0.036057692307692304
23 0.36658653846153844 0.6225961538461539 0.01201923076923077 0.004807692307692308
6 0.3449519230769231 0.22716346153846154 0.026442307692307692 0.026442307692307692
3 0.36899038461538464 0.6790865384615384 0.055288461538461536 0.036057692307692304
3 0.35336538461538464 0.3449519230769231 0.04807692307692308 0.036057692307692304
3 0.3629807692307692 0.5492788461538461 0.03365384615384615 0.016826923076923076
3 0.3485576923076923 0.2091346153846154 0.019230769230769232 0.004807692307692308
3 0.3485576923076923 0.20432692307692307 0.019230769230769232 0.004807692307692308
3 0.3557692307692308 0.24639423076923078 0.057692307692307696 0.026442307692307692
7 0.375 0.5817307692307693 0.004807692307692308 0.004807692307692308
29 0.37740384615384615 0.5372596153846154 0.03365384615384615 0.021634615384615384
3 0.36658653846153844 0.3088942307692308 0.055288461538461536 0.036057692307692304
23 0.3798076923076923 0.5745192307692307 0.004807692307692308 0.004807692307692308
23 0.3762019230769231 0.4735576923076923 0.021634615384615384 0.038461538461538464
3 0.3713942307692308 0.3786057692307692 0.05048076923076923 0.036057692307692304
29 0.38822115384615385 0.6009615384615384 0.03125 0.028846153846153848
23 0.3786057692307692 0.43990384615384615 0.016826923076923076 0.02403846153846154
15 0.3870192307692308 0.5829326923076923 0.004807692307692308 0.007211538461538462
23 0.3870192307692308 0.5757211538461539 0.004807692307692308 0.007211538461538462
14 0.3870192307692308 0.5564903846153846 0.02403846153846154 0.01201923076923077
7 0.3894230769230769 0.5649038461538461 0.014423076923076924 0.004807692307692308
23 0.3918269230769231 0.5745192307692307 0.004807692307692308 0.004807692307692308
15 0.3942307692307692 0.5841346153846154 0.004807692307692308 0.009615384615384616
23 0.3870192307692308 0.43149038461538464 0.004807692307692308 0.007211538461538462
23 0.390625 0.47596153846153844 0.01201923076923077 0.03365384615384615
3 0.3870192307692308 0.40625 0.004807692307692308 0.009615384615384616
23 0.39663461538461536 0.5300480769230769 0.004807692307692308 0.007211538461538462
23 0.39663461538461536 0.5216346153846154 0.004807692307692308 0.004807692307692308
23 0.39663461538461536 0.5384615384615384 0.004807692307692308 0.004807692307692308
23 0.3918269230769231 0.4326923076923077 0.004807692307692308 0.009615384615384616
23 0.4014423076923077 0.5685096153846154 0.004807692307692308 0.007211538461538462
23 0.39903846153846156 0.4963942307692308 0.009615384615384616 0.002403846153846154
14 0.40024038461538464 0.5072115384615384 0.01201923076923077 0.009615384615384616
3 0.4014423076923077 0.5 0.009615384615384616 0.004807692307692308
23 0.40384615384615385 0.5432692307692307 0.009615384615384616 0.004807692307692308
7 0.4014423076923077 0.49278846153846156 0.004807692307692308 0.004807692307692308
3 0.40625 0.5552884615384616 0.009615384615384616 0.009615384615384616
23 0.39663461538461536 0.3918269230769231 0.004807692307692308 0.004807692307692308
23 0.40865384615384615 0.515625 0.009615384615384616 0.002403846153846154
23 0.40865384615384615 0.5360576923076923 0.009615384615384616 0.004807692307692308
3 0.4170673076923077 0.6754807692307693 0.021634615384615384 0.014423076923076924
14 0.40384615384615385 0.41466346153846156 0.02403846153846154 0.021634615384615384
6 0.39302884615384615 0.21754807692307693 0.016826923076923076 0.040865384615384616
7 0.4026442307692308 0.39903846153846156 0.016826923076923076 0.004807692307692308
7 0.40384615384615385 0.3918269230769231 0.004807692307692308 0.004807692307692308
7 0.40625 0.42788461538461536 0.014423076923076924 0.004807692307692308
23 0.41346153846153844 0.5588942307692307 0.004807692307692308 0.007211538461538462
3 0.39903846153846156 0.24759615384615385 0.038461538461538464 0.028846153846153848
23 0.40625 0.36778846153846156 0.004807692307692308 0.004807692307692308
7 0.40865384615384615 0.390625 0.004807692307692308 0.007211538461538462
23 0.40865384615384615 0.38221153846153844 0.004807692307692308 0.004807692307692308
23 0.40625 0.375 0.004807692307692308 0.004807692307692308
7 0.4050480769230769 0.27884615384615385 0.016826923076923076 0.019230769230769232
15 0.4182692307692308 0.5432692307692307 0.019230769230769232 0.004807692307692308
23 0.4206730769230769 0.5360576923076923 0.009615384615384616 0.004807692307692308
7 0.40865384615384615 0.296875 0.028846153846153848 0.021634615384615384
7 0.4074519230769231 0.21634615384615385 0.007211538461538462 0.014423076923076924
23 0.41586538461538464 0.39783653846153844 0.004807692307692308 0.007211538461538462
7 0.4074519230769231 0.20432692307692307 0.007211538461538462 0.004807692307692308
29 0.42908653846153844 0.6490384615384616 0.040865384615384616 0.02403846153846154
15 0.4074519230769231 0.23076923076923078 0.007211538461538462 0.009615384615384616
23 0.4110576923076923 0.2668269230769231 0.009615384615384616 0.004807692307692308
7 0.4254807692307692 0.5504807692307693 0.009615384615384616 0.009615384615384616
15 0.40865384615384615 0.19230769230769232 0.009615384615384616 0.014423076923076924
3 0.4338942307692308 0.6237980769230769 0.05048076923076923 0.036057692307692304
3 0.41586538461538464 0.22355769230769232 0.004807692307692308 0.009615384615384616
3 0.4254807692307692 0.4074519230769231 0.009615384615384616 0.007211538461538462
3 0.4375 0.5877403846153846 0.052884615384615384 0.040865384615384616
3 0.42788461538461536 0.4182692307692308 0.009615384615384616 0.009615384615384616
23 0.4206730769230769 0.2704326923076923 0.004807692307692308 0.007211538461538462
23 0.42908653846153844 0.43028846153846156 0.016826923076923076 0.004807692307692308
23 0.42788461538461536 0.4254807692307692 0.019230769230769232 0.004807692307692308
23 0.4423076923076923 0.6730769230769231 0.009615384615384616 0.004807692307692308
23 0.4423076923076923 0.6802884615384616 0.009615384615384616 0.004807692307692308
23 0.4423076923076923 0.6766826923076923 0.009615384615384616 0.002403846153846154
23 0.4423076923076923 0.6826923076923077 0.009615384615384616 0.004807692307692308
7 0.43509615384615385 0.5528846153846154 0.009615384615384616 0.009615384615384616
15 0.4182692307692308 0.21153846153846154 0.009615384615384616 0.009615384615384616
15 0.4266826923076923 0.31850961538461536 0.040865384615384616 0.026442307692307692
15 0.43149038461538464 0.3762019230769231 0.040865384615384616 0.026442307692307692
15 0.42908653846153844 0.34975961538461536 0.040865384615384616 0.026442307692307692
23 0.4254807692307692 0.2403846153846154 0.009615384615384616 0.004807692307692308
23 0.43028846153846156 0.2848557692307692 0.004807692307692308 0.007211538461538462
23 0.4254807692307692 0.23557692307692307 0.009615384615384616 0.004807692307692308
15 0.4387019230769231 0.47475961538461536 0.036057692307692304 0.026442307692307692
23 0.43509615384615385 0.4182692307692308 0.009615384615384616 0.004807692307692308
7 0.43509615384615385 0.39663461538461536 0.019230769230769232 0.004807692307692308
6 0.45072115384615385 0.6947115384615384 0.06971153846153846 0.014423076923076924
15 0.4387019230769231 0.44591346153846156 0.040865384615384616 0.026442307692307692
23 0.43509615384615385 0.40865384615384615 0.009615384615384616 0.004807692307692308
23 0.43509615384615385 0.41586538461538464 0.009615384615384616 0.004807692307692308
23 0.43509615384615385 0.40625 0.009615384615384616 0.004807692307692308
3 0.43028846153846156 0.2668269230769231 0.014423076923076924 0.004807692307692308
15 0.4423076923076923 0.5036057692307693 0.038461538461538464 0.026442307692307692
15 0.4519230769230769 0.65625 0.009615384615384616 0.004807692307692308
7 0.4326923076923077 0.2764423076923077 0.019230769230769232 0.004807692307692308
7 0.4387019230769231 0.29086538461538464 0.016826923076923076 0.004807692307692308
23 0.45552884615384615 0.6334134615384616 0.007211538461538462 0.002403846153846154
3 0.44471153846153844 0.41586538461538464 0.009615384615384616 0.009615384615384616
3 0.44471153846153844 0.40625 0.009615384615384616 0.009615384615384616
3 0.4375 0.28125 0.009615384615384616 0.009615384615384616
23 0.4579326923076923 0.6382211538461539 0.007211538461538462 0.002403846153846154
14 0.45913461538461536 0.6754807692307693 0.019230769230769232 0.009615384615384616
14 0.4375 0.25240384615384615 0.028846153846153848 0.019230769230769232
3 0.46153846153846156 0.6850961538461539 0.009615384615384616 0.004807692307692308
3 0.4362980769230769 0.21514423076923078 0.021634615384615384 0.016826923076923076
23 0.4579326923076923 0.6298076923076923 0.007211538461538462 0.004807692307692308
7 0.4543269230769231 0.5360576923076923 0.014423076923076924 0.019230769230769232
3 0.4375 0.19831730769230768 0.02403846153846154 0.016826923076923076
3 0.4651442307692308 0.6598557692307693 0.01201923076923077 0.002403846153846154
3 0.44591346153846156 0.2644230769230769 0.01201923076923077 0.004807692307692308
23 0.4519230769230769 0.39903846153846156 0.004807692307692308 0.009615384615384616
7 0.453125 0.41225961538461536 0.007211538461538462 0.01201923076923077
23 0.44711538461538464 0.27884615384615385 0.009615384615384616 0.004807692307692308
23 0.44711538461538464 0.27403846153846156 0.009615384615384616 0.004807692307692308
23 0.46634615384615385 0.6298076923076923 0.004807692307692308 0.004807692307692308
23 0.46634615384615385 0.625 0.009615384615384616 0.004807692307692308
15 0.4675480769230769 0.6346153846153846 0.01201923076923077 0.004807692307692308
7 0.46875 0.6177884615384616 0.004807692307692308 0.009615384615384616
29 0.47596153846153844 0.6454326923076923 0.038461538461538464 0.021634615384615384
23 0.4807692307692308 0.6117788461538461 0.004807692307692308 0.007211538461538462
29 0.4807692307692308 0.625 0.009615384615384616 0.009615384615384616
23 0.4807692307692308 0.6322115384615384 0.009615384615384616 0.004807692307692308
23 0.4855769230769231 0.6826923076923077 0.009615384615384616 0.004807692307692308
23 0.4831730769230769 0.6730769230769231 0.009615384615384616 0.004807692307692308
29 0.4891826923076923 0.6153846153846154 0.01201923076923077 0.009615384615384616
23 0.49038461538461536 0.6237980769230769 0.004807692307692308 0.007211538461538462
23 0.4951923076923077 0.6310096153846154 0.009615384615384616 0.002403846153846154
23 0.4951923076923077 0.6237980769230769 0.004807692307692308 0.007211538461538462
6 0.5072115384615384 0.6935096153846154 0.019230769230769232 0.007211538461538462
3 0.5060096153846154 0.6298076923076923 0.01201923076923077 0.004807692307692308
3 0.5048076923076923 0.6153846153846154 0.014423076923076924 0.004807692307692308
3 0.5084134615384616 0.6694711538461539 0.036057692307692304 0.026442307692307692
14 0.5168269230769231 0.640625 0.028846153846153848 0.016826923076923076
7 0.5168269230769231 0.6165865384615384 0.009615384615384616 0.01201923076923077
23 0.5216346153846154 0.6526442307692307 0.009615384615384616 0.002403846153846154
7 0.5240384615384616 0.6274038461538461 0.014423076923076924 0.004807692307692308
23 0.5264423076923077 0.6129807692307693 0.009615384615384616 0.004807692307692308
15 0.53125 0.6790865384615384 0.009615384615384616 0.01201923076923077
23 0.53125 0.6201923076923077 0.004807692307692308 0.004807692307692308
7 0.5336538461538461 0.6694711538461539 0.004807692307692308 0.007211538461538462
23 0.5336538461538461 0.6538461538461539 0.004807692307692308 0.004807692307692308
23 0.5384615384615384 0.6778846153846154 0.004807692307692308 0.004807692307692308
3 0.5420673076923077 0.6826923076923077 0.01201923076923077 0.004807692307692308
3 0.5396634615384616 0.6370192307692307 0.007211538461538462 0.009615384615384616
23 0.5408653846153846 0.6274038461538461 0.004807692307692308 0.009615384615384616
7 0.5396634615384616 0.6141826923076923 0.007211538461538462 0.01201923076923077
29 0.5408653846153846 0.6682692307692307 0.009615384615384616 0.004807692307692308
7 0.5432692307692307 0.65625 0.009615384615384616 0.009615384615384616
23 0.5456730769230769 0.6754807692307693 0.004807692307692308 0.004807692307692308
3 0.5480769230769231 0.6225961538461539 0.004807692307692308 0.009615384615384616
7 0.5504807692307693 0.6586538461538461 0.004807692307692308 0.009615384615384616
7 0.5492788461538461 0.6105769230769231 0.007211538461538462 0.009615384615384616
14 0.5552884615384616 0.6790865384615384 0.014423076923076924 0.016826923076923076
7 0.5576923076923077 0.6586538461538461 0.004807692307692308 0.009615384615384616
23 0.5576923076923077 0.6658653846153846 0.009615384615384616 0.004807692307692308
23 0.5552884615384616 0.6117788461538461 0.004807692307692308 0.007211538461538462
23 0.5600961538461539 0.6117788461538461 0.004807692307692308 0.007211538461538462
29 0.5625 0.6334134615384616 0.03365384615384615 0.03125
15 0.5625 0.6033653846153846 0.004807692307692308 0.009615384615384616
23 0.5649038461538461 0.6706730769230769 0.004807692307692308 0.004807692307692308
7 0.5673076923076923 0.6887019230769231 0.004807692307692308 0.007211538461538462
23 0.5673076923076923 0.6778846153846154 0.004807692307692308 0.004807692307692308
7 0.5444711538461539 0.21754807692307693 0.026442307692307692 0.026442307692307692
23 0.5685096153846154 0.6538461538461539 0.01201923076923077 0.004807692307692308
23 0.5697115384615384 0.6610576923076923 0.009615384615384616 0.004807692307692308
23 0.5697115384615384 0.6586538461538461 0.009615384615384616 0.004807692307692308
23 0.5673076923076923 0.6081730769230769 0.004807692307692308 0.004807692307692308
15 0.5685096153846154 0.6153846153846154 0.007211538461538462 0.009615384615384616
3 0.5721153846153846 0.6706730769230769 0.004807692307692308 0.004807692307692308
29 0.5709134615384616 0.5853365384615384 0.03125 0.03125
7 0.5564903846153846 0.3317307692307692 0.021634615384615384 0.02403846153846154
23 0.5721153846153846 0.6081730769230769 0.004807692307692308 0.004807692307692308
7 0.5793269230769231 0.6057692307692307 0.004807692307692308 0.009615384615384616
23 0.5576923076923077 0.17067307692307693 0.004807692307692308 0.004807692307692308
23 0.5552884615384616 0.16346153846153846 0.004807692307692308 0.004807692307692308
15 0.5817307692307693 0.6370192307692307 0.009615384615384616 0.009615384615384616
3 0.5889423076923077 0.5913461538461539 0.004807692307692308 0.009615384615384616
3 0.5793269230769231 0.4110576923076923 0.009615384615384616 0.009615384615384616
6 0.5817307692307693 0.22716346153846154 0.038461538461538464 0.07932692307692307
6 0.5925480769230769 0.3641826923076923 0.036057692307692304 0.07932692307692307
6 0.6009615384615384 0.5012019230769231 0.038461538461538464 0.07932692307692307
6 0.609375 0.6346153846153846 0.036057692307692304 0.07692307692307693