16 0.6646634615384616 0.625 0.03125 0.019230769230769232
3 0.6610576923076923 0.5949519230769231 0.014423076923076924 0.01201923076923077
7 0.6490384615384616 0.49278846153846156 0.009615384615384616 0.004807692307692308
23 0.6370192307692307 0.41346153846153844 0.009615384615384616 0.004807692307692308
3 0.6466346153846154 0.5805288461538461 0.019230769230769232 0.01201923076923077
3 0.6418269230769231 0.5997596153846154 0.014423076923076924 0.01201923076923077
23 0.6322115384615384 0.5697115384615384 0.009615384615384616 0.004807692307692308
3 0.6225961538461539 0.6454326923076923 0.014423076923076924 0.01201923076923077
6 0.5901442307692307 0.35096153846153844 0.05048076923076923 0.019230769230769232
3 0.6117788461538461 0.6021634615384616 0.016826923076923076 0.01201923076923077
7 0.6057692307692307 0.5649038461538461 0.004807692307692308 0.004807692307692308
15 0.5997596153846154 0.5877403846153846 0.036057692307692304 0.016826923076923076
25 0.5985576923076923 0.6310096153846154 0.019230769230769232 0.01201923076923077
29 0.5877403846153846 0.5757211538461539 0.01201923076923077 0.007211538461538462
3 0.5685096153846154 0.578125 0.01201923076923077 0.01201923076923077
7 0.5649038461538461 0.5709134615384616 0.009615384615384616 0.002403846153846154
23 0.5697115384615384 0.625 0.009615384615384616 0.004807692307692308
23 0.5673076923076923 0.6201923076923077 0.009615384615384616 0.004807692307692308
3 0.5528846153846154 0.5829326923076923 0.014423076923076924 0.01201923076923077
29 0.5336538461538461 0.39302884615384615 0.014423076923076924 0.01201923076923077
23 0.53125 0.41225961538461536 0.004807692307692308 0.007211538461538462
23 0.5264423076923077 0.41225961538461536 0.004807692307692308 0.007211538461538462
29 0.5216346153846154 0.39302884615384615 0.014423076923076924 0.01201923076923077
23 0.5408653846153846 0.6105769230769231 0.004807692307692308 0.009615384615384616
6 0.5420673076923077 0.6574519230769231 0.11298076923076923 0.036057692307692304
23 0.5120192307692307 0.4074519230769231 0.019230769230769232 0.016826923076923076
29 0.5108173076923077 0.3954326923076923 0.01201923076923077 0.01201923076923077
23 0.5336538461538461 0.6117788461538461 0.004807692307692308 0.007211538461538462
15 0.515625 0.4963942307692308 0.026442307692307692 0.016826923076923076
23 0.5072115384615384 0.4266826923076923 0.014423076923076924 0.01201923076923077
7 0.5216346153846154 0.5721153846153846 0.009615384615384616 0.004807692307692308
23 0.5264423076923077 0.6117788461538461 0.004807692307692308 0.007211538461538462
29 0.5 0.3954326923076923 0.014423076923076924 0.01201923076923077
23 0.49759615384615385 0.4699519230769231 0.014423076923076924 0.01201923076923077
7 0.5048076923076923 0.5420673076923077 0.004807692307692308 0.007211538461538462
23 0.4879807692307692 0.3870192307692308 0.009615384615384616 0.004807692307692308
23 0.4879807692307692 0.39783653846153844 0.004807692307692308 0.007211538461538462
29 0.48677884615384615 0.4182692307692308 0.007211538461538462 0.009615384615384616
23 0.4807692307692308 0.39783653846153844 0.004807692307692308 0.007211538461538462
23 0.49759615384615385 0.5877403846153846 0.009615384615384616 0.01201923076923077
7 0.47836538461538464 0.4182692307692308 0.004807692307692308 0.004807692307692308
7 0.47836538461538464 0.4362980769230769 0.004807692307692308 0.007211538461538462
7 0.4723557692307692 0.47716346153846156 0.01201923076923077 0.007211538461538462
25 0.4723557692307692 0.4951923076923077 0.016826923076923076 0.014423076923076924
25 0.47836538461538464 0.5456730769230769 0.019230769230769232 0.014423076923076924
25 0.46634615384615385 0.4483173076923077 0.019230769230769232 0.01201923076923077
25 0.46033653846153844 0.40384615384615385 0.016826923076923076 0.014423076923076924
3 0.47115384615384615 0.5685096153846154 0.014423076923076924 0.01201923076923077
6 0.4387019230769231 0.26322115384615385 0.01201923076923077 0.01201923076923077
7 0.4375 0.31009615384615385 0.009615384615384616 0.004807692307692308
7 0.4375 0.30528846153846156 0.009615384615384616 0.004807692307692308
23 0.45072115384615385 0.5925480769230769 0.01201923076923077 0.007211538461538462
23 0.44711538461538464 0.6165865384615384 0.004807692307692308 0.007211538461538462
7 0.4110576923076923 0.3016826923076923 0.004807692307692308 0.007211538461538462
23 0.43990384615384615 0.6141826923076923 0.004807692307692308 0.007211538461538462
23 0.40865384615384615 0.3269230769230769 0.009615384615384616 0.004807692307692308
25 0.42788461538461536 0.5769230769230769 0.019230769230769232 0.014423076923076924
25 0.4230769230769231 0.5396634615384616 0.019230769230769232 0.01201923076923077
25 0.40625 0.38461538461538464 0.019230769230769232 0.014423076923076924
25 0.40865384615384615 0.4182692307692308 0.019230769230769232 0.014423076923076924
25 0.4182692307692308 0.5036057692307693 0.019230769230769232 0.016826923076923076
25 0.41466346153846156 0.4699519230769231 0.016826923076923076 0.01201923076923077
25 0.39783653846153844 0.3389423076923077 0.016826923076923076 0.014423076923076924
25 0.3918269230769231 0.30408653846153844 0.014423076923076924 0.01201923076923077
25 0.3870192307692308 0.26802884615384615 0.019230769230769232 0.016826923076923076
3 0.4026442307692308 0.5204326923076923 0.03125 0.016826923076923076
3 0.40625 0.5817307692307693 0.014423076923076924 0.014423076923076924
23 0.4110576923076923 0.6502403846153846 0.004807692307692308 0.007211538461538462
7 0.375 0.33533653846153844 0.004807692307692308 0.007211538461538462
3 0.39663461538461536 0.5673076923076923 0.019230769230769232 0.014423076923076924
7 0.36778846153846156 0.33774038461538464 0.004807692307692308 0.007211538461538462
7 0.3629807692307692 0.36538461538461536 0.004807692307692308 0.004807692307692308
16 0.38461538461538464 0.6225961538461539 0.028846153846153848 0.019230769230769232
16 0.38100961538461536 0.5865384615384616 0.03125 0.019230769230769232
25 0.3473557692307692 0.30649038461538464 0.016826923076923076 0.016826923076923076
3 0.36177884615384615 0.53125 0.016826923076923076 0.014423076923076924
25 0.3449519230769231 0.40024038461538464 0.016826923076923076 0.01201923076923077
25 0.3389423076923077 0.3701923076923077 0.014423076923076924 0.014423076923076924
3 0.359375 0.5829326923076923 0.01201923076923077 0.01201923076923077
3 0.3557692307692308 0.5685096153846154 0.014423076923076924 0.01201923076923077