7 0.6009615384615384 0.328125 0.004807692307692308 0.007211538461538462
7 0.4855769230769231 0.34615384615384615 0.004807692307692308 0.004807692307692308
29 0.5757211538461539 0.3425480769230769 0.03125 0.03125
29 0.5552884615384616 0.34615384615384615 0.019230769230769232 0.03365384615384615
23 0.45072115384615385 0.3605769230769231 0.040865384615384616 0.02403846153846154
3 0.25600961538461536 0.3858173076923077 0.040865384615384616 0.055288461538461536
3 0.5384615384615384 0.35096153846153844 0.019230769230769232 0.03365384615384615
29 0.484375 0.359375 0.03125 0.03125
3 0.6189903846153846 0.34375 0.040865384615384616 0.057692307692307696
23 0.5973557692307693 0.3473557692307692 0.007211538461538462 0.01201923076923077
6 0.203125 0.3954326923076923 0.026442307692307692 0.026442307692307692
3 0.6526442307692307 0.34134615384615385 0.040865384615384616 0.057692307692307696
3 0.32211538461538464 0.38100961538461536 0.038461538461538464 0.05048076923076923
3 0.5240384615384616 0.35697115384615385 0.019230769230769232 0.036057692307692304
3 0.18870192307692307 0.4014423076923077 0.007211538461538462 0.019230769230769232
3 0.1814903846153846 0.40384615384615385 0.007211538461538462 0.019230769230769232
3 0.2247596153846154 0.4026442307692308 0.03125 0.06009615384615385
7 0.5576923076923077 0.3629807692307692 0.004807692307692308 0.004807692307692308
29 0.5168269230769231 0.3713942307692308 0.02403846153846154 0.036057692307692304
3 0.28966346153846156 0.4014423076923077 0.040865384615384616 0.057692307692307696
23 0.5528846153846154 0.3701923076923077 0.004807692307692308 0.004807692307692308
23 0.453125 0.38221153846153844 0.040865384615384616 0.02403846153846154
3 0.3581730769230769 0.3942307692307692 0.038461538461538464 0.052884615384615384
29 0.5793269230769231 0.3713942307692308 0.028846153846153848 0.03125
23 0.41947115384615385 0.390625 0.026442307692307692 0.016826923076923076
15 0.5637019230769231 0.375 0.007211538461538462 0.004807692307692308
23 0.5540865384615384 0.375 0.007211538461538462 0.004807692307692308
14 0.5348557692307693 0.3798076923076923 0.01201923076923077 0.02403846153846154
7 0.5444711538461539 0.3798076923076923 0.007211538461538462 0.014423076923076924
23 0.5552884615384616 0.38221153846153844 0.004807692307692308 0.004807692307692308
15 0.5625 0.38221153846153844 0.009615384615384616 0.004807692307692308
23 0.41225961538461536 0.39903846153846156 0.007211538461538462 0.004807692307692308
23 0.4567307692307692 0.39663461538461536 0.03365384615384615 0.014423076923076924
3 0.3870192307692308 0.40625 0.009615384615384616 0.004807692307692308
23 0.5108173076923077 0.3918269230769231 0.007211538461538462 0.004807692307692308
23 0.5024038461538461 0.3942307692307692 0.004807692307692308 0.004807692307692308
23 0.5192307692307693 0.3918269230769231 0.004807692307692308 0.004807692307692308
23 0.41586538461538464 0.40625 0.009615384615384616 0.004807692307692308
23 0.5492788461538461 0.3894230769230769 0.007211538461538462 0.004807692307692308
23 0.4795673076923077 0.4014423076923077 0.002403846153846154 0.009615384615384616
14 0.4891826923076923 0.40024038461538464 0.01201923076923077 0.01201923076923077
3 0.4831730769230769 0.4014423076923077 0.004807692307692308 0.009615384615384616
23 0.5264423076923077 0.39663461538461536 0.004807692307692308 0.009615384615384616
7 0.47596153846153844 0.40384615384615385 0.004807692307692308 0.004807692307692308
3 0.5384615384615384 0.39663461538461536 0.009615384615384616 0.009615384615384616
23 0.375 0.4182692307692308 0.004807692307692308 0.004807692307692308
23 0.4987980769230769 0.40625 0.002403846153846154 0.009615384615384616
23 0.5192307692307693 0.40384615384615385 0.004807692307692308 0.009615384615384616
3 0.6598557692307693 0.3870192307692308 0.016826923076923076 0.02403846153846154
14 0.40024038461538464 0.41947115384615385 0.021634615384615384 0.026442307692307692
6 0.20432692307692307 0.44471153846153844 0.04326923076923077 0.019230769230769232
7 0.38341346153846156 0.421875 0.007211538461538462 0.016826923076923076
7 0.37740384615384615 0.4230769230769231 0.004807692307692308 0.004807692307692308
7 0.41225961538461536 0.4182692307692308 0.007211538461538462 0.014423076923076924
23 0.5420673076923077 0.40384615384615385 0.007211538461538462 0.004807692307692308
3 0.234375 0.44471153846153844 0.03125 0.038461538461538464
23 0.35336538461538464 0.43028846153846156 0.004807692307692308 0.004807692307692308
7 0.3762019230769231 0.42788461538461536 0.007211538461538462 0.004807692307692308
23 0.36778846153846156 0.43028846153846156 0.004807692307692308 0.004807692307692308
23 0.3605769230769231 0.43028846153846156 0.004807692307692308 0.004807692307692308
7 0.265625 0.44471153846153844 0.021634615384615384 0.019230769230769232
15 0.5276442307692307 0.41346153846153844 0.007211538461538462 0.019230769230769232
23 0.5216346153846154 0.41586538461538464 0.004807692307692308 0.009615384615384616
7 0.2848557692307692 0.44591346153846156 0.021634615384615384 0.03125
7 0.20432692307692307 0.45913461538461536 0.014423076923076924 0.009615384615384616
23 0.3858173076923077 0.43509615384615385 0.007211538461538462 0.004807692307692308
7 0.19230769230769232 0.46033653846153844 0.004807692307692308 0.007211538461538462
29 0.6334134615384616 0.40625 0.026442307692307692 0.04326923076923077
15 0.21875 0.45552884615384615 0.009615384615384616 0.007211538461538462
23 0.2548076923076923 0.4543269230769231 0.004807692307692308 0.009615384615384616
7 0.5384615384615384 0.4182692307692308 0.009615384615384616 0.009615384615384616
15 0.18028846153846154 0.46274038461538464 0.014423076923076924 0.01201923076923077
3 0.6105769230769231 0.41346153846153844 0.038461538461538464 0.052884615384615384
3 0.21394230769230768 0.46634615384615385 0.009615384615384616 0.004807692307692308
3 0.39783653846153844 0.4423076923076923 0.007211538461538462 0.009615384615384616
3 0.5769230769230769 0.421875 0.04326923076923077 0.055288461538461536
3 0.40865384615384615 0.4423076923076923 0.009615384615384616 0.009615384615384616
23 0.2608173076923077 0.46153846153846156 0.007211538461538462 0.004807692307692308
23 0.41947115384615385 0.4411057692307692 0.007211538461538462 0.016826923076923076
23 0.41466346153846156 0.4423076923076923 0.007211538461538462 0.019230769230769232
23 0.6586538461538461 0.41346153846153844 0.004807692307692308 0.009615384615384616
23 0.6658653846153846 0.41346153846153844 0.004807692307692308 0.009615384615384616
23 0.6622596153846154 0.41346153846153844 0.002403846153846154 0.009615384615384616
23 0.6706730769230769 0.4110576923076923 0.004807692307692308 0.009615384615384616
7 0.5408653846153846 0.42788461538461536 0.009615384615384616 0.009615384615384616
15 0.20192307692307693 0.47115384615384615 0.009615384615384616 0.009615384615384616
15 0.3076923076923077 0.46033653846153844 0.028846153846153848 0.040865384615384616
15 0.36538461538461536 0.453125 0.028846153846153848 0.040865384615384616
15 0.3389423076923077 0.4579326923076923 0.028846153846153848 0.040865384615384616
23 0.23076923076923078 0.47115384615384615 0.004807692307692308 0.009615384615384616
23 0.27524038461538464 0.46875 0.007211538461538462 0.004807692307692308
23 0.22596153846153846 0.4735576923076923 0.004807692307692308 0.009615384615384616
15 0.4639423076923077 0.44350961538461536 0.028846153846153848 0.036057692307692304
23 0.40865384615384615 0.4519230769230769 0.004807692307692308 0.009615384615384616
7 0.38822115384615385 0.4543269230769231 0.007211538461538462 0.019230769230769232
6 0.6850961538461539 0.4170673076923077 0.019230769230769232 0.06971153846153846
15 0.43509615384615385 0.4483173076923077 0.028846153846153848 0.040865384615384616
23 0.39903846153846156 0.4519230769230769 0.004807692307692308 0.009615384615384616
23 0.40384615384615385 0.4519230769230769 0.004807692307692308 0.009615384615384616
23 0.39663461538461536 0.4519230769230769 0.004807692307692308 0.009615384615384616
3 0.25841346153846156 0.47115384615384615 0.007211538461538462 0.014423076923076924
15 0.49278846153846156 0.4423076923076923 0.028846153846153848 0.038461538461538464
15 0.6466346153846154 0.4254807692307692 0.004807692307692308 0.009615384615384616
7 0.26802884615384615 0.4735576923076923 0.007211538461538462 0.019230769230769232
7 0.2848557692307692 0.47475961538461536 0.007211538461538462 0.016826923076923076
23 0.6237980769230769 0.4338942307692308 0.002403846153846154 0.007211538461538462
3 0.40865384615384615 0.45913461538461536 0.009615384615384616 0.009615384615384616
3 0.39903846153846156 0.46153846153846156 0.009615384615384616 0.009615384615384616
3 0.27403846153846156 0.47836538461538464 0.009615384615384616 0.009615384615384616
23 0.6286057692307693 0.4338942307692308 0.002403846153846154 0.007211538461538462
14 0.6670673076923077 0.43028846153846156 0.01201923076923077 0.019230769230769232
14 0.24519230769230768 0.48197115384615385 0.019230769230769232 0.03125
3 0.6754807692307693 0.43028846153846156 0.004807692307692308 0.009615384615384616
3 0.2091346153846154 0.4855769230769231 0.019230769230769232 0.02403846153846154
23 0.6201923076923077 0.4362980769230769 0.004807692307692308 0.007211538461538462
7 0.5276442307692307 0.4483173076923077 0.021634615384615384 0.016826923076923076
3 0.1935096153846154 0.4891826923076923 0.016826923076923076 0.026442307692307692
3 0.6514423076923077 0.4362980769230769 0.004807692307692308 0.01201923076923077
3 0.25841346153846156 0.48677884615384615 0.007211538461538462 0.01201923076923077
23 0.3918269230769231 0.47115384615384615 0.009615384615384616 0.004807692307692308
7 0.4050480769230769 0.47115384615384615 0.01201923076923077 0.009615384615384616
23 0.27163461538461536 0.4855769230769231 0.004807692307692308 0.009615384615384616
23 0.2692307692307692 0.4855769230769231 0.004807692307692308 0.009615384615384616
23 0.6201923076923077 0.44471153846153844 0.004807692307692308 0.004807692307692308
23 0.6177884615384616 0.44711538461538464 0.004807692307692308 0.009615384615384616
15 0.6262019230769231 0.44591346153846156 0.007211538461538462 0.01201923076923077
7 0.6105769230769231 0.4495192307692308 0.009615384615384616 0.004807692307692308
29 0.6394230769230769 0.453125 0.02403846153846154 0.040865384615384616
23 0.6069711538461539 0.46153846153846156 0.007211538461538462 0.004807692307692308
29 0.6201923076923077 0.45913461538461536 0.009615384615384616 0.009615384615384616
23 0.6274038461538461 0.45913461538461536 0.004807692307692308 0.009615384615384616
23 0.6754807692307693 0.4543269230769231 0.004807692307692308 0.009615384615384616
23 0.6658653846153846 0.4543269230769231 0.004807692307692308 0.009615384615384616
29 0.6117788461538461 0.4699519230769231 0.01201923076923077 0.01201923076923077
23 0.6213942307692307 0.46875 0.007211538461538462 0.004807692307692308
23 0.6286057692307693 0.47115384615384615 0.002403846153846154 0.009615384615384616
23 0.6213942307692307 0.4735576923076923 0.007211538461538462 0.004807692307692308
6 0.6923076923076923 0.4735576923076923 0.009615384615384616 0.019230769230769232
3 0.6286057692307693 0.48197115384615385 0.007211538461538462 0.01201923076923077
3 0.6141826923076923 0.4855769230769231 0.007211538461538462 0.014423076923076924
3 0.6682692307692307 0.4795673076923077 0.028846153846153848 0.036057692307692304
14 0.6430288461538461 0.49158653846153844 0.016826923076923076 0.03125
7 0.6189903846153846 0.4963942307692308 0.01201923076923077 0.01201923076923077
23 0.6526442307692307 0.4951923076923077 0.002403846153846154 0.009615384615384616
7 0.6310096153846154 0.5 0.007211538461538462 0.014423076923076924
23 0.6153846153846154 0.5072115384615384 0.004807692307692308 0.009615384615384616
15 0.6814903846153846 0.5012019230769231 0.01201923076923077 0.01201923076923077
23 0.625 0.5096153846153846 0.004807692307692308 0.004807692307692308
7 0.671875 0.5048076923076923 0.007211538461538462 0.004807692307692308
23 0.6586538461538461 0.5072115384615384 0.004807692307692308 0.004807692307692308
23 0.6802884615384616 0.5072115384615384 0.004807692307692308 0.004807692307692308
3 0.6887019230769231 0.5084134615384616 0.007211538461538462 0.01201923076923077
3 0.6418269230769231 0.515625 0.009615384615384616 0.007211538461538462
23 0.6322115384615384 0.5168269230769231 0.009615384615384616 0.004807692307692308
7 0.6189903846153846 0.5192307692307693 0.01201923076923077 0.009615384615384616
29 0.6730769230769231 0.5120192307692307 0.004807692307692308 0.009615384615384616
7 0.6610576923076923 0.5144230769230769 0.009615384615384616 0.009615384615384616
23 0.6802884615384616 0.5144230769230769 0.004807692307692308 0.004807692307692308
3 0.6298076923076923 0.5264423076923077 0.009615384615384616 0.004807692307692308
7 0.6634615384615384 0.5216346153846154 0.009615384615384616 0.004807692307692308
7 0.6177884615384616 0.5300480769230769 0.009615384615384616 0.007211538461538462
14 0.6850961538461539 0.5228365384615384 0.019230769230769232 0.016826923076923076
7 0.6658653846153846 0.5288461538461539 0.009615384615384616 0.004807692307692308
23 0.6730769230769231 0.5288461538461539 0.004807692307692308 0.009615384615384616
23 0.6189903846153846 0.5360576923076923 0.007211538461538462 0.004807692307692308
23 0.6189903846153846 0.5408653846153846 0.007211538461538462 0.004807692307692308
29 0.6430288461538461 0.5384615384615384 0.03125 0.03365384615384615
15 0.6129807692307693 0.5432692307692307 0.009615384615384616 0.004807692307692308
23 0.6802884615384616 0.5360576923076923 0.004807692307692308 0.004807692307692308
7 0.6983173076923077 0.5336538461538461 0.007211538461538462 0.004807692307692308
23 0.6875 0.5336538461538461 0.004807692307692308 0.004807692307692308
7 0.22956730769230768 0.5925480769230769 0.026442307692307692 0.026442307692307692
23 0.6646634615384616 0.5396634615384616 0.007211538461538462 0.01201923076923077
23 0.6706730769230769 0.5408653846153846 0.004807692307692308 0.009615384615384616
23 0.6682692307692307 0.5408653846153846 0.004807692307692308 0.009615384615384616
23 0.6177884615384616 0.5456730769230769 0.004807692307692308 0.004807692307692308
15 0.625 0.546875 0.009615384615384616 0.007211538461538462
3 0.6802884615384616 0.5408653846153846 0.004807692307692308 0.004807692307692308
29 0.5949519230769231 0.5540865384615384 0.03125 0.03125
7 0.3449519230769231 0.5853365384615384 0.026442307692307692 0.021634615384615384
23 0.6177884615384616 0.5528846153846154 0.004807692307692308 0.004807692307692308
7 0.6177884615384616 0.5600961538461539 0.009615384615384616 0.004807692307692308
23 0.18509615384615385 0.6129807692307693 0.004807692307692308 0.004807692307692308
23 0.1778846153846154 0.6129807692307693 0.004807692307692308 0.004807692307692308
15 0.6490384615384616 0.5576923076923077 0.009615384615384616 0.009615384615384616
3 0.6057692307692307 0.5721153846153846 0.009615384615384616 0.004807692307692308
3 0.42788461538461536 0.59375 0.009615384615384616 0.009615384615384616
6 0.24639423076923078 0.6298076923076923 0.07932692307692307 0.04326923076923077
6 0.38100961538461536 0.6165865384615384 0.07932692307692307 0.040865384615384616
6 0.5180288461538461 0.6009615384615384 0.07932692307692307 0.04326923076923077
6 0.6514423076923077 0.5853365384615384 0.07692307692307693 0.040865384615384616