16 0.35795454545454547 0.35015243902439025 0.017045454545454544 0.028353658536585367
2 0.3893060064935065 0.35045731707317074 0.010349025974025974 0.013109756097560975
7 0.4914772727272727 0.3516768292682927 0.003246753246753247 0.010670731707317074
22 0.5737621753246753 0.35472560975609757 0.0038555194805194805 0.010670731707317074
2 0.4054383116883117 0.36341463414634145 0.011363636363636364 0.01768292682926829
2 0.3867694805194805 0.36859756097560975 0.010551948051948052 0.015853658536585366
22 0.41812094155844154 0.37682926829268293 0.0038555194805194805 0.00975609756097561
2 0.3430397727272727 0.39466463414634145 0.009943181818181818 0.014939024390243902
6 0.640523538961039 0.3954268292682927 0.01359577922077922 0.048170731707317074
2 0.3882913961038961 0.3986280487804878 0.01075487012987013 0.01676829268292683
7 0.42562905844155846 0.40259146341463414 0.006290584415584416 0.005182926829268293
15 0.4044237012987013 0.4094512195121951 0.015827922077922076 0.03475609756097561
25 0.3601866883116883 0.41753048780487806 0.011363636363636364 0.01920731707317073
29 0.4175121753246753 0.4216463414634146 0.005073051948051948 0.012195121951219513
2 0.4153814935064935 0.44146341463414634 0.010551948051948052 0.011585365853658536
7 0.42349837662337664 0.44176829268292683 0.002840909090909091 0.00853658536585366
22 0.3703327922077922 0.4452743902439024 0.004058441558441558 0.010060975609756098
22 0.3744926948051948 0.4457317073170732 0.0038555194805194805 0.009146341463414634
2 0.413961038961039 0.4551829268292683 0.010551948051948052 0.01402439024390244
29 0.6028814935064936 0.4560975609756098 0.009334415584415584 0.012804878048780487
22 0.5853287337662337 0.45914634146341465 0.007102272727272727 0.003658536585365854
22 0.5856331168831169 0.46448170731707317 0.007305194805194805 0.005792682926829268
29 0.6050121753246753 0.46737804878048783 0.009537337662337662 0.012804878048780487
22 0.385450487012987 0.4714939024390244 0.007913961038961038 0.0064024390243902435
6 0.3403003246753247 0.4765243902439024 0.023133116883116884 0.11036585365853659
22 0.5914163961038961 0.4785060975609756 0.013189935064935064 0.01676829268292683
29 0.6050121753246753 0.47865853658536583 0.009537337662337662 0.011585365853658536
22 0.38524756493506496 0.4788109756097561 0.007508116883116883 0.005182926829268293
15 0.5036525974025974 0.4847560975609756 0.01461038961038961 0.023170731707317073
22 0.5734577922077922 0.4853658536585366 0.010146103896103896 0.015853658536585366
7 0.427150974025974 0.48551829268292684 0.003246753246753247 0.008231707317073171
22 0.385349025974026 0.48567073170731706 0.007305194805194805 0.006097560975609756
29 0.6048092532467533 0.4897865853658537 0.009537337662337662 0.013109756097560975
22 0.5309456168831169 0.4989329268292683 0.010349025974025974 0.014329268292682927
7 0.4589082792207792 0.4998475609756098 0.006696428571428571 0.005792682926829268
22 0.6157670454545454 0.5009146341463414 0.0038555194805194805 0.010365853658536586
22 0.6045048701298701 0.5024390243902439 0.007305194805194805 0.00548780487804878
29 0.5839082792207793 0.5045731707317073 0.007913961038961038 0.006707317073170732
22 0.604099025974026 0.5086890243902439 0.006899350649350649 0.004573170731707317
22 0.41497564935064934 0.511890243902439 0.012175324675324676 0.007317073170731708
7 0.585734577922078 0.5141768292682927 0.005478896103896104 0.0039634146341463415
7 0.5668628246753247 0.5146341463414634 0.007102272727272727 0.003658536585365854
7 0.5268871753246753 0.5257621951219512 0.003043831168831169 0.011890243902439025
25 0.5073051948051948 0.5277439024390244 0.01176948051948052 0.01707317073170732
25 0.4574878246753247 0.5282012195121951 0.012378246753246754 0.018597560975609755
25 0.5565137987012987 0.5283536585365853 0.011160714285714286 0.01768292682926829
25 0.5998376623376623 0.5288109756097561 0.01176948051948052 0.01676829268292683
2 0.43577516233766234 0.5370426829268292 0.010349025974025974 0.013109756097560975
6 0.7425933441558441 0.5378048780487805 0.012378246753246754 0.01097560975609756
7 0.6963271103896104 0.5434451219512195 0.0034496753246753245 0.010060975609756098
7 0.7009943181818182 0.54375 0.0034496753246753245 0.010060975609756098
22 0.41436688311688313 0.5583841463414634 0.003246753246753247 0.011890243902439025
22 0.3893060064935065 0.5652439024390243 0.007508116883116883 0.00548780487804878
7 0.7069805194805194 0.5672256097560976 0.007305194805194805 0.005182926829268293
22 0.3939732142857143 0.5721036585365854 0.007102272727272727 0.005182926829268293
22 0.6831371753246753 0.5727134146341464 0.004261363636363636 0.010060975609756098
25 0.43273133116883117 0.5810975609756097 0.012378246753246754 0.01768292682926829
25 0.4699675324675325 0.58125 0.011363636363636364 0.01798780487804878
25 0.6245941558441559 0.58125 0.012175324675324676 0.01798780487804878
25 0.5931412337662337 0.5815548780487805 0.012175324675324676 0.01798780487804878
25 0.5064935064935064 0.5817073170731707 0.013392857142857142 0.01707317073170732
25 0.5393668831168831 0.5823170731707317 0.011363636363636364 0.016463414634146342
25 0.6709618506493507 0.586890243902439 0.011566558441558442 0.01707317073170732
25 0.7075892857142857 0.5876524390243902 0.010957792207792208 0.015548780487804878
25 0.7441152597402597 0.5890243902439024 0.013392857142857142 0.016463414634146342
2 0.4906351461038961 0.5996112804878049 0.01617288961038961 0.02971036585365854
2 0.4288758116883117 0.6028963414634146 0.011566558441558442 0.015548780487804878
22 0.3601866883116883 0.6041158536585366 0.007711038961038961 0.0064024390243902435
7 0.6761363636363636 0.6068597560975609 0.007305194805194805 0.004573170731707317
2 0.44308035714285715 0.6106707317073171 0.011972402597402598 0.018902439024390243
7 0.6760349025974026 0.6138719512195122 0.006696428571428571 0.004573170731707317
7 0.6491477272727273 0.6222560975609757 0.006493506493506494 0.00548780487804878
16 0.39082792207792205 0.6268292682926829 0.016639610389610388 0.02621951219512195
16 0.42664366883116883 0.6278963414634147 0.016436688311688312 0.027134146341463414
25 0.7078936688311688 0.6326219512195121 0.01278409090909091 0.015853658536585366
2 0.4828530844155844 0.6417682926829268 0.012378246753246754 0.01707317073170732
25 0.6156655844155844 0.645579268292683 0.010957792207792208 0.017378048780487806
25 0.6450892857142857 0.6467987804878049 0.012581168831168832 0.014939024390243902
2 0.43262987012987014 0.6486280487804879 0.008522727272727272 0.0125
2 0.4484577922077922 0.6507621951219512 0.010957792207792208 0.014939024390243902