16 0.32091346153846156 0.39903846153846156 0.03125 0.02403846153846154
3 0.328125 0.42908653846153844 0.016826923076923076 0.01201923076923077
7 0.3557692307692308 0.5276442307692307 0.009615384615384616 0.007211538461538462
23 0.37740384615384615 0.6069711538461539 0.009615384615384616 0.007211538461538462
3 0.3449519230769231 0.4423076923076923 0.021634615384615384 0.014423076923076924
3 0.3449519230769231 0.421875 0.016826923076923076 0.01201923076923077
23 0.3629807692307692 0.45072115384615385 0.009615384615384616 0.007211538461538462
3 0.359375 0.3737980769230769 0.016826923076923076 0.01201923076923077
6 0.4338942307692308 0.6622596153846154 0.05048076923076923 0.026442307692307692
3 0.375 0.41586538461538464 0.019230769230769232 0.014423076923076924
7 0.3870192307692308 0.4519230769230769 0.004807692307692308 0.004807692307692308
15 0.390625 0.42908653846153844 0.036057692307692304 0.021634615384615384
25 0.3858173076923077 0.38461538461538464 0.021634615384615384 0.014423076923076924
29 0.4050480769230769 0.4387019230769231 0.01201923076923077 0.007211538461538462
3 0.4230769230769231 0.4338942307692308 0.014423076923076924 0.01201923076923077
7 0.4254807692307692 0.43990384615384615 0.009615384615384616 0.004807692307692308
23 0.41586538461538464 0.38822115384615385 0.009615384615384616 0.007211538461538462
23 0.4182692307692308 0.39302884615384615 0.009615384615384616 0.007211538461538462
3 0.4362980769230769 0.4266826923076923 0.016826923076923076 0.01201923076923077
29 0.48197115384615385 0.6117788461538461 0.016826923076923076 0.01201923076923077
23 0.48197115384615385 0.5925480769230769 0.007211538461538462 0.007211538461538462
23 0.48677884615384615 0.5925480769230769 0.007211538461538462 0.007211538461538462
29 0.49399038461538464 0.609375 0.016826923076923076 0.01201923076923077
23 0.44591346153846156 0.39663461538461536 0.007211538461538462 0.009615384615384616
6 0.4387019230769231 0.35216346153846156 0.11298076923076923 0.05048076923076923
23 0.5024038461538461 0.59375 0.019230769230769232 0.019230769230769232
29 0.5048076923076923 0.6069711538461539 0.014423076923076924 0.01201923076923077
23 0.453125 0.3954326923076923 0.007211538461538462 0.007211538461538462
15 0.48677884615384615 0.5072115384615384 0.026442307692307692 0.019230769230769232
23 0.5036057692307693 0.5757211538461539 0.016826923076923076 0.01201923076923077
7 0.46875 0.4338942307692308 0.009615384615384616 0.007211538461538462
23 0.4579326923076923 0.39302884615384615 0.007211538461538462 0.007211538461538462
29 0.515625 0.6045673076923077 0.016826923076923076 0.01201923076923077
23 0.5060096153846154 0.5300480769230769 0.016826923076923076 0.01201923076923077
7 0.49158653846153844 0.46033653846153844 0.007211538461538462 0.007211538461538462
23 0.5288461538461539 0.6117788461538461 0.009615384615384616 0.007211538461538462
23 0.5276442307692307 0.6021634615384616 0.007211538461538462 0.007211538461538462
29 0.5264423076923077 0.5805288461538461 0.009615384615384616 0.01201923076923077
23 0.5348557692307693 0.5997596153846154 0.007211538461538462 0.007211538461538462
23 0.49278846153846156 0.41586538461538464 0.009615384615384616 0.014423076923076924
7 0.5360576923076923 0.5793269230769231 0.004807692307692308 0.004807692307692308
7 0.5300480769230769 0.5612980769230769 0.007211538461538462 0.007211538461538462
7 0.5324519230769231 0.5204326923076923 0.01201923076923077 0.007211538461538462
25 0.5288461538461539 0.5012019230769231 0.019230769230769232 0.016826923076923076
25 0.5180288461538461 0.453125 0.021634615384615384 0.016826923076923076
25 0.5420673076923077 0.5480769230769231 0.021634615384615384 0.014423076923076924
25 0.5528846153846154 0.5901442307692307 0.019230769230769232 0.016826923076923076
3 0.5204326923076923 0.42908653846153844 0.016826923076923076 0.01201923076923077
6 0.5949519230769231 0.7283653846153846 0.01201923076923077 0.014423076923076924
7 0.5889423076923077 0.6790865384615384 0.009615384615384616 0.007211538461538462
7 0.5913461538461539 0.6838942307692307 0.009615384615384616 0.007211538461538462
23 0.5372596153846154 0.4026442307692308 0.01201923076923077 0.007211538461538462
23 0.5372596153846154 0.3786057692307692 0.007211538461538462 0.007211538461538462
7 0.6165865384615384 0.6838942307692307 0.007211538461538462 0.007211538461538462
23 0.5444711538461539 0.38100961538461536 0.007211538461538462 0.007211538461538462
23 0.6153846153846154 0.6598557692307693 0.009615384615384616 0.007211538461538462
25 0.5612980769230769 0.41466346153846156 0.021634615384615384 0.016826923076923076
25 0.5733173076923077 0.4519230769230769 0.021634615384615384 0.014423076923076924
25 0.609375 0.6021634615384616 0.021634615384615384 0.016826923076923076
25 0.6021634615384616 0.5709134615384616 0.021634615384615384 0.016826923076923076
25 0.5817307692307693 0.4855769230769231 0.019230769230769232 0.019230769230769232
25 0.5889423076923077 0.5192307692307693 0.019230769230769232 0.014423076923076924
25 0.625 0.6454326923076923 0.019230769230769232 0.016826923076923076
25 0.6358173076923077 0.6814903846153846 0.016826923076923076 0.01201923076923077
25 0.6466346153846154 0.7163461538461539 0.019230769230769232 0.019230769230769232
3 0.5949519230769231 0.4675480769230769 0.03125 0.021634615384615384
3 0.5829326923076923 0.40625 0.016826923076923076 0.014423076923076924
23 0.5685096153846154 0.3401442307692308 0.007211538461538462 0.007211538461538462
7 0.6478365384615384 0.6454326923076923 0.007211538461538462 0.007211538461538462
3 0.5949519230769231 0.41947115384615385 0.021634615384615384 0.016826923076923076
7 0.6526442307692307 0.6430288461538461 0.007211538461538462 0.007211538461538462
7 0.65625 0.6153846153846154 0.004807692307692308 0.004807692307692308
16 0.5985576923076923 0.3641826923076923 0.028846153846153848 0.021634615384615384
16 0.6069711538461539 0.39903846153846156 0.03125 0.02403846153846154
25 0.6790865384615384 0.6694711538461539 0.016826923076923076 0.016826923076923076
3 0.6346153846153846 0.45072115384615385 0.019230769230769232 0.016826923076923076
25 0.6706730769230769 0.5769230769230769 0.019230769230769232 0.014423076923076924
25 0.6790865384615384 0.6057692307692307 0.016826923076923076 0.014423076923076924
3 0.6298076923076923 0.40024038461538464 0.014423076923076924 0.01201923076923077
3 0.6334134615384616 0.41466346153846156 0.016826923076923076 0.01201923076923077