3 0.6754807692307693 0.35216346153846156 0.014423076923076924 0.01201923076923077
6 0.6574519230769231 0.22956730769230768 0.055288461538461536 0.026442307692307692
6 0.6694711538461539 0.3317307692307692 0.06490384615384616 0.03365384615384615
7 0.6466346153846154 0.21754807692307693 0.014423076923076924 0.007211538461538462
7 0.6514423076923077 0.25841346153846156 0.004807692307692308 0.002403846153846154
3 0.6526442307692307 0.2776442307692308 0.007211538461538462 0.002403846153846154
23 0.6538461538461539 0.2848557692307692 0.004807692307692308 0.002403846153846154
3 0.65625 0.2920673076923077 0.004807692307692308 0.002403846153846154
3 0.6574519230769231 0.30649038461538464 0.007211538461538462 0.002403846153846154
23 0.65625 0.30408653846153844 0.004807692307692308 0.002403846153846154
23 0.65625 0.29447115384615385 0.004807692307692308 0.002403846153846154
23 0.6538461538461539 0.2824519230769231 0.004807692307692308 0.002403846153846154
7 0.6526442307692307 0.3173076923076923 0.007211538461538462 0.009615384615384616
23 0.6442307692307693 0.26802884615384615 0.004807692307692308 0.002403846153846154
7 0.6430288461538461 0.25841346153846156 0.007211538461538462 0.002403846153846154
3 0.6430288461538461 0.26322115384615385 0.007211538461538462 0.002403846153846154
23 0.6394230769230769 0.24879807692307693 0.004807692307692308 0.002403846153846154
3 0.6550480769230769 0.35697115384615385 0.026442307692307692 0.016826923076923076
15 0.6610576923076923 0.41466346153846156 0.028846153846153848 0.016826923076923076
15 0.6586538461538461 0.39783653846153844 0.028846153846153848 0.016826923076923076
23 0.6346153846153846 0.21995192307692307 0.004807692307692308 0.002403846153846154
3 0.6334134615384616 0.21754807692307693 0.007211538461538462 0.002403846153846154
7 0.6454326923076923 0.31009615384615385 0.007211538461538462 0.009615384615384616
3 0.6550480769230769 0.3798076923076923 0.03125 0.02403846153846154
3 0.6610576923076923 0.4338942307692308 0.028846153846153848 0.021634615384615384
3 0.6646634615384616 0.4699519230769231 0.021634615384615384 0.016826923076923076
3 0.6262019230769231 0.2668269230769231 0.021634615384615384 0.014423076923076924
3 0.6394230769230769 0.36778846153846156 0.004807692307692308 0.004807692307692308
3 0.6262019230769231 0.28365384615384615 0.021634615384615384 0.014423076923076924
3 0.6165865384615384 0.21514423076923078 0.016826923076923076 0.01201923076923077
3 0.6225961538461539 0.24759615384615385 0.004807692307692308 0.004807692307692308
3 0.6286057692307693 0.3004807692307692 0.016826923076923076 0.014423076923076924
3 0.6225961538461539 0.2548076923076923 0.004807692307692308 0.004807692307692308
3 0.6442307692307693 0.41346153846153844 0.004807692307692308 0.004807692307692308
3 0.6286057692307693 0.3137019230769231 0.01201923076923077 0.01201923076923077
3 0.6442307692307693 0.4254807692307692 0.004807692307692308 0.004807692307692308
3 0.6418269230769231 0.40384615384615385 0.004807692307692308 0.004807692307692308
23 0.65625 0.5144230769230769 0.004807692307692308 0.004807692307692308
3 0.6382211538461539 0.4074519230769231 0.007211538461538462 0.002403846153846154
3 0.6322115384615384 0.3629807692307692 0.014423076923076924 0.009615384615384616
3 0.6298076923076923 0.3425480769230769 0.004807692307692308 0.002403846153846154
23 0.6310096153846154 0.35216346153846156 0.007211538461538462 0.002403846153846154
23 0.6334134615384616 0.3701923076923077 0.002403846153846154 0.004807692307692308
3 0.6286057692307693 0.3329326923076923 0.007211538461538462 0.002403846153846154
23 0.6298076923076923 0.3449519230769231 0.004807692307692308 0.002403846153846154
23 0.6310096153846154 0.3545673076923077 0.007211538461538462 0.002403846153846154
23 0.6394230769230769 0.41346153846153844 0.004807692307692308 0.004807692307692308
23 0.6394230769230769 0.4254807692307692 0.004807692307692308 0.004807692307692308
3 0.6129807692307693 0.2439903846153846 0.004807692307692308 0.002403846153846154
3 0.6129807692307693 0.22956730769230768 0.004807692307692308 0.002403846153846154
23 0.6129807692307693 0.23677884615384615 0.004807692307692308 0.002403846153846154
23 0.6514423076923077 0.5168269230769231 0.004807692307692308 0.004807692307692308
3 0.6298076923076923 0.3701923076923077 0.004807692307692308 0.004807692307692308
7 0.640625 0.44711538461538464 0.007211538461538462 0.009615384615384616
3 0.6430288461538461 0.47475961538461536 0.021634615384615384 0.016826923076923076
3 0.6105769230769231 0.2548076923076923 0.004807692307692308 0.004807692307692308
3 0.6081730769230769 0.25 0.004807692307692308 0.004807692307692308
3 0.6346153846153846 0.43509615384615385 0.004807692307692308 0.004807692307692308
3 0.6418269230769231 0.49278846153846156 0.009615384615384616 0.004807692307692308
3 0.6430288461538461 0.5084134615384616 0.007211538461538462 0.002403846153846154
23 0.6045673076923077 0.23317307692307693 0.002403846153846154 0.004807692307692308
7 0.6334134615384616 0.4495192307692308 0.007211538461538462 0.009615384615384616
23 0.6262019230769231 0.4098557692307692 0.007211538461538462 0.002403846153846154
3 0.6262019230769231 0.4050480769230769 0.007211538461538462 0.002403846153846154
23 0.6298076923076923 0.43990384615384615 0.004807692307692308 0.004807692307692308
3 0.6346153846153846 0.4639423076923077 0.004807692307692308 0.004807692307692308
3 0.6298076923076923 0.43509615384615385 0.004807692307692308 0.004807692307692308
23 0.6021634615384616 0.23317307692307693 0.002403846153846154 0.004807692307692308
3 0.6298076923076923 0.4639423076923077 0.004807692307692308 0.004807692307692308
3 0.625 0.43509615384615385 0.004807692307692308 0.004807692307692308
23 0.6334134615384616 0.49399038461538464 0.007211538461538462 0.002403846153846154
23 0.5973557692307693 0.23557692307692307 0.002403846153846154 0.004807692307692308
14 0.6225961538461539 0.4206730769230769 0.028846153846153848 0.019230769230769232
3 0.5973557692307693 0.25721153846153844 0.002403846153846154 0.004807692307692308
3 0.5961538461538461 0.25240384615384615 0.004807692307692308 0.004807692307692308
23 0.6225961538461539 0.43990384615384615 0.004807692307692308 0.004807692307692308
3 0.6225961538461539 0.43509615384615385 0.004807692307692308 0.004807692307692308
23 0.5925480769230769 0.23557692307692307 0.002403846153846154 0.004807692307692308
3 0.6201923076923077 0.45072115384615385 0.014423076923076924 0.01201923076923077
3 0.6177884615384616 0.4423076923076923 0.004807692307692308 0.004807692307692308
3 0.6177884615384616 0.4375 0.004807692307692308 0.004807692307692308
23 0.5877403846153846 0.23557692307692307 0.002403846153846154 0.004807692307692308
3 0.6213942307692307 0.47836538461538464 0.021634615384615384 0.014423076923076924
3 0.6237980769230769 0.4963942307692308 0.007211538461538462 0.002403846153846154
3 0.625 0.5096153846153846 0.009615384615384616 0.004807692307692308
3 0.6105769230769231 0.4074519230769231 0.004807692307692308 0.002403846153846154
3 0.6081730769230769 0.40024038461538464 0.014423076923076924 0.01201923076923077
3 0.6129807692307693 0.4375 0.004807692307692308 0.004807692307692308
23 0.5829326923076923 0.23557692307692307 0.002403846153846154 0.004807692307692308
3 0.6346153846153846 0.6021634615384616 0.019230769230769232 0.01201923076923077
3 0.5841346153846154 0.25240384615384615 0.004807692307692308 0.004807692307692308
3 0.5853365384615384 0.25961538461538464 0.002403846153846154 0.004807692307692308
23 0.5841346153846154 0.24879807692307693 0.004807692307692308 0.002403846153846154
23 0.5793269230769231 0.23798076923076922 0.004807692307692308 0.004807692307692308
7 0.578125 0.25240384615384615 0.007211538461538462 0.009615384615384616
23 0.5757211538461539 0.23798076923076922 0.002403846153846154 0.004807692307692308
3 0.6033653846153846 0.44350961538461536 0.009615384615384616 0.007211538461538462
23 0.5997596153846154 0.4266826923076923 0.007211538461538462 0.002403846153846154
3 0.6009615384615384 0.421875 0.004807692307692308 0.002403846153846154
3 0.6033653846153846 0.4387019230769231 0.009615384615384616 0.007211538461538462
3 0.5985576923076923 0.41586538461538464 0.009615384615384616 0.004807692307692308
3 0.6009615384615384 0.43028846153846156 0.009615384615384616 0.004807692307692308
3 0.5985576923076923 0.4182692307692308 0.009615384615384616 0.004807692307692308
3 0.6021634615384616 0.4543269230769231 0.021634615384615384 0.014423076923076924
7 0.5745192307692307 0.2608173076923077 0.014423076923076924 0.007211538461538462
23 0.5889423076923077 0.421875 0.004807692307692308 0.002403846153846154
23 0.5889423076923077 0.4338942307692308 0.004807692307692308 0.002403846153846154
23 0.5877403846153846 0.4266826923076923 0.007211538461538462 0.002403846153846154
23 0.5889423076923077 0.42908653846153844 0.004807692307692308 0.002403846153846154
23 0.5889423076923077 0.4362980769230769 0.004807692307692308 0.002403846153846154
3 0.5985576923076923 0.515625 0.004807692307692308 0.002403846153846154
23 0.5889423076923077 0.4423076923076923 0.004807692307692308 0.004807692307692308
3 0.5973557692307693 0.5 0.007211538461538462 0.004807692307692308
3 0.6105769230769231 0.6045673076923077 0.019230769230769232 0.01201923076923077
3 0.5817307692307693 0.40384615384615385 0.004807692307692308 0.004807692307692308
23 0.5805288461538461 0.41346153846153844 0.002403846153846154 0.004807692307692308
7 0.5600961538461539 0.26322115384615385 0.014423076923076924 0.007211538461538462
23 0.5841346153846154 0.44471153846153844 0.004807692307692308 0.004807692307692308
23 0.5600961538461539 0.265625 0.004807692307692308 0.002403846153846154
3 0.578125 0.40384615384615385 0.002403846153846154 0.004807692307692308
23 0.578125 0.41346153846153844 0.002403846153846154 0.004807692307692308
3 0.5793269230769231 0.4423076923076923 0.004807692307692308 0.004807692307692308
15 0.5853365384615384 0.47836538461538464 0.036057692307692304 0.028846153846153848
3 0.5805288461538461 0.4579326923076923 0.016826923076923076 0.01201923076923077
3 0.5733173076923077 0.41346153846153844 0.002403846153846154 0.004807692307692308
3 0.5721153846153846 0.40625 0.004807692307692308 0.004807692307692308
23 0.5769230769230769 0.44471153846153844 0.004807692307692308 0.004807692307692308
3 0.5817307692307693 0.5024038461538461 0.009615384615384616 0.004807692307692308
7 0.5480769230769231 0.2644230769230769 0.004807692307692308 0.004807692307692308
3 0.5673076923076923 0.40384615384615385 0.004807692307692308 0.004807692307692308
3 0.5697115384615384 0.41346153846153844 0.004807692307692308 0.004807692307692308
3 0.5721153846153846 0.44471153846153844 0.004807692307692308 0.004807692307692308
3 0.5805288461538461 0.515625 0.007211538461538462 0.002403846153846154
6 0.5384615384615384 0.22355769230769232 0.038461538461538464 0.019230769230769232
23 0.5444711538461539 0.2668269230769231 0.002403846153846154 0.004807692307692308
3 0.5661057692307693 0.41586538461538464 0.002403846153846154 0.004807692307692308
3 0.5649038461538461 0.40625 0.004807692307692308 0.004807692307692308
23 0.5661057692307693 0.44471153846153844 0.002403846153846154 0.004807692307692308
14 0.5637019230769231 0.43028846153846156 0.03125 0.02403846153846154
23 0.5745192307692307 0.5036057692307693 0.004807692307692308 0.002403846153846154
7 0.5408653846153846 0.2644230769230769 0.004807692307692308 0.004807692307692308
3 0.5600961538461539 0.40625 0.004807692307692308 0.004807692307692308
3 0.5600961538461539 0.41586538461538464 0.004807692307692308 0.004807692307692308
23 0.5625 0.44471153846153844 0.004807692307692308 0.004807692307692308
23 0.5348557692307693 0.2668269230769231 0.002403846153846154 0.004807692307692308
3 0.5576923076923077 0.41586538461538464 0.004807692307692308 0.004807692307692308
3 0.5552884615384616 0.40865384615384615 0.004807692307692308 0.004807692307692308
23 0.5576923076923077 0.44711538461538464 0.004807692307692308 0.004807692307692308
7 0.53125 0.2668269230769231 0.004807692307692308 0.004807692307692308
3 0.5588942307692307 0.45913461538461536 0.021634615384615384 0.014423076923076924
6 0.5288461538461539 0.24879807692307693 0.08653846153846154 0.03125
3 0.5528846153846154 0.41586538461538464 0.004807692307692308 0.004807692307692308
3 0.5504807692307693 0.40865384615384615 0.004807692307692308 0.004807692307692308
23 0.5528846153846154 0.44711538461538464 0.004807692307692308 0.004807692307692308
3 0.5456730769230769 0.4182692307692308 0.004807692307692308 0.004807692307692308
3 0.5540865384615384 0.484375 0.026442307692307692 0.016826923076923076
7 0.5180288461538461 0.26802884615384615 0.01201923076923077 0.007211538461538462
3 0.5396634615384616 0.43149038461538464 0.007211538461538462 0.002403846153846154
3 0.5372596153846154 0.421875 0.007211538461538462 0.002403846153846154
3 0.5396634615384616 0.42908653846153844 0.007211538461538462 0.002403846153846154
23 0.5168269230769231 0.27283653846153844 0.004807692307692308 0.002403846153846154
3 0.5384615384615384 0.4338942307692308 0.009615384615384616 0.007211538461538462
3 0.5360576923076923 0.4110576923076923 0.009615384615384616 0.004807692307692308
3 0.5408653846153846 0.4483173076923077 0.009615384615384616 0.007211538461538462
3 0.5348557692307693 0.41346153846153844 0.01201923076923077 0.004807692307692308
3 0.5384615384615384 0.44350961538461536 0.009615384615384616 0.007211538461538462
3 0.5408653846153846 0.46274038461538464 0.014423076923076924 0.01201923076923077
23 0.5576923076923077 0.6153846153846154 0.004807692307692308 0.004807692307692308
23 0.5552884615384616 0.6081730769230769 0.004807692307692308 0.004807692307692308
3 0.5072115384615384 0.27283653846153844 0.004807692307692308 0.002403846153846154
7 0.5 0.2704326923076923 0.014423076923076924 0.007211538461538462
29 0.5480769230769231 0.6189903846153846 0.009615384615384616 0.007211538461538462
29 0.5480769230769231 0.6117788461538461 0.009615384615384616 0.007211538461538462
3 0.5216346153846154 0.4362980769230769 0.009615384615384616 0.007211538461538462
3 0.5216346153846154 0.43149038461538464 0.009615384615384616 0.007211538461538462
3 0.5204326923076923 0.44591346153846156 0.007211538461538462 0.002403846153846154
23 0.5204326923076923 0.4411057692307692 0.007211538461538462 0.002403846153846154
23 0.5216346153846154 0.44350961538461536 0.004807692307692308 0.002403846153846154
6 0.4891826923076923 0.22956730769230768 0.06009615384615385 0.021634615384615384
29 0.5072115384615384 0.4206730769230769 0.009615384615384616 0.009615384615384616
23 0.5072115384615384 0.4266826923076923 0.004807692307692308 0.002403846153846154
7 0.48677884615384615 0.27403846153846156 0.007211538461538462 0.009615384615384616
23 0.49399038461538464 0.34134615384615385 0.002403846153846154 0.004807692307692308
14 0.5132211538461539 0.47836538461538464 0.04567307692307692 0.04326923076923077
23 0.4891826923076923 0.34134615384615385 0.002403846153846154 0.004807692307692308
7 0.4795673076923077 0.27403846153846156 0.007211538461538462 0.009615384615384616
14 0.5012019230769231 0.44350961538461536 0.026442307692307692 0.021634615384615384
14 0.5252403846153846 0.6177884615384616 0.036057692307692304 0.019230769230769232
23 0.4831730769230769 0.34134615384615385 0.004807692307692308 0.004807692307692308
23 0.4735576923076923 0.27163461538461536 0.004807692307692308 0.004807692307692308
3 0.484375 0.37259615384615385 0.021634615384615384 0.014423076923076924
23 0.4807692307692308 0.34375 0.004807692307692308 0.004807692307692308
3 0.46875 0.27403846153846156 0.004807692307692308 0.004807692307692308
23 0.47716346153846156 0.34375 0.002403846153846154 0.004807692307692308
7 0.47836538461538464 0.36538461538461536 0.009615384615384616 0.004807692307692308
3 0.47596153846153844 0.35697115384615385 0.014423076923076924 0.007211538461538462
7 0.4639423076923077 0.27403846153846156 0.004807692307692308 0.004807692307692308
3 0.47716346153846156 0.36177884615384615 0.007211538461538462 0.002403846153846154
23 0.4723557692307692 0.34375 0.002403846153846154 0.004807692307692308
6 0.4579326923076923 0.25841346153846156 0.036057692307692304 0.021634615384615384
7 0.45913461538461536 0.27403846153846156 0.004807692307692308 0.004807692307692308
7 0.4543269230769231 0.24639423076923078 0.004807692307692308 0.002403846153846154
3 0.4543269230769231 0.24158653846153846 0.004807692307692308 0.002403846153846154
23 0.46875 0.34615384615384615 0.004807692307692308 0.004807692307692308
3 0.4567307692307692 0.27403846153846156 0.004807692307692308 0.004807692307692308
7 0.45072115384615385 0.23557692307692307 0.002403846153846154 0.004807692307692308
7 0.4567307692307692 0.2824519230769231 0.014423076923076924 0.007211538461538462
23 0.4567307692307692 0.2800480769230769 0.004807692307692308 0.002403846153846154
23 0.5024038461538461 0.6189903846153846 0.004807692307692308 0.002403846153846154
23 0.5048076923076923 0.6262019230769231 0.004807692307692308 0.002403846153846154
23 0.5024038461538461 0.6213942307692307 0.004807692307692308 0.002403846153846154
23 0.5024038461538461 0.6237980769230769 0.004807692307692308 0.002403846153846154
23 0.4639423076923077 0.34375 0.004807692307692308 0.004807692307692308
23 0.5 0.6165865384615384 0.004807692307692308 0.002403846153846154
3 0.4735576923076923 0.41346153846153844 0.004807692307692308 0.004807692307692308
23 0.47115384615384615 0.40865384615384615 0.004807692307692308 0.004807692307692308
23 0.453125 0.2764423076923077 0.002403846153846154 0.004807692307692308
3 0.44711538461538464 0.23317307692307693 0.004807692307692308 0.004807692307692308
7 0.44711538461538464 0.24519230769230768 0.009615384615384616 0.009615384615384616
23 0.46033653846153844 0.34615384615384615 0.002403846153846154 0.004807692307692308
23 0.46634615384615385 0.40865384615384615 0.004807692307692308 0.004807692307692308
3 0.46875 0.41586538461538464 0.004807692307692308 0.004807692307692308
23 0.44350961538461536 0.23557692307692307 0.002403846153846154 0.004807692307692308
3 0.4411057692307692 0.2403846153846154 0.002403846153846154 0.004807692307692308
23 0.4483173076923077 0.2764423076923077 0.002403846153846154 0.004807692307692308
23 0.45552884615384615 0.34615384615384615 0.002403846153846154 0.004807692307692308
23 0.4639423076923077 0.40865384615384615 0.004807692307692308 0.004807692307692308
3 0.4639423076923077 0.41586538461538464 0.004807692307692308 0.004807692307692308
14 0.46033653846153844 0.39663461538461536 0.04567307692307692 0.019230769230769232
23 0.44350961538461536 0.2764423076923077 0.002403846153846154 0.004807692307692308
6 0.44350961538461536 0.29447115384615385 0.08413461538461539 0.026442307692307692
23 0.45072115384615385 0.34615384615384615 0.002403846153846154 0.004807692307692308
7 0.4375 0.24879807692307693 0.009615384615384616 0.007211538461538462
23 0.4579326923076923 0.40865384615384615 0.002403846153846154 0.004807692307692308
3 0.45913461538461536 0.41586538461538464 0.004807692307692308 0.004807692307692308
7 0.43990384615384615 0.2824519230769231 0.009615384615384616 0.007211538461538462
23 0.4387019230769231 0.2764423076923077 0.002403846153846154 0.004807692307692308
6 0.44471153846153844 0.328125 0.08173076923076923 0.026442307692307692
23 0.44591346153846156 0.34615384615384615 0.002403846153846154 0.004807692307692308
3 0.4543269230769231 0.41586538461538464 0.004807692307692308 0.004807692307692308
23 0.4543269230769231 0.4110576923076923 0.004807692307692308 0.004807692307692308
3 0.48197115384615385 0.6237980769230769 0.021634615384615384 0.016826923076923076
23 0.4338942307692308 0.27884615384615385 0.002403846153846154 0.004807692307692308
23 0.4387019230769231 0.3173076923076923 0.002403846153846154 0.004807692307692308
3 0.42908653846153844 0.24759615384615385 0.002403846153846154 0.004807692307692308
23 0.43028846153846156 0.25240384615384615 0.004807692307692308 0.004807692307692308
23 0.4423076923076923 0.34615384615384615 0.004807692307692308 0.004807692307692308
23 0.45072115384615385 0.4110576923076923 0.002403846153846154 0.004807692307692308
3 0.4519230769230769 0.41586538461538464 0.004807692307692308 0.004807692307692308
3 0.43028846153846156 0.27884615384615385 0.004807692307692308 0.004807692307692308
23 0.43509615384615385 0.31971153846153844 0.004807692307692308 0.004807692307692308
23 0.44591346153846156 0.41346153846153844 0.002403846153846154 0.004807692307692308
23 0.4387019230769231 0.3485576923076923 0.002403846153846154 0.004807692307692308
3 0.44591346153846156 0.4182692307692308 0.002403846153846154 0.004807692307692308
7 0.4230769230769231 0.25 0.009615384615384616 0.009615384615384616
14 0.4375 0.36658653846153844 0.0625 0.021634615384615384
6 0.4182692307692308 0.22956730769230768 0.03365384615384615 0.026442307692307692
23 0.4338942307692308 0.3485576923076923 0.002403846153846154 0.004807692307692308
3 0.4423076923076923 0.4182692307692308 0.004807692307692308 0.004807692307692308
7 0.42788461538461536 0.31850961538461536 0.009615384615384616 0.007211538461538462
3 0.43990384615384615 0.4110576923076923 0.004807692307692308 0.004807692307692308
7 0.42427884615384615 0.31009615384615385 0.01201923076923077 0.009615384615384616
23 0.4206730769230769 0.27884615384615385 0.004807692307692308 0.004807692307692308
23 0.42908653846153844 0.3485576923076923 0.002403846153846154 0.004807692307692308
23 0.4675480769230769 0.6225961538461539 0.002403846153846154 0.004807692307692308
7 0.4206730769230769 0.28725961538461536 0.009615384615384616 0.007211538461538462
3 0.4375 0.4254807692307692 0.004807692307692308 0.004807692307692308
3 0.4375 0.4182692307692308 0.004807692307692308 0.004807692307692308
23 0.41346153846153844 0.2512019230769231 0.004807692307692308 0.002403846153846154
7 0.4170673076923077 0.28125 0.002403846153846154 0.004807692307692308
7 0.41346153846153844 0.2536057692307692 0.004807692307692308 0.002403846153846154
3 0.4110576923076923 0.24879807692307693 0.004807692307692308 0.002403846153846154
23 0.46274038461538464 0.6225961538461539 0.002403846153846154 0.004807692307692308
6 0.41225961538461536 0.2668269230769231 0.04567307692307692 0.02403846153846154
7 0.4230769230769231 0.34375 0.009615384615384616 0.009615384615384616
23 0.42427884615384615 0.3557692307692308 0.007211538461538462 0.009615384615384616
29 0.46153846153846156 0.6298076923076923 0.009615384615384616 0.009615384615384616
3 0.43028846153846156 0.41346153846153844 0.004807692307692308 0.004807692307692308
7 0.41225961538461536 0.28125 0.002403846153846154 0.004807692307692308
3 0.4326923076923077 0.4254807692307692 0.004807692307692308 0.004807692307692308
23 0.43149038461538464 0.4182692307692308 0.002403846153846154 0.004807692307692308
23 0.41586538461538464 0.32091346153846156 0.004807692307692308 0.002403846153846154
23 0.46033653846153844 0.6225961538461539 0.002403846153846154 0.004807692307692308
23 0.41947115384615385 0.3557692307692308 0.007211538461538462 0.009615384615384616
23 0.4266826923076923 0.4206730769230769 0.002403846153846154 0.004807692307692308
23 0.40865384615384615 0.28125 0.004807692307692308 0.004807692307692308
23 0.40384615384615385 0.2536057692307692 0.004807692307692308 0.002403846153846154
3 0.42788461538461536 0.4254807692307692 0.004807692307692308 0.004807692307692308
7 0.40865384615384615 0.28725961538461536 0.009615384615384616 0.007211538461538462
3 0.4254807692307692 0.41346153846153844 0.004807692307692308 0.004807692307692308
23 0.45552884615384615 0.6225961538461539 0.002403846153846154 0.004807692307692308
7 0.4110576923076923 0.3449519230769231 0.009615384615384616 0.007211538461538462
23 0.40865384615384615 0.3161057692307692 0.004807692307692308 0.002403846153846154
23 0.40384615384615385 0.28365384615384615 0.004807692307692308 0.004807692307692308
3 0.4206730769230769 0.41346153846153844 0.004807692307692308 0.004807692307692308
23 0.421875 0.4206730769230769 0.002403846153846154 0.004807692307692308
3 0.4230769230769231 0.4254807692307692 0.004807692307692308 0.004807692307692308
29 0.4519230769230769 0.6322115384615384 0.009615384615384616 0.009615384615384616
23 0.45072115384615385 0.625 0.002403846153846154 0.004807692307692308
23 0.41346153846153844 0.35697115384615385 0.004807692307692308 0.007211538461538462
23 0.39663461538461536 0.24879807692307693 0.004807692307692308 0.002403846153846154
7 0.3942307692307692 0.234375 0.009615384615384616 0.007211538461538462
23 0.40024038461538464 0.28365384615384615 0.002403846153846154 0.004807692307692308
23 0.39302884615384615 0.23918269230769232 0.007211538461538462 0.002403846153846154
7 0.39663461538461536 0.25240384615384615 0.009615384615384616 0.009615384615384616
7 0.3942307692307692 0.2439903846153846 0.009615384615384616 0.007211538461538462
23 0.4170673076923077 0.4206730769230769 0.002403846153846154 0.004807692307692308
23 0.4170673076923077 0.41466346153846156 0.002403846153846154 0.002403846153846154
23 0.44591346153846156 0.625 0.002403846153846154 0.004807692307692308
3 0.4182692307692308 0.4254807692307692 0.004807692307692308 0.004807692307692308
23 0.40625 0.359375 0.004807692307692308 0.007211538461538462
23 0.3954326923076923 0.28365384615384615 0.002403846153846154 0.004807692307692308
3 0.41346153846153844 0.41586538461538464 0.004807692307692308 0.004807692307692308
23 0.41466346153846156 0.4206730769230769 0.002403846153846154 0.004807692307692308
3 0.44350961538461536 0.625 0.002403846153846154 0.004807692307692308
3 0.39302884615384615 0.2668269230769231 0.007211538461538462 0.004807692307692308
3 0.41586538461538464 0.42788461538461536 0.004807692307692308 0.004807692307692308
3 0.3918269230769231 0.2620192307692308 0.009615384615384616 0.004807692307692308
29 0.4423076923076923 0.6322115384615384 0.009615384615384616 0.009615384615384616
23 0.3894230769230769 0.25721153846153844 0.004807692307692308 0.004807692307692308
23 0.4098557692307692 0.4230769230769231 0.002403846153846154 0.004807692307692308
3 0.4110576923076923 0.42788461538461536 0.004807692307692308 0.004807692307692308
23 0.40865384615384615 0.41586538461538464 0.004807692307692308 0.004807692307692308
23 0.4387019230769231 0.625 0.002403846153846154 0.004807692307692308
23 0.4050480769230769 0.4230769230769231 0.002403846153846154 0.004807692307692308
23 0.39783653846153844 0.3581730769230769 0.002403846153846154 0.004807692307692308
3 0.4050480769230769 0.41586538461538464 0.002403846153846154 0.004807692307692308
23 0.43509615384615385 0.6274038461538461 0.004807692307692308 0.004807692307692308
3 0.40625 0.42788461538461536 0.004807692307692308 0.004807692307692308
7 0.38461538461538464 0.28966346153846156 0.014423076923076924 0.007211538461538462
3 0.3942307692307692 0.3581730769230769 0.004807692307692308 0.004807692307692308
29 0.43028846153846156 0.6322115384615384 0.009615384615384616 0.009615384615384616
23 0.40024038461538464 0.4182692307692308 0.002403846153846154 0.004807692307692308
23 0.42908653846153844 0.6274038461538461 0.002403846153846154 0.004807692307692308
7 0.3894230769230769 0.3581730769230769 0.004807692307692308 0.004807692307692308
23 0.42427884615384615 0.6274038461538461 0.002403846153846154 0.004807692307692308
23 0.3858173076923077 0.3605769230769231 0.002403846153846154 0.004807692307692308
3 0.3942307692307692 0.4230769230769231 0.004807692307692308 0.004807692307692308
23 0.421875 0.6274038461538461 0.002403846153846154 0.004807692307692308
23 0.375 0.2920673076923077 0.004807692307692308 0.002403846153846154
29 0.4206730769230769 0.6346153846153846 0.009615384615384616 0.009615384615384616
23 0.3918269230769231 0.43028846153846156 0.004807692307692308 0.004807692307692308
3 0.38221153846153844 0.3605769230769231 0.004807692307692308 0.004807692307692308
23 0.3894230769230769 0.43509615384615385 0.004807692307692308 0.004807692307692308
3 0.38822115384615385 0.4230769230769231 0.002403846153846154 0.004807692307692308
23 0.4170673076923077 0.6298076923076923 0.002403846153846154 0.004807692307692308
23 0.38822115384615385 0.43509615384615385 0.002403846153846154 0.004807692307692308
7 0.37740384615384615 0.3605769230769231 0.004807692307692308 0.004807692307692308
23 0.3858173076923077 0.43028846153846156 0.002403846153846154 0.004807692307692308
23 0.4098557692307692 0.6298076923076923 0.002403846153846154 0.004807692307692308
23 0.38341346153846156 0.43028846153846156 0.002403846153846154 0.004807692307692308
23 0.38341346153846156 0.4375 0.002403846153846154 0.004807692307692308
14 0.40865384615384615 0.6358173076923077 0.009615384615384616 0.007211538461538462
6 0.36658653846153844 0.34134615384615385 0.06971153846153846 0.028846153846153848
3 0.4050480769230769 0.6298076923076923 0.002403846153846154 0.004807692307692308
23 0.3798076923076923 0.4375 0.004807692307692308 0.004807692307692308
23 0.3786057692307692 0.4326923076923077 0.002403846153846154 0.004807692307692308
3 0.3581730769230769 0.2920673076923077 0.004807692307692308 0.002403846153846154
23 0.3762019230769231 0.4254807692307692 0.002403846153846154 0.004807692307692308
3 0.36658653846153844 0.4050480769230769 0.016826923076923076 0.01201923076923077
23 0.36899038461538464 0.42788461538461536 0.002403846153846154 0.004807692307692308
23 0.3641826923076923 0.38822115384615385 0.007211538461538462 0.002403846153846154
23 0.40024038461538464 0.6346153846153846 0.002403846153846154 0.004807692307692308
23 0.3641826923076923 0.3786057692307692 0.007211538461538462 0.002403846153846154
23 0.3641826923076923 0.38341346153846156 0.007211538461538462 0.002403846153846154
23 0.3629807692307692 0.390625 0.004807692307692308 0.002403846153846154
23 0.3641826923076923 0.3954326923076923 0.007211538461538462 0.002403846153846154
23 0.36177884615384615 0.38100961538461536 0.007211538461538462 0.002403846153846154
7 0.34975961538461536 0.29447115384615385 0.007211538461538462 0.002403846153846154
23 0.3605769230769231 0.36899038461538464 0.004807692307692308 0.002403846153846154
15 0.36177884615384615 0.4170673076923077 0.007211538461538462 0.007211538461538462
7 0.3401442307692308 0.296875 0.007211538461538462 0.002403846153846154
6 0.33052884615384615 0.2439903846153846 0.11298076923076923 0.036057692307692304
7 0.3485576923076923 0.4050480769230769 0.009615384615384616 0.007211538461538462
7 0.3233173076923077 0.296875 0.007211538461538462 0.002403846153846154
7 0.33653846153846156 0.4050480769230769 0.009615384615384616 0.007211538461538462
14 0.3293269230769231 0.3870192307692308 0.052884615384615384 0.038461538461538464
23 0.3293269230769231 0.40625 0.004807692307692308 0.004807692307692308
3 0.32211538461538464 0.36778846153846156 0.009615384615384616 0.004807692307692308
6 0.3112980769230769 0.31850961538461536 0.15625 0.05048076923076923
23 0.35697115384615385 0.6394230769230769 0.002403846153846154 0.004807692307692308
7 0.32211538461538464 0.4074519230769231 0.009615384615384616 0.007211538461538462
7 0.30528846153846156 0.3004807692307692 0.009615384615384616 0.004807692307692308
23 0.35216346153846156 0.6394230769230769 0.002403846153846154 0.004807692307692308
3 0.31850961538461536 0.42427884615384615 0.016826923076923076 0.01201923076923077
3 0.31971153846153844 0.4387019230769231 0.019230769230769232 0.016826923076923076
23 0.3473557692307692 0.6418269230769231 0.002403846153846154 0.004807692307692308
6 0.296875 0.2824519230769231 0.18028846153846154 0.05048076923076923
7 0.3125 0.4098557692307692 0.009615384615384616 0.007211538461538462
23 0.28725961538461536 0.30408653846153844 0.002403846153846154 0.002403846153846154
7 0.3004807692307692 0.4110576923076923 0.009615384615384616 0.009615384615384616
23 0.2824519230769231 0.30408653846153844 0.002403846153846154 0.002403846153846154
23 0.33052884615384615 0.6442307692307693 0.002403846153846154 0.004807692307692308
3 0.27403846153846156 0.25600961538461536 0.004807692307692308 0.002403846153846154
7 0.27524038461538464 0.2668269230769231 0.007211538461538462 0.004807692307692308
23 0.27524038461538464 0.25841346153846156 0.007211538461538462 0.002403846153846154
23 0.3004807692307692 0.44711538461538464 0.004807692307692308 0.004807692307692308
7 0.2932692307692308 0.38100961538461536 0.009615384615384616 0.007211538461538462
7 0.27524038461538464 0.2536057692307692 0.007211538461538462 0.002403846153846154
7 0.2932692307692308 0.3954326923076923 0.009615384615384616 0.007211538461538462
3 0.27524038461538464 0.26322115384615385 0.007211538461538462 0.002403846153846154
7 0.2932692307692308 0.3894230769230769 0.009615384615384616 0.009615384615384616
7 0.29086538461538464 0.375 0.009615384615384616 0.009615384615384616
7 0.2956730769230769 0.40384615384615385 0.009615384615384616 0.009615384615384616
14 0.2980769230769231 0.4362980769230769 0.019230769230769232 0.016826923076923076
6 0.28365384615384615 0.35336538461538464 0.07211538461538461 0.03365384615384615
23 0.2980769230769231 0.44711538461538464 0.004807692307692308 0.004807692307692308
23 0.3233173076923077 0.6442307692307693 0.002403846153846154 0.004807692307692308
7 0.27163461538461536 0.30528846153846156 0.014423076923076924 0.004807692307692308
23 0.2932692307692308 0.44711538461538464 0.004807692307692308 0.004807692307692308
3 0.2860576923076923 0.41466346153846156 0.014423076923076924 0.01201923076923077
23 0.31850961538461536 0.6442307692307693 0.002403846153846154 0.004807692307692308
23 0.3137019230769231 0.6466346153846154 0.002403846153846154 0.004807692307692308
3 0.3088942307692308 0.6466346153846154 0.002403846153846154 0.004807692307692308
3 0.27524038461538464 0.4338942307692308 0.021634615384615384 0.01201923076923077
23 0.30408653846153844 0.6466346153846154 0.002403846153846154 0.004807692307692308
3 0.27524038461538464 0.4483173076923077 0.021634615384615384 0.016826923076923076
3 0.2692307692307692 0.4170673076923077 0.019230769230769232 0.01201923076923077
14 0.2668269230769231 0.3918269230769231 0.03365384615384615 0.038461538461538464
23 0.3016826923076923 0.6466346153846154 0.002403846153846154 0.004807692307692308
3 0.296875 0.6490384615384616 0.002403846153846154 0.004807692307692308
3 0.25 0.31009615384615385 0.004807692307692308 0.004807692307692308
23 0.24639423076923078 0.31009615384615385 0.002403846153846154 0.004807692307692308
3 0.2920673076923077 0.6490384615384616 0.002403846153846154 0.004807692307692308
7 0.25841346153846156 0.4206730769230769 0.007211538461538462 0.009615384615384616
7 0.2403846153846154 0.31009615384615385 0.004807692307692308 0.004807692307692308
23 0.28966346153846156 0.6490384615384616 0.002403846153846154 0.004807692307692308
7 0.24759615384615385 0.35096153846153844 0.004807692307692308 0.004807692307692308
7 0.24759615384615385 0.3581730769230769 0.004807692307692308 0.004807692307692308
23 0.2704326923076923 0.5324519230769231 0.007211538461538462 0.002403846153846154
23 0.2692307692307692 0.5276442307692307 0.004807692307692308 0.002403846153846154
23 0.27163461538461536 0.5444711538461539 0.004807692307692308 0.002403846153846154
23 0.27163461538461536 0.5348557692307693 0.004807692307692308 0.002403846153846154
23 0.2692307692307692 0.5228365384615384 0.004807692307692308 0.002403846153846154
23 0.27403846153846156 0.5588942307692307 0.004807692307692308 0.002403846153846154
23 0.27403846153846156 0.5516826923076923 0.004807692307692308 0.002403846153846154
23 0.27283653846153844 0.546875 0.007211538461538462 0.002403846153846154
23 0.27163461538461536 0.5396634615384616 0.004807692307692308 0.002403846153846154
23 0.27403846153846156 0.5612980769230769 0.004807692307692308 0.002403846153846154
6 0.23076923076923078 0.2548076923076923 0.07211538461538461 0.028846153846153848
3 0.2608173076923077 0.4699519230769231 0.007211538461538462 0.002403846153846154
3 0.25961538461538464 0.4675480769230769 0.004807692307692308 0.002403846153846154
3 0.25961538461538464 0.4651442307692308 0.004807692307692308 0.002403846153846154
7 0.24639423076923078 0.36778846153846156 0.007211538461538462 0.009615384615384616
29 0.28365384615384615 0.6418269230769231 0.009615384615384616 0.009615384615384616
3 0.24278846153846154 0.3581730769230769 0.004807692307692308 0.004807692307692308
23 0.2848557692307692 0.6490384615384616 0.002403846153846154 0.004807692307692308
3 0.24278846153846154 0.35336538461538464 0.004807692307692308 0.004807692307692308
7 0.23557692307692307 0.31009615384615385 0.004807692307692308 0.004807692307692308
3 0.25 0.41586538461538464 0.004807692307692308 0.004807692307692308
23 0.25 0.4230769230769231 0.004807692307692308 0.004807692307692308
7 0.2439903846153846 0.3798076923076923 0.007211538461538462 0.009615384615384616
3 0.27524038461538464 0.6141826923076923 0.01201923076923077 0.01201923076923077
3 0.27283653846153844 0.6045673076923077 0.007211538461538462 0.002403846153846154
23 0.23798076923076922 0.3581730769230769 0.004807692307692308 0.004807692307692308
3 0.28125 0.6514423076923077 0.004807692307692308 0.004807692307692308
3 0.27163461538461536 0.5973557692307693 0.014423076923076924 0.01201923076923077
23 0.23798076923076922 0.35336538461538464 0.004807692307692308 0.004807692307692308
3 0.2704326923076923 0.5841346153846154 0.021634615384615384 0.014423076923076924
23 0.23076923076923078 0.3125 0.004807692307692308 0.004807692307692308
3 0.265625 0.5697115384615384 0.021634615384615384 0.014423076923076924
7 0.23677884615384615 0.3701923076923077 0.007211538461538462 0.009615384615384616
23 0.23798076923076922 0.37740384615384615 0.004807692307692308 0.004807692307692308
23 0.27524038461538464 0.6514423076923077 0.002403846153846154 0.004807692307692308
23 0.23677884615384615 0.38221153846153844 0.002403846153846154 0.004807692307692308
23 0.23317307692307693 0.35336538461538464 0.004807692307692308 0.004807692307692308
23 0.23557692307692307 0.3605769230769231 0.004807692307692308 0.004807692307692308
3 0.22596153846153846 0.3125 0.004807692307692308 0.004807692307692308
14 0.27403846153846156 0.6442307692307693 0.009615384615384616 0.009615384615384616
23 0.2704326923076923 0.6370192307692307 0.002403846153846154 0.004807692307692308
14 0.25240384615384615 0.5132211538461539 0.019230769230769232 0.01201923076923077
3 0.25 0.5012019230769231 0.014423076923076924 0.01201923076923077
23 0.26802884615384615 0.6274038461538461 0.002403846153846154 0.004807692307692308
23 0.27283653846153844 0.6514423076923077 0.002403846153846154 0.004807692307692308
3 0.234375 0.4050480769230769 0.026442307692307692 0.016826923076923076
14 0.24639423076923078 0.4855769230769231 0.036057692307692304 0.019230769230769232
23 0.26322115384615385 0.6057692307692307 0.002403846153846154 0.004807692307692308
29 0.22596153846153846 0.3545673076923077 0.009615384615384616 0.007211538461538462
3 0.23677884615384615 0.421875 0.021634615384615384 0.016826923076923076
23 0.22956730769230768 0.38461538461538464 0.002403846153846154 0.004807692307692308
29 0.2283653846153846 0.36177884615384615 0.009615384615384616 0.007211538461538462
23 0.26802884615384615 0.6514423076923077 0.002403846153846154 0.004807692307692308
29 0.2283653846153846 0.3713942307692308 0.009615384615384616 0.007211538461538462
29 0.2283653846153846 0.3798076923076923 0.009615384615384616 0.009615384615384616
3 0.234375 0.44350961538461536 0.016826923076923076 0.01201923076923077
3 0.23798076923076922 0.4699519230769231 0.014423076923076924 0.01201923076923077
23 0.26322115384615385 0.6394230769230769 0.002403846153846154 0.004807692307692308
23 0.25841346153846156 0.6081730769230769 0.002403846153846154 0.004807692307692308
3 0.23798076923076922 0.45552884615384615 0.019230769230769232 0.01201923076923077
23 0.22716346153846154 0.3870192307692308 0.002403846153846154 0.004807692307692308
3 0.2548076923076923 0.5997596153846154 0.014423076923076924 0.01201923076923077
29 0.22716346153846154 0.39302884615384615 0.01201923076923077 0.007211538461538462
29 0.2620192307692308 0.6466346153846154 0.009615384615384616 0.009615384615384616
3 0.26322115384615385 0.6538461538461539 0.002403846153846154 0.004807692307692308
14 0.25600961538461536 0.6165865384615384 0.021634615384615384 0.016826923076923076
23 0.25841346153846156 0.6298076923076923 0.002403846153846154 0.004807692307692308
23 0.24879807692307693 0.5733173076923077 0.007211538461538462 0.002403846153846154
23 0.24879807692307693 0.5685096153846154 0.007211538461538462 0.002403846153846154
23 0.25240384615384615 0.5829326923076923 0.004807692307692308 0.002403846153846154
23 0.2512019230769231 0.5805288461538461 0.007211538461538462 0.002403846153846154
23 0.25 0.5745192307692307 0.009615384615384616 0.004807692307692308
23 0.25240384615384615 0.5877403846153846 0.004807692307692308 0.002403846153846154
3 0.2512019230769231 0.5901442307692307 0.007211538461538462 0.002403846153846154
23 0.25 0.5769230769230769 0.009615384615384616 0.004807692307692308
23 0.22115384615384615 0.3605769230769231 0.004807692307692308 0.004807692307692308
23 0.22355769230769232 0.3870192307692308 0.004807692307692308 0.004807692307692308
23 0.2536057692307692 0.6081730769230769 0.002403846153846154 0.004807692307692308
23 0.21875 0.3557692307692308 0.004807692307692308 0.004807692307692308
23 0.25721153846153844 0.6346153846153846 0.004807692307692308 0.004807692307692308
3 0.25841346153846156 0.6538461538461539 0.002403846153846154 0.004807692307692308
3 0.2536057692307692 0.6298076923076923 0.002403846153846154 0.004807692307692308
29 0.21754807692307693 0.3713942307692308 0.01201923076923077 0.01201923076923077
23 0.24879807692307693 0.6081730769230769 0.002403846153846154 0.004807692307692308
23 0.21875 0.3870192307692308 0.004807692307692308 0.004807692307692308
29 0.21875 0.38100961538461536 0.009615384615384616 0.007211538461538462
23 0.21754807692307693 0.3942307692307692 0.002403846153846154 0.004807692307692308
23 0.24278846153846154 0.5877403846153846 0.004807692307692308 0.002403846153846154
23 0.24278846153846154 0.578125 0.004807692307692308 0.002403846153846154
3 0.2439903846153846 0.5853365384615384 0.007211538461538462 0.002403846153846154
23 0.24278846153846154 0.5925480769230769 0.004807692307692308 0.002403846153846154
23 0.2403846153846154 0.5757211538461539 0.004807692307692308 0.002403846153846154
23 0.2403846153846154 0.5829326923076923 0.004807692307692308 0.002403846153846154
23 0.23918269230769232 0.5709134615384616 0.007211538461538462 0.002403846153846154
23 0.21394230769230768 0.3942307692307692 0.004807692307692308 0.004807692307692308
23 0.24278846153846154 0.5901442307692307 0.004807692307692308 0.002403846153846154
3 0.21995192307692307 0.4387019230769231 0.007211538461538462 0.002403846153846154
3 0.21995192307692307 0.4362980769230769 0.007211538461538462 0.002403846153846154
23 0.19951923076923078 0.296875 0.004807692307692308 0.002403846153846154
3 0.2127403846153846 0.3870192307692308 0.002403846153846154 0.004807692307692308
3 0.20072115384615385 0.29447115384615385 0.007211538461538462 0.002403846153846154
3 0.203125 0.3112980769230769 0.007211538461538462 0.002403846153846154
23 0.19951923076923078 0.28966346153846156 0.004807692307692308 0.002403846153846154
23 0.19951923076923078 0.2920673076923077 0.004807692307692308 0.002403846153846154
23 0.20192307692307693 0.3161057692307692 0.004807692307692308 0.002403846153846154
29 0.1971153846153846 0.2824519230769231 0.009615384615384616 0.007211538461538462
7 0.20432692307692307 0.33533653846153844 0.004807692307692308 0.002403846153846154
29 0.19951923076923078 0.3016826923076923 0.009615384615384616 0.007211538461538462
3 0.20552884615384615 0.3473557692307692 0.007211538461538462 0.002403846153846154
3 0.203125 0.33052884615384615 0.007211538461538462 0.002403846153846154
7 0.20192307692307693 0.31850961538461536 0.009615384615384616 0.007211538461538462
7 0.20192307692307693 0.328125 0.004807692307692308 0.002403846153846154
23 0.20432692307692307 0.34975961538461536 0.004807692307692308 0.002403846153846154
3 0.203125 0.3401442307692308 0.007211538461538462 0.002403846153846154
7 0.20552884615384615 0.34375 0.007211538461538462 0.004807692307692308
3 0.20192307692307693 0.32211538461538464 0.009615384615384616 0.004807692307692308
3 0.20673076923076922 0.36177884615384615 0.019230769230769232 0.01201923076923077
23 0.2091346153846154 0.3894230769230769 0.004807692307692308 0.004807692307692308
3 0.2127403846153846 0.4266826923076923 0.021634615384615384 0.016826923076923076
7 0.20793269230769232 0.3798076923076923 0.007211538461538462 0.009615384615384616
23 0.20432692307692307 0.37259615384615385 0.004807692307692308 0.004807692307692308
3 0.2091346153846154 0.4074519230769231 0.019230769230769232 0.01201923076923077
23 0.20552884615384615 0.3894230769230769 0.002403846153846154 0.004807692307692308
3 0.19471153846153846 0.31490384615384615 0.004807692307692308 0.004807692307692308
3 0.19110576923076922 0.2920673076923077 0.007211538461538462 0.002403846153846154
29 0.20432692307692307 0.3954326923076923 0.009615384615384616 0.007211538461538462
23 0.18990384615384615 0.28966346153846156 0.004807692307692308 0.002403846153846154
23 0.19471153846153846 0.31009615384615385 0.004807692307692308 0.004807692307692308
3 0.2127403846153846 0.4387019230769231 0.007211538461538462 0.002403846153846154
23 0.19230769230769232 0.296875 0.004807692307692308 0.002403846153846154
3 0.21033653846153846 0.4362980769230769 0.007211538461538462 0.002403846153846154
23 0.19230769230769232 0.30288461538461536 0.004807692307692308 0.004807692307692308
23 0.20192307692307693 0.3894230769230769 0.004807692307692308 0.004807692307692308
6 0.21033653846153846 0.484375 0.03125 0.05048076923076923
6 0.22235576923076922 0.5637019230769231 0.03125 0.06009615384615385
6 0.6754807692307693 0.2776442307692308 0.038461538461538464 0.07451923076923077