22 0.7517248376623377 0.30640243902439024 0.002232142857142857 0.007926829268292683
24 0.7566964285714286 0.3065548780487805 0.006899350649350649 0.008841463414634146
22 0.7615665584415584 0.3067073170731707 0.002435064935064935 0.007926829268292683
22 0.7639001623376623 0.3067073170731707 0.002232142857142857 0.007317073170731708
24 0.7737418831168831 0.3070121951219512 0.006493506493506494 0.00853658536585366
6 0.492086038961039 0.3100609756097561 0.2755681818181818 0.023170731707317073
2 0.6711647727272727 0.31067073170731707 0.005478896103896104 0.004878048780487805
15 0.716112012987013 0.311890243902439 0.002029220779220779 0.007926829268292683
22 0.752435064935065 0.3152439024390244 0.002029220779220779 0.006707317073170732
22 0.7636972402597403 0.3157012195121951 0.002637987012987013 0.007621951219512195
2 0.7610592532467533 0.31585365853658537 0.002637987012987013 0.007926829268292683
24 0.7325487012987013 0.317530487804878 0.006899350649350649 0.008841463414634146
24 0.7434050324675324 0.3176829268292683 0.007508116883116883 0.00853658536585366
2 0.716112012987013 0.32134146341463415 0.002840909090909091 0.00853658536585366
22 0.3695211038961039 0.3239329268292683 0.002029220779220779 0.005182926829268293
22 0.3718547077922078 0.3239329268292683 0.002232142857142857 0.005792682926829268
22 0.3656655844155844 0.32408536585365855 0.002435064935064935 0.006707317073170732
22 0.36312905844155846 0.32423780487804876 0.002232142857142857 0.00701219512195122
7 0.8369521103896104 0.3257621951219512 0.00588474025974026 0.005792682926829268
2 0.5734577922077922 0.32621951219512196 0.002029220779220779 0.007317073170731708
2 0.5433238636363636 0.32698170731707316 0.002232142857142857 0.008231707317073171
29 0.6710633116883117 0.32698170731707316 0.010551948051948052 0.014329268292682927
2 0.5214082792207793 0.32728658536585364 0.002637987012987013 0.0064024390243902435
2 0.5619926948051948 0.32728658536585364 0.0034496753246753245 0.007621951219512195
2 0.49523133116883117 0.32759146341463413 0.003043831168831169 0.007621951219512195
2 0.47696834415584416 0.3277439024390244 0.0034496753246753245 0.007317073170731708
2 0.5062905844155844 0.3280487804878049 0.004058441558441558 0.007317073170731708
2 0.4411525974025974 0.3282012195121951 0.0036525974025974025 0.008841463414634146
2 0.45931412337662336 0.3283536585365854 0.003043831168831169 0.006707317073170732
2 0.7937297077922078 0.3285060975609756 0.003043831168831169 0.007621951219512195
2 0.4031047077922078 0.32865853658536587 0.002232142857142857 0.00853658536585366
2 0.4161931818181818 0.32865853658536587 0.002435064935064935 0.006707317073170732
2 0.4258319805194805 0.32865853658536587 0.002232142857142857 0.007317073170731708
2 0.3949878246753247 0.3291158536585366 0.0018262987012987013 0.0064024390243902435
2 0.39732142857142855 0.32942073170731706 0.002435064935064935 0.007621951219512195
22 0.3929586038961039 0.32957317073170733 0.002232142857142857 0.006707317073170732
22 0.3782467532467532 0.3309451219512195 0.006493506493506494 0.005182926829268293
22 0.35967938311688313 0.3329268292682927 0.002232142857142857 0.007317073170731708
22 0.3573457792207792 0.3330792682926829 0.002029220779220779 0.00701219512195122
2 0.36820211038961037 0.3330792682926829 0.0018262987012987013 0.0064024390243902435
2 0.3731737012987013 0.3333841463414634 0.002029220779220779 0.007621951219512195
22 0.3706371753246753 0.3335365853658537 0.0018262987012987013 0.006707317073170732
22 0.36312905844155846 0.33384146341463417 0.0018262987012987013 0.006707317073170732
2 0.8375608766233766 0.3361280487804878 0.002232142857142857 0.007621951219512195
22 0.8348214285714286 0.33628048780487807 0.002840909090909091 0.007926829268292683
22 0.8416193181818182 0.33628048780487807 0.004261363636363636 0.003048780487804878
22 0.7607548701298701 0.33689024390243905 0.005275974025974026 0.003658536585365854
2 0.37591314935064934 0.33765243902439024 0.002232142857142857 0.0064024390243902435
2 0.3586647727272727 0.338719512195122 0.005073051948051948 0.003658536585365854
2 0.8643465909090909 0.338719512195122 0.003043831168831169 0.007926829268292683
2 0.3676948051948052 0.3388719512195122 0.004464285714285714 0.003353658536585366
2 0.6608157467532467 0.33963414634146344 0.009943181818181818 0.00548780487804878
22 0.35430194805194803 0.3435975609756098 0.00487012987012987 0.003658536585365854
22 0.380275974025974 0.34375 0.006899350649350649 0.004573170731707317
2 0.6599025974025974 0.34466463414634146 0.006493506493506494 0.0039634146341463415
2 0.8643465909090909 0.34557926829268293 0.0018262987012987013 0.007621951219512195
2 0.7843952922077922 0.3458841463414634 0.005073051948051948 0.004573170731707317
22 0.3544034090909091 0.3472560975609756 0.004261363636363636 0.0024390243902439024
22 0.8607954545454546 0.34771341463414634 0.004464285714285714 0.0039634146341463415
2 0.385450487012987 0.34817073170731705 0.004667207792207792 0.003658536585365854
22 0.3544034090909091 0.35060975609756095 0.004261363636363636 0.003048780487804878
22 0.8606939935064936 0.35121951219512193 0.004667207792207792 0.003048780487804878
2 0.39813311688311687 0.35259146341463415 0.002435064935064935 0.007621951219512195
7 0.39042207792207795 0.35289634146341464 0.010146103896103896 0.0064024390243902435
2 0.3814935064935065 0.35365853658536583 0.002029220779220779 0.007926829268292683
2 0.8642451298701299 0.35365853658536583 0.002029220779220779 0.007317073170731708
22 0.35450487012987014 0.3542682926829268 0.004464285714285714 0.003658536585365854
14 0.36941964285714285 0.3565548780487805 0.019277597402597404 0.028963414634146343
22 0.3544034090909091 0.35777439024390245 0.004261363636363636 0.0039634146341463415
2 0.3821022727272727 0.35884146341463413 0.00487012987012987 0.004878048780487805
22 0.3887987012987013 0.35990853658536587 0.007305194805194805 0.005182926829268293
22 0.3979301948051948 0.36021341463414636 0.002029220779220779 0.00701219512195122
2 0.864448051948052 0.3611280487804878 0.0016233766233766235 0.007621951219512195
22 0.35450487012987014 0.3617378048780488 0.004058441558441558 0.0039634146341463415
22 0.8605925324675324 0.36265243902439026 0.004464285714285714 0.003353658536585366
2 0.38189935064935066 0.3638719512195122 0.00487012987012987 0.003353658536585366
22 0.35450487012987014 0.36509146341463417 0.005275974025974026 0.00274390243902439
22 0.38900162337662336 0.36509146341463417 0.007711038961038961 0.005182926829268293
22 0.4108157467532468 0.36509146341463417 0.002232142857142857 0.007621951219512195
22 0.8605925324675324 0.36646341463414633 0.004058441558441558 0.003048780487804878
2 0.3820008116883117 0.3670731707317073 0.005073051948051948 0.003658536585365854
22 0.39803165584415584 0.3673780487804878 0.002232142857142857 0.006707317073170732
2 0.7178368506493507 0.3673780487804878 0.004261363636363636 0.00426829268292683
2 0.8643465909090909 0.36829268292682926 0.002637987012987013 0.007317073170731708
15 0.7141842532467533 0.36844512195121953 0.002232142857142857 0.008231707317073171
2 0.35460633116883117 0.36890243902439024 0.004667207792207792 0.003048780487804878
2 0.7098214285714286 0.36890243902439024 0.002840909090909091 0.007926829268292683
22 0.6972402597402597 0.3696646341463415 0.004464285714285714 0.0039634146341463415
2 0.6913555194805194 0.369969512195122 0.00487012987012987 0.00274390243902439
22 0.7061688311688312 0.369969512195122 0.00487012987012987 0.003353658536585366
2 0.3821022727272727 0.3704268292682927 0.004464285714285714 0.003048780487804878
22 0.3887987012987013 0.37073170731707317 0.007305194805194805 0.00548780487804878
22 0.7270698051948052 0.37088414634146344 0.004464285714285714 0.003353658536585366
2 0.7337662337662337 0.37103658536585366 0.004058441558441558 0.003658536585365854
2 0.7195616883116883 0.37134146341463414 0.004058441558441558 0.003048780487804878
22 0.35450487012987014 0.3722560975609756 0.00487012987012987 0.0024390243902439024
22 0.4109172077922078 0.3725609756097561 0.002435064935064935 0.006707317073170732
2 0.6911525974025974 0.37362804878048783 0.00487012987012987 0.003353658536585366
22 0.6972402597402597 0.37362804878048783 0.004464285714285714 0.00274390243902439
22 0.7271712662337663 0.3745426829268293 0.004261363636363636 0.00274390243902439
2 0.8738839285714286 0.3746951219512195 0.004667207792207792 0.00426829268292683
22 0.3984375 0.375 0.002637987012987013 0.007317073170731708
22 0.7338676948051948 0.3751524390243902 0.005073051948051948 0.003353658536585366
2 0.7391436688311688 0.37591463414634146 0.004667207792207792 0.003658536585365854
7 0.38961038961038963 0.37652439024390244 0.00974025974025974 0.006097560975609756
22 0.372362012987013 0.37667682926829266 0.002435064935064935 0.0064024390243902435
2 0.37459415584415584 0.37667682926829266 0.002029220779220779 0.0064024390243902435
22 0.369825487012987 0.37698170731707314 0.0018262987012987013 0.00701219512195122
2 0.6970373376623377 0.37698170731707314 0.004464285714285714 0.00274390243902439
24 0.3643465909090909 0.3775914634146341 0.007102272727272727 0.009451219512195122
22 0.3587662337662338 0.3777439024390244 0.002029220779220779 0.007317073170731708
22 0.37794237012987014 0.3777439024390244 0.003043831168831169 0.01097560975609756
22 0.35633116883116883 0.3778963414634146 0.002029220779220779 0.007621951219512195
2 0.38118912337662336 0.3778963414634146 0.002232142857142857 0.00701219512195122
22 0.354099025974026 0.3780487804878049 0.002435064935064935 0.007317073170731708
22 0.7270698051948052 0.3785060975609756 0.004058441558441558 0.003353658536585366
2 0.7337662337662337 0.37865853658536586 0.004464285714285714 0.0024390243902439024
2 0.6913555194805194 0.3798780487804878 0.00487012987012987 0.003658536585365854
22 0.6969358766233766 0.3804878048780488 0.0038555194805194805 0.003048780487804878
22 0.4112215909090909 0.38140243902439025 0.002232142857142857 0.007317073170731708
2 0.40868506493506496 0.38155487804878047 0.002435064935064935 0.00701219512195122
2 0.7338676948051948 0.38170731707317074 0.005073051948051948 0.0024390243902439024
22 0.7271712662337663 0.38185975609756095 0.004667207792207792 0.00274390243902439
7 0.38971185064935066 0.3826219512195122 0.009537337662337662 0.006707317073170732
2 0.8511566558441559 0.3833841463414634 0.005073051948051948 0.003353658536585366
9 0.8714488636363636 0.38429878048780486 0.01359577922077922 0.01798780487804878
2 0.6915584415584416 0.3850609756097561 0.004464285714285714 0.003048780487804878
2 0.6971387987012987 0.3852134146341463 0.004667207792207792 0.003353658536585366
2 0.734172077922078 0.3852134146341463 0.005681818181818182 0.00274390243902439
2 0.7271712662337663 0.3855182926829268 0.0038555194805194805 0.003353658536585366
2 0.5895900974025974 0.3879573170731707 0.004261363636363636 0.005182926829268293
2 0.6862824675324676 0.3885670731707317 0.004464285714285714 0.00274390243902439
15 0.6913555194805194 0.38871951219512196 0.005275974025974026 0.003658536585365854
2 0.7339691558441559 0.38871951219512196 0.00487012987012987 0.003048780487804878
2 0.6971387987012987 0.38932926829268294 0.004667207792207792 0.003658536585365854
22 0.42461444805194803 0.3899390243902439 0.0018262987012987013 0.006097560975609756
22 0.4406452922077922 0.3908536585365854 0.005073051948051948 0.00548780487804878
2 0.7340706168831169 0.3916158536585366 0.005478896103896104 0.003353658536585366
29 0.42857142857142855 0.39222560975609755 0.005681818181818182 0.011280487804878048
24 0.7272727272727273 0.39222560975609755 0.00487012987012987 0.010670731707317074
2 0.6913555194805194 0.3935975609756098 0.00487012987012987 0.00426829268292683
22 0.6972402597402597 0.39375 0.004464285714285714 0.00274390243902439
14 0.7126623376623377 0.39435975609756097 0.021915584415584416 0.04359756097560975
2 0.7383319805194806 0.39435975609756097 0.003043831168831169 0.007621951219512195
2 0.7337662337662337 0.3954268292682927 0.005681818181818182 0.004878048780487805
22 0.41812094155844154 0.3958841463414634 0.004667207792207792 0.003353658536585366
22 0.43273133116883117 0.3960365853658537 0.002232142857142857 0.007317073170731708
2 0.5829951298701299 0.39664634146341465 0.005681818181818182 0.006097560975609756
15 0.872362012987013 0.39695121951219514 0.008116883116883116 0.006097560975609756
22 0.6914569805194806 0.39710365853658536 0.004261363636363636 0.003353658536585366
22 0.6971387987012987 0.39740853658536585 0.0038555194805194805 0.00274390243902439
29 0.4369926948051948 0.3980182926829268 0.005073051948051948 0.010670731707317074
2 0.8598823051948052 0.3980182926829268 0.005478896103896104 0.0039634146341463415
2 0.44368912337662336 0.3981707317073171 0.002232142857142857 0.006097560975609756
22 0.4411525974025974 0.3986280487804878 0.002840909090909091 0.008231707317073171
22 0.41781655844155846 0.3992378048780488 0.00487012987012987 0.00274390243902439
2 0.7272727272727273 0.39969512195121953 0.004464285714285714 0.003658536585365854
22 0.7339691558441559 0.4004573170731707 0.004464285714285714 0.003353658536585366
22 0.6972402597402597 0.4009146341463415 0.004058441558441558 0.0024390243902439024
2 0.6580762987012987 0.4010670731707317 0.003246753246753247 0.008841463414634146
22 0.6913555194805194 0.40152439024390246 0.005275974025974026 0.003658536585365854
2 0.7384334415584416 0.40182926829268295 0.002435064935064935 0.007926829268292683
24 0.42593344155844154 0.40259146341463414 0.006493506493506494 0.008231707317073171
2 0.8147321428571429 0.4030487804878049 0.005681818181818182 0.003048780487804878
22 0.7274756493506493 0.4035060975609756 0.004058441558441558 0.003353658536585366
22 0.7339691558441559 0.4038109756097561 0.004058441558441558 0.003353658536585366
22 0.8705357142857143 0.4038109756097561 0.002435064935064935 0.0064024390243902435
22 0.8729707792207793 0.4038109756097561 0.002029220779220779 0.005792682926829268
2 0.6973417207792207 0.40426829268292686 0.004261363636363636 0.0024390243902439024
22 0.8755073051948052 0.40426829268292686 0.002232142857142857 0.006707317073170732
2 0.5769074675324676 0.40487804878048783 0.00487012987012987 0.006707317073170732
2 0.419338474025974 0.405640243902439 0.002232142857142857 0.00701219512195122
22 0.4096996753246753 0.4060975609756098 0.002435064935064935 0.007317073170731708
22 0.440137987012987 0.4060975609756098 0.0036525974025974025 0.003048780487804878
22 0.41680194805194803 0.4064024390243902 0.002029220779220779 0.006707317073170732
22 0.43323863636363635 0.406859756097561 0.0016233766233766235 0.0064024390243902435
22 0.7274756493506493 0.406859756097561 0.00487012987012987 0.00274390243902439
22 0.6915584415584416 0.40762195121951217 0.005275974025974026 0.004878048780487805
22 0.6971387987012987 0.40777439024390244 0.004261363636363636 0.003353658536585366
22 0.4491680194805195 0.40823170731707314 0.002637987012987013 0.007317073170731708
22 0.4466314935064935 0.40853658536585363 0.002435064935064935 0.007317073170731708
2 0.4440949675324675 0.4086890243902439 0.002232142857142857 0.00701219512195122
2 0.4516030844155844 0.4086890243902439 0.002637987012987013 0.00701219512195122
2 0.41385957792207795 0.4088414634146341 0.0038555194805194805 0.015853658536585366
2 0.7508116883116883 0.4091463414634146 0.002435064935064935 0.00853658536585366
22 0.8718547077922078 0.4091463414634146 0.004261363636363636 0.003048780487804878
22 0.440036525974026 0.4092987804878049 0.0034496753246753245 0.00274390243902439
2 0.7381290584415584 0.4097560975609756 0.002637987012987013 0.007926829268292683
22 0.6974431818181818 0.41097560975609754 0.004464285714285714 0.0024390243902439024
2 0.7272727272727273 0.4115853658536585 0.004464285714285714 0.0024390243902439024
22 0.6913555194805194 0.4117378048780488 0.00487012987012987 0.003353658536585366
22 0.45931412337662336 0.4135670731707317 0.0018262987012987013 0.00701219512195122
22 0.46387987012987014 0.41371951219512193 0.002029220779220779 0.007317073170731708
22 0.46895292207792205 0.4138719512195122 0.002840909090909091 0.008231707317073171
22 0.41913555194805197 0.4141768292682927 0.0014204545454545455 0.00701219512195122
22 0.46124188311688313 0.4141768292682927 0.002435064935064935 0.00701219512195122
22 0.41700487012987014 0.4143292682926829 0.002029220779220779 0.006707317073170732
22 0.42157061688311687 0.4143292682926829 0.0018262987012987013 0.007317073170731708
22 0.437398538961039 0.4144817073170732 0.004261363636363636 0.00274390243902439
22 0.6973417207792207 0.4144817073170732 0.004261363636363636 0.00274390243902439
22 0.466112012987013 0.4146341463414634 0.002029220779220779 0.00853658536585366
22 0.4237012987012987 0.41478658536585367 0.002029220779220779 0.00701219512195122
24 0.4317167207792208 0.41509146341463415 0.006290584415584416 0.008841463414634146
15 0.3581574675324675 0.41585365853658535 0.007711038961038961 0.01402439024390244
22 0.7284902597402597 0.4163109756097561 0.004464285714285714 0.003353658536585366
2 0.7334618506493507 0.4163109756097561 0.004261363636363636 0.0039634146341463415
2 0.6972402597402597 0.41783536585365855 0.004464285714285714 0.003353658536585366
22 0.4382102272727273 0.41829268292682925 0.004667207792207792 0.003658536585365854
2 0.7246347402597403 0.4184451219512195 0.002435064935064935 0.00701219512195122
2 0.7381290584415584 0.4190548780487805 0.002232142857142857 0.00701219512195122
2 0.7043425324675324 0.419359756097561 0.005681818181818182 0.003353658536585366
22 0.7095170454545454 0.419359756097561 0.004667207792207792 0.0039634146341463415
2 0.718952922077922 0.419359756097561 0.004058441558441558 0.003353658536585366
22 0.7284902597402597 0.4196646341463415 0.00487012987012987 0.00274390243902439
2 0.7334618506493507 0.4198170731707317 0.004261363636363636 0.003658536585365854
13 0.8727678571428571 0.42134146341463413 0.007711038961038961 0.020121951219512196
22 0.713575487012987 0.4214939024390244 0.002232142857142857 0.0064024390243902435
22 0.6579748376623377 0.4217987804878049 0.002232142857142857 0.00701219512195122
22 0.718952922077922 0.42301829268292684 0.004058441558441558 0.00274390243902439
22 0.7283887987012987 0.42301829268292684 0.004261363636363636 0.003353658536585366
2 0.7720170454545454 0.42347560975609755 0.005478896103896104 0.00426829268292683
22 0.7284902597402597 0.4263719512195122 0.004464285714285714 0.00274390243902439
22 0.6578733766233766 0.4294207317073171 0.002435064935064935 0.008841463414634146
9 0.6904423701298701 0.4320121951219512 0.017248376623376624 0.025609756097560974
2 0.3533887987012987 0.4382621951219512 0.002637987012987013 0.0064024390243902435
22 0.3587662337662338 0.43871951219512195 0.007711038961038961 0.00548780487804878
9 0.762987012987013 0.44115853658536586 0.015827922077922076 0.024390243902439025
22 0.8007305194805194 0.4483231707317073 0.002840909090909091 0.008231707317073171
7 0.6886160714285714 0.44847560975609757 0.007508116883116883 0.007926829268292683
24 0.7920048701298701 0.4486280487804878 0.006899350649350649 0.008841463414634146
2 0.7224025974025974 0.45 0.005275974025974026 0.004878048780487805
29 0.3605925324675325 0.4521341463414634 0.019886363636363636 0.01951219512195122
22 0.6894277597402597 0.45442073170731706 0.004667207792207792 0.003353658536585366
22 0.5432224025974026 0.45701219512195124 0.004464285714285714 0.007926829268292683
14 0.6038961038961039 0.4579268292682927 0.09983766233766234 0.15304878048780488
2 0.8736810064935064 0.4586890243902439 0.002232142857142857 0.008231707317073171
2 0.3989448051948052 0.45929878048780487 0.002435064935064935 0.007621951219512195
2 0.5413961038961039 0.4600609756097561 0.0036525974025974025 0.00548780487804878
29 0.4034090909090909 0.46158536585365856 0.005275974025974026 0.012195121951219513
22 0.5449472402597403 0.46219512195121953 0.0038555194805194805 0.006707317073170732
2 0.539163961038961 0.46234756097560975 0.004058441558441558 0.0064024390243902435
22 0.35257711038961037 0.4635670731707317 0.004667207792207792 0.00274390243902439
22 0.4094967532467532 0.463719512195122 0.004464285714285714 0.003048780487804878
2 0.5373376623376623 0.46539634146341463 0.004058441558441558 0.005792682926829268
2 0.546773538961039 0.4655487804878049 0.004261363636363636 0.006707317073170732
6 0.6710633116883117 0.4660060975609756 0.018262987012987012 0.2521341463414634
22 0.3991477272727273 0.4666158536585366 0.0016233766233766235 0.008231707317073171
22 0.6581777597402597 0.46676829268292686 0.002637987012987013 0.007926829268292683
22 0.40929383116883117 0.46722560975609756 0.00487012987012987 0.00274390243902439
9 0.6903409090909091 0.46783536585365854 0.016639610389610388 0.019817073170731708
22 0.4031047077922078 0.4682926829268293 0.004667207792207792 0.003048780487804878
2 0.5487012987012987 0.4682926829268293 0.004058441558441558 0.006097560975609756
22 0.5410917207792207 0.4689024390243902 0.0038555194805194805 0.00548780487804878
22 0.4094967532467532 0.47042682926829266 0.004058441558441558 0.003048780487804878
2 0.4031047077922078 0.4716463414634146 0.004667207792207792 0.003048780487804878
15 0.5451501623376623 0.4717987804878049 0.004667207792207792 0.00701219512195122
22 0.4099025974025974 0.47286585365853656 0.0036525974025974025 0.003048780487804878
29 0.3605925324675325 0.4733231707317073 0.020292207792207792 0.02225609756097561
22 0.3804788961038961 0.4736280487804878 0.007305194805194805 0.005182926829268293
22 0.35176542207792205 0.473780487804878 0.0018262987012987013 0.006707317073170732
2 0.6583806818181818 0.4742378048780488 0.002232142857142857 0.008231707317073171
22 0.41000405844155846 0.4763719512195122 0.004261363636363636 0.0039634146341463415
22 0.3782467532467532 0.47865853658536583 0.004058441558441558 0.003048780487804878
29 0.4039163961038961 0.48003048780487806 0.005478896103896104 0.011890243902439025
22 0.39945211038961037 0.48048780487804876 0.0018262987012987013 0.006707317073170732
29 0.4102069805194805 0.4842987804878049 0.00588474025974026 0.011280487804878048
22 0.3552150974025974 0.4875 0.006696428571428571 0.00426829268292683
2 0.36211444805194803 0.48795731707317075 0.004667207792207792 0.0039634146341463415
22 0.4099025974025974 0.4917682926829268 0.004464285714285714 0.0024390243902439024
29 0.3781452922077922 0.4942073170731707 0.01359577922077922 0.031097560975609756
29 0.6863839285714286 0.4951219512195122 0.01278409090909091 0.029878048780487804
22 0.6584821428571429 0.49588414634146344 0.002435064935064935 0.0064024390243902435
22 0.6584821428571429 0.5033536585365853 0.002840909090909091 0.007926829268292683
2 0.6258116883116883 0.5038109756097561 0.004058441558441558 0.0064024390243902435
2 0.627739448051948 0.506859756097561 0.004261363636363636 0.0064024390243902435
15 0.6299715909090909 0.5088414634146341 0.0034496753246753245 0.00853658536585366
2 0.6221590909090909 0.5091463414634146 0.004464285714285714 0.006097560975609756
24 0.7979910714285714 0.510670731707317 0.005478896103896104 0.010365853658536586
2 0.6238839285714286 0.5120426829268293 0.0038555194805194805 0.00701219512195122
2 0.3795657467532468 0.5134146341463415 0.009131493506493506 0.00548780487804878
15 0.6261160714285714 0.5153963414634146 0.004667207792207792 0.007621951219512195
2 0.41112012987012986 0.5157012195121952 0.0036525974025974025 0.014329268292682927
9 0.6453936688311688 0.5234756097560975 0.016436688311688312 0.02621951219512195
9 0.6906452922077922 0.525 0.016842532467532468 0.022560975609756097
2 0.7923092532467533 0.5285060975609757 0.002232142857142857 0.007621951219512195
2 0.3793628246753247 0.5298780487804878 0.005073051948051948 0.00548780487804878
22 0.3862621753246753 0.5298780487804878 0.007508116883116883 0.003658536585365854
9 0.6290584415584416 0.5327743902439024 0.017045454545454544 0.025914634146341462
22 0.658887987012987 0.5342987804878049 0.003246753246753247 0.007621951219512195
9 0.3929586038961039 0.5352134146341463 0.0006087662337662338 0.008231707317073171
6 0.851359577922078 0.5373475609756098 0.025771103896103896 0.22591463414634147
6 0.8170657467532467 0.5403963414634146 0.02130681818181818 0.22957317073170733
6 0.7794237012987013 0.5411585365853658 0.020292207792207792 0.23231707317073172
2 0.6437702922077922 0.5416158536585366 0.005478896103896104 0.0039634146341463415
22 0.6584821428571429 0.5417682926829268 0.003246753246753247 0.007317073170731708
22 0.5448457792207793 0.541920731707317 0.005275974025974026 0.003353658536585366
6 0.7079951298701299 0.5420731707317074 0.018668831168831168 0.2304878048780488
6 0.7442167207792207 0.5423780487804878 0.020900974025974024 0.22865853658536586
9 0.37205762987012986 0.5432926829268293 0.041193181818181816 0.04573170731707317
2 0.411424512987013 0.5445121951219513 0.004261363636363636 0.013414634146341463
22 0.6581777597402597 0.5503048780487805 0.002637987012987013 0.00853658536585366
9 0.690036525974026 0.5525914634146342 0.018060064935064936 0.028963414634146343
6 0.8709415584415584 0.5542682926829269 0.013392857142857142 0.13719512195121952
22 0.658685064935065 0.5564024390243902 0.0016233766233766235 0.00853658536585366
2 0.3530844155844156 0.5585365853658537 0.0036525974025974025 0.01402439024390244
9 0.8324878246753247 0.5586890243902439 0.015219155844155844 0.024695121951219513
29 0.6445819805194806 0.5589939024390244 0.014001623376623376 0.030792682926829268
2 0.6235795454545454 0.561280487804878 0.002029220779220779 0.007317073170731708
2 0.6205357142857143 0.561890243902439 0.002435064935064935 0.006097560975609756
22 0.687702922077922 0.5623475609756098 0.005275974025974026 0.003353658536585366
9 0.5718344155844156 0.5634146341463414 0.016639610389610388 0.025
22 0.3911323051948052 0.5643292682926829 0.0018262987012987013 0.006707317073170732
22 0.395900974025974 0.5644817073170731 0.002840909090909091 0.011280487804878048
22 0.687702922077922 0.5655487804878049 0.00487012987012987 0.003048780487804878
2 0.6585836038961039 0.5660060975609756 0.0018262987012987013 0.007621951219512195
29 0.36231737012987014 0.5667682926829268 0.013189935064935064 0.02926829268292683
22 0.6881087662337663 0.56875 0.0036525974025974025 0.003353658536585366
29 0.6141436688311688 0.5710365853658537 0.007508116883116883 0.009146341463414634
2 0.6232751623376623 0.5722560975609756 0.002637987012987013 0.00853658536585366
2 0.6022727272727273 0.573780487804878 0.004058441558441558 0.003658536585365854
22 0.6071428571428571 0.5745426829268293 0.004058441558441558 0.003353658536585366
22 0.6860795454545454 0.5748475609756097 0.0016233766233766235 0.0064024390243902435
22 0.6882102272727273 0.575 0.002232142857142857 0.007317073170731708
22 0.3530844155844156 0.5765243902439025 0.0036525974025974025 0.012804878048780487
24 0.7598417207792207 0.5794207317073171 0.00588474025974026 0.011890243902439025
22 0.3615056818181818 0.5800304878048781 0.004667207792207792 0.003353658536585366
2 0.5224228896103896 0.5867378048780488 0.009131493506493506 0.0064024390243902435
9 0.6488433441558441 0.5885670731707318 0.018060064935064936 0.02652439024390244
2 0.5461647727272727 0.5890243902439024 0.0038555194805194805 0.009146341463414634
6 0.5944602272727273 0.5913109756097561 0.08705357142857142 0.027134146341463414
2 0.544439935064935 0.599390243902439 0.00487012987012987 0.003048780487804878
9 0.7978896103896104 0.6022865853658537 0.018262987012987012 0.024695121951219513
2 0.5447443181818182 0.6039634146341464 0.005073051948051948 0.003658536585365854
9 0.38392857142857145 0.6047256097560976 0.021915584415584416 0.06067073170731707
2 0.49756493506493504 0.6053353658536585 0.008116883116883116 0.005792682926829268
2 0.5047686688311688 0.605640243902439 0.005478896103896104 0.003353658536585366
22 0.49178165584415584 0.6076219512195122 0.002232142857142857 0.007317073170731708
2 0.5072037337662337 0.6086890243902439 0.004667207792207792 0.00274390243902439
22 0.4880275974025974 0.6092987804878048 0.004058441558441558 0.004573170731707317
22 0.5585430194805194 0.6112804878048781 0.004667207792207792 0.003658536585365854
2 0.6947037337662337 0.6112804878048781 0.003043831168831169 0.00853658536585366
2 0.5531655844155844 0.6114329268292683 0.00487012987012987 0.003353658536585366
22 0.5632102272727273 0.6117378048780487 0.004667207792207792 0.0039634146341463415
2 0.570515422077922 0.6117378048780487 0.005478896103896104 0.003353658536585366
2 0.49198457792207795 0.6135670731707317 0.004261363636363636 0.003353658536585366
24 0.6756290584415584 0.6138719512195122 0.007102272727272727 0.008841463414634146
24 0.682325487012987 0.6138719512195122 0.006696428571428571 0.009451219512195122
22 0.5082183441558441 0.6146341463414634 0.003043831168831169 0.006097560975609756
2 0.5110592532467533 0.6146341463414634 0.002232142857142857 0.006707317073170732
2 0.5 0.6153963414634146 0.003246753246753247 0.011890243902439025
2 0.6671063311688312 0.6163109756097561 0.005073051948051948 0.004573170731707317
15 0.5047686688311688 0.6167682926829269 0.003043831168831169 0.01097560975609756
22 0.49330357142857145 0.619359756097561 0.0016233766233766235 0.005792682926829268
22 0.4906655844155844 0.619969512195122 0.002435064935064935 0.005792682926829268
29 0.7949472402597403 0.6202743902439024 0.009131493506493506 0.016158536585365854
22 0.8304586038961039 0.6214939024390244 0.00588474025974026 0.011280487804878048
15 0.3650568181818182 0.6224085365853659 0.026379870129870128 0.036280487804878046
24 0.6436688311688312 0.6231707317073171 0.007305194805194805 0.00853658536585366
6 0.56046875 0.6237179878048781 0.019070616883116884 0.01816768292682927
2 0.502536525974026 0.6240853658536586 0.005073051948051948 0.003658536585365854
22 0.4525162337662338 0.6254573170731708 0.005275974025974026 0.004573170731707317
2 0.838474025974026 0.626219512195122 0.002435064935064935 0.009146341463414634
2 0.5086241883116883 0.6274390243902439 0.006290584415584416 0.00426829268292683
2 0.596286525974026 0.6278963414634147 0.002637987012987013 0.010060975609756098
22 0.6315949675324676 0.6280487804878049 0.0038555194805194805 0.003658536585365854
22 0.6363636363636364 0.6282012195121951 0.004464285714285714 0.0039634146341463415
22 0.4604301948051948 0.6286585365853659 0.003246753246753247 0.010365853658536586
2 0.6238839285714286 0.6289634146341463 0.006290584415584416 0.00426829268292683
2 0.463575487012987 0.629420731707317 0.002232142857142857 0.009451219512195122
22 0.4290787337662338 0.6320121951219512 0.002232142857142857 0.01097560975609756
2 0.4979707792207792 0.6327743902439025 0.004464285714285714 0.014329268292682927
2 0.502536525974026 0.6332317073170731 0.0038555194805194805 0.01402439024390244
9 0.5184659090909091 0.6336890243902439 0.013798701298701298 0.02103658536585366
29 0.43841314935064934 0.6396341463414634 0.01359577922077922 0.02926829268292683
29 0.45170454545454547 0.6402439024390244 0.013392857142857142 0.02926829268292683
2 0.6429586038961039 0.6411585365853658 0.005073051948051948 0.00426829268292683
24 0.6895292207792207 0.6416158536585366 0.006087662337662338 0.010670731707317074
2 0.42928165584415584 0.6420731707317073 0.003043831168831169 0.007926829268292683
2 0.7309253246753247 0.6478658536585366 0.002029220779220779 0.007926829268292683
2 0.6842532467532467 0.6486280487804879 0.00487012987012987 0.0039634146341463415
9 0.7973823051948052 0.6489329268292683 0.01968344155844156 0.024085365853658537
15 0.364650974025974 0.650609756097561 0.02353896103896104 0.020731707317073172
14 0.6637581168831169 0.6521341463414634 0.033279220779220776 0.06707317073170732
14 0.6215503246753247 0.6583841463414634 0.03165584415584415 0.05457317073170732
9 0.41700487012987014 0.6605182926829268 0.01948051948051948 0.030182926829268292
15 0.47408583603896104 0.6608765243902439 0.03015219155844156 0.035167682926829265
22 0.5820819805194806 0.6609756097560976 0.004261363636363636 0.0024390243902439024
9 0.4991883116883117 0.6617378048780488 0.020292207792207792 0.0375
9 0.5186688311688312 0.6621951219512195 0.019886363636363636 0.03353658536585366
2 0.7586241883116883 0.6623475609756098 0.005073051948051948 0.0039634146341463415
22 0.752435064935065 0.6628048780487805 0.00487012987012987 0.00426829268292683
9 0.39336444805194803 0.6635670731707317 0.017248376623376624 0.03201219512195122
29 0.44835633116883117 0.6657012195121951 0.020900974025974024 0.020426829268292684
22 0.752536525974026 0.6666158536585366 0.004667207792207792 0.00274390243902439
2 0.7590300324675324 0.6666158536585366 0.004261363636363636 0.00274390243902439
22 0.5818790584415584 0.6678353658536585 0.005478896103896104 0.002134146341463415
2 0.7588271103896104 0.6699695121951219 0.004667207792207792 0.003353658536585366
14 0.5609699675324675 0.671204268292683 0.03711850649350649 0.027164634146341463
2 0.5819805194805194 0.6714939024390244 0.00487012987012987 0.003353658536585366
2 0.6835430194805194 0.6716463414634146 0.005073051948051948 0.003658536585365854
9 0.5943587662337663 0.6721036585365854 0.016639610389610388 0.02530487804878049
15 0.5409902597402597 0.6734756097560975 0.002029220779220779 0.006707317073170732
15 0.5373376623376623 0.6736280487804878 0.002435064935064935 0.00701219512195122
2 0.7590300324675324 0.6737804878048781 0.004667207792207792 0.003048780487804878
15 0.5341923701298701 0.6739329268292683 0.002232142857142857 0.007621951219512195
2 0.8574472402597403 0.6740853658536585 0.005073051948051948 0.004878048780487805
15 0.5319602272727273 0.6742378048780487 0.002232142857142857 0.00701219512195122
24 0.7532467532467533 0.6753048780487805 0.005275974025974026 0.010365853658536586
22 0.8531858766233766 0.675609756097561 0.0018262987012987013 0.006707317073170732
22 0.6441761363636364 0.6775914634146342 0.004667207792207792 0.0039634146341463415
22 0.6441761363636364 0.6777439024390244 0.005073051948051948 0.004878048780487805
2 0.7588271103896104 0.6777439024390244 0.004667207792207792 0.003658536585365854
2 0.8217329545454546 0.6783536585365854 0.002232142857142857 0.007317073170731708
9 0.8422280844155844 0.6785060975609756 0.01278409090909091 0.018597560975609755
2 0.44368912337662336 0.6786585365853659 0.009537337662337662 0.007317073170731708
22 0.8325892857142857 0.6789634146341463 0.00487012987012987 0.003658536585365854
2 0.5817775974025974 0.6791158536585366 0.004464285714285714 0.003353658536585366
2 0.44308035714285715 0.6792682926829269 0.009537337662337662 0.006707317073170732
6 0.37469561688311687 0.6794207317073171 0.018465909090909092 0.030182926829268292
22 0.4536323051948052 0.6798780487804879 0.005478896103896104 0.00548780487804878
2 0.7590300324675324 0.6809451219512195 0.005073051948051948 0.0039634146341463415
2 0.531351461038961 0.6814024390243902 0.002232142857142857 0.006707317073170732
2 0.825689935064935 0.6814024390243902 0.002029220779220779 0.006707317073170732
2 0.5352069805194806 0.6820121951219512 0.0018262987012987013 0.007317073170731708
2 0.5412946428571429 0.6820121951219512 0.002232142857142857 0.006097560975609756
2 0.5374391233766234 0.6821646341463414 0.0018262987012987013 0.007621951219512195
2 0.5817775974025974 0.6821646341463414 0.0036525974025974025 0.003353658536585366
7 0.7466517857142857 0.6829268292682927 0.005073051948051948 0.03536585365853658
7 0.7407670454545454 0.6832317073170732 0.00588474025974026 0.03475609756097561
2 0.8506493506493507 0.6832317073170732 0.002840909090909091 0.009146341463414634
22 0.7537540584415584 0.6833841463414634 0.004261363636363636 0.003353658536585366
2 0.7590300324675324 0.6852134146341463 0.004261363636363636 0.003353658536585366
22 0.5864448051948052 0.6861280487804878 0.0016233766233766235 0.0064024390243902435
22 0.5916193181818182 0.6861280487804878 0.0014204545454545455 0.00701219512195122
22 0.5887784090909091 0.6864329268292683 0.0018262987012987013 0.0064024390243902435
22 0.593648538961039 0.6864329268292683 0.0018262987012987013 0.0064024390243902435
22 0.8128043831168831 0.686890243902439 0.002232142857142857 0.006707317073170732
22 0.7535511363636364 0.6873475609756098 0.004261363636363636 0.0039634146341463415
9 0.7677556818181818 0.6875 0.011972402597402598 0.06524390243902439
22 0.6489448051948052 0.688109756097561 0.004464285714285714 0.003658536585365854
2 0.7590300324675324 0.6882621951219512 0.005073051948051948 0.003353658536585366
22 0.6441761363636364 0.6884146341463414 0.005073051948051948 0.003658536585365854
22 0.8170657467532467 0.6885670731707317 0.004667207792207792 0.0039634146341463415
2 0.7282873376623377 0.6888719512195122 0.005275974025974026 0.0039634146341463415
22 0.828125 0.6893292682926829 0.002435064935064935 0.006707317073170732
22 0.825689935064935 0.6894817073170731 0.002029220779220779 0.007621951219512195
2 0.5618912337662337 0.6897865853658537 0.002840909090909091 0.007621951219512195
2 0.8234577922077922 0.6897865853658537 0.002029220779220779 0.007621951219512195
2 0.8309659090909091 0.6897865853658537 0.002435064935064935 0.00701219512195122
22 0.8349228896103896 0.6897865853658537 0.0018262987012987013 0.00701219512195122
24 0.5576298701298701 0.6899390243902439 0.00487012987012987 0.00853658536585366
22 0.6608157467532467 0.6899390243902439 0.0018262987012987013 0.006707317073170732
22 0.6629464285714286 0.6899390243902439 0.002435064935064935 0.007317073170731708
2 0.8208198051948052 0.6899390243902439 0.002029220779220779 0.007926829268292683
2 0.6571631493506493 0.6900914634146341 0.002232142857142857 0.007621951219512195
2 0.653713474025974 0.6902439024390243 0.002637987012987013 0.007926829268292683
9 0.42826704545454547 0.6907012195121951 0.020495129870129872 0.0375
9 0.40625 0.6922256097560976 0.0174512987012987 0.030792682926829268
22 0.6490462662337663 0.6922256097560976 0.004667207792207792 0.00274390243902439
2 0.7589285714285714 0.6922256097560976 0.004464285714285714 0.003353658536585366
2 0.6441761363636364 0.6923780487804878 0.005073051948051948 0.003658536585365854
2 0.5899959415584416 0.692530487804878 0.005478896103896104 0.003353658536585366
6 0.8007984983766234 0.6926112804878048 0.024486607142857143 0.018759146341463414
2 0.5738636363636364 0.6926829268292682 0.005681818181818182 0.003658536585365854
2 0.5951704545454546 0.6926829268292682 0.00487012987012987 0.003658536585365854
2 0.5845170454545454 0.6929878048780488 0.005478896103896104 0.004878048780487805
22 0.814935064935065 0.6929878048780488 0.00487012987012987 0.003658536585365854
2 0.5795454545454546 0.6932926829268292 0.005681818181818182 0.003658536585365854
2 0.666700487012987 0.6946646341463415 0.004667207792207792 0.003353658536585366
2 0.7062702922077922 0.6958841463414634 0.004667207792207792 0.0039634146341463415
22 0.814935064935065 0.6966463414634146 0.004464285714285714 0.00426829268292683
9 0.8423295454545454 0.6966463414634146 0.011363636363636364 0.01707317073170732
22 0.5014204545454546 0.6971036585365854 0.0016233766233766235 0.007621951219512195
2 0.5577313311688312 0.6971036585365854 0.004667207792207792 0.003353658536585366
22 0.5031452922077922 0.6972560975609756 0.002232142857142857 0.007926829268292683
22 0.8617086038961039 0.697560975609756 0.005073051948051948 0.00426829268292683
22 0.5631087662337663 0.6978658536585366 0.004058441558441558 0.003048780487804878
24 0.7589285714285714 0.699390243902439 0.005681818181818182 0.009146341463414634
2 0.6729910714285714 0.6996951219512195 0.004667207792207792 0.003658536585365854
22 0.5088271103896104 0.7001524390243903 0.002637987012987013 0.00701219512195122
22 0.5109577922077922 0.7001524390243903 0.002029220779220779 0.00701219512195122
2 0.6784699675324676 0.7001524390243903 0.004261363636363636 0.0039634146341463415
22 0.5143060064935064 0.7003048780487805 0.003043831168831169 0.007926829268292683
22 0.5058847402597403 0.7004573170731707 0.002840909090909091 0.0064024390243902435
24 0.752435064935065 0.7006097560975609 0.005681818181818182 0.01097560975609756
2 0.8144277597402597 0.7006097560975609 0.005478896103896104 0.00426829268292683
22 0.5629058441558441 0.7012195121951219 0.004464285714285714 0.003048780487804878
2 0.4525162337662338 0.7013719512195122 0.002029220779220779 0.00701219512195122
24 0.44510957792207795 0.7015243902439025 0.007102272727272727 0.00853658536585366
2 0.4496753246753247 0.7015243902439025 0.002029220779220779 0.009146341463414634
2 0.5578327922077922 0.7015243902439025 0.00487012987012987 0.003048780487804878
2 0.44054383116883117 0.7016768292682927 0.002029220779220779 0.0064024390243902435
2 0.4117288961038961 0.7018292682926829 0.002029220779220779 0.00853658536585366
2 0.4186282467532468 0.7018292682926829 0.002029220779220779 0.006707317073170732
2 0.437601461038961 0.7018292682926829 0.0018262987012987013 0.007926829268292683
24 0.38971185064935066 0.7019817073170732 0.006290584415584416 0.007621951219512195
2 0.41426542207792205 0.7021341463414634 0.002232142857142857 0.006707317073170732
2 0.4211647727272727 0.7021341463414634 0.002232142857142857 0.006097560975609756
24 0.3945819805194805 0.7022865853658536 0.002637987012987013 0.00701219512195122
2 0.4692573051948052 0.7024390243902439 0.002637987012987013 0.006707317073170732
24 0.3996550324675325 0.7025914634146342 0.003043831168831169 0.00701219512195122
24 0.38240665584415584 0.7027439024390244 0.002637987012987013 0.006097560975609756
24 0.3849431818181818 0.7027439024390244 0.002435064935064935 0.006707317073170732
24 0.3969155844155844 0.7027439024390244 0.002435064935064935 0.007317073170731708
6 0.5794439935064936 0.7028963414634146 0.024553571428571428 0.016158536585365854
22 0.6727881493506493 0.7028963414634146 0.005073051948051948 0.002134146341463415
24 0.3778409090909091 0.7030487804878048 0.002029220779220779 0.006097560975609756
22 0.380174512987013 0.7030487804878048 0.002637987012987013 0.007317073170731708
24 0.382711038961039 0.7032012195121952 0.002840909090909091 0.008841463414634146
9 0.7165178571428571 0.7032012195121952 0.014204545454545454 0.015548780487804878
2 0.4565746753246753 0.7038109756097561 0.00487012987012987 0.0039634146341463415
2 0.812702922077922 0.7045731707317073 0.004464285714285714 0.003658536585365854
16 0.8765158279220779 0.7047149390243903 0.007495941558441558 0.013698170731707317
22 0.8054991883116883 0.7048780487804878 0.00588474025974026 0.003658536585365854
2 0.5590503246753247 0.7054878048780487 0.00487012987012987 0.003658536585365854
22 0.5641233766233766 0.7054878048780487 0.004464285714285714 0.003048780487804878
24 0.3639407467532468 0.7056402439024391 0.006696428571428571 0.007621951219512195
22 0.862114448051948 0.7059451219512195 0.005073051948051948 0.004573170731707317
14 0.47767857142857145 0.70625 0.014204545454545454 0.024695121951219513
2 0.7590300324675324 0.7064024390243903 0.004667207792207792 0.0024390243902439024
2 0.677049512987013 0.7065548780487805 0.002232142857142857 0.00701219512195122
15 0.502637987012987 0.706859756097561 0.002840909090909091 0.009451219512195122
2 0.5114650974025974 0.7077743902439024 0.002232142857142857 0.007621951219512195
2 0.5088271103896104 0.7079268292682926 0.002637987012987013 0.007317073170731708
22 0.8054991883116883 0.7079268292682926 0.00588474025974026 0.003048780487804878
2 0.812702922077922 0.708079268292683 0.005275974025974026 0.00274390243902439
2 0.5061891233766234 0.7085365853658536 0.0018262987012987013 0.007926829268292683
2 0.5142045454545454 0.7085365853658536 0.002029220779220779 0.006707317073170732
22 0.49959415584415584 0.708689024390244 0.002029220779220779 0.007621951219512195
22 0.5643262987012987 0.7089939024390244 0.0036525974025974025 0.00274390243902439
2 0.48599837662337664 0.7094512195121951 0.002435064935064935 0.006707317073170732
22 0.6728896103896104 0.7094512195121951 0.00487012987012987 0.0024390243902439024
2 0.46895292207792205 0.7096036585365854 0.002435064935064935 0.00701219512195122
2 0.5590503246753247 0.7097560975609756 0.00487012987012987 0.003658536585365854
22 0.8051948051948052 0.7102134146341463 0.005681818181818182 0.00274390243902439
2 0.7587256493506493 0.7103658536585366 0.004464285714285714 0.003048780487804878
2 0.8398944805194806 0.7103658536585366 0.005275974025974026 0.003658536585365854
22 0.49056412337662336 0.7109756097560975 0.004667207792207792 0.003048780487804878
2 0.49573863636363635 0.7111280487804879 0.00487012987012987 0.00274390243902439
2 0.8129058441558441 0.7121951219512195 0.00487012987012987 0.00426829268292683
22 0.6784699675324676 0.7123475609756098 0.005478896103896104 0.0039634146341463415
14 0.8270089285714286 0.7125 0.019277597402597404 0.029878048780487804
22 0.8054991883116883 0.7126524390243902 0.00588474025974026 0.00274390243902439
15 0.6727881493506493 0.7129573170731708 0.004261363636363636 0.003353658536585366
15 0.7061688311688312 0.713719512195122 0.00487012987012987 0.004878048780487805
2 0.8398944805194806 0.7141768292682927 0.00487012987012987 0.003353658536585366
22 0.36810064935064934 0.714329268292683 0.002435064935064935 0.007317073170731708
2 0.7591314935064936 0.714329268292683 0.004464285714285714 0.003048780487804878
15 0.3547077922077922 0.7144817073170732 0.0036525974025974025 0.011280487804878048
22 0.3633319805194805 0.7144817073170732 0.002232142857142857 0.005792682926829268
22 0.3605925324675325 0.7146341463414634 0.002029220779220779 0.007926829268292683
22 0.3658685064935065 0.7147865853658537 0.002029220779220779 0.007621951219512195
14 0.692775974025974 0.7147865853658537 0.02150974025974026 0.04542682926829268
22 0.3578530844155844 0.7150914634146341 0.002232142857142857 0.007621951219512195
13 0.7465503246753247 0.7153963414634147 0.013798701298701298 0.010670731707317074
6 0.8730955762987013 0.7158460365853658 0.015265827922077924 0.035350609756097565
2 0.812702922077922 0.7158536585365853 0.004464285714285714 0.003658536585365854
2 0.6785714285714286 0.7160060975609757 0.00487012987012987 0.003353658536585366
22 0.8079342532467533 0.7160060975609757 0.0038555194805194805 0.003353658536585366
2 0.4666193181818182 0.7167682926829269 0.005478896103896104 0.003048780487804878
2 0.8398944805194806 0.718140243902439 0.005275974025974026 0.0039634146341463415
22 0.671875 0.7182926829268292 0.002435064935064935 0.006707317073170732
22 0.674310064935065 0.7184451219512196 0.002029220779220779 0.0064024390243902435
22 0.8031655844155844 0.7189024390243902 0.002029220779220779 0.007926829268292683
22 0.807122564935065 0.7195121951219512 0.004261363636363636 0.003048780487804878
2 0.8129058441558441 0.7198170731707317 0.00487012987012987 0.003048780487804878
2 0.46651785714285715 0.7202743902439024 0.00487012987012987 0.003353658536585366
2 0.6579748376623377 0.7207317073170731 0.004667207792207792 0.003048780487804878
2 0.6266233766233766 0.7219512195121951 0.003246753246753247 0.003048780487804878
2 0.3656655844155844 0.7221036585365853 0.002840909090909091 0.007621951219512195
2 0.3679991883116883 0.7221036585365853 0.002637987012987013 0.007621951219512195
2 0.36049107142857145 0.7222560975609756 0.002232142857142857 0.007317073170731708
2 0.36312905844155846 0.7222560975609756 0.0018262987012987013 0.006707317073170732
2 0.48275162337662336 0.723170731707317 0.002435064935064935 0.006707317073170732
22 0.807325487012987 0.723170731707317 0.005073051948051948 0.003048780487804878
2 0.47169237012987014 0.7236280487804878 0.005073051948051948 0.0039634146341463415
2 0.8129058441558441 0.7236280487804878 0.004464285714285714 0.003353658536585366
2 0.47686688311688313 0.723780487804878 0.004464285714285714 0.00426829268292683
2 0.7063717532467533 0.723780487804878 0.004464285714285714 0.003048780487804878
2 0.4667207792207792 0.7239329268292682 0.00487012987012987 0.00274390243902439
2 0.3565340909090909 0.7240853658536586 0.004464285714285714 0.003658536585365854
2 0.6786728896103896 0.7240853658536586 0.005478896103896104 0.003658536585365854
2 0.6579748376623377 0.7260670731707317 0.004667207792207792 0.0039634146341463415
22 0.674310064935065 0.7262195121951219 0.002029220779220779 0.006707317073170732
22 0.671875 0.7265243902439025 0.002029220779220779 0.007317073170731708
2 0.8132102272727273 0.7274390243902439 0.004261363636363636 0.003658536585365854
2 0.6787743506493507 0.7278963414634146 0.005275974025974026 0.003353658536585366
2 0.48062094155844154 0.7289634146341464 0.0018262987012987013 0.007317073170731708
2 0.4783887987012987 0.7297256097560976 0.002637987012987013 0.00701219512195122
2 0.6264204545454546 0.7297256097560976 0.002840909090909091 0.0039634146341463415
6 0.5387581168831169 0.7318597560975609 0.03896103896103896 0.09298780487804878
2 0.6786728896103896 0.7320121951219513 0.004667207792207792 0.003048780487804878
22 0.4825487012987013 0.7326219512195122 0.002029220779220779 0.007317073170731708
22 0.8428368506493507 0.7326219512195122 0.002637987012987013 0.007926829268292683
2 0.8324878246753247 0.7327743902439025 0.002232142857142857 0.00701219512195122
2 0.8405032467532467 0.7327743902439025 0.002435064935064935 0.007621951219512195
2 0.6265219155844156 0.7329268292682927 0.003043831168831169 0.003658536585365854
2 0.8181818181818182 0.7329268292682927 0.002435064935064935 0.007926829268292683
2 0.8206168831168831 0.7329268292682927 0.002435064935064935 0.007926829268292683
2 0.8252840909090909 0.7329268292682927 0.002029220779220779 0.007926829268292683
2 0.8300527597402597 0.7329268292682927 0.002232142857142857 0.006707317073170732
2 0.8115868506493507 0.7332317073170732 0.002232142857142857 0.007317073170731708
22 0.822950487012987 0.7332317073170732 0.002637987012987013 0.007317073170731708
2 0.8139204545454546 0.7333841463414634 0.002435064935064935 0.007621951219512195
2 0.8276176948051948 0.7333841463414634 0.002232142857142857 0.007621951219512195
2 0.8351258116883117 0.7333841463414634 0.002637987012987013 0.00701219512195122
2 0.8373579545454546 0.7333841463414634 0.002637987012987013 0.007621951219512195
2 0.6809050324675324 0.7382621951219512 0.004667207792207792 0.003353658536585366
2 0.6858766233766234 0.7384146341463415 0.00487012987012987 0.003048780487804878
2 0.6923701298701299 0.7388719512195122 0.005275974025974026 0.003353658536585366
22 0.48265016233766234 0.7394817073170732 0.002637987012987013 0.00701219512195122
14 0.6298701298701299 0.7414634146341463 0.00487012987012987 0.003658536585365854
2 0.6347402597402597 0.7414634146341463 0.004464285714285714 0.003048780487804878
6 0.5008116883116883 0.7420731707317073 0.025162337662337664 0.05609756097560976
6 0.5749797077922078 0.7425304878048781 0.025771103896103896 0.060060975609756095
6 0.6105925324675324 0.7432926829268293 0.028814935064935064 0.08658536585365853
6 0.4152800324675325 0.7509146341463414 0.12114448051948051 0.07682926829268293
22 0.6663961038961039 0.14283536585365852 0.004464285714285714 0.003353658536585366
22 0.5517451298701299 0.14512195121951219 0.004464285714285714 0.003048780487804878
6 0.612012987012987 0.15167682926829268 0.1038961038961039 0.02225609756097561
2 0.377637987012987 0.1521341463414634 0.00487012987012987 0.00426829268292683
7 0.4390219155844156 0.15457317073170732 0.009537337662337662 0.00548780487804878
6 0.49644886363636365 0.15457317073170732 0.10693993506493507 0.025
2 0.3778409090909091 0.15625 0.00487012987012987 0.003353658536585366
2 0.8392857142857143 0.15823170731707317 0.004464285714285714 0.003658536585365854
2 0.37794237012987014 0.15945121951219512 0.005073051948051948 0.003658536585365854
22 0.8588676948051948 0.15990853658536586 0.004261363636363636 0.003353658536585366
2 0.38768262987012986 0.16158536585365854 0.004667207792207792 0.003658536585365854
2 0.8633319805194806 0.1628048780487805 0.002232142857142857 0.007317073170731708
22 0.8393871753246753 0.16326219512195123 0.004667207792207792 0.00274390243902439
2 0.3778409090909091 0.16341463414634147 0.00487012987012987 0.00426829268292683
2 0.859273538961039 0.1635670731707317 0.004667207792207792 0.00274390243902439
2 0.35765016233766234 0.1638719512195122 0.002232142857142857 0.007621951219512195
2 0.36038961038961037 0.16402439024390245 0.002435064935064935 0.007926829268292683
2 0.3651582792207792 0.16402439024390245 0.002637987012987013 0.007926829268292683
2 0.3625202922077922 0.1641768292682927 0.002232142857142857 0.007621951219512195
2 0.3877840909090909 0.16570121951219513 0.00487012987012987 0.003353658536585366
2 0.3678977272727273 0.16600609756097562 0.002435064935064935 0.007621951219512195
2 0.37327516233766234 0.16600609756097562 0.002232142857142857 0.007621951219512195
22 0.8395900974025974 0.1666158536585366 0.004667207792207792 0.00274390243902439
22 0.8589691558441559 0.1666158536585366 0.004058441558441558 0.00274390243902439
14 0.849127435064935 0.16814024390243903 0.013189935064935064 0.024695121951219513
2 0.38788555194805197 0.16875 0.004667207792207792 0.003353658536585366
22 0.3530844155844156 0.16920731707317074 0.005275974025974026 0.003048780487804878
2 0.7304180194805194 0.16966463414634148 0.004667207792207792 0.0039634146341463415
22 0.8588676948051948 0.16981707317073172 0.0038555194805194805 0.003048780487804878
2 0.721185064935065 0.1701219512195122 0.00487012987012987 0.003048780487804878
2 0.7508116883116883 0.1701219512195122 0.00487012987012987 0.003048780487804878
2 0.7585227272727273 0.1701219512195122 0.004464285714285714 0.003048780487804878
22 0.8395900974025974 0.1701219512195122 0.004261363636363636 0.0024390243902439024
9 0.4147727272727273 0.1717987804878049 0.01461038961038961 0.02347560975609756
2 0.3877840909090909 0.17301829268292682 0.00487012987012987 0.0039634146341463415
2 0.7305194805194806 0.17317073170731706 0.004464285714285714 0.00426829268292683
2 0.7509131493506493 0.1733231707317073 0.004667207792207792 0.00274390243902439
2 0.7584212662337663 0.1733231707317073 0.005073051948051948 0.003353658536585366
2 0.7209821428571429 0.17347560975609755 0.00487012987012987 0.0024390243902439024
2 0.8393871753246753 0.17347560975609755 0.004261363636363636 0.00426829268292683
22 0.8588676948051948 0.17454268292682926 0.004667207792207792 0.003353658536585366
2 0.354200487012987 0.17545731707317072 0.002232142857142857 0.007621951219512195
22 0.3934659090909091 0.1771341463414634 0.004464285714285714 0.003048780487804878
2 0.38768262987012986 0.1774390243902439 0.005073051948051948 0.003658536585365854
22 0.870307426948052 0.17793292682926828 0.004413555194805195 0.003426829268292683
22 0.3934659090909091 0.1801829268292683 0.004058441558441558 0.003048780487804878
2 0.3877840909090909 0.18048780487804877 0.00487012987012987 0.003048780487804878
22 0.8446631493506493 0.1823170731707317 0.005073051948051948 0.003658536585365854
22 0.35267857142857145 0.1826219512195122 0.00487012987012987 0.003658536585365854
22 0.742390422077922 0.18323170731707317 0.0014204545454545455 0.009146341463414634
9 0.5062905844155844 0.18384146341463414 0.014204545454545454 0.026829268292682926
2 0.5854301948051948 0.18384146341463414 0.00487012987012987 0.003658536585365854
2 0.5924310064935064 0.18384146341463414 0.005478896103896104 0.003658536585365854
2 0.578327922077922 0.1839939024390244 0.00487012987012987 0.003353658536585366
2 0.5716314935064936 0.18429878048780488 0.00487012987012987 0.003353658536585366
2 0.387987012987013 0.18445121951219512 0.004464285714285714 0.003658536585365854
2 0.5506290584415584 0.18445121951219512 0.005073051948051948 0.00426829268292683
2 0.5576298701298701 0.18445121951219512 0.005681818181818182 0.003048780487804878
2 0.5645292207792207 0.18445121951219512 0.00487012987012987 0.003658536585365854
2 0.5434253246753247 0.1847560975609756 0.005275974025974026 0.003658536585365854
2 0.523234577922078 0.18490853658536585 0.005073051948051948 0.004573170731707317
2 0.5367288961038961 0.1850609756097561 0.005275974025974026 0.00426829268292683
2 0.5170454545454546 0.18521341463414634 0.005681818181818182 0.003353658536585366
2 0.5297280844155844 0.18521341463414634 0.005478896103896104 0.003353658536585366
9 0.6185064935064936 0.18521341463414634 0.0174512987012987 0.025914634146341462
7 0.7559862012987013 0.18521341463414634 0.009943181818181818 0.004573170731707317
14 0.3705357142857143 0.18551829268292683 0.029626623376623376 0.027134146341463414
2 0.48843344155844154 0.18582317073170732 0.00487012987012987 0.0039634146341463415
2 0.49523133116883117 0.18582317073170732 0.005073051948051948 0.0039634146341463415
2 0.48133116883116883 0.1861280487804878 0.005275974025974026 0.0039634146341463415
22 0.7348823051948052 0.1861280487804878 0.004261363636363636 0.0039634146341463415
22 0.35267857142857145 0.18628048780487805 0.00487012987012987 0.003658536585365854
2 0.4674310064935065 0.18628048780487805 0.005073051948051948 0.003658536585365854
2 0.4744318181818182 0.18628048780487805 0.00487012987012987 0.003658536585365854
2 0.4536323051948052 0.18658536585365854 0.004667207792207792 0.003658536585365854
2 0.4465300324675325 0.18673780487804878 0.005073051948051948 0.0039634146341463415
2 0.4604301948051948 0.18673780487804878 0.005275974025974026 0.0039634146341463415
2 0.4253246753246753 0.18689024390243902 0.00487012987012987 0.003658536585365854
2 0.432224025974026 0.18689024390243902 0.005275974025974026 0.00426829268292683
2 0.4395292207792208 0.18689024390243902 0.005275974025974026 0.003658536585365854
2 0.403713474025974 0.18734756097560976 0.005073051948051948 0.004573170731707317
2 0.4102069805194805 0.18734756097560976 0.005073051948051948 0.004573170731707317
2 0.4182224025974026 0.18734756097560976 0.004464285714285714 0.003353658536585366
2 0.39549512987012986 0.1875 0.005275974025974026 0.003658536585365854
2 0.3877840909090909 0.18826219512195122 0.004464285714285714 0.0039634146341463415
22 0.8208198051948052 0.1885670731707317 0.003246753246753247 0.007621951219512195
22 0.8269074675324676 0.1888719512195122 0.003246753246753247 0.008231707317073171
22 0.8292410714285714 0.1888719512195122 0.002232142857142857 0.007621951219512195
2 0.8656655844155844 0.19009146341463415 0.002029220779220779 0.008841463414634146
2 0.35267857142857145 0.1902439024390244 0.00487012987012987 0.00426829268292683
2 0.38788555194805197 0.19192073170731708 0.005073051948051948 0.003353658536585366
22 0.7426948051948052 0.19192073170731708 0.002029220779220779 0.007621951219512195
22 0.7506087662337663 0.19192073170731708 0.002840909090909091 0.00701219512195122
22 0.755275974025974 0.19192073170731708 0.0016233766233766235 0.0064024390243902435
22 0.7595373376623377 0.19192073170731708 0.002435064935064935 0.00701219512195122
22 0.7528409090909091 0.19222560975609757 0.002435064935064935 0.007621951219512195
2 0.7484780844155844 0.1923780487804878 0.002232142857142857 0.007317073170731708
24 0.7325487012987013 0.19253048780487805 0.006899350649350649 0.008841463414634146
22 0.7575081168831169 0.19253048780487805 0.002435064935064935 0.00701219512195122
22 0.7454342532467533 0.1926829268292683 0.002637987012987013 0.007317073170731708
2 0.6953125 0.19298780487804879 0.005073051948051948 0.00426829268292683
22 0.35257711038961037 0.19375 0.004667207792207792 0.00274390243902439
24 0.5897930194805194 0.19390243902439025 0.007102272727272727 0.007317073170731708
24 0.5969967532467533 0.1940548780487805 0.007305194805194805 0.007621951219512195
24 0.575487012987013 0.19420731707317074 0.007305194805194805 0.007926829268292683
24 0.5606737012987013 0.19435975609756098 0.007305194805194805 0.007621951219512195
24 0.5824878246753247 0.19435975609756098 0.007102272727272727 0.00701219512195122
24 0.5536728896103896 0.19466463414634147 0.007102272727272727 0.007621951219512195
24 0.5681818181818182 0.19466463414634147 0.007305194805194805 0.008231707317073171
24 0.5465706168831169 0.1951219512195122 0.007508116883116883 0.00853658536585366
24 0.5320616883116883 0.19527439024390245 0.007305194805194805 0.007621951219512195
24 0.539163961038961 0.1954268292682927 0.006899350649350649 0.007317073170731708
15 0.3877840909090909 0.19557926829268293 0.00487012987012987 0.003353658536585366
24 0.5247564935064936 0.19557926829268293 0.007305194805194805 0.008231707317073171
22 0.7025162337662337 0.19557926829268293 0.004464285714285714 0.0039634146341463415
24 0.5177556818181818 0.19573170731707318 0.007102272727272727 0.007317073170731708
24 0.48082386363636365 0.19603658536585367 0.007102272727272727 0.007926829268292683
24 0.48792613636363635 0.19603658536585367 0.007102272727272727 0.007926829268292683
24 0.49512987012987014 0.1961890243902439 0.007305194805194805 0.008841463414634146
24 0.45931412337662336 0.19634146341463415 0.007102272727272727 0.007926829268292683
24 0.4664163961038961 0.1964939024390244 0.007102272727272727 0.0064024390243902435
24 0.45211038961038963 0.19664634146341464 0.006899350649350649 0.007926829268292683
2 0.35247564935064934 0.1967987804878049 0.00487012987012987 0.0039634146341463415
24 0.47362012987012986 0.1967987804878049 0.007305194805194805 0.007621951219512195
24 0.4380073051948052 0.19695121951219513 0.007102272727272727 0.007926829268292683
24 0.44500811688311687 0.19695121951219513 0.006899350649350649 0.007926829268292683
24 0.41700487012987014 0.19710365853658537 0.006899350649350649 0.007621951219512195
24 0.4310064935064935 0.19725609756097562 0.006899350649350649 0.007317073170731708
24 0.4030032467532468 0.19740853658536586 0.006899350649350649 0.00701219512195122
24 0.41000405844155846 0.19740853658536586 0.007102272727272727 0.00701219512195122
24 0.4240056818181818 0.19740853658536586 0.007102272727272727 0.007621951219512195
24 0.39600243506493504 0.1975609756097561 0.006696428571428571 0.007317073170731708
22 0.8399959415584416 0.19801829268292684 0.004667207792207792 0.0039634146341463415
22 0.8624188311688312 0.19862804878048781 0.002840909090909091 0.0064024390243902435
2 0.8656655844155844 0.1989329268292683 0.002029220779220779 0.0064024390243902435
2 0.3877840909090909 0.1992378048780488 0.004464285714285714 0.003353658536585366
22 0.7062702922077922 0.20121951219512196 0.0018262987012987013 0.006097560975609756
22 0.708502435064935 0.20152439024390245 0.0018262987012987013 0.007317073170731708
24 0.7480722402597403 0.20228658536585367 0.006290584415584416 0.007621951219512195
22 0.7427962662337663 0.20259146341463416 0.0018262987012987013 0.008231707317073171
22 0.7530438311688312 0.2027439024390244 0.002435064935064935 0.007317073170731708
24 0.7221996753246753 0.20289634146341465 0.006899350649350649 0.008841463414634146
24 0.728997564935065 0.20289634146341465 0.007102272727272727 0.008841463414634146
24 0.7586241883116883 0.20289634146341465 0.007102272727272727 0.008841463414634146
24 0.7378246753246753 0.2030487804878049 0.006493506493506494 0.00853658536585366
24 0.7012987012987013 0.2032012195121951 0.006899350649350649 0.008231707317073171
24 0.765827922077922 0.2032012195121951 0.006899350649350649 0.008231707317073171
22 0.6947037337662337 0.20335365853658535 0.004667207792207792 0.00426829268292683
24 0.7151988636363636 0.2035060975609756 0.007102272727272727 0.008231707317073171
14 0.8252840909090909 0.2035060975609756 0.016639610389610388 0.021646341463414633
2 0.8409090909090909 0.20396341463414633 0.002435064935064935 0.007317073170731708
22 0.7794237012987013 0.20503048780487804 0.004464285714285714 0.0039634146341463415
14 0.8495332792207793 0.20548780487804877 0.014001623376623376 0.025609756097560974
2 0.7704951298701299 0.20579268292682926 0.002029220779220779 0.007317073170731708
2 0.7729301948051948 0.20579268292682926 0.002435064935064935 0.006707317073170732
2 0.8654626623376623 0.20655487804878048 0.002029220779220779 0.00701219512195122
6 0.499898538961039 0.20929878048780487 0.2911931818181818 0.019817073170731708
22 0.7796266233766234 0.21036585365853658 0.00487012987012987 0.004878048780487805
2 0.8629261363636364 0.21432926829268292 0.0018262987012987013 0.007317073170731708
24 0.7069805194805194 0.21554878048780488 0.005681818181818182 0.01097560975609756
24 0.7800324675324676 0.21783536585365854 0.005681818181818182 0.010060975609756098
22 0.8165584415584416 0.21920731707317073 0.002435064935064935 0.007926829268292683
22 0.8214285714285714 0.21935975609756098 0.002435064935064935 0.007621951219512195
22 0.8311688311688312 0.21935975609756098 0.002435064935064935 0.00701219512195122
22 0.8192978896103896 0.21951219512195122 0.002232142857142857 0.007926829268292683
22 0.8287337662337663 0.21951219512195122 0.002435064935064935 0.007317073170731708
22 0.8337053571428571 0.21951219512195122 0.002637987012987013 0.007926829268292683
22 0.8242694805194806 0.21966463414634146 0.002435064935064935 0.007621951219512195
24 0.6999797077922078 0.2198170731707317 0.005478896103896104 0.010365853658536586
22 0.8265016233766234 0.2198170731707317 0.002435064935064935 0.007926829268292683
7 0.8393871753246753 0.2201219512195122 0.006290584415584416 0.007926829268292683
22 0.786627435064935 0.22073170731707317 0.0018262987012987013 0.006707317073170732
22 0.8734780844155844 0.22423780487804879 0.002232142857142857 0.007621951219512195
2 0.35907061688311687 0.22621951219512196 0.0018262987012987013 0.006707317073170732
22 0.3658685064935065 0.2263719512195122 0.002029220779220779 0.007621951219512195
2 0.37094155844155846 0.2263719512195122 0.002435064935064935 0.00701219512195122
22 0.3687094155844156 0.22652439024390245 0.002435064935064935 0.006707317073170732
2 0.36181006493506496 0.2266768292682927 0.002840909090909091 0.007621951219512195
2 0.37327516233766234 0.2266768292682927 0.002232142857142857 0.007621951219512195
6 0.5101461038961039 0.2266768292682927 0.27232142857142855 0.021646341463414633
24 0.7069805194805194 0.22850609756097562 0.006087662337662338 0.010060975609756098
22 0.6992694805194806 0.22972560975609757 0.005681818181818182 0.0039634146341463415
24 0.7799310064935064 0.23064024390243903 0.00588474025974026 0.010060975609756098
2 0.6916599025974026 0.23094512195121952 0.0034496753246753245 0.008231707317073171
22 0.6998782467532467 0.23323170731707318 0.00487012987012987 0.003048780487804878
22 0.7878449675324676 0.23521341463414633 0.004261363636363636 0.00274390243902439
2 0.36231737012987014 0.2358231707317073 0.002232142857142857 0.00701219512195122
2 0.3650568181818182 0.2358231707317073 0.002435064935064935 0.007621951219512195
14 0.8250811688311688 0.2358231707317073 0.016639610389610388 0.02103658536585366
22 0.7071834415584416 0.23597560975609755 0.00487012987012987 0.003048780487804878
24 0.658989448051948 0.2371951219512195 0.005073051948051948 0.010365853658536586
2 0.37337662337662336 0.23795731707317072 0.002435064935064935 0.00701219512195122
22 0.7879464285714286 0.23810975609756097 0.004058441558441558 0.003658536585365854
2 0.37073863636363635 0.2382621951219512 0.002435064935064935 0.007621951219512195
22 0.7000811688311688 0.2385670731707317 0.004464285714285714 0.00274390243902439
22 0.6939935064935064 0.23978658536585365 0.004464285714285714 0.00274390243902439
14 0.8497362012987013 0.24085365853658536 0.014407467532467532 0.024390243902439025
24 0.7799310064935064 0.24161585365853658 0.00588474025974026 0.010670731707317074
22 0.7876420454545454 0.24176829268292682 0.004667207792207792 0.003048780487804878
2 0.593952922077922 0.24298780487804877 0.005275974025974026 0.00426829268292683
2 0.6711647727272727 0.24314024390243902 0.005073051948051948 0.0039634146341463415
22 0.7000811688311688 0.24329268292682926 0.004464285714285714 0.003658536585365854
24 0.7070819805194806 0.24329268292682926 0.005478896103896104 0.010365853658536586
22 0.6071428571428571 0.2434451219512195 0.00487012987012987 0.003353658536585366
22 0.6940949675324676 0.2434451219512195 0.004261363636363636 0.003353658536585366
2 0.5803571428571429 0.24359756097560975 0.00487012987012987 0.003658536585365854
2 0.5591517857142857 0.24375 0.004667207792207792 0.0039634146341463415
2 0.5248579545454546 0.24405487804878048 0.005073051948051948 0.003353658536585366
2 0.5374391233766234 0.24420731707317073 0.005073051948051948 0.00426829268292683
2 0.49188311688311687 0.2451219512195122 0.005275974025974026 0.003658536585365854
2 0.4567775974025974 0.24542682926829268 0.00487012987012987 0.00426829268292683
2 0.4414569805194805 0.24557926829268292 0.005073051948051948 0.003353658536585366
2 0.867390422077922 0.2458841463414634 0.005478896103896104 0.004573170731707317
2 0.4155844155844156 0.2461890243902439 0.00487012987012987 0.0039634146341463415
29 0.8091517857142857 0.24634146341463414 0.00872564935064935 0.013414634146341463
2 0.3918425324675325 0.2464939024390244 0.00487012987012987 0.0039634146341463415
2 0.4017857142857143 0.24664634146341463 0.005275974025974026 0.003048780487804878
22 0.6710633116883117 0.24664634146341463 0.004464285714285714 0.003048780487804878
22 0.6940949675324676 0.24664634146341463 0.004667207792207792 0.003658536585365854
22 0.7876420454545454 0.24695121951219512 0.0038555194805194805 0.003048780487804878
2 0.6585836038961039 0.24710365853658536 0.005073051948051948 0.004573170731707317
22 0.6999797077922078 0.2472560975609756 0.004261363636363636 0.003048780487804878
22 0.3978287337662338 0.24832317073170732 0.0018262987012987013 0.00701219512195122
22 0.3955965909090909 0.24847560975609756 0.002232142857142857 0.006707317073170732
2 0.6652800324675324 0.2489329268292683 0.002637987012987013 0.008231707317073171
22 0.713372564935065 0.24954268292682927 0.004261363636363636 0.00274390243902439
22 0.6939935064935064 0.25 0.00487012987012987 0.003658536585365854
2 0.3921469155844156 0.2501524390243902 0.004667207792207792 0.003353658536585366
22 0.6709618506493507 0.2501524390243902 0.005073051948051948 0.00274390243902439
22 0.6940949675324676 0.2501524390243902 0.004667207792207792 0.00274390243902439
22 0.6999797077922078 0.2503048780487805 0.004261363636363636 0.003658536585365854
22 0.7877435064935064 0.2507621951219512 0.004464285714285714 0.003353658536585366
22 0.8676948051948052 0.25091463414634146 0.005275974025974026 0.003658536585365854
2 0.6584821428571429 0.2510670731707317 0.005275974025974026 0.00274390243902439
22 0.833400974025974 0.25121951219512195 0.002435064935064935 0.006707317073170732
22 0.8309659090909091 0.25137195121951217 0.002435064935064935 0.00701219512195122
22 0.8199066558441559 0.25152439024390244 0.002232142857142857 0.006707317073170732
22 0.8222402597402597 0.25152439024390244 0.002029220779220779 0.006097560975609756
22 0.817674512987013 0.25167682926829266 0.002232142857142857 0.00701219512195122
22 0.8243709415584416 0.25167682926829266 0.002637987012987013 0.0064024390243902435
22 0.8268060064935064 0.25167682926829266 0.002232142857142857 0.0064024390243902435
22 0.8290381493506493 0.25167682926829266 0.002232142857142857 0.00701219512195122
2 0.6710633116883117 0.2538109756097561 0.004464285714285714 0.0039634146341463415
22 0.713372564935065 0.2538109756097561 0.004667207792207792 0.003353658536585366
24 0.7069805194805194 0.25396341463414634 0.005275974025974026 0.01097560975609756
2 0.6940949675324676 0.25442073170731705 0.005073051948051948 0.0039634146341463415
14 0.7451298701298701 0.25442073170731705 0.049512987012987016 0.07347560975609756
22 0.7874391233766234 0.2553353658536585 0.004667207792207792 0.00274390243902439
7 0.8498640422077922 0.2568810975609756 0.00979301948051948 0.0058353658536585366
2 0.7129667207792207 0.25746951219512193 0.004667207792207792 0.003353658536585366
2 0.8409090909090909 0.2576219512195122 0.002840909090909091 0.007317073170731708
22 0.843648538961039 0.2579268292682927 0.002232142857142857 0.006707317073170732
29 0.866984577922078 0.2579268292682927 0.007508116883116883 0.00853658536585366
22 0.8168628246753247 0.2580792682926829 0.005073051948051948 0.0039634146341463415
22 0.7875405844155844 0.25884146341463415 0.004464285714285714 0.003658536585365854
22 0.7016030844155844 0.25945121951219513 0.004667207792207792 0.003048780487804878
22 0.713372564935065 0.2608231707317073 0.004261363636363636 0.00274390243902439
24 0.658989448051948 0.2614329268292683 0.00588474025974026 0.011280487804878048
2 0.7073863636363636 0.26158536585365855 0.00487012987012987 0.003048780487804878
9 0.6239853896103896 0.2621951219512195 0.016639610389610388 0.025609756097560974
22 0.7012987012987013 0.263109756097561 0.004464285714285714 0.00426829268292683
22 0.8316761363636364 0.2634146341463415 0.002232142857142857 0.007317073170731708
22 0.8338068181818182 0.2634146341463415 0.002435064935064935 0.007926829268292683
24 0.7933238636363636 0.26432926829268294 0.005073051948051948 0.010365853658536586
9 0.49857954545454547 0.2646341463414634 0.01461038961038961 0.022560975609756097
22 0.8637378246753247 0.2658536585365854 0.002232142857142857 0.007317073170731708
22 0.8661728896103896 0.2660060975609756 0.002637987012987013 0.0064024390243902435
2 0.8687094155844156 0.2666158536585366 0.002840909090909091 0.00701219512195122
2 0.5828936688311688 0.2678353658536585 0.005073051948051948 0.0039634146341463415
2 0.5896915584415584 0.2678353658536585 0.005275974025974026 0.0039634146341463415
2 0.596489448051948 0.2678353658536585 0.005478896103896104 0.0039634146341463415
2 0.575385551948052 0.2679878048780488 0.005478896103896104 0.00426829268292683
2 0.5526582792207793 0.268140243902439 0.005073051948051948 0.0039634146341463415
2 0.5596590909090909 0.268140243902439 0.005275974025974026 0.004573170731707317
2 0.5667613636363636 0.268140243902439 0.005275974025974026 0.0039634146341463415
2 0.5240462662337663 0.2685975609756098 0.005073051948051948 0.004878048780487805
2 0.5457589285714286 0.2685975609756098 0.005073051948051948 0.00426829268292683
2 0.531452922077922 0.26875 0.00487012987012987 0.0039634146341463415
2 0.5166396103896104 0.26890243902439026 0.005275974025974026 0.00426829268292683
2 0.5383522727272727 0.26890243902439026 0.005275974025974026 0.00426829268292683
2 0.5096387987012987 0.2690548780487805 0.005073051948051948 0.004573170731707317
2 0.812601461038961 0.26920731707317075 0.002232142857142857 0.007317073170731708
2 0.4878246753246753 0.26951219512195124 0.00487012987012987 0.003658536585365854
2 0.45931412337662336 0.26966463414634145 0.005073051948051948 0.0039634146341463415
2 0.46631493506493504 0.26966463414634145 0.005275974025974026 0.0039634146341463415
2 0.4733157467532468 0.26966463414634145 0.005073051948051948 0.0039634146341463415
2 0.4309050324675325 0.2698170731707317 0.005478896103896104 0.00426829268292683
2 0.48082386363636365 0.2698170731707317 0.005073051948051948 0.003658536585365854
2 0.39600243506493504 0.2701219512195122 0.004667207792207792 0.003658536585365854
2 0.445211038961039 0.2701219512195122 0.005275974025974026 0.00426829268292683
2 0.4237012987012987 0.27027439024390243 0.005275974025974026 0.0039634146341463415
2 0.4380073051948052 0.27027439024390243 0.004667207792207792 0.0039634146341463415
2 0.45211038961038963 0.27027439024390243 0.00487012987012987 0.0039634146341463415
2 0.4017857142857143 0.2704268292682927 0.005275974025974026 0.003658536585365854
2 0.4163961038961039 0.2704268292682927 0.00487012987012987 0.00426829268292683
2 0.40919237012987014 0.2705792682926829 0.005073051948051948 0.0039634146341463415
2 0.663859577922078 0.2705792682926829 0.005073051948051948 0.0039634146341463415
2 0.38839285714285715 0.2707317073170732 0.002435064935064935 0.007926829268292683
22 0.390726461038961 0.2707317073170732 0.002232142857142857 0.007317073170731708
29 0.6818181818181818 0.2730182926829268 0.008928571428571428 0.017378048780487806
24 0.5897930194805194 0.27515243902439024 0.007508116883116883 0.008231707317073171
24 0.575588474025974 0.2753048780487805 0.007102272727272727 0.007926829268292683
24 0.5823863636363636 0.2753048780487805 0.007305194805194805 0.00853658536585366
24 0.5968952922077922 0.2753048780487805 0.007508116883116883 0.007926829268292683
24 0.5525568181818182 0.275609756097561 0.007711038961038961 0.00853658536585366
24 0.5667613636363636 0.275609756097561 0.007305194805194805 0.007926829268292683
24 0.5386566558441559 0.2757621951219512 0.007102272727272727 0.008231707317073171
22 0.7982954545454546 0.2757621951219512 0.00487012987012987 0.003353658536585366
24 0.5315543831168831 0.2759146341463415 0.007102272727272727 0.007317073170731708
24 0.559760551948052 0.2759146341463415 0.007102272727272727 0.007926829268292683
24 0.5244521103896104 0.2760670731707317 0.007102272727272727 0.008231707317073171
24 0.5457589285714286 0.2760670731707317 0.007102272727272727 0.008231707317073171
24 0.5168425324675324 0.276219512195122 0.007305194805194805 0.007926829268292683
22 0.7923092532467533 0.2763719512195122 0.004667207792207792 0.003353658536585366
24 0.4805194805194805 0.2766768292682927 0.006899350649350649 0.007621951219512195
24 0.5097402597402597 0.2766768292682927 0.006899350649350649 0.007621951219512195
24 0.4591112012987013 0.27682926829268295 0.007102272727272727 0.007926829268292683
24 0.466213474025974 0.27682926829268295 0.007102272727272727 0.007926829268292683
24 0.4877232142857143 0.27682926829268295 0.007508116883116883 0.007926829268292683
24 0.4732142857142857 0.27713414634146344 0.006899350649350649 0.00853658536585366
24 0.4310064935064935 0.27728658536585366 0.006899350649350649 0.008841463414634146
24 0.44500811688311687 0.27728658536585366 0.007305194805194805 0.007621951219512195
24 0.45211038961038963 0.27728658536585366 0.006899350649350649 0.008231707317073171
24 0.43790584415584416 0.2774390243902439 0.007305194805194805 0.007926829268292683
22 0.603997564935065 0.2774390243902439 0.005478896103896104 0.003658536585365854
24 0.4163961038961039 0.27759146341463414 0.007305194805194805 0.008231707317073171
24 0.4240056818181818 0.27759146341463414 0.007102272727272727 0.008231707317073171
2 0.609476461038961 0.27759146341463414 0.005073051948051948 0.003353658536585366
24 0.40219155844155846 0.2780487804878049 0.007305194805194805 0.007926829268292683
24 0.40929383116883117 0.2780487804878049 0.007305194805194805 0.007317073170731708
24 0.3949878246753247 0.2782012195121951 0.007102272727272727 0.008231707317073171
2 0.38839285714285715 0.27896341463414637 0.002435064935064935 0.00548780487804878
22 0.7925121753246753 0.2810975609756098 0.004667207792207792 0.003658536585365854
22 0.7983969155844156 0.2810975609756098 0.005073051948051948 0.003658536585365854
6 0.4993912337662338 0.28780487804878047 0.288961038961039 0.022560975609756097
15 0.710836038961039 0.29283536585365855 0.004464285714285714 0.0039634146341463415
22 0.710836038961039 0.2975609756097561 0.00487012987012987 0.003658536585365854
2 0.7172280844155844 0.2995426829268293 0.005073051948051948 0.0039634146341463415
2 0.731635551948052 0.3016768292682927 0.0018262987012987013 0.008231707317073171
24 0.7907873376623377 0.3019817073170732 0.006087662337662338 0.011280487804878048
9 0.6552353896103896 0.30365853658536585 0.020292207792207792 0.026829268292682926
24 0.7382305194805194 0.3042682926829268 0.006493506493506494 0.00853658536585366
2 0.7221996753246753 0.3047256097560976 0.002029220779220779 0.007621951219512195
24 0.7268668831168831 0.3047256097560976 0.006899350649350649 0.008841463414634146