2 0.4777384334415585 0.3049939024390244 0.002554788961038961 0.006329268292682927
2 0.5592451298701299 0.30667682926829265 0.004853896103896104 0.0035975609756097563
2 0.8127100243506493 0.3079359756097561 0.0052901785714285715 0.004286585365853659
1 0.6514356737012987 0.3091844512195122 0.017157061688311687 0.025685975609756096
2 0.8128277191558441 0.311640243902439 0.005119724025974026 0.003768292682926829
1 0.5454555600649351 0.32743140243902435 0.015829951298701298 0.023765243902439025
1 0.6280225243506493 0.33225 0.018626217532467532 0.025475609756097563
1 0.6447717126623377 0.33225 0.017221996753246753 0.025475609756097563
2 0.837622767857143 0.33298323170731703 0.009661120129870129 0.006820121951219512
6 0.32587357954545454 0.33611128048780486 0.015383522727272728 0.14661280487804879
22 0.5386799918831169 0.3410838414634147 0.005119724025974026 0.00411890243902439
2 0.47384435876623376 0.342967987804878 0.0024776785714285716 0.006057926829268293
1 0.556966314935065 0.34480335365853654 0.015718344155844156 0.024362804878048778
6 0.38279931006493506 0.3625564024390244 0.01762784090909091 0.23121036585365853
6 0.34626521915584413 0.36316615853658535 0.0180174512987013 0.23121036585365853
6 0.49198254870129865 0.36349237804878054 0.016838474025974028 0.23064329268292683
6 0.41949878246753247 0.3638399390243902 0.01716314935064935 0.2295091463414634
24 0.8080367288961039 0.3643887195121951 0.006089691558441559 0.01109451219512195
6 0.4559669237012987 0.3642942073170732 0.017453327922077922 0.23041768292682926
22 0.538718547077922 0.37197103658536584 0.005196834415584416 0.004917682926829268
2 0.40156452922077923 0.37529115853658535 0.015791396103896103 0.023753048780487805
2 0.6571185064935066 0.37718140243902437 0.0029545454545454545 0.006801829268292683
22 0.5388058035714286 0.3774009146341463 0.005371347402597403 0.004192073170731708
24 0.807849025974026 0.38963567073170735 0.00612012987012987 0.010978658536585365
2 0.4295556006493506 0.3912957317073171 0.0023741883116883116 0.006371951219512195
2 0.5082477678571429 0.3997698170731707 0.016495535714285716 0.025149390243902437
22 0.538603896103896 0.40315243902439024 0.005373376623376624 0.005085365853658537
24 0.8127688717532467 0.4074375 0.007031249999999999 0.008777439024390243
22 0.5384699675324676 0.40860365853658537 0.005917207792207792 0.0044024390243902435
2 0.8008492288961039 0.4123826219512195 0.0026724837662337663 0.007692073170731707
2 0.6903743912337662 0.4208048780487805 0.004937094155844156 0.004414634146341464
2 0.3267887581168831 0.4207682926829268 0.01721387987012987 0.02324390243902439
2 0.6373376623376624 0.42253353658536585 0.004383116883116884 0.004213414634146342
2 0.7924157873376624 0.4227667682926829 0.004474431818181818 0.014435975609756098
22 0.6412236201298701 0.4245823170731708 0.002820616883116883 0.008310975609756098
2 0.6373265016233766 0.42610060975609754 0.00476663961038961 0.004030487804878049
2 0.6844744318181818 0.42672408536585366 0.0053124999999999995 0.004057926829268293
2 0.4396621347402598 0.429047256097561 0.0027008928571428574 0.006875
2 0.6806767451298701 0.4306753048780488 0.0025872564935064935 0.007692073170731707
2 0.6361627435064936 0.4314192073170732 0.0024391233766233767 0.006740853658536585
15 0.6386556412337663 0.4320198170731708 0.002554788961038961 0.007942073170731707
2 0.6837763798701298 0.43659756097560976 0.005133928571428571 0.004292682926829269
22 0.6360978084415585 0.4391067073170732 0.0031209415584415585 0.008091463414634147
14 0.5260744724025974 0.44023323170731704 0.018869724025974026 0.25302743902439023
22 0.5386444805194806 0.4407713414634146 0.005454545454545454 0.010810975609756098
2 0.8005691964285714 0.44347865853658536 0.0025182629870129872 0.006469512195121951
2 0.7787398538961039 0.4443826219512195 0.003096590909090909 0.007667682926829268
2 0.6737621753246754 0.4457591463414634 0.004586038961038962 0.014689024390243902
2 0.4397534496753247 0.44615548780487807 0.0024776785714285716 0.006945121951219512
2 0.790473823051948 0.44711585365853657 0.005054788961038961 0.004597560975609756
22 0.6358898133116883 0.44740091463414633 0.0027049512987012986 0.008216463414634147
2 0.5532112418831169 0.45071036585365853 0.01632508116883117 0.02520121951219512
2 0.5164985795454545 0.4515015243902439 0.0025588474025974024 0.006661585365853659
22 0.538617086038961 0.4520137195121951 0.006211444805194805 0.010734756097560976
2 0.8293293425324675 0.45209298780487805 0.002002840909090909 0.0060152439024390245
2 0.8245667613636364 0.4526524390243903 0.0026237824675324675 0.00774390243902439
2 0.8324198457792208 0.4528460365853659 0.0025020292207792207 0.007521341463414635
22 0.6363088474025974 0.45544359756097563 0.0031371753246753247 0.008448170731707318
2 0.4396621347402598 0.455702743902439 0.0027008928571428574 0.006527439024390244
6 0.3229707792207792 0.45628810975609757 0.009577922077922078 0.03513719512195122
2 0.8278936688311689 0.45802743902439025 0.0035957792207792208 0.00325
2 0.5968120941558441 0.4590625 0.0065300324675324675 0.009588414634146341
2 0.7981392045454545 0.45910365853658536 0.009833603896103896 0.00723170731707317
2 0.8349807224025974 0.45938567073170733 0.0027536525974025975 0.0059664634146341464
2 0.6782295048701299 0.4598795731707317 0.005403814935064935 0.004515243902439025
2 0.5889995941558441 0.46537042682926827 0.002674512987012987 0.0063506097560975605
2 0.5764620535714285 0.46565243902439024 0.0023559253246753244 0.008134146341463415
2 0.5766771509740259 0.4657942073170732 0.00278612012987013 0.008417682926829269
2 0.6775821834415584 0.46649999999999997 0.009385146103896104 0.006780487804878049
2 0.7876237824675324 0.4686966463414634 0.002195616883116883 0.005685975609756097
2 0.7854443993506494 0.4691310975609756 0.0027069805194805193 0.007774390243902439
2 0.7896550324675324 0.4691966463414634 0.0026055194805194807 0.009125
2 0.5946519886363637 0.4702469512195122 0.003427353896103896 0.008176829268292683
2 0.40191558441558445 0.47101829268292683 0.004318181818181818 0.004231707317073171
24 0.8258187905844157 0.47121493902439027 0.007562905844155845 0.00889329268292683
2 0.4816254058441558 0.4721387195121951 0.0022118506493506492 0.006472560975609757
2 0.468937702922078 0.47329725609756096 0.0024046266233766233 0.0063506097560975605
2 0.5913139204545454 0.47380792682926826 0.0020271915584415584 0.006152439024390244
2 0.808676948051948 0.47370579268292684 0.0037175324675324676 0.00411890243902439
2 0.5763940746753247 0.4736692073170732 0.0022199675324675325 0.006484756097560975
2 0.396755275974026 0.47429420731707317 0.004143668831168831 0.004076219512195122
2 0.5791385957792208 0.47451829268292683 0.0028388798701298704 0.008792682926829267
2 0.8169409496753247 0.4755625 0.002388392857142857 0.006003048780487805
2 0.4399786931818182 0.4756707317073171 0.0025223214285714285 0.006829268292682927
2 0.586236810064935 0.47584451219512197 0.004454139610389611 0.00473780487804878
2 0.7940675730519481 0.4765503048780488 0.005342938311688312 0.0043201219512195126
2 0.6672362012987013 0.47676067073170736 0.005332792207792208 0.004740853658536585
22 0.5384151785714285 0.4803140243902439 0.00580762987012987 0.0045304878048780485
2 0.6557061688311688 0.4824481707317073 0.005405844155844156 0.003920731707317073
2 0.4951237824675324 0.48288871951219514 0.0044521103896103895 0.004192073170731708
22 0.5384750405844156 0.48658231707317073 0.006333198051948052 0.004871951219512195
2 0.5166497564935065 0.4871524390243902 0.0032670454545454548 0.006621951219512195
2 0.5938068181818182 0.48994359756097566 0.016347402597402597 0.025009146341463416
2 0.33589387175324675 0.4900929878048781 0.015943587662337663 0.024088414634146342
16 0.3455580357142857 0.4906310975609756 0.0036160714285714286 0.014798780487804877
2 0.40156757305194807 0.49083384146341463 0.0024046266233766233 0.009106707317073172
2 0.40682122564935064 0.49090701219512195 0.002765827922077922 0.009253048780487806
16 0.3505976055194805 0.49079268292682926 0.005578327922077922 0.013902439024390244
2 0.6387662337662338 0.49100609756097563 0.0056168831168831165 0.004573170731707317
2 0.40400263798701297 0.491030487804878 0.0024046266233766233 0.008890243902439024
2 0.3992299107142857 0.49112500000000003 0.0025994318181818184 0.009689024390243902
24 0.8266680194805195 0.49097408536585363 0.00601461038961039 0.01060670731707317
2 0.397247362012987 0.4913201219512195 0.002692775974025974 0.009469512195121951
2 0.39206574675324674 0.49161737804878053 0.0024756493506493506 0.008234756097560976
2 0.6567999188311688 0.49266310975609756 0.012057629870129871 0.01032621951219512
2 0.35576806006493505 0.4943033536585366 0.0029322240259740256 0.006289634146341463
2 0.5786911525974026 0.4964664634146342 0.015336850649350649 0.024030487804878046
2 0.5380915178571429 0.49884451219512194 0.003942775974025974 0.0037865853658536584
2 0.6806260146103896 0.4989085365853659 0.0028916396103896105 0.008182926829268293
2 0.6432497970779221 0.5012896341463414 0.010119724025974025 0.007457317073170732
2 0.6142806412337662 0.502452743902439 0.005346996753246754 0.0042957317073170735
22 0.5452506087662338 0.5034237804878049 0.006085633116883117 0.004408536585365854
6 0.32281047077922076 0.5035914634146341 0.010474837662337661 0.03584146341463415
1 0.6302668425324676 0.5039496951219512 0.01580965909090909 0.024362804878048778
2 0.8084527191558442 0.5084192073170731 0.005298295454545455 0.004033536585365854
2 0.6722412743506493 0.5086920731707317 0.0023559253246753244 0.006408536585365853
2 0.6398285308441558 0.5086417682926829 0.0024655032467532467 0.006917682926829268
2 0.6424259334415584 0.5087439024390245 0.0023843344155844155 0.007121951219512195
22 0.3323366477272727 0.5104756097560975 0.005176542207792208 0.004487804878048781
14 0.39232548701298703 0.5125807926829269 0.029780844155844154 0.03308841463414634
2 0.46237621753246755 0.5144420731707317 0.002674512987012987 0.008152439024390244
22 0.33234172077922075 0.5149649390243902 0.0059983766233766235 0.0043201219512195126
2 0.5782558847402597 0.5157240853658537 0.004320211038961038 0.004009146341463415
22 0.3521408279220779 0.516405487804878 0.005418019480519481 0.004152439024390243
22 0.3464488636363636 0.516390243902439 0.005397727272727273 0.004121951219512195
2 0.6223823051948052 0.5191387195121951 0.003287337662337662 0.007789634146341463
2 0.6267978896103896 0.5190853658536585 0.0027840909090909092 0.007682926829268293
2 0.5783563311688311 0.5206920731707316 0.00411525974025974 0.004189024390243903
22 0.3320657467532468 0.5206585365853659 0.006258116883116883 0.004121951219512195
2 0.8330955762987012 0.5211204268292683 0.0026359577922077924 0.008094512195121951
2 0.6672037337662338 0.5236631097560975 0.018660714285714284 0.025375
22 0.33204951298701296 0.5248368902439025 0.0062256493506493505 0.003942073170731707
2 0.5071956168831169 0.5274451219512195 0.002621753246753247 0.006719512195121951
2 0.6174726055194806 0.5282530487804878 0.005237418831168831 0.004676829268292683
2 0.3396986607142857 0.5287850609756097 0.0024492694805194806 0.0063506097560975605
24 0.8244267451298701 0.5295685975609756 0.005996347402597402 0.010966463414634146
2 0.35287540584415583 0.5294725609756098 0.0024228896103896105 0.0065060975609756095
2 0.4717451298701299 0.5295777439024391 0.002743506493506493 0.006716463414634147
22 0.5643648538961039 0.5337881097560976 0.002512175324675325 0.007820121951219512
2 0.38556615259740257 0.5380350609756098 0.005304383116883117 0.00838719512195122
2 0.7976907467532468 0.5390426829268292 0.004472402597402597 0.004304878048780487
2 0.8094257305194805 0.5396798780487805 0.005620941558441559 0.004969512195121951
4 0.6204961444805195 0.5408993902439024 0.01737215909090909 0.01472560975609756
22 0.37936789772727275 0.5415640243902439 0.003053977272727273 0.008737804878048781
2 0.5747849025974026 0.5420975609756097 0.0022483766233766236 0.006146341463414634
2 0.5776461038961038 0.5449542682926829 0.003912337662337662 0.003932926829268293
2 0.8212713068181818 0.5447865853658537 0.009831574675324676 0.00725609756097561
2 0.6066081574675324 0.5448765243902439 0.002583198051948052 0.006216463414634147
2 0.5553327922077922 0.5466021341463415 0.0018993506493506492 0.006009146341463415
2 0.7839549512987013 0.5484359756097561 0.005815746753246753 0.004798780487804878
2 0.41561891233766235 0.5506829268292683 0.006156655844155844 0.006853658536585366
1 0.34538453733766233 0.5511432926829268 0.022749594155844155 0.03399390243902439
2 0.5518668831168831 0.5516814024390244 0.0026785714285714286 0.006411585365853659
2 0.8089397321428571 0.5523094512195122 0.005054788961038961 0.014984756097560975
2 0.3972159090909091 0.5525503048780488 0.002224025974025974 0.0057103658536585365
2 0.4089224837662338 0.5525503048780488 0.0025040584415584417 0.0057103658536585365
2 0.581705560064935 0.5532073170731707 0.0022909902597402594 0.006414634146341463
2 0.4887601461038961 0.5533460365853659 0.0026826298701298702 0.0073018292682926825
22 0.5556321022727273 0.5537362804878049 0.0024979707792207794 0.008082317073170732
2 0.4040827922077922 0.5542774390243902 0.004188311688311688 0.004286585365853659
2 0.6098427353896103 0.5543536585365854 0.009864042207792207 0.006878048780487805
2 0.4708624188311688 0.5549679878048781 0.002601461038961039 0.006277439024390244
6 0.32494724025974026 0.5551783536585365 0.016777597402597405 0.05608841463414634
22 0.5948173701298701 0.5554862804878048 0.0021347402597402597 0.008533536585365853
2 0.5898609983766234 0.5560076219512194 0.0023681006493506494 0.006527439024390244
2 0.5928084415584416 0.5558963414634146 0.0021753246753246753 0.006304878048780487
2 0.5439945211038961 0.5573536585365854 0.0027617694805194804 0.006170731707317073
2 0.37951603084415586 0.5594100609756097 0.0037560876623376625 0.012112804878048779
2 0.4688149350649351 0.5599847560975609 0.002564935064935065 0.005335365853658537
2 0.5389640827922078 0.5632286585365854 0.0024411525974025973 0.006335365853658537
24 0.4814924918831169 0.5677134146341463 0.007221996753246754 0.008597560975609755
2 0.6053754058441558 0.5685198170731707 0.002958603896103896 0.007771341463414633
2 0.4277049512987013 0.5687713414634146 0.003948863636363637 0.00400609756097561
2 0.5933309659090908 0.5703338414634146 0.009713879870129869 0.02115548780487805
2 0.37914366883116885 0.571282012195122 0.003823051948051948 0.003539634146341463
2 0.7144521103896104 0.5715442073170731 0.010073051948051949 0.00711280487804878
2 0.4987428977272727 0.5734253048780488 0.0027617694805194804 0.006606707317073171
2 0.507536525974026 0.5736128048780488 0.0028977272727272727 0.00698170731707317
2 0.520400771103896 0.5737362804878049 0.0026521915584415585 0.006618902439024391
2 0.4287997159090909 0.5737911585365854 0.005326704545454545 0.004289634146341464
24 0.48109577922077923 0.5765015243902439 0.0068344155844155844 0.009100609756097562
22 0.4285785308441558 0.5769908536585365 0.0048843344155844156 0.003371951219512195
2 0.37398538961038963 0.5771692073170732 0.005681818181818182 0.004338414634146342
24 0.4636576704545455 0.5774237804878048 0.006860795454545455 0.009725609756097561
2 0.5537956574675325 0.5779634146341464 0.0028835227272727276 0.007146341463414634
2 0.8322412743506493 0.5794862804878048 0.0021448863636363636 0.005923780487804878
2 0.37790077110389614 0.5802225609756098 0.0029606331168831167 0.00800609756097561
24 0.48908482142857146 0.5802789634146341 0.007390422077922078 0.008728658536585365
15 0.37384030032467536 0.5810350609756098 0.0053916396103896105 0.0035335365853658538
14 0.403336038961039 0.5810000000000001 0.04449675324675325 0.04980487804878049
24 0.5082203733766234 0.581623475609756 0.007106331168831169 0.008978658536585365
24 0.49871245941558445 0.581545731707317 0.0071651785714285715 0.008823170731707318
2 0.8232102272727273 0.5824801829268293 0.009650974025974026 0.007033536585365854
2 0.8339356737012987 0.5827591463414634 0.00025771103896103897 0.00027439024390243905
1 0.5290564123376623 0.5830167682926829 0.012252435064935065 0.01847256097560976
2 0.35784699675324677 0.5838429878048781 0.002625811688311688 0.006710365853658537
22 0.37647017045454545 0.5861036585365854 0.00578125 0.003914634146341463
22 0.3504900568181818 0.5865716463414634 0.006174918831168831 0.004240853658536586
4 0.32078429383116885 0.589030487804878 0.007234172077922077 0.009158536585365853
2 0.4775943587662338 0.5893018292682927 0.003078327922077922 0.008481707317073171
4 0.3287855113636364 0.5892850609756097 0.00781452922077922 0.009057926829268294
2 0.739020900974026 0.5893871951219513 0.0023924512987012984 0.006213414634146341
22 0.37644379058441557 0.5897820121951219 0.006134334415584416 0.003954268292682927
24 0.6697433035714285 0.5905716463414634 0.007100243506493507 0.009192073170731707
24 0.6769257305194805 0.5906996951219512 0.007260551948051948 0.00883841463414634
22 0.3502130681818182 0.59075 0.005620941558441559 0.004060975609756098
24 0.4637236201298701 0.5907103658536585 0.007398538961038962 0.008859756097560975
24 0.6287895698051948 0.5908582317073171 0.006767451298701299 0.007935975609756098
24 0.619338474025974 0.591094512195122 0.0073457792207792215 0.008408536585365852
2 0.644770698051948 0.5910503048780488 0.002203733766233766 0.00588109756097561
24 0.729140625 0.5912012195121952 0.007388392857142856 0.00923170731707317
24 0.7527536525974027 0.5913246951219513 0.007130681818181818 0.008259146341463415
24 0.6404981737012987 0.5915365853658536 0.007051542207792208 0.008682926829268293
24 0.6494784902597402 0.5915365853658536 0.006343344155844156 0.008682926829268293
24 0.4991152597402597 0.591734756097561 0.007159090909090909 0.009079268292682928
24 0.6931229707792208 0.5918018292682926 0.007593344155844156 0.008603658536585365
24 0.507002840909091 0.5916570121951219 0.007106331168831169 0.008923780487804877
24 0.7018313717532467 0.591704268292683 0.007153003246753247 0.008408536585365852
24 0.7158106737012987 0.5917820121951219 0.007514204545454545 0.008564024390243903
24 0.7877516233766234 0.5921112804878049 0.006915584415584416 0.008612804878048781
24 0.7682010957792208 0.5923490853658536 0.006775568181818182 0.008478658536585365
24 0.7755489042207793 0.5924573170731707 0.0072666396103896105 0.008695121951219511
24 0.7969724025974027 0.5924405487804878 0.007094155844155845 0.009271341463414634
24 0.49231635551948055 0.5925411585365854 0.006954139610389611 0.008862804878048781
24 0.8087702922077922 0.5926051829268293 0.006745129870129871 0.00960060975609756
2 0.8288605925324676 0.5954390243902439 0.005123782467532468 0.004292682926829269
2 0.8141984577922078 0.5957210365853658 0.00380275974025974 0.003027439024390244
2 0.43582589285714285 0.5981905487804878 0.01775568181818182 0.02686890243902439
2 0.35910815746753244 0.6004939024390243 0.0027130681818181815 0.006475609756097561
24 0.4592593344155844 0.6004954268292683 0.005775162337662338 0.010746951219512194
2 0.3770444399350649 0.6031600609756098 0.0028713474025974027 0.00936890243902439
2 0.3748315746753247 0.603282012195122 0.0025040584415584417 0.00839329268292683
2 0.34739245129870133 0.6074146341463414 0.00403814935064935 0.0038536585365853662
2 0.32421672077922076 0.6080594512195122 0.003952922077922078 0.004533536585365853
22 0.4214123376623376 0.6089298780487805 0.0059740259740259745 0.004445121951219512
2 0.3296296672077922 0.6089664634146341 0.0030093344155844156 0.0063475609756097565
6 0.7063950892857143 0.6104054878048781 0.25572849025974026 0.03056707317073171
2 0.38016233766233765 0.6106128048780488 0.002613636363636364 0.0078109756097560976
2 0.5361343344155844 0.6131356707317074 0.002463474025974026 0.006149390243902439
2 0.5679626623376623 0.6179405487804878 0.0019967532467532467 0.006612804878048781
2 0.5653703327922078 0.619141768292683 0.0024939123376623374 0.00840548780487805
2 0.5602516233766234 0.6191966463414634 0.0024025974025974027 0.008515243902439025
2 0.5629626623376623 0.6192530487804878 0.002548701298701299 0.00801829268292683
2 0.5577627840909092 0.6199207317073171 0.0018892045454545455 0.007524390243902439
2 0.5351968344155844 0.6204283536585367 0.0038352272727272723 0.0036615853658536583
14 0.35642857142857143 0.6211295731707317 0.013993506493506492 0.025795731707317072
24 0.4467431006493507 0.6219329268292683 0.005905032467532468 0.010939024390243903
22 0.4132700892857143 0.6220350609756098 0.0026765422077922076 0.008094512195121951
22 0.4106321022727273 0.6226615853658536 0.002270698051948052 0.008128048780487805
2 0.5351268262987013 0.6259771341463415 0.003289366883116883 0.007442073170731707
22 0.5307548701298701 0.6265000000000001 0.0022564935064935065 0.008487804878048781
22 0.5282457386363637 0.6271234756097561 0.0021083603896103896 0.008515243902439025
2 0.36907771915584414 0.6272591463414634 0.0015482954545454545 0.0063475609756097565
2 0.5641994724025974 0.6274481707317073 0.0021814123376623375 0.007335365853658536
2 0.5597453327922078 0.6274344512195122 0.0022017045454545453 0.007307926829268292
2 0.5620048701298701 0.6277378048780488 0.0022564935064935065 0.007304878048780488
2 0.5663565340909091 0.6275990853658537 0.0024370941558441556 0.007637195121951219
2 0.5691051136363636 0.6275990853658537 0.002252435064935065 0.007637195121951219
2 0.45977881493506495 0.6277057926829268 0.004379058441558442 0.004192073170731708
24 0.37331067370129867 0.6286295731707318 0.007173295454545455 0.00908841463414634
2 0.36450689935064934 0.6298018292682926 0.0017410714285714286 0.005945121951219512
22 0.44661525974025973 0.6306585365853659 0.00564935064935065 0.004
22 0.4610349025974026 0.6340746951219511 0.002426948051948052 0.007783536585365854
22 0.4465949675324676 0.6342088414634146 0.00601461038961039 0.0031737804878048783
2 0.3442359983766234 0.6351935975609756 0.004218749999999999 0.003923780487804878
6 0.7062124594155844 0.6355045731707317 0.25455154220779225 0.02710670731707317
2 0.5703997564935065 0.6357118902439025 0.0020008116883116884 0.005570121951219512
16 0.32838879870129867 0.6375182926829268 0.004991883116883117 0.015280487804878048
24 0.3820292207792208 0.6380487804878049 0.007564935064935065 0.00902439024390244
2 0.37504565746753243 0.638751524390244 0.00252637987012987 0.006771341463414634
22 0.33356331168831166 0.6397621951219512 0.005194805194805195 0.003914634146341463
2 0.5216903409090908 0.6416631097560976 0.004825487012987013 0.004057926829268293
22 0.5702688717532467 0.6420365853658537 0.0025507305194805195 0.007243902439024391
22 0.33376116071428574 0.6430274390243903 0.005996347402597402 0.0037378048780487803
22 0.35088372564935066 0.6450899390243903 0.002903814935064935 0.008472560975609757
15 0.332794237012987 0.6466432926829268 0.005685876623376623 0.003652439024390244
2 0.32545454545454544 0.6472347560975609 0.002775974025974026 0.005445121951219512
2 0.522288961038961 0.6471493902439025 0.0019642857142857144 0.005274390243902439
2 0.520101461038961 0.6472560975609756 0.0024594155844155845 0.006707317073170732
2 0.5736881087662338 0.6479329268292683 0.0037073863636363637 0.011719512195121951
2 0.32128652597402596 0.6478490853658537 0.005397727272727273 0.004234756097560976
14 0.5543009334415584 0.6483780487804878 0.029462256493506492 0.03273170731707317
2 0.5704799107142857 0.6496112804878048 0.0025669642857142857 0.007759146341463415
24 0.39058035714285716 0.6497499999999999 0.006404220779220779 0.011085365853658536
2 0.4593678977272727 0.6510503048780488 0.004368912337662338 0.006978658536585366
22 0.5216436688311687 0.652516768292683 0.005137987012987013 0.0038140243902439024
24 0.4498528814935065 0.654047256097561 0.005225243506493506 0.011143292682926829
22 0.42093242694805194 0.6560320121951219 0.005014204545454546 0.003527439024390244
22 0.41588474025974026 0.6561478658536585 0.00465909090909091 0.004368902439024391
22 0.5216893262987014 0.6564435975609757 0.005229301948051948 0.0031310975609756095
22 0.4185734577922078 0.6595426829268293 0.005978084415584416 0.0038414634146341463
6 0.7048528814935064 0.6606875 0.25183238636363636 0.02259451219512195
24 0.3903155438311688 0.6610289634146342 0.005874594155844156 0.011082317073170733
15 0.5706706574675324 0.6620792682926829 0.0025426136363636363 0.008304878048780487
2 0.351153612012987 0.6652027439024389 0.0022260551948051948 0.006625
24 0.42025365259740266 0.6662881097560976 0.005685876623376623 0.010625
2 0.5708583603896104 0.6689801829268293 0.002512175324675325 0.006253048780487805
2 0.3902455357142857 0.6723765243902439 0.006140422077922078 0.011216463414634146
24 0.584494724025974 0.6737987804878048 0.007463474025974026 0.008573170731707318
24 0.6899370941558443 0.6753338414634146 0.007715097402597403 0.008594512195121952
24 0.5964316152597403 0.6755228658536586 0.0069866071428571425 0.008972560975609755
24 0.6824239042207793 0.6756981707317073 0.007299107142857143 0.008103658536585366
24 0.7087134740259741 0.6758201219512195 0.006712662337662338 0.008347560975609757
14 0.36927556818181817 0.6761204268292683 0.034005681818181824 0.06565548780487805
24 0.6968821022727273 0.6761539634146341 0.007400568181818182 0.007795731707317073
14 0.3694439935064935 0.676158536585366 0.03515422077922078 0.0675609756097561
24 0.6032183441558441 0.6772301829268292 0.0071672077922077925 0.009338414634146341
24 0.4202201704545454 0.6773338414634147 0.0056189123376623375 0.010765243902439025
24 0.6317390422077922 0.6778323170731707 0.006984577922077922 0.00871341463414634
24 0.8167410714285714 0.6780823170731708 0.007264610389610389 0.009823170731707317
24 0.6250344967532467 0.6783384146341462 0.006968344155844157 0.009115853658536585
6 0.3240553977272727 0.6785411585365853 0.011747159090909091 0.0576920731707317
24 0.6438068181818182 0.6785198170731708 0.007175324675324675 0.00886890243902439
24 0.6177059659090909 0.6788368902439025 0.007327516233766234 0.00889329268292683
24 0.7159060470779222 0.6789710365853658 0.007299107142857143 0.009161585365853658
24 0.7304393262987013 0.6791935975609756 0.007144886363636364 0.00960670731707317
24 0.7232771915584415 0.6792972560975609 0.007025162337662337 0.009204268292682928
24 0.7424147727272727 0.6793765243902439 0.007150974025974027 0.00936280487804878
24 0.7494784902597402 0.6793201219512195 0.006668019480519481 0.00925
24 0.7568577516233767 0.6795243902439024 0.007221996753246754 0.009048780487804877
24 0.7639468344155844 0.6795030487804878 0.006789772727272728 0.009006097560975609
24 0.8095992288961039 0.6796890243902439 0.007185470779220778 0.00876829268292683
24 0.773635349025974 0.6797286585365855 0.0066862824675324685 0.008847560975609755
24 0.7906047077922078 0.6807926829268293 0.0069399350649350655 0.00853658536585366
24 0.7975639204545455 0.6809786585365855 0.00705965909090909 0.009518292682926829
24 0.7833603896103897 0.6809268292682927 0.0066558441558441555 0.008804878048780487
2 0.3894642857142857 0.6813780487804878 0.0041720779220779216 0.006048780487804878
2 0.48588676948051945 0.6818124999999999 0.0038352272727272723 0.00386890243902439
24 0.5404078733766234 0.6832728658536587 0.006952110389610389 0.008618902439024391
2 0.459213676948052 0.6846204268292683 0.006495535714285714 0.01863109756097561
2 0.583221387987013 0.6859923780487804 0.004916801948051948 0.014667682926829267
6 0.4001390016233766 0.686077743902439 0.008881899350649352 0.0459359756097561
24 0.34851866883116883 0.6868033536585366 0.006290584415584416 0.011411585365853658
2 0.8231808035714286 0.687266768292683 0.002286931818181818 0.006240853658536585
2 0.49446327110389615 0.6876829268292682 0.0023193993506493505 0.006463414634146341
24 0.42039975649350647 0.6879878048780488 0.005978084415584416 0.010731707317073172
2 0.6676826298701299 0.6911753048780487 0.03869318181818182 0.04088719512195122
2 0.5934567775974026 0.6923109756097562 0.016864853896103895 0.02425609756097561
24 0.5403946834415585 0.692359756097561 0.007331574675324676 0.009719512195121951
2 0.6975172483766233 0.6926646341463415 0.016787743506493508 0.024353658536585363
24 0.517169237012987 0.693797256097561 0.005929383116883117 0.011375000000000001
2 0.4862357954545455 0.6955015243902438 0.005344967532467533 0.014173780487804878
2 0.34929383116883117 0.6967454268292682 0.004188311688311688 0.006905487804878048
2 0.7240584415584416 0.6968780487804879 0.0049350649350649355 0.004121951219512195
22 0.6277475649350649 0.6986539634146341 0.00549512987012987 0.0034054878048780488
2 0.6417715097402598 0.6991051829268293 0.003916396103896104 0.0036981707317073173
22 0.6464478490259741 0.6991051829268293 0.005152191558441558 0.0036981707317073173
24 0.4201633522727273 0.700516768292683 0.00591112012987013 0.010789634146341464
2 0.7933035714285714 0.700641768292683 0.033035714285714286 0.02689329268292683
2 0.7343689123376623 0.7008216463414635 0.0024228896103896105 0.005911585365853659
2 0.6108299512987013 0.7019832317073171 0.005344967532467533 0.004576219512195122
2 0.7242816558441559 0.7021387195121951 0.00497564935064935 0.003667682926829268
2 0.6159364853896104 0.7021417682926829 0.005006087662337662 0.004283536585365854
2 0.6271266233766234 0.7021844512195122 0.00465909090909091 0.0037591463414634145
2 0.6365706168831169 0.7024908536585366 0.005284090909090909 0.004371951219512195
22 0.6462946428571429 0.7025594512195122 0.006063311688311688 0.0026798780487804876
2 0.6527069805194805 0.7024176829268293 0.00549512987012987 0.00422560975609756
2 0.6209892451298702 0.7024603658536586 0.004153814935064935 0.003701219512195122
2 0.49144784902597405 0.7025762195121951 0.003999594155844156 0.01125
2 0.6316801948051948 0.7024756097560976 0.005243506493506494 0.004341463414634147
2 0.6658096590909092 0.7027362804878049 0.004103084415584416 0.003643292682926829
2 0.6608756087662337 0.7027515243902439 0.005192775974025974 0.004283536585365854
2 0.7509385146103896 0.7046844512195122 0.0022828733766233765 0.006320121951219513
2 0.49470170454545453 0.7058307926829268 0.001984577922077922 0.005564024390243902
2 0.6943465909090909 0.7075243902439023 0.0027353896103896103 0.006512195121951219
24 0.8392146915584415 0.7077393292682927 0.006351461038961039 0.011210365853658538
2 0.7004129464285714 0.7101143292682928 0.005127840909090909 0.0043749999999999995
2 0.6914508928571428 0.7107576219512195 0.002625811688311688 0.005661585365853658
2 0.5838250811688313 0.7105731707317072 0.002877435064935065 0.007731707317073171
2 0.3596306818181818 0.7123856707317073 0.004163961038961039 0.0040396341463414635
6 0.4325456574675325 0.7134969512195122 0.017282873376623376 0.15870121951219512
24 0.8241264204545454 0.7132850609756097 0.007019074675324676 0.008887195121951219
22 0.4205671672077922 0.7136097560975609 0.005501217532467532 0.004048780487804878
2 0.7796570616883117 0.7150594512195122 0.0024959415584415584 0.006338414634146341
2 0.7002861201298701 0.7157850609756098 0.004874188311688311 0.007789634146341463
22 0.3644419642857143 0.7170442073170732 0.0052637987012987015 0.004210365853658537
22 0.35866578733766236 0.7173643292682926 0.005886769480519481 0.00363109756097561
22 0.4207913961038961 0.7176128048780488 0.005949675324675325 0.004128048780487804
2 0.773119926948052 0.7183460365853659 0.004032061688311689 0.0043749999999999995
6 0.6285541801948051 0.7191996951219511 0.07853693181818182 0.029253048780487807
2 0.7072909902597403 0.7202271341463414 0.0054910714285714285 0.00386890243902439
2 0.7427323457792208 0.7205838414634146 0.004945211038961039 0.0033628048780487804
2 0.7003733766233766 0.7235929878048781 0.005048701298701298 0.007551829268292683
22 0.4208035714285714 0.724045731707317 0.0055681818181818185 0.004189024390243903
2 0.7427323457792208 0.7247103658536586 0.004945211038961039 0.0042987804878048775
2 0.749416599025974 0.7251798780487805 0.003703327922077922 0.002798780487804878
6 0.48442877435064935 0.7257256097560976 0.008224431818181818 0.04413414634146341
22 0.7056209415584416 0.7267240853658538 0.004586038961038962 0.004057926829268293
22 0.4207132711038961 0.7278551829268292 0.0057934253246753244 0.004490853658536586
2 0.6818810876623377 0.7285259146341464 0.0021550324675324675 0.006442073170731707
2 0.7964630681818181 0.7287423780487805 0.03164366883116883 0.02638719512195122
2 0.7427668425324675 0.728952743902439 0.005420048701298702 0.003027439024390244
22 0.7055346996753247 0.7298689024390244 0.004819399350649351 0.0030304878048780484
24 0.8304657061688311 0.7300716463414635 0.0058989448051948055 0.011362804878048782
22 0.4602059659090909 0.7308048780487805 0.006045048701298701 0.004292682926829269
2 0.7003733766233766 0.7309512195121951 0.005048701298701298 0.0076341463414634145
22 0.4205773133116883 0.7328368902439024 0.005927353896103897 0.003478658536585366
22 0.7053713474025974 0.733077743902439 0.005304383116883117 0.003350609756097561
2 0.6906361607142857 0.7331006097560976 0.002619724025974026 0.006445121951219513
2 0.7534547483766234 0.735155487804878 0.002445211038961039 0.006286585365853659
22 0.3909517045454545 0.7363246951219512 0.0030884740259740262 0.009234756097560975
22 0.4205773133116883 0.7366951219512196 0.005927353896103897 0.0038780487804878053
22 0.7052546672077922 0.7369237804878049 0.005071022727272727 0.0031158536585365855
2 0.7505133928571429 0.7371814024390244 0.002244318181818182 0.006070121951219512
22 0.8450507305194805 0.7383170731707317 0.002601461038961039 0.008951219512195121
22 0.8423630275974026 0.7384679878048781 0.0029078733766233766 0.009253048780487806
2 0.7001136363636363 0.7384710365853658 0.005340909090909091 0.007429878048780488
2 0.7430651379870129 0.7403490853658536 0.004799107142857142 0.00386890243902439
22 0.7054859983766234 0.7406783536585366 0.004721996753246753 0.0033079268292682926
22 0.4206138392857143 0.7416326219512195 0.0051887175324675325 0.003996951219512195
6 0.40247463474025974 0.7436631097560976 0.01192978896103896 0.04525304878048781
22 0.705487012987013 0.7440381097560976 0.00512987012987013 0.003929878048780488
2 0.7001521915584416 0.7439344512195122 0.005418019480519481 0.0037225609756097564
2 0.742895698051948 0.744140243902439 0.004866071428571429 0.003524390243902439
22 0.390895900974026 0.7450091463414634 0.002976866883116883 0.008310975609756098
22 0.42025162337662336 0.7451265243902438 0.005681818181818182 0.0030579268292682924
14 0.36828632305194803 0.7468643292682927 0.030809659090909092 0.05409451219512195
2 0.7428053977272727 0.7481539634146342 0.005091314935064935 0.004844512195121951
22 0.4206686282467532 0.7488033536585366 0.00570413961038961 0.003704268292682927
7 0.8425578327922078 0.7516189024390244 0.005732548701298701 0.00750609756097561
22 0.4206686282467532 0.7540259146341464 0.00570413961038961 0.005003048780487805
22 0.8082437094155844 0.7556981707317073 0.0020393668831168834 0.00773780487804878
1 0.7875872564935065 0.7562728658536585 0.015515422077922076 0.02413109756097561
1 0.4727465503246754 0.7566295731707317 0.012051542207792207 0.017527439024390246
2 0.757955560064935 0.7571966463414634 0.0037357954545454547 0.004027439024390244
22 0.42062195616883113 0.757577743902439 0.00601663961038961 0.004179878048780488
22 0.8442035308441558 0.7593399390243903 0.0025304383116883118 0.008314024390243903
24 0.7737652191558441 0.7614786585365854 0.007757711038961038 0.008932926829268294
22 0.8402810470779221 0.7621798780487804 0.005237418831168831 0.004237804878048781
24 0.6133786525974027 0.7628490853658536 0.007195616883116884 0.009234756097560975
24 0.6361241883116884 0.7628353658536585 0.006826298701298701 0.009207317073170731
22 0.7363707386363636 0.763032012195122 0.005614853896103896 0.004722560975609756
24 0.6208695211038961 0.7629512195121951 0.007161120129870129 0.009439024390243902
22 0.6497554788961039 0.7635594512195122 0.0024330357142857144 0.008826219512195121
24 0.6888433441558441 0.7637042682926829 0.007150974025974027 0.009115853658536585
22 0.641185064935065 0.7637210365853659 0.0023376623376623377 0.00914939024390244
24 0.6798975243506493 0.7639359756097561 0.0075223214285714286 0.008969512195121952
24 0.7224878246753247 0.7638140243902439 0.007069805194805196 0.008725609756097562
22 0.6471124188311688 0.7639664634146341 0.002828733766233766 0.00903048780487805
22 0.6438260957792208 0.7640381097560975 0.002749594155844156 0.008564024390243903
22 0.6521895292207792 0.764155487804878 0.002025162337662338 0.008798780487804877
24 0.7297412743506494 0.764375 0.006966314935064935 0.008628048780487806
24 0.742505073051948 0.764358231707317 0.00692573051948052 0.008594512195121952
24 0.5767288961038961 0.7663658536585365 0.006136363636363636 0.011390243902439024
22 0.7615087256493507 0.7674237804878049 0.006377840909090909 0.004359756097560976
22 0.7361698457792207 0.7675000000000001 0.0060247564935064935 0.0032926829268292686
24 0.8168557224025974 0.7708506097560975 0.0074939123376623375 0.009384146341463414
22 0.7968790584415585 0.7713094512195122 0.002849025974025974 0.009082317073170731
22 0.7943364448051947 0.7714512195121952 0.0026339285714285714 0.008756097560975609
24 0.5768283279220779 0.7771814024390244 0.005929383116883117 0.011070121951219513
6 0.49150568181818177 0.7782317073170731 0.08690746753246753 0.01804878048780488
6 0.6321743100649351 0.7813551829268293 0.10525771103896105 0.02734451219512195
6 0.7393618100649351 0.7844740853658536 0.10615868506493506 0.027484756097560976
24 0.4426633522727273 0.7850868902439024 0.005862418831168831 0.011027439024390245
22 0.3806503652597403 0.7869085365853659 0.0027780032467532466 0.008573170731707318
22 0.37632305194805193 0.7874161585365853 0.005487012987012986 0.004100609756097561
24 0.49639103084415587 0.16081402439024392 0.00820413961038961 0.014920731707317073
2 0.5783654626623377 0.16167530487804876 0.0029159902597402595 0.010545731707317074
22 0.3736150568181818 0.16515548780487807 0.0021002435064935063 0.008359756097560976
22 0.3764721996753247 0.16542987804878048 0.0025385551948051946 0.008908536585365853
2 0.38638900162337664 0.16542987804878048 0.0020799512987012985 0.007689024390243902
22 0.38180397727272725 0.16547408536585365 0.002244318181818182 0.00838719512195122
2 0.38873376623376626 0.16565091463414636 0.002711038961038961 0.007521341463414635
2 0.3937855113636364 0.1656310975609756 0.0026684253246753247 0.008701219512195121
22 0.3990523538961039 0.1657073170731707 0.002650162337662338 0.008853658536585365
22 0.38398944805194807 0.1658201219512195 0.002556818181818182 0.008469512195121952
2 0.3787784090909091 0.1659435975609756 0.002686688311688312 0.006277439024390244
2 0.39653612012987016 0.16576676829268294 0.002893668831168831 0.008362804878048781
2 0.4024147727272727 0.16641615853658537 0.002881493506493506 0.006612804878048781
22 0.4574847808441559 0.1666920731707317 0.005472808441558442 0.0041158536585365856
22 0.46649959415584413 0.16671798780487807 0.005239448051948052 0.0041676829268292685
2 0.4375162337662338 0.16717225609756098 0.005308441558441558 0.0038567073170731707
15 0.4765767045454546 0.16759756097560977 0.005507305194805195 0.004097560975609756
2 0.548487215909091 0.16810823170731706 0.0024127435064935066 0.006338414634146341
22 0.5434303977272728 0.1682545731707317 0.0073153409090909085 0.009070121951219512
2 0.5276836444805195 0.1684588414634146 0.0017958603896103896 0.005820121951219512
22 0.5358451704545455 0.16865701219512197 0.0022909902597402594 0.00865548780487805
22 0.5383329951298702 0.16879573170731707 0.0019906655844155845 0.008932926829268294
22 0.5254788961038961 0.16898628048780487 0.002662337662337662 0.009314024390243902
22 0.5341426542207792 0.16903201219512193 0.001726866883116883 0.006356707317073171
22 0.5320068993506494 0.16895426829268292 0.002325487012987013 0.008640243902439025
2 0.5340777191558441 0.16915243902439026 0.0015969967532467532 0.005378048780487805
22 0.5297017045454545 0.1698216463414634 0.0017735389610389612 0.007326219512195122
2 0.5778480113636364 0.1708094512195122 0.0030986201298701297 0.008082317073170732
2 0.44825892857142857 0.17238871951219512 0.002849025974025974 0.006362804878048781
22 0.4541071428571429 0.17248018292682926 0.00237012987012987 0.008375
22 0.46484273538961035 0.17264786585365852 0.0023315746753246754 0.008100609756097561
22 0.46714082792207795 0.172875 0.00205762987012987 0.007335365853658536
2 0.47234172077922076 0.17304573170731707 0.002313311688311688 0.006457317073170731
2 0.46962155032467534 0.17292225609756096 0.002148944805194805 0.006210365853658537
22 0.4562692775974026 0.17308993902439024 0.0026359577922077924 0.008375
22 0.4584567775974026 0.17329878048780487 0.002546672077922078 0.008182926829268293
15 0.46084111201298705 0.1732606707317073 0.0020393668831168834 0.008716463414634147
2 0.4630022321428572 0.17331707317073172 0.0014914772727272726 0.005780487804878049
2 0.4514163961038961 0.1737591463414634 0.0022646103896103898 0.006664634146341463
2 0.5460186688311689 0.17590396341463416 0.003969155844155844 0.0036371951219512193
2 0.44505986201298703 0.1763826219512195 0.004161931818181818 0.003984756097560976
22 0.5213859577922078 0.1767637195121951 0.0025933441558441558 0.00840548780487805
22 0.5191365665584415 0.17670274390243904 0.0025588474025974024 0.00889329268292683
22 0.4802881493506494 0.17848170731707316 0.004813311688311688 0.0033048780487804877
2 0.5454677353896104 0.17945274390243904 0.004084821428571428 0.0034176829268292687
2 0.5738443587662339 0.18052439024390243 0.0060491071428571425 0.004951219512195121
22 0.4801511769480519 0.18182774390243903 0.004945211038961039 0.0032896341463414633
2 0.3986475243506494 0.1824390243902439 0.0050872564935064936 0.0039024390243902443
2 0.3920028409090909 0.18265548780487806 0.005190746753246753 0.004335365853658537
22 0.5459405438311689 0.183015243902439 0.005842126623376623 0.0038353658536585365
22 0.5198356331168831 0.1833094512195122 0.005986201298701299 0.004423780487804878
14 0.3786505681818182 0.18402591463414636 0.017853084415584416 0.027198170731707313
2 0.4430123782467532 0.18493292682926832 0.0025020292207792207 0.006451219512195122
22 0.4804159902597402 0.185234756097561 0.005474837662337663 0.003396341463414634
2 0.391700487012987 0.18645731707317073 0.004586038961038962 0.003402439024390244
22 0.5458715503246753 0.1864969512195122 0.00570413961038961 0.002871951219512195
2 0.4006452922077922 0.18697103658536585 0.004212662337662338 0.003820121951219512
2 0.5017045454545455 0.18728963414634145 0.010308441558441558 0.003847560975609756
2 0.39518161525974027 0.1879451219512195 0.002619724025974026 0.006378048780487805
22 0.48024046266233766 0.18841006097560975 0.005529626623376623 0.0030396341463414635
2 0.545822849025974 0.19003963414634148 0.005200892857142857 0.00325
2 0.3916933847402598 0.18997103658536585 0.00416599025974026 0.0031128048780487807
2 0.4006625405844156 0.19017073170731708 0.0042471590909090905 0.002902439024390244
2 0.5754525162337663 0.19038719512195124 0.0027719155844155843 0.0076036585365853665
22 0.5161323051948052 0.1907576219512195 0.003043831168831169 0.008344512195121952
2 0.5011495535714285 0.1914923780487805 0.005951704545454545 0.003716463414634146
24 0.4070982142857143 0.1921798780487805 0.006972402597402597 0.008749999999999999
2 0.4893810876623377 0.1927439024390244 0.006359577922077922 0.0031707317073170734
2 0.48038149350649356 0.1926905487804878 0.005405844155844156 0.004283536585365854
2 0.3923386769480519 0.19295274390243902 0.005456574675324675 0.004198170731707317
2 0.40059760551948054 0.19367073170731708 0.004117288961038961 0.003804878048780488
22 0.545791396103896 0.19371341463414635 0.005543831168831169 0.0038902439024390244
22 0.32570819805194806 0.19454878048780488 0.0061241883116883115 0.004341463414634147
2 0.6961657873376623 0.19510365853658537 0.014490665584415583 0.02496341463414634
2 0.47856432629870127 0.19595426829268292 0.0038007305194805194 0.0034939024390243903
15 0.5734973620129871 0.19615853658536583 0.006166801948051948 0.0039024390243902443
22 0.3372077922077922 0.19748932926829268 0.00599025974025974 0.0047347560975609755
22 0.5459222808441558 0.19748170731707318 0.006211444805194805 0.0028902439024390244
22 0.5198731737012987 0.19761585365853657 0.006061282467532468 0.005597560975609756
22 0.3258127029220779 0.19858231707317073 0.005927353896103897 0.0026524390243902437
2 0.35967633928571424 0.19865853658536586 0.005878652597402597 0.004634146341463414
2 0.36590097402597405 0.19888109756097563 0.005746753246753247 0.004469512195121951
2 0.3311262175324675 0.19906707317073172 0.004379058441558442 0.004231707317073171
22 0.5734243100649351 0.19984603658536584 0.006020698051948052 0.003960365853658537
15 0.577781047077922 0.20022256097560975 0.0025588474025974024 0.0077621951219512195
2 0.3441487418831169 0.20028201219512193 0.005667613636363636 0.004222560975609756
22 0.5459121347402598 0.20111432926829267 0.005785308441558442 0.004057926829268293
2 0.4328601866883117 0.20197103658536586 0.013447646103896102 0.019795731707317077
2 0.5045545860389611 0.20228048780487806 0.006674107142857143 0.019195121951219512
15 0.5735795454545455 0.20324390243902438 0.006331168831168831 0.0034390243902439025
15 0.5736018668831169 0.20628810975609757 0.005564123376623377 0.004649390243902439
2 0.47984476461038966 0.2067469512195122 0.005144074675324676 0.011664634146341463
15 0.5778226461038961 0.2078018292682927 0.0026420454545454546 0.007676829268292683
22 0.5221469155844155 0.20789634146341462 0.007362012987012987 0.009695121951219512
6 0.39907061688311685 0.2080121951219512 0.024602272727272726 0.019073170731707317
2 0.34476765422077926 0.20834756097560975 0.008528814935064936 0.011817073170731707
22 0.5300578327922078 0.20842835365853657 0.0024857954545454545 0.008320121951219513
22 0.527711038961039 0.20826829268292682 0.0022564935064935065 0.006780487804878049
14 0.4607568993506494 0.20882012195121955 0.031091720779220778 0.06215243902439025
22 0.5869977678571429 0.20961280487804876 0.005164366883116883 0.003981707317073171
22 0.5816599025974026 0.20977743902439025 0.005040584415584416 0.004310975609756098
22 0.5352221996753246 0.21051524390243903 0.007132711038961038 0.008835365853658537
2 0.5274797077922078 0.2150045731707317 0.0026055194805194807 0.0037896341463414633
2 0.5967248376623376 0.2151128048780488 0.005543831168831169 0.004615853658536585
22 0.5302607548701299 0.21509298780487804 0.0024857954545454545 0.003966463414634146
14 0.3295890827922078 0.2172454268292683 0.019567775974025977 0.02961280487804878
2 0.44177353896103894 0.21951067073170732 0.004488636363636364 0.004265243902439025
2 0.4332558847402597 0.21952743902439023 0.012615665584415585 0.015274390243902439
2 0.5966345373376624 0.2196173780487805 0.006174918831168831 0.00386890243902439
2 0.4785805600649351 0.22372560975609757 0.004239042207792208 0.006597560975609756
2 0.8408421266233767 0.22598323170731707 0.0027069805194805193 0.006234756097560975
22 0.4885541801948052 0.2269268292682927 0.0059232954545454545 0.0038536585365853662
6 0.3991700487012987 0.2271859756097561 0.024395292207792206 0.018396341463414637
22 0.4960572240259741 0.2276219512195122 0.006318993506493507 0.004634146341463414
2 0.4420099431818182 0.22797103658536585 0.004149756493506494 0.004112804878048781
2 0.6503581574675324 0.22882621951219512 0.016625405844155845 0.02594512195121951
22 0.4333370535714286 0.2293887195121951 0.007502029220779221 0.008777439024390243
2 0.47849634740259744 0.23008536585365852 0.0044764610389610385 0.005902439024390244
22 0.4887652191558442 0.2305579268292683 0.005939529220779221 0.0037987804878048784
2 0.5424969561688312 0.23210518292682925 0.004636769480519481 0.0044542682926829264
6 0.3657771915584416 0.2330137195121951 0.022950487012987013 0.015417682926829268
2 0.44186586850649345 0.23324542682926827 0.004267451298701299 0.0042957317073170735
22 0.4961607142857143 0.23533993902439024 0.0032792207792207793 0.009704268292682927
2 0.4799462256493507 0.23568292682926828 0.006970373376623377 0.004902439024390243
22 0.49157264610389606 0.23724390243902438 0.003031655844155844 0.00924390243902439
2 0.7779423701298701 0.23753658536585365 0.02666396103896104 0.03726829268292683
2 0.6668597808441559 0.23797103658536584 0.003768262987012987 0.0039908536585365854
2 0.7432853084415584 0.23823018292682926 0.019443993506493507 0.041094512195121946
2 0.4874502840909091 0.23851676829268295 0.0037155032467532465 0.010570121951219513
2 0.7210937500000001 0.23984298780487803 0.02416801948051948 0.0370030487804878
2 0.4771590909090909 0.24096646341463415 0.005454545454545454 0.00449390243902439
15 0.8218029626623377 0.24465548780487806 0.02185267857142857 0.03077439024390244
2 0.4685602678571429 0.24502896341463415 0.0024614448051948055 0.006521341463414635
2 0.46544642857142854 0.2450609756097561 0.002727272727272727 0.0071951219512195125
2 0.449448051948052 0.24505030487804877 0.002386363636363636 0.005954268292682927
2 0.4527059659090909 0.2452332317073171 0.002408685064935065 0.0057103658536585365
2 0.6355225243506494 0.24623780487804878 0.003999594155844156 0.004060975609756098
2 0.4771753246753247 0.24644817073170733 0.0018344155844155843 0.005701219512195122
22 0.47275466720779225 0.24740853658536585 0.0023275162337662338 0.008841463414634146
22 0.4749776785714286 0.24745274390243902 0.002309253246753247 0.008929878048780487
14 0.3278084415584416 0.2486128048780488 0.018035714285714283 0.025884146341463417
22 0.5650608766233766 0.2558323170731707 0.005121753246753246 0.004347560975609756
1 0.6995119724025974 0.25579573170731706 0.02158887987012987 0.02866463414634146
2 0.6296479301948052 0.2564573170731707 0.003208198051948052 0.008036585365853659
2 0.36803977272727273 0.25691768292682926 0.012459415584415583 0.015664634146341463
22 0.7655367288961039 0.2590411585365854 0.005099431818181818 0.014423780487804879
22 0.559338474025974 0.2634420731707317 0.005852272727272728 0.004323170731707317
22 0.6299117288961039 0.2644375 0.002924107142857143 0.008753048780487806
22 0.7445738636363637 0.26465701219512194 0.005381493506493506 0.003704268292682927
22 0.7506828327922077 0.2645625 0.005424107142857143 0.003515243902439024
2 0.827041396103896 0.26515701219512194 0.005543831168831169 0.004704268292682927
22 0.5595505275974026 0.26801219512195124 0.0054646915584415584 0.004317073170731708
2 0.3617268668831169 0.2692332317073171 0.01119724025974026 0.017125
22 0.5594206574675324 0.27308384146341463 0.005610795454545454 0.004094512195121951
2 0.6465878652597403 0.27390091463414634 0.004214691558441558 0.004509146341463414
2 0.7353561282467532 0.2748064024390244 0.004397321428571429 0.013637195121951218
2 0.7399655032467533 0.2749192073170732 0.004281655844155845 0.015082317073170731
2 0.48064123376623374 0.2789298780487805 0.0026785714285714286 0.006640243902439025
2 0.40200791396103897 0.279780487804878 0.016272321428571428 0.024195121951219513
22 0.6245048701298701 0.2799100609756098 0.0018506493506493505 0.008600609756097562
22 0.6269754464285715 0.2799100609756098 0.0023275162337662338 0.008600609756097562
2 0.6058908279220779 0.2810015243902439 0.0035836038961038963 0.0077347560975609755
2 0.6008989448051948 0.2808064024390244 0.002934253246753247 0.008564024390243903
2 0.6107406655844156 0.2809420731707317 0.002731331168831169 0.008225609756097561
2 0.6136333198051949 0.2813033536585366 0.002023133116883117 0.008338414634146342
2 0.6189519074675325 0.2815365853658537 0.0017025162337662339 0.007585365853658536
2 0.6215178571428571 0.2817621951219512 0.002775974025974026 0.008036585365853659
22 0.5661181006493506 0.29359756097560974 0.005206980519480519 0.003658536585365854
15 0.673713474025974 0.29524695121951217 0.028839285714285717 0.029518292682926828
2 0.6167410714285715 0.2960503048780488 0.004180194805194806 0.0036859756097560974
22 0.5650639204545455 0.297 0.005533685064935065 0.0031463414634146343
15 0.730825892857143 0.29741463414634145 0.03267451298701299 0.02653658536585366
15 0.7829301948051949 0.29920121951219514 0.02974025974025974 0.028890243902439026
2 0.5283715503246753 0.30209298780487803 0.004389204545454545 0.003576219512195122
2 0.5592045454545455 0.3027439024390244 0.005178571428571428 0.003658536585365854
2 0.4016700487012987 0.30478810975609755 0.014784902597402597 0.024210365853658537