2 0.621112012987013 0.30508536585365853 0.010487012987012987 0.015658536585365854
6 0.7467857142857143 0.3063856707317073 0.019139610389610387 0.05240548780487805
6 0.6441284496753247 0.3102423780487805 0.022428977272727274 0.06133841463414634
7 0.7601156655844156 0.3150228658536586 0.003591720779220779 0.013582317073170732
7 0.7192217938311688 0.31707774390243904 0.0025669642857142857 0.006106707317073171
22 0.7129149756493506 0.3171478658536585 0.0017228084415584417 0.005637195121951219
2 0.7162540584415584 0.31727591463414634 0.0015016233766233767 0.005893292682926828
2 0.699117288961039 0.3173506097560976 0.002130681818181818 0.00726219512195122
22 0.6586404220779222 0.3172210365853658 0.0011282467532467532 0.004564024390243903
22 0.692697849025974 0.31729725609756093 0.0018729707792207793 0.0053262195121951215
2 0.6841629464285715 0.3176783536585365 0.0018486201298701297 0.006088414634146341
22 0.7076207386363637 0.3175868902439024 0.0016862824675324677 0.004076219512195122
2 0.6697179383116882 0.3176646341463415 0.002179383116883117 0.007280487804878048
22 0.7103571428571428 0.31771189024390245 0.0014772727272727272 0.004935975609756098
22 0.6669510957792208 0.3177530487804878 0.001515827922077922 0.004408536585365854
22 0.689596185064935 0.31774847560975605 0.0017573051948051948 0.00561890243902439
22 0.6725923295454546 0.3177393292682927 0.0018405032467532468 0.005600609756097562
22 0.7022473620129871 0.31778048780487805 0.0014914772727272726 0.005073170731707317
22 0.6810409902597403 0.3179070121951219 0.0020982142857142857 0.0053262195121951215
22 0.6783583603896104 0.31797713414634143 0.0016030844155844157 0.004856707317073171
22 0.6612905844155844 0.3178887195121951 0.0015584415584415584 0.004679878048780488
22 0.6642096185064935 0.31801676829268294 0.0013088474025974026 0.004935975609756098
22 0.675643262987013 0.3180060975609756 0.0014488636363636364 0.0049146341463414634
22 0.7047219967532468 0.31825914634146346 0.0015706168831168832 0.006030487804878049
22 0.686958198051948 0.31833841463414636 0.0017573051948051948 0.0055792682926829274
22 0.6958319805194805 0.3184115853658537 0.0020535714285714285 0.004506097560975609
22 0.7306737012987014 0.3187439024390244 0.001525974025974026 0.005170731707317073
7 0.6613037743506494 0.32446036585365856 0.00929586038961039 0.005018292682926829
22 0.710538758116883 0.3252926829268293 0.0018405032467532468 0.006073170731707317
7 0.7194774756493506 0.3257423780487805 0.0022666396103896104 0.006972560975609756
22 0.7131310876623377 0.3259314024390244 0.0017491883116883115 0.00613109756097561
2 0.7157934253246753 0.3260091463414634 0.002203733766233766 0.006896341463414634
22 0.7306463068181818 0.3267103658536585 0.0018770292207792208 0.005859756097560976
2 0.620625 0.3276387195121951 0.013571428571428571 0.02235060975609756
15 0.5629616477272728 0.3280137195121951 0.01593952922077922 0.026149390243902438
15 0.5800040584415584 0.3284512195121951 0.015933441558441556 0.02702439024390244
22 0.7594318181818182 0.3286173780487805 0.0018181818181818184 0.0060152439024390245
2 0.7621753246753247 0.32887500000000003 0.002029220779220779 0.007140243902439025
22 0.659286728896104 0.3305685975609756 0.001609172077922078 0.0050396341463414636
7 0.6690543831168831 0.330922256097561 0.008969155844155845 0.00513719512195122
2 0.5990056818181818 0.33091310975609756 0.018628246753246754 0.027679878048780488
22 0.6621012581168831 0.33114939024390244 0.0015564123376623376 0.004981707317073171
2 0.5428155438311688 0.33171189024390246 0.019478490259740258 0.02683841463414634
2 0.5067633928571429 0.3338384146341463 0.013120941558441557 0.018286585365853657
22 0.6593202110389611 0.3380030487804878 0.0016761363636363636 0.005884146341463415
2 0.715242491883117 0.34372103658536585 0.012465503246753247 0.01792987804878049
2 0.6117745535714285 0.34432926829268296 0.003581574675324675 0.0032926829268292686
2 0.6972270698051948 0.3444451219512195 0.011743100649350649 0.019378048780487805
2 0.7655996347402597 0.3448079268292683 0.010907061688311688 0.017054878048780486
2 0.732789163961039 0.34485518292682926 0.004539366883116883 0.0037347560975609755
2 0.6803672889610389 0.3448094512195122 0.011708603896103897 0.01583841463414634
2 0.7262195616883117 0.34484298780487804 0.003981331168831169 0.0037103658536585364
2 0.5674299918831169 0.3460060975609756 0.004989853896103896 0.004207317073170732
2 0.6666142451298701 0.3461829268292683 0.008553165584415583 0.010658536585365854
2 0.555679788961039 0.346530487804878 0.0038108766233766237 0.003426829268292683
2 0.575239448051948 0.3473673780487805 0.003969155844155844 0.0032713414634146344
22 0.46376217532467534 0.3490868902439025 0.004228896103896104 0.0036615853658536583
22 0.6462560876623377 0.34941768292682923 0.0015219155844155845 0.005542682926829268
2 0.5715736607142857 0.3496158536585366 0.0019135551948051947 0.007768292682926829
2 0.6182640016233766 0.3494435975609756 0.007631899350649351 0.015960365853658537
2 0.6377546672077922 0.3496158536585366 0.0023762175324675327 0.006548780487804878
22 0.6296347402597403 0.34981249999999997 0.0019642857142857144 0.007551829268292683
22 0.6117329545454545 0.34997713414634146 0.003904220779220779 0.0023932926829268292
2 0.6493151379870129 0.350030487804878 0.001958198051948052 0.0073780487804878045
22 0.6528287337662337 0.35009756097560973 0.001680194805194805 0.0056829268292682925
22 0.6352465503246753 0.3502926829268293 0.0018242694805194807 0.004853658536585366
22 0.6259760551948051 0.35029420731707317 0.0023579545454545455 0.006685975609756097
22 0.5669054383116883 0.35085518292682927 0.004346590909090909 0.004149390243902439
22 0.5557355925324675 0.35133993902439026 0.004328327922077922 0.0038993902439024386
2 0.7395484983766234 0.3521905487804878 0.0022301136363636364 0.006210365853658537
22 0.7423711444805196 0.35208384146341465 0.0017877435064935067 0.005996951219512195
2 0.7520292207792207 0.35200609756097556 0.002435064935064935 0.005841463414634146
22 0.7482284902597403 0.3521890243902439 0.0017329545454545453 0.006207317073170731
22 0.7452810470779221 0.35251981707317076 0.0019257305194805194 0.006259146341463415
22 0.46388900162337665 0.35289634146341464 0.0036708603896103897 0.003353658536585366
2 0.6121347402597402 0.3533978658536585 0.00349025974025974 0.003746951219512195
7 0.5320880681818182 0.3537942073170732 0.008575487012987012 0.005149390243902439
2 0.5062743506493507 0.35450457317073175 0.012954545454545455 0.018765243902439024
2 0.7267918019480519 0.3576219512195122 0.004314123376623377 0.00426829268292683
2 0.7329413555194805 0.3576539634146342 0.004032061688311689 0.0031128048780487807
2 0.5473802759740259 0.3582987804878049 0.005474837662337663 0.0044024390243902435
2 0.4873163555194805 0.3586189024390244 0.0022301136363636364 0.008701219512195121
2 0.47344663149350646 0.35929725609756097 0.0024939123376623374 0.007009146341463414
22 0.7498944805194805 0.36 0.0038474025974025976 0.002926829268292683
7 0.531708603896104 0.36148018292682926 0.008222402597402598 0.006496951219512195
22 0.5734730113636364 0.36216768292682927 0.002059659090909091 0.006652439024390244
2 0.5765056818181818 0.3622301829268293 0.0020373376623376623 0.006777439024390244
22 0.5414072646103896 0.3626234756097561 0.00570413961038961 0.0039054878048780488
2 0.5179778814935064 0.363047256097561 0.0038940746753246755 0.0035335365853658538
2 0.5469328327922077 0.3635929878048781 0.0053916396103896105 0.0034054878048780488
22 0.7497453327922078 0.3633978658536585 0.0035491071428571425 0.0024054878048780487
2 0.5186333198051948 0.3670579268292683 0.004393262987012986 0.003628048780487805
2 0.5474949269480519 0.36754268292682923 0.004892451298701299 0.003378048780487805
22 0.48752130681818184 0.3676859756097561 0.002234172077922078 0.006713414634146341
22 0.7502323457792208 0.3678246951219512 0.0033056006493506493 0.002722560975609756
14 0.5617907873376624 0.3687865853658536 0.016438717532467534 0.02598780487804878
2 0.7268678977272728 0.370342987804878 0.004466314935064935 0.0028810975609756097
2 0.7334151785714286 0.3704984756097561 0.00416801948051948 0.0038018292682926833
22 0.5416629464285715 0.3712408536585366 0.004997970779220779 0.0040670731707317075
2 0.5467309253246753 0.3713887195121951 0.004581980519480519 0.003753048780487805
22 0.7499310064935064 0.37213262195121954 0.0035146103896103896 0.002801829268292683
2 0.5320769074675324 0.3751143292682927 0.00895900974025974 0.013033536585365853
2 0.5416943993506493 0.3755716463414634 0.0050608766233766235 0.004192073170731708
2 0.5470535714285715 0.37601067073170735 0.004415584415584416 0.0038506097560975614
22 0.7503612012987013 0.376734756097561 0.003969155844155844 0.002859756097560976
2 0.505942573051948 0.37780640243902436 0.01229099025974026 0.020246951219512196
2 0.48718547077922075 0.37822713414634146 0.0023741883116883116 0.007064024390243903
2 0.4732000811688311 0.3787256097560976 0.002406655844155844 0.008670731707317074
2 0.5766355519480519 0.37873780487804876 0.0018912337662337663 0.006256097560975609
2 0.5843892045454545 0.37947560975609756 0.010905032467532468 0.014439024390243903
22 0.5740868506493506 0.3797240853658536 0.0016639610389610389 0.005789634146341463
2 0.54734375 0.37994359756097557 0.004995941558441559 0.0037896341463414633
22 0.7501968344155844 0.3809237804878049 0.003234577922077922 0.0027012195121951217
2 0.38121448863636365 0.38172408536585367 0.011211444805194806 0.01832621951219512
2 0.7332416801948052 0.3820335365853658 0.003415178571428571 0.003701219512195122
2 0.7268334009740259 0.3818658536585366 0.004397321428571429 0.0027560975609756096
22 0.7383198051948052 0.3820914634146341 0.002207792207792208 0.005646341463414634
22 0.7496043019480519 0.3850304878048781 0.0036728896103896107 0.0035975609756097563
7 0.734664163961039 0.38921798780487804 0.009912743506493507 0.005265243902439024
22 0.7498396915584415 0.38925 0.004143668831168831 0.0028902439024390244
2 0.5438139204545455 0.3895426829268293 0.0032122564935064936 0.009573170731707317
22 0.5613676948051948 0.3903277439024391 0.0017938311688311687 0.006265243902439025
22 0.5584182224025974 0.39042987804878043 0.001982548701298701 0.007079268292682926
2 0.5633167613636364 0.39042073170731706 0.002851055194805195 0.006451219512195122
2 0.5479068587662338 0.3906432926829268 0.0036870941558441563 0.011164634146341463
2 0.5525284090909092 0.3907469512195122 0.0015665584415584415 0.008323170731707318
2 0.5695393668831169 0.3908094512195122 0.002309253246753247 0.008448170731707318
2 0.5548792613636364 0.3910990853658537 0.0022098214285714286 0.008417682926829269
2 0.5667197646103896 0.3914359756097561 0.002351866883116883 0.008481707317073171
2 0.5321043019480519 0.3934573170731707 0.01226055194805195 0.018621951219512194
7 0.7269571834415585 0.3934954268292683 0.003833198051948052 0.015039634146341463
22 0.7232711038961039 0.39740853658536585 0.0017370129870129872 0.005792682926829268
22 0.5643902191558442 0.40252743902439025 0.0025629058441558445 0.005664634146341463
22 0.553387784090909 0.4031768292682927 0.002067775974025974 0.006353658536585365
22 0.561846590909091 0.4030746951219512 0.001939935064935065 0.006759146341463415
22 0.5587459415584416 0.4031219512195122 0.002232142857142857 0.0056341463414634144
22 0.5502191558441558 0.4035121951219512 0.0018181818181818184 0.006414634146341463
22 0.5560206980519481 0.40412195121951217 0.0016517857142857144 0.006414634146341463
2 0.4728226461038961 0.40417225609756097 0.002869318181818182 0.006515243902439025
22 0.5454362824675324 0.40459298780487807 0.0040219155844155845 0.0030884146341463416
2 0.4876471185064935 0.4047804878048781 0.003297483766233766 0.007731707317073171
2 0.3809862012987013 0.40480030487804874 0.011160714285714286 0.017527439024390246
2 0.5841203327922078 0.40695579268292686 0.005091314935064935 0.0035457317073170733
22 0.5753601866883117 0.40741615853658536 0.003804788961038961 0.0026371951219512197
7 0.7273589691558442 0.40839481707317077 0.004636769480519481 0.01313109756097561
22 0.5451136363636364 0.4083628048780488 0.004188311688311688 0.003920731707317073
22 0.7235176542207792 0.4086935975609756 0.0018242694805194807 0.005801829268292683
2 0.5843800730519481 0.41164024390243903 0.005610795454545454 0.0025487804878048777
22 0.5762976866883117 0.4113978658536585 0.003244724025974026 0.002673780487804878
2 0.5452962662337661 0.41363262195121947 0.004147727272727273 0.0034847560975609757
15 0.510570211038961 0.4137576219512195 0.023169642857142857 0.033003048780487806
2 0.5324685470779221 0.41540091463414636 0.011365665584415584 0.01738719512195122
2 0.5756868912337663 0.4157454268292683 0.004864042207792208 0.0028323170731707316
2 0.5847504058441558 0.4161204268292683 0.00432224025974026 0.003582317073170732
22 0.5452962662337661 0.41748780487804876 0.004147727272727273 0.0032682926829268296
2 0.4874320211038961 0.4188734756097561 0.0020556006493506495 0.00786890243902439
7 0.7274310064935066 0.4193932926829268 0.0043749999999999995 0.003420731707317073
2 0.5849888392857142 0.41989634146341465 0.004799107142857142 0.0032073170731707315
2 0.5761820211038962 0.41988109756097564 0.004636769480519481 0.0031768292682926827
2 0.5450456574675325 0.4209679878048781 0.004458198051948052 0.0035213414634146342
2 0.4730539772727273 0.4234496951219512 0.002926136363636364 0.007265243902439024
6 0.76875 0.42335823170731707 0.014366883116883116 0.036350609756097566
22 0.7266142451298702 0.42357164634146344 0.0035531655844155846 0.00263109756097561
2 0.5757761769480519 0.4248155487804878 0.004636769480519481 0.0026798780487804876
2 0.58421875 0.4245259146341463 0.0048823051948051945 0.003929878048780488
22 0.5452445211038961 0.42608231707317074 0.0040442370129870125 0.002774390243902439
14 0.5610349025974026 0.4265167682926829 0.018579545454545456 0.02864329268292683
22 0.4874107142857143 0.4278521341463415 0.002012987012987013 0.006314024390243903
7 0.7272098214285715 0.4282484756097561 0.004338474025974026 0.004667682926829268
2 0.584916801948052 0.42871036585365857 0.0046550324675324675 0.0031524390243902437
2 0.5763484172077922 0.4289740853658537 0.004157873376623376 0.004899390243902439
22 0.5456594967532468 0.43040548780487803 0.004874188311688311 0.0034939024390243903
22 0.7267816558441559 0.4321661585365854 0.0034821428571428573 0.0021371951219512192
2 0.5764001623376623 0.43242378048780483 0.005073051948051948 0.003871951219512195
2 0.5845931412337663 0.4334710365853659 0.005631087662337662 0.003527439024390244
22 0.5456178977272726 0.43559756097560975 0.00479099025974026 0.004121951219512195
7 0.726903409090909 0.4367088414634146 0.004537337662337662 0.0032957317073170735
2 0.5324421672077922 0.4367225609756098 0.012530438311688312 0.019176829268292683
6 0.7467857142857143 0.43671646341463416 0.019139610389610387 0.08440853658536586
2 0.576098823051948 0.4371067073170732 0.004470373376623377 0.0040914634146341465
2 0.5845829951298701 0.4371935975609756 0.004799107142857142 0.003655487804878049
22 0.727049512987013 0.4410914634146341 0.0028003246753246754 0.0016951219512195122
22 0.5458522727272728 0.4413689024390244 0.004853896103896104 0.004689024390243902
2 0.57625 0.4431600609756098 0.004366883116883117 0.004003048780487805
2 0.5087581168831169 0.44600914634146344 0.015487012987012985 0.024335365853658534
7 0.7278155438311689 0.45061585365853657 0.003114853896103896 0.012207317073170732
2 0.5634019886363637 0.4510076219512195 0.0022098214285714286 0.007503048780487805
2 0.5717146915584416 0.45144664634146336 0.002601461038961039 0.007161585365853658
2 0.569328327922078 0.45150914634146344 0.0014813311688311689 0.007286585365853658
2 0.5662784090909091 0.45171951219512196 0.002686688311688312 0.007097560975609756
22 0.7235338879870129 0.4531295731707317 0.001856737012987013 0.006259146341463415
2 0.5598001217532468 0.4529771341463415 0.003934659090909091 0.009003048780487806
2 0.584325284090909 0.4533536585365854 0.0026603084415584414 0.00853658536585366
2 0.5460298295454545 0.4535411585365854 0.0035856331168831173 0.00891158536585366
2 0.5800903003246753 0.453952743902439 0.002307224025974026 0.011564024390243902
2 0.5514407467532467 0.45451067073170737 0.0038555194805194805 0.008411585365853659
2 0.533060064935065 0.45499390243902443 0.008084415584415585 0.013036585365853658
22 0.3771976461038961 0.4605533536585366 0.004395292207792208 0.004033536585365854
22 0.3842857142857143 0.46076067073170734 0.004366883116883117 0.0038384146341463414
2 0.7235298295454545 0.46170731707317075 0.0026603084415584414 0.006341463414634147
7 0.7276866883116883 0.4671219512195122 0.004074675324675325 0.014121951219512196
29 0.37663352272727274 0.4694908536585366 0.00570211038961039 0.010323170731707318
29 0.38396915584415586 0.4694908536585366 0.006168831168831168 0.010323170731707318
22 0.7238433441558442 0.4696890243902439 0.0016639610389610389 0.006451219512195122
2 0.5601329139610389 0.4695792682926829 0.004600243506493507 0.008670731707317074
2 0.5649715909090909 0.4695792682926829 0.0037256493506493504 0.008670731707317074
2 0.5507183441558442 0.47215243902439025 0.0028165584415584415 0.007109756097560976
22 0.5569926948051949 0.47235518292682926 0.0023782467532467533 0.007515243902439024
22 0.5535693993506493 0.47267682926829274 0.0028368506493506493 0.006329268292682927
6 0.7688027597402597 0.4738810975609756 0.014878246753246753 0.057518292682926825
29 0.5777922077922079 0.48159908536585366 0.007045454545454545 0.009539634146341463
22 0.5729068587662337 0.4822408536585366 0.0021448863636363636 0.0065548780487804876
7 0.7271428571428572 0.48337957317073166 0.009074675324675324 0.0051737804878048774
22 0.659044237012987 0.4851143292682927 0.0035592532467532464 0.0025457317073170733
14 0.5200588474025973 0.48577286585365853 0.038088474025974026 0.04105792682926829
22 0.659338474025974 0.4894314024390244 0.004147727272727273 0.0026432926829268294
7 0.7271053165584416 0.49014024390243904 0.009405438311688313 0.005280487804878049
14 0.5561434659090909 0.4902378048780488 0.01934862012987013 0.024378048780487802
14 0.3815320616883117 0.49225457317073174 0.015093344155844155 0.03267987804878049
22 0.6593435470779221 0.49410823170731705 0.004563717532467532 0.0034603658536585366
22 0.7295129870129871 0.49548628048780485 0.004074675324675325 0.0031676829268292685
2 0.6285105519480519 0.4972621951219512 0.011891233766233767 0.018304878048780487
22 0.6591396103896103 0.49851524390243906 0.0037500000000000003 0.0031280487804878046
2 0.7295353084415584 0.4992606707317073 0.004931006493506493 0.004009146341463415
22 0.6592400568181819 0.5025579268292684 0.004356737012987013 0.0026768292682926827
7 0.6369135551948052 0.503125 0.002723214285714286 0.008689024390243903
2 0.6453256899350649 0.5031219512195122 0.003719561688311688 0.012951219512195121
7 0.7298843344155844 0.5034115853658536 0.004005681818181818 0.0037743902439024393
2 0.6411596996753247 0.5042698170731708 0.002286931818181818 0.007320121951219513
22 0.6597808441558441 0.5064862804878049 0.004626623376623376 0.002606707317073171
6 0.7450050730519481 0.5080518292682927 0.017201704545454544 0.033786585365853654
7 0.7298386769480519 0.5083460365853658 0.004320211038961038 0.0032774390243902438
7 0.758474025974026 0.5098963414634147 0.0019318181818181817 0.005158536585365854
22 0.7558066152597402 0.5098841463414634 0.0014671266233766236 0.005134146341463415
2 0.7614853896103896 0.5102225609756097 0.0022727272727272726 0.0058109756097560975
22 0.6592704951298701 0.5104573170731708 0.0036059253246753247 0.0032317073170731706
2 0.729278612012987 0.5118170731707317 0.005229301948051948 0.004121951219512195
7 0.770882711038961 0.512530487804878 0.0044277597402597405 0.0024999999999999996
7 0.720960836038961 0.5132393292682926 0.0032041396103896103 0.013673780487804878
22 0.7250050730519481 0.5135685975609756 0.0023640422077922077 0.006405487804878049
22 0.38338271103896104 0.5144100609756098 0.0021550324675324675 0.00564939024390244
22 0.3749655032467532 0.5149786585365854 0.0019602272727272728 0.006176829268292683
22 0.3806047077922078 0.5149253048780488 0.0018750000000000001 0.006070121951219512
22 0.37814123376623376 0.5150945121951219 0.0018181818181818184 0.006408536585365853
22 0.6593191964285714 0.5155701219512195 0.003703327922077922 0.0030914634146341465
22 0.38639001623376623 0.5154298780487805 0.0020819805194805196 0.005859756097560976
2 0.5897037337662338 0.5161920731707317 0.00489448051948052 0.004335365853658537
22 0.5956919642857144 0.5161844512195122 0.004289772727272727 0.0037103658536585364
22 0.7294713879870129 0.5166493902439024 0.0035856331168831173 0.002810975609756098
2 0.7711394074675325 0.5170685975609756 0.004535308441558442 0.0030396341463414635
7 0.7593029626623377 0.5182256097560975 0.006836444805194805 0.009012195121951219
22 0.6597686688311689 0.5193551829268293 0.0041964285714285714 0.002734756097560976
22 0.5956402191558442 0.5199573170731707 0.0037804383116883116 0.0033292682926829268
2 0.5893719561688312 0.5202439024390244 0.005448457792207793 0.0032926829268292686
22 0.7708380681818182 0.520905487804878 0.003526785714285714 0.0021768292682926827
2 0.7660460633116882 0.5209969512195122 0.003683035714285714 0.0029695121951219513
22 0.7295606737012987 0.5218628048780488 0.00335836038961039 0.0022621951219512194
22 0.6594023944805194 0.5237728658536585 0.00346387987012987 0.002423780487804878
22 0.5958614042207793 0.5239390243902439 0.0034111201298701295 0.0033658536585365853
2 0.5893719561688312 0.5250625 0.005448457792207793 0.0037835365853658535
14 0.6098863636363636 0.5260685975609757 0.01603896103896104 0.04482012195121951
22 0.7296966314935065 0.5262637195121951 0.004441964285714286 0.0025274390243902435
6 0.7111617288961039 0.5275182926829268 0.015667613636363636 0.08003658536585365
22 0.6594226866883117 0.5280137195121951 0.003910308441558441 0.002978658536585366
7 0.7586566558441559 0.5281920731707317 0.0063555194805194806 0.010652439024390243
22 0.5956868912337663 0.5284710365853659 0.0038737824675324677 0.002673780487804878
2 0.5900629058441559 0.5289131097560976 0.004801136363636363 0.0041676829268292685
7 0.7233573457792207 0.5293079268292683 0.005562094155844156 0.009835365853658537
22 0.729664163961039 0.5300548780487805 0.003971185064935065 0.002792682926829268
6 0.6784131493506493 0.5316036585365854 0.014293831168831168 0.07967073170731707
22 0.6597047483766234 0.532032012195122 0.004068587662337662 0.002478658536585366
2 0.5896864853896103 0.533157012195122 0.004454139610389611 0.0035091463414634147
22 0.5955529626623377 0.5333064024390244 0.00401176948051948 0.0031981707317073173
2 0.3809567775974026 0.5343567073170732 0.013131087662337662 0.018103658536585368
22 0.7300324675324675 0.5344024390243902 0.004301948051948052 0.002951219512195122
22 0.6896459009740259 0.5349588414634147 0.0034801136363636362 0.002844512195121951
2 0.7607203733766233 0.5349969512195122 0.004395292207792208 0.002920731707317073
22 0.7555976055194805 0.5350487804878049 0.0038900162337662343 0.003024390243902439
22 0.6595058847402597 0.5363201219512196 0.0036708603896103897 0.0031280487804878046
22 0.5955945616883117 0.5368612804878049 0.0036891233766233765 0.0029908536585365854
2 0.5900060876623378 0.5373658536585366 0.0038758116883116887 0.004
2 0.7301288555194805 0.5389481707317073 0.004494724025974025 0.00350609756097561
22 0.6891801948051949 0.5395274390243903 0.003766233766233766 0.0034451219512195122
22 0.5955478896103896 0.5405655487804878 0.0035957792207792208 0.002472560975609756
22 0.6597524350649351 0.5410670731707318 0.003352272727272727 0.0028658536585365853
2 0.5898782467532467 0.5419588414634147 0.004431818181818182 0.002820121951219512
7 0.7591690340909091 0.542579268292683 0.006974431818181818 0.008329268292682927
14 0.6409374999999999 0.5429314024390244 0.01320616883116883 0.05964329268292683
6 0.7794206574675325 0.5445640243902439 0.02109780844155844 0.031201219512195122
22 0.6595058847402597 0.5451448170731708 0.0036708603896103897 0.0024847560975609756
2 0.5895941558441559 0.5453902439024391 0.004269480519480519 0.0035853658536585367
7 0.6909628652597403 0.5474420731707317 0.005708198051948052 0.010128048780487805
2 0.5958543019480519 0.5481432926829268 0.004614448051948052 0.004213414634146342
7 0.6978642451298701 0.5480304878048781 0.006929788961038961 0.011914634146341464
22 0.7296530032467532 0.5484939024390244 0.004354707792207793 0.0030853658536585363
22 0.6595698051948052 0.5489481707317073 0.0037987012987012983 0.002774390243902439
22 0.3844805194805195 0.5494054878048781 0.003944805194805195 0.0024695121951219512
7 0.7225882711038961 0.5503384146341463 0.005647321428571429 0.009823170731707317
2 0.5838372564935065 0.5511676829268293 0.0045251623376623374 0.003554878048780488
2 0.5895941558441559 0.5517256097560976 0.004269480519480519 0.003451219512195122
22 0.7588453733766234 0.5519817073170732 0.0018628246753246752 0.005792682926829268
7 0.7298904220779221 0.5525396341463414 0.0044237012987012984 0.0026402439024390246
7 0.7565878652597403 0.5526935975609756 0.0018120941558441557 0.006606707317073171
2 0.762362012987013 0.5528018292682927 0.0024025974025974027 0.006213414634146341
22 0.38456879058441557 0.5535655487804878 0.0037155032467532465 0.002862804878048781
6 0.7445211038961039 0.5539314024390244 0.01948051948051948 0.042618902439024386
7 0.6655529626623377 0.5543780487804878 0.006836444805194805 0.009365853658536585
22 0.6536881087662337 0.5548460365853658 0.00786323051948052 0.004204268292682926
29 0.3778125 0.5559405487804878 0.007248376623376623 0.008222560975609756
2 0.5954017857142857 0.5560304878048781 0.004521103896103896 0.003524390243902439
7 0.7297849025974026 0.5566753048780487 0.004212662337662338 0.0029847560975609752
2 0.5845799512987013 0.5567881097560976 0.004387175324675325 0.0032103658536585364
22 0.6987114448051948 0.5569786585365853 0.0017248376623376623 0.005420731707317074
22 0.6930539772727272 0.557092987804878 0.0017735389610389612 0.006259146341463415
22 0.5902333603896104 0.5570670731707317 0.0031128246753246752 0.0025487804878048777
22 0.6956513798701299 0.557265243902439 0.0016923701298701297 0.00599390243902439
22 0.6902851055194805 0.5572057926829268 0.0019176136363636361 0.005875
22 0.3844703733766234 0.5576996951219513 0.003518668831168831 0.0025945121951219514
7 0.756544237012987 0.5605807926829268 0.0017248376623376623 0.00713719512195122
22 0.6541619318181818 0.5610091463414634 0.007999188311688311 0.004945121951219512
22 0.761599025974026 0.5613399390243903 0.0016883116883116883 0.006216463414634147
22 0.5900588474025974 0.5615381097560975 0.0035754870129870134 0.002344512195121951
22 0.7296956168831169 0.5616204268292683 0.004439935064935065 0.0031189024390243904
22 0.7588717532467532 0.5614878048780488 0.0019155844155844155 0.005902439024390244
2 0.5847067775974026 0.5618932926829269 0.004640827922077922 0.003664634146341463
7 0.7229099025974026 0.5618399390243902 0.00588474025974026 0.010875000000000001
2 0.5959182224025974 0.5619466463414634 0.004336444805194805 0.003771341463414634
22 0.38438920454545455 0.5622134146341463 0.003356331168831169 0.0024756097560975606
22 0.6904007711038961 0.5654512195121951 0.0017431006493506492 0.005902439024390244
7 0.6661698457792208 0.5655350609756097 0.006446834415584415 0.009728658536585366
22 0.6990127840909092 0.5656432926829268 0.001515827922077922 0.006286585365853659
22 0.6961454951298701 0.5654283536585366 0.001868912337662338 0.005856707317073171
22 0.7297788149350649 0.5654634146341464 0.003794642857142857 0.0034878048780487805
22 0.6930732548701299 0.5657987804878049 0.00140625 0.005378048780487805
2 0.5958603896103897 0.5660060975609756 0.004220779220779221 0.003353658536585366
22 0.5904129464285715 0.5660685975609756 0.0030661525974025974 0.00286890243902439
2 0.5847067775974026 0.5662850609756097 0.004640827922077922 0.0039115853658536585
29 0.37795860389610386 0.566358231707317 0.007134740259740259 0.008326219512195122
22 0.3842846996753247 0.5666051829268293 0.0035531655844155846 0.002722560975609756
22 0.6539995941558441 0.5673231707317073 0.0072686688311688315 0.004158536585365854
22 0.7639650974025974 0.5688475609756097 0.001956168831168831 0.005378048780487805
7 0.7783674918831169 0.5691295731707317 0.006004464285714286 0.010210365853658537
22 0.7298133116883117 0.5693780487804878 0.0038636363636363634 0.0027804878048780486
22 0.7733816964285715 0.5695198170731708 0.002120535714285714 0.006722560975609756
7 0.7591923701298702 0.5696981707317073 0.007021103896103897 0.008298780487804878
7 0.7681452922077923 0.5699618902439024 0.005852272727272728 0.01065548780487805
22 0.5903368506493506 0.5702515243902438 0.003319805194805195 0.002698170731707317
22 0.5958096590909091 0.5706082317073171 0.0029017857142857144 0.002801829268292683
22 0.38438920454545455 0.5705457317073171 0.003356331168831169 0.0026768292682926827
2 0.5847595373376624 0.5706768292682927 0.004340503246753247 0.004158536585365854
22 0.6543638392857143 0.5739192073170731 0.007591314935064934 0.004545731707317073
22 0.7297676542207793 0.5740731707317074 0.004178165584415585 0.0024146341463414634
2 0.5961799918831169 0.5745289634146341 0.0036424512987012986 0.003326219512195122
22 0.5905164366883117 0.5746600609756097 0.0032731331168831166 0.002978658536585366
2 0.38456879058441557 0.574608231707317 0.0037155032467532465 0.002875
2 0.7467451298701299 0.5751371951219513 0.0032305194805194804 0.007591463414634146
2 0.5845221185064935 0.5750762195121951 0.00427150974025974 0.0038109756097560975
2 0.7507538555194806 0.5763125 0.0023193993506493505 0.008722560975609755
29 0.37816862824675324 0.5772759146341463 0.006743100649350649 0.008210365853658537
22 0.7565056818181818 0.5776234756097561 0.004082792207792208 0.0034176829268292687
22 0.5902384334415585 0.5787896341463414 0.003528814935064935 0.0027012195121951217
2 0.5844460227272728 0.5789893292682927 0.0045251623376623374 0.0037103658536585364
22 0.595900974025974 0.5791371951219512 0.003896103896103896 0.003396341463414634
22 0.38455255681818185 0.5796829268292683 0.003683035714285714 0.002658536585365854
22 0.5902790178571429 0.5829725609756098 0.0032041396103896103 0.002530487804878049
22 0.6551369724025974 0.5829740853658536 0.003861607142857143 0.0025335365853658537
2 0.5964579951298701 0.5831112804878049 0.0041984577922077925 0.002807926829268293
22 0.38454342532467534 0.5835259146341463 0.003258928571428571 0.003027439024390244
2 0.5850831980519481 0.5835365853658536 0.004987824675324675 0.00426829268292683
7 0.7242512175324676 0.5854466463414635 0.0032913961038961038 0.014795731707317074
2 0.6556118100649351 0.5864923780487805 0.004811282467532468 0.003472560975609756
29 0.37797382305194804 0.5873414634146341 0.006759334415584416 0.008829268292682928
22 0.5965036525974027 0.5875640243902439 0.004289772727272727 0.0025670731707317074
22 0.38447747564935064 0.5878307926829268 0.0031270292207792208 0.0024908536585365854
7 0.6558370535714286 0.5903963414634147 0.005667613636363636 0.0039634146341463415
22 0.3845038555194805 0.5921737804878049 0.0035856331168831173 0.0026402439024390246
22 0.6554717938311688 0.5950060975609756 0.005342938311688312 0.0028170731707317072
2 0.5911749188311688 0.5951371951219512 0.004590097402597403 0.0030792682926829265
22 0.3846012581168831 0.5960152439024391 0.0037804383116883116 0.002396341463414634
22 0.725132913961039 0.5966158536585366 0.0018080357142857143 0.005426829268292683
29 0.3778845373376623 0.5981981707317073 0.0069866071428571425 0.008591463414634147
22 0.5858116883116883 0.5988490853658537 0.00400974025974026 0.0031859756097560974
2 0.6558319805194806 0.5989862804878049 0.004439935064935065 0.004070121951219512
22 0.5807974837662337 0.5991890243902439 0.004127435064935065 0.0032560975609756096
2 0.5911170860389611 0.5995198170731707 0.004474431818181818 0.002698170731707317
22 0.38449573863636366 0.600797256097561 0.0035693993506493507 0.002204268292682927
22 0.5808674918831168 0.6036067073170731 0.003455762987012987 0.002945121951219512
7 0.6555133928571428 0.6037439024390244 0.005020292207792208 0.005048780487804877
22 0.5852150974025974 0.6039207317073171 0.0032224025974025975 0.0023536585365853658
22 0.7252749594155845 0.6049664634146341 0.0016862824675324677 0.005664634146341463
22 0.3847493912337662 0.60675 0.004076704545454546 0.0025243902439024387
22 0.5855448457792208 0.6074314024390244 0.004287743506493506 0.0026676829268292685
22 0.5790472808441559 0.6075716463414634 0.0038737824675324677 0.002948170731707317
14 0.3784354707792208 0.6088612804878049 0.006465097402597403 0.009185975609756097
6 0.6760683847402598 0.6111219512195122 0.020967938311688313 0.06858536585365854
2 0.3846854707792208 0.6115579268292684 0.004354707792207793 0.0029939024390243903
22 0.5791913555194805 0.6115609756097561 0.004567775974025974 0.0036097560975609758
22 0.585179586038961 0.6122423780487805 0.003963068181818182 0.0025335365853658537
2 0.7258837256493507 0.6130503048780488 0.0024979707792207794 0.00536890243902439
22 0.5916203327922078 0.6134786585365853 0.0034517045454545456 0.0025670731707317074
2 0.6142258522727273 0.6185182926829268 0.011325081168831169 0.01691463414634146
22 0.5916203327922078 0.6184283536585365 0.0034517045454545456 0.002710365853658537
22 0.631599025974026 0.618780487804878 0.0018344155844155843 0.007073170731707317
22 0.3820292207792208 0.6188993902439024 0.0035064935064935067 0.0024329268292682927
22 0.6397727272727273 0.6192865853658537 0.001948051948051948 0.006865853658536585
22 0.6343405032467533 0.6194253048780488 0.002041396103896104 0.0071432926829268295
22 0.6258258928571429 0.6195640243902439 0.0016517857142857144 0.007420731707317073
22 0.6287175324675325 0.6198795731707317 0.002159090909090909 0.00561280487804878
22 0.6229494724025973 0.6198871951219512 0.0023924512987012984 0.007457317073170732
22 0.6370769074675324 0.6198795731707317 0.0018323863636363635 0.006832317073170732
22 0.642596387987013 0.6207073170731707 0.001507711038961039 0.0066585365853658535
7 0.7248021509740259 0.6216859756097561 0.0023640422077922077 0.007396341463414635
22 0.6500558035714286 0.622092987804878 0.002221996753246753 0.005161585365853659
22 0.6472159090909091 0.6223628048780487 0.0014123376623376624 0.006310975609756097
22 0.3817846996753247 0.6231295731707317 0.003423295454545455 0.0017469512195121952
15 0.6025598620129871 0.6265701219512195 0.00747362012987013 0.007408536585365854
7 0.7252323457792208 0.6314588414634146 0.0024127435064935066 0.006820121951219512
6 0.7781229707792208 0.6330807926829268 0.021749188311688313 0.10884451219512195
7 0.616833400974026 0.6373948170731708 0.00598823051948052 0.010155487804878049
22 0.7253023538961039 0.6391219512195122 0.0017410714285714286 0.004463414634146342
7 0.7257061688311689 0.6477088414634147 0.002548701298701299 0.00761280487804878
7 0.6166294642857143 0.6489527439024391 0.005580357142857143 0.010710365853658537
14 0.6375121753246753 0.6533079268292683 0.03151785714285714 0.047469512195121945
22 0.7254707792207792 0.655842987804878 0.0016720779220779222 0.004978658536585365
22 0.6169348620129871 0.6565472560975609 0.0037560876623376625 0.0033384146341463414
2 0.6574594155844156 0.6587484756097561 0.002012987012987013 0.008350609756097561
6 0.7070393668831169 0.6616737804878049 0.028526785714285716 0.15261585365853658
22 0.38234375000000004 0.6627088414634146 0.003323863636363636 0.002246951219512195
7 0.6166801948051948 0.6639420731707317 0.005681818181818182 0.010201219512195122
7 0.7258258928571428 0.6644298780487805 0.001976461038961039 0.008128048780487805
22 0.38218141233766234 0.6666981707317073 0.0034050324675324677 0.002298780487804878
2 0.6002861201298701 0.6695807926829268 0.01023133116883117 0.016600609756097562
2 0.5857650162337662 0.6705304878048781 0.015280032467532467 0.016670731707317074
22 0.38208400974025974 0.6709801829268293 0.0032102272727272726 0.002326219512195122
6 0.7450182629870129 0.6719161585365855 0.026968344155844155 0.17797865853658537
22 0.7257426948051948 0.6738323170731707 0.0014042207792207791 0.006201219512195122
7 0.6166396103896105 0.674829268292683 0.005600649350649351 0.009414634146341463
22 0.7251572646103895 0.6827378048780488 0.0022625811688311687 0.0020609756097560977
7 0.6167410714285715 0.6848323170731707 0.006615259740259741 0.009908536585365854
22 0.7259588068181818 0.6870579268292684 0.002648133116883117 0.002164634146341463
22 0.3824076704545455 0.6893384146341464 0.0038575487012987015 0.0024573170731707317
2 0.7738626217532467 0.6896783536585366 0.001864853896103896 0.005576219512195122
7 0.762067775974026 0.6896737804878049 0.003031655844155844 0.007396341463414635
22 0.7710765016233766 0.689967987804878 0.0019744318181818183 0.006765243902439025
22 0.5813605925324675 0.6899131097560975 0.00403612012987013 0.003606707317073171
22 0.7682366071428571 0.6899100609756098 0.0015706168831168832 0.006649390243902439
7 0.6462824675324675 0.6899573170731708 0.006444805194805195 0.007963414634146342
7 0.7767552759740259 0.689814024390244 0.0027800324675324676 0.007676829268292683
7 0.6320799512987013 0.6898506097560976 0.006448863636363636 0.008359756097560976
2 0.7653165584415584 0.6900503048780487 0.002224025974025974 0.006929878048780488
7 0.6392826704545455 0.6902012195121952 0.006649756493506494 0.00845121951219512
7 0.6532000811688311 0.6902301829268292 0.0068871753246753245 0.00911890243902439
7 0.625354099025974 0.6902621951219512 0.00679586038961039 0.008573170731707318
14 0.5929312094155844 0.6914862804878048 0.014190340909090911 0.016509146341463415
6 0.6764772727272726 0.693219512195122 0.02340909090909091 0.06936585365853659
22 0.5815523538961038 0.6938079268292683 0.004013798701298701 0.0034695121951219513
22 0.38251826298701297 0.6953810975609755 0.004078733766233767 0.0029573170731707313
7 0.7256036931818182 0.6979298780487805 0.002749594155844156 0.01476219512195122
22 0.581958198051948 0.6987560975609757 0.004013798701298701 0.0036097560975609758
2 0.6154403409090908 0.699984756097561 0.008883928571428572 0.013384146341463414
22 0.3824655032467532 0.7012423780487804 0.0035673701298701297 0.0024847560975609756
22 0.3825273944805195 0.7051341463414634 0.0036911525974025975 0.0023414634146341463
22 0.7252516233766234 0.7094039634146341 0.0016396103896103896 0.004173780487804878
2 0.38260044642857144 0.7095487804878049 0.004243100649350649 0.002634146341463415
2 0.5986799918831169 0.7136387195121952 0.010671672077922079 0.021179878048780486
22 0.38232142857142853 0.7142515243902439 0.004090909090909091 0.0022835365853658535
2 0.5848102678571429 0.7160990853658536 0.013776379870129871 0.0175640243902439
2 0.6149533279220779 0.7167789634146341 0.00953327922077922 0.017704268292682925
14 0.6391619318181818 0.7172530487804879 0.03522321428571429 0.030237804878048783
22 0.38244521103896106 0.7180259146341463 0.003526785714285714 0.0025152439024390245
2 0.3825730519480519 0.7221935975609757 0.0037824675324675326 0.0023140243902439023
2 0.7251775568181819 0.7224100609756098 0.005144074675324676 0.0033567073170731707
22 0.7252120535714285 0.7264359756097561 0.0039955357142857145 0.0022621951219512194
2 0.3825730519480519 0.7269161585365853 0.0037824675324675326 0.0026128048780487806
7 0.6143039772727272 0.7298125 0.009046266233766233 0.004746951219512195
7 0.7251948051948053 0.7308185975609757 0.004772727272727272 0.0037103658536585364
22 0.38228794642857145 0.7309390243902439 0.003618100649350649 0.0021219512195121953
7 0.6829393262987014 0.7310884146341463 0.005083198051948052 0.003640243902439024
7 0.6771519886363636 0.7311036585365853 0.004872159090909091 0.004280487804878048
22 0.5010399756493507 0.7316753048780488 0.0020799512987012985 0.006643292682926829
22 0.506525974025974 0.7316981707317073 0.002094155844155844 0.006079268292682927
22 0.48401988636363635 0.7315868902439024 0.0017248376623376623 0.005856707317073171
22 0.5038058035714286 0.7318795731707317 0.001523944805194805 0.005832317073170732
22 0.489507913961039 0.7319786585365853 0.002148944805194805 0.006030487804878049
22 0.49816659902597404 0.7320640243902439 0.002015016233766234 0.006201219512195122
22 0.4951633522727273 0.7320274390243903 0.0016903409090909091 0.006128048780487805
22 0.5094632711038961 0.7319161585365853 0.0018810876623376622 0.005905487804878049
22 0.47528916396103893 0.7321829268292682 0.002120535714285714 0.0052195121951219515
22 0.4811079545454546 0.7321356707317074 0.001988636363636364 0.0057347560975609755
22 0.48670657467532463 0.7323719512195122 0.0018222402597402598 0.006817073170731707
22 0.47816051136363635 0.7324283536585365 0.0017755681818181818 0.0057103658536585365
22 0.492518262987013 0.7325045731707316 0.0020819805194805196 0.006472560975609757
22 0.4723183847402597 0.7325274390243902 0.0018607954545454546 0.005908536585365854
6 0.7811231737012987 0.7328048780487805 0.01963271103896104 0.0698780487804878
2 0.5633299512987013 0.7334573170731706 0.002471590909090909 0.007158536585365854
2 0.5661130275974026 0.7337225609756098 0.0023559253246753244 0.006469512195121951
2 0.5690827922077922 0.7337942073170731 0.002207792207792208 0.006003048780487805
7 0.6665503246753247 0.7339954268292683 0.008831168831168832 0.004576219512195122
29 0.38936992694805195 0.7348902439024391 0.006824269480519481 0.008804878048780487
2 0.6770769074675325 0.7351051829268292 0.004316152597402597 0.00435670731707317
22 0.3826034902597403 0.7352332317073171 0.0034375000000000005 0.002173780487804878
2 0.6825791396103896 0.7351768292682928 0.004362824675324675 0.0038902439024390244
7 0.7256686282467532 0.7359085365853659 0.005314529220779221 0.004134146341463415
2 0.6191335227272727 0.7360274390243903 0.004500811688311688 0.0031524390243902437
22 0.6115665584415585 0.7362835365853659 0.006006493506493507 0.0030548780487804875
7 0.6551674107142857 0.7371067073170732 0.009604301948051949 0.004701219512195122
2 0.4193080357142857 0.7384496951219511 0.00947646103896104 0.011045731707317073
2 0.428276176948052 0.7387027439024391 0.0026562499999999998 0.007283536585365854
22 0.6767928165584416 0.7393719512195122 0.004153814935064935 0.00374390243902439
2 0.3824025974025974 0.7394588414634147 0.0038474025974025976 0.0033079268292682926
2 0.4365675730519481 0.7397393292682927 0.008687094155844156 0.013625
22 0.6828297483766234 0.7396890243902439 0.004052353896103896 0.003768292682926829
2 0.44996956168831165 0.7399298780487804 0.01195211038961039 0.018884146341463414
22 0.7252637987012986 0.7403536585365854 0.004910714285714286 0.0038780487804878053
2 0.4643668831168831 0.7413567073170731 0.01193181818181818 0.0186890243902439
7 0.665900974025974 0.7429542682926829 0.008749999999999999 0.006030487804878049
22 0.6582640016233766 0.7432972560975609 0.004028003246753247 0.0030579268292682924
22 0.3823112824675325 0.7437484756097561 0.003258928571428571 0.00213109756097561
22 0.6523802759740259 0.7438704268292683 0.004030032467532468 0.0029847560975609752
22 0.6829372970779221 0.7439070121951219 0.004673295454545455 0.0030579268292682924
22 0.6772605519480519 0.7441996951219512 0.0034659090909090907 0.0030335365853658533
2 0.7251775568181819 0.7447057926829269 0.005144074675324676 0.004045731707317073
14 0.38954849837662336 0.7457957317073171 0.006775568181818182 0.008664634146341464
22 0.3961992694805195 0.7467195121951219 0.0046550324675324675 0.0025853658536585367
14 0.521750202922078 0.7470015243902439 0.011032873376623377 0.020832317073170733
2 0.5353185876623378 0.747125 0.00854301948051948 0.01498170731707317
22 0.40688311688311685 0.747515243902439 0.004512987012987013 0.0029573170731707313
22 0.3827171266233766 0.7480914634146341 0.003258928571428571 0.002280487804878049
2 0.6326501623376622 0.7499862804878048 0.014894480519480521 0.023753048780487805
14 0.5507183441558442 0.7499618902439025 0.016209415584415583 0.03346036585365854
22 0.4282822646103896 0.7504954268292683 0.004291801948051948 0.002820121951219512
29 0.6832984983766234 0.7508993902439024 0.005801542207792208 0.010335365853658535
2 0.6141741071428571 0.751045731707317 0.013656655844155844 0.01977439024390244
22 0.651364650974026 0.7511890243902439 0.0036221590909090912 0.0029878048780487805
29 0.6770170454545454 0.7514969512195121 0.0058198051948051945 0.010310975609756098
22 0.4010024350649351 0.752405487804878 0.0033035714285714287 0.0017621951219512196
22 0.382692775974026 0.7522621951219512 0.0032102272727272726 0.0020853658536585367
29 0.6667045454545455 0.7523064024390244 0.006298701298701298 0.008271341463414635
29 0.6573995535714285 0.752454268292683 0.007575081168831169 0.008567073170731708
22 0.40674107142857147 0.7536265243902439 0.0034172077922077922 0.0017652439024390244
2 0.5937571022727273 0.7548140243902439 0.009754464285714286 0.016335365853658537
2 0.5668120941558441 0.7550182926829269 0.009435876623376624 0.015524390243902439
22 0.3961992694805195 0.7552012195121951 0.0034375000000000005 0.0024756097560975606
22 0.4277780032467533 0.7552393292682926 0.0040949675324675324 0.0025518292682926826
2 0.5802120535714286 0.755233231707317 0.009855925324675325 0.017783536585365852
22 0.6518354301948052 0.7551143292682927 0.0037520292207792205 0.002301829268292683
2 0.4366396103896104 0.7555289634146342 0.008425324675324676 0.014716463414634147
29 0.6452861201298701 0.7557835365853658 0.0060754870129870134 0.011567073170731707
29 0.3892349837662338 0.7558978658536585 0.0077719155844155835 0.00935670731707317
2 0.3828885957792208 0.7565716463414633 0.003601866883116883 0.0027774390243902438
14 0.4177120535714286 0.7577256097560976 0.014807224025974026 0.0185
22 0.40676542207792205 0.7581661585365853 0.0034659090909090907 0.0023079268292682926
22 0.4642704951298702 0.7583201219512195 0.0019987824675324673 0.00749390243902439
22 0.4671367694805195 0.7583201219512195 0.002455357142857143 0.00749390243902439
22 0.45274655032467537 0.7582652439024391 0.00208400974025974 0.006164634146341463
22 0.45562804383116884 0.7583323170731707 0.0021651785714285714 0.007518292682926829
22 0.46155235389610394 0.7586143292682928 0.002244318181818182 0.008082317073170732
22 0.4472280844155844 0.7586295731707317 0.00200487012987013 0.005673780487804878
2 0.44441152597402594 0.7588795731707317 0.0020535714285714285 0.007393292682926829
22 0.458671875 0.7587621951219512 0.0021651785714285714 0.008378048780487805
22 0.6769287743506494 0.7589268292682927 0.0044257305194805195 0.0032195121951219515
22 0.6517146915584415 0.7589740853658536 0.003916396103896104 0.0033140243902439023
22 0.45013189935064934 0.7591067073170732 0.0017248376623376623 0.0060182926829268285
22 0.4279474431818182 0.7593018292682927 0.0036221590909090912 0.00275
22 0.6837043425324676 0.7594405487804878 0.004178165584415585 0.0036371951219512193
22 0.4011485389610389 0.7603887195121951 0.0031899350649350652 0.0030945121951219514
2 0.38243506493506496 0.7616692073170732 0.003912337662337662 0.002606707317073171
2 0.4069064529220779 0.7630442073170731 0.004153814935064935 0.0023079268292682926
29 0.6673285308441558 0.763138719512195 0.00835836038961039 0.007984756097560976
22 0.4280204951298701 0.7631432926829269 0.003768262987012987 0.00250609756097561
22 0.6514539366883116 0.7633536585365854 0.0038007305194805194 0.0035365853658536586
29 0.6576065340909091 0.7636219512195122 0.006365665584415585 0.010170731707317074
22 0.6450121753246753 0.7642164634146342 0.004310064935064935 0.002823170731707317
22 0.44993100649350654 0.767094512195122 0.0021347402597402597 0.005530487804878049
22 0.4587043425324675 0.7672820121951219 0.0022301136363636364 0.006515243902439025
2 0.45283685064935064 0.7673795731707317 0.0022646103896103898 0.006710365853658537
22 0.44434659090909084 0.7674390243902438 0.0019237012987012988 0.006219512195121951
22 0.46143161525974025 0.7675381097560976 0.002408685064935065 0.006417682926829269
22 0.45567573051948057 0.7675868902439025 0.0018547077922077923 0.006515243902439025
22 0.4670535714285714 0.7675518292682927 0.001883116883116883 0.007054878048780488
22 0.6455813717532468 0.7676844512195122 0.004636769480519481 0.0036615853658536583
22 0.4471864853896104 0.7677073170731707 0.001921672077922078 0.006146341463414634
2 0.6006716720779222 0.7686112804878049 0.0024797077922077923 0.0067347560975609755
2 0.603575487012987 0.7686753048780488 0.0021996753246753247 0.007472560975609757
22 0.743400974025974 0.7689024390243903 0.0018181818181818184 0.006097560975609756
2 0.6516487418831168 0.7688399390243903 0.0037844967532467528 0.002923780487804878
2 0.7461201298701299 0.7689039634146342 0.0019805194805194806 0.006710365853658537
2 0.7299492694805195 0.769359756097561 0.002512175324675325 0.00701219512195122
22 0.7515168425324675 0.7694878048780488 0.0018161525974025974 0.006048780487804878
22 0.7487987012987013 0.7695701219512195 0.0020616883116883118 0.005603658536585366
22 0.7273376623376624 0.7695975609756098 0.0017532467532467534 0.0056585365853658535
22 0.7331412337662337 0.7698567073170732 0.001590909090909091 0.006176829268292683
22 0.7245292207792208 0.7701356707317073 0.0018181818181818184 0.006125
29 0.7569521103896104 0.7711143292682927 0.005787337662337662 0.010521341463414633
7 0.7043242694805194 0.7711341463414635 0.002804383116883117 0.006292682926829269
22 0.7070586444805195 0.771297256097561 0.0017796266233766232 0.006618902439024391
29 0.7381503652597403 0.7714588414634147 0.006333198051948052 0.011210365853658538
2 0.6927069805194805 0.7715060975609755 0.002297077922077922 0.007036585365853658
22 0.698257913961039 0.7715548780487804 0.0016294642857142855 0.007134146341463414
2 0.7100811688311689 0.7716417682926829 0.002142857142857143 0.007307926829268292
7 0.7211221590909092 0.7715228658536585 0.0031209415584415585 0.008289634146341464
7 0.7127140827922078 0.7716463414634146 0.0025385551948051946 0.006097560975609756
22 0.6898478084415585 0.7715868902439024 0.0018547077922077923 0.005978658536585366
2 0.701195211038961 0.771922256097561 0.002228084415584416 0.007259146341463414
7 0.6956990665584416 0.7718079268292684 0.0034111201298701295 0.007030487804878048
22 0.7152242288961039 0.7718185975609756 0.001471185064935065 0.005832317073170732
2 0.718309659090909 0.771984756097561 0.0019602272727272728 0.00799390243902439
2 0.6791751217532467 0.7718551829268292 0.010135957792207793 0.019320121951219512
22 0.6515432224025973 0.772342987804878 0.003573457792207792 0.0032225609756097564
22 0.4337256493506494 0.7735594512195122 0.00137987012987013 0.005045731707317073
2 0.6141416396103896 0.7735411585365854 0.01359172077922078 0.020253048780487806
22 0.4375740665584415 0.7738536585365853 0.0017715097402597403 0.0056341463414634144
7 0.6598812905844156 0.7737149390243901 0.009291801948051948 0.004746951219512195
22 0.6672159090909091 0.7747256097560975 0.004074675324675325 0.004329268292682926
2 0.6328287337662337 0.7754618902439024 0.010381493506493505 0.01860670731707317
22 0.6519987824675325 0.776329268292683 0.004078733766233767 0.002658536585365854
2 0.7253703327922078 0.7765655487804879 0.004312094155844156 0.0031310975609756095
2 0.7487905844155844 0.7770076219512195 0.0020454545454545456 0.007673780487804879
29 0.6454241071428571 0.7771753048780489 0.005945616883116883 0.010448170731707318
22 0.752086038961039 0.7774649390243903 0.002142857142857143 0.006149390243902439
22 0.7311881087662337 0.7774939024390244 0.0037723214285714287 0.0031585365853658534
2 0.6004281655844156 0.7775899390243902 0.002398538961038961 0.007009146341463414
22 0.7434669237012986 0.7776844512195121 0.0019500811688311687 0.005978658536585366
2 0.6035511363636364 0.7781158536585365 0.002150974025974026 0.0074512195121951225
22 0.7383289366883117 0.778297256097561 0.004255275974025974 0.0035457317073170733
22 0.6514620535714286 0.780467987804878 0.0038169642857142855 0.00361890243902439
6 0.5568739853896104 0.7847378048780488 0.04759537337662338 0.023134146341463414
6 0.4768983360389611 0.7851219512195121 0.05769277597402597 0.02451219512195122
6 0.6955255681818182 0.2956768292682927 0.07286931818181819 0.029768292682926828