6 0.36778846153846156 0.33653846153846156 0.014423076923076924 0.03365384615384615
6 0.3762019230769231 0.26322115384615385 0.016826923076923076 0.036057692307692304
6 0.3557692307692308 0.4543269230769231 0.014423076923076924 0.03365384615384615
6 0.38341346153846156 0.18629807692307693 0.016826923076923076 0.036057692307692304
6 0.3401442307692308 0.6069711538461539 0.016826923076923076 0.036057692307692304
6 0.3473557692307692 0.5300480769230769 0.016826923076923076 0.036057692307692304
15 0.390625 0.32572115384615385 0.036057692307692304 0.026442307692307692
3 0.39663461538461536 0.2800480769230769 0.02403846153846154 0.021634615384615384
3 0.39663461538461536 0.2668269230769231 0.009615384615384616 0.004807692307692308
3 0.37740384615384615 0.46875 0.009615384615384616 0.004807692307692308
3 0.37740384615384615 0.46153846153846156 0.009615384615384616 0.004807692307692308
26 0.3870192307692308 0.37259615384615385 0.009615384615384616 0.004807692307692308
15 0.3713942307692308 0.5528846153846154 0.040865384615384616 0.028846153846153848
26 0.40865384615384615 0.1875 0.009615384615384616 0.004807692307692308
26 0.3701923076923077 0.5685096153846154 0.009615384615384616 0.007211538461538462
15 0.39302884615384615 0.35697115384615385 0.036057692307692304 0.026442307692307692
26 0.3701923076923077 0.609375 0.009615384615384616 0.007211538461538462
3 0.3858173076923077 0.47475961538461536 0.040865384615384616 0.026442307692307692
14 0.41225961538461536 0.2704326923076923 0.016826923076923076 0.016826923076923076
15 0.38341346153846156 0.5240384615384616 0.04567307692307692 0.03365384615384615
14 0.3918269230769231 0.46274038461538464 0.014423076923076924 0.01201923076923077
23 0.4254807692307692 0.28125 0.009615384615384616 0.004807692307692308
14 0.4050480769230769 0.5036057692307693 0.055288461538461536 0.040865384615384616
23 0.4110576923076923 0.4735576923076923 0.009615384615384616 0.004807692307692308
3 0.43028846153846156 0.3870192307692308 0.057692307692307696 0.019230769230769232
3 0.4110576923076923 0.5709134615384616 0.07211538461538461 0.04567307692307692
7 0.4362980769230769 0.35697115384615385 0.01201923076923077 0.01201923076923077
7 0.4387019230769231 0.3329326923076923 0.01201923076923077 0.01201923076923077
7 0.4182692307692308 0.5288461538461539 0.009615384615384616 0.009615384615384616
7 0.43028846153846156 0.5252403846153846 0.004807692307692308 0.007211538461538462
7 0.46875 0.20072115384615385 0.019230769230769232 0.007211538461538462
7 0.4423076923076923 0.515625 0.009615384615384616 0.01201923076923077
23 0.4543269230769231 0.4963942307692308 0.004807692307692308 0.007211538461538462
23 0.49759615384615385 0.21033653846153846 0.03365384615384615 0.01201923076923077
23 0.46634615384615385 0.4963942307692308 0.004807692307692308 0.007211538461538462
26 0.4795673076923077 0.39663461538461536 0.007211538461538462 0.004807692307692308
14 0.5 0.24158653846153846 0.014423076923076924 0.01201923076923077
26 0.4651442307692308 0.5997596153846154 0.01201923076923077 0.007211538461538462
15 0.484375 0.4543269230769231 0.036057692307692304 0.02403846153846154
15 0.5072115384615384 0.265625 0.03365384615384615 0.026442307692307692
7 0.5132211538461539 0.24879807692307693 0.01201923076923077 0.01201923076923077
23 0.5240384615384616 0.23076923076923078 0.057692307692307696 0.014423076923076924
6 0.5192307692307693 0.40625 0.03365384615384615 0.02403846153846154
3 0.5348557692307693 0.2536057692307692 0.021634615384615384 0.01201923076923077
26 0.49759615384615385 0.5985576923076923 0.009615384615384616 0.004807692307692308
23 0.5408653846153846 0.26322115384615385 0.004807692307692308 0.007211538461538462
26 0.5384615384615384 0.27163461538461536 0.009615384615384616 0.004807692307692308
23 0.5528846153846154 0.19831730769230768 0.004807692307692308 0.007211538461538462
26 0.5552884615384616 0.18389423076923078 0.009615384615384616 0.007211538461538462
3 0.5132211538461539 0.5877403846153846 0.021634615384615384 0.021634615384615384
7 0.5444711538461539 0.3233173076923077 0.01201923076923077 0.01201923076923077
3 0.5420673076923077 0.36658653846153844 0.021634615384615384 0.016826923076923076
3 0.5396634615384616 0.3858173076923077 0.021634615384615384 0.016826923076923076
26 0.5216346153846154 0.5745192307692307 0.009615384615384616 0.004807692307692308
23 0.5576923076923077 0.22956730769230768 0.004807692307692308 0.007211538461538462
3 0.5444711538461539 0.34375 0.03125 0.02403846153846154
23 0.5625 0.20673076923076922 0.014423076923076924 0.028846153846153848
14 0.5588942307692307 0.25841346153846156 0.03125 0.021634615384615384
23 0.5552884615384616 0.32211538461538464 0.014423076923076924 0.02403846153846154
3 0.5288461538461539 0.5637019230769231 0.019230769230769232 0.01201923076923077
3 0.5324519230769231 0.5252403846153846 0.03125 0.021634615384615384
3 0.5336538461538461 0.546875 0.02403846153846154 0.01201923076923077
7 0.5612980769230769 0.30408653846153844 0.016826923076923076 0.01201923076923077
6 0.5625 0.2920673076923077 0.038461538461538464 0.016826923076923076
26 0.5336538461538461 0.5961538461538461 0.009615384615384616 0.004807692307692308
29 0.5757211538461539 0.22235576923076922 0.016826923076923076 0.01201923076923077
26 0.5576923076923077 0.37740384615384615 0.009615384615384616 0.004807692307692308
7 0.5649038461538461 0.32211538461538464 0.004807692307692308 0.009615384615384616
7 0.5661057692307693 0.3401442307692308 0.01201923076923077 0.01201923076923077
23 0.5480769230769231 0.5324519230769231 0.004807692307692308 0.007211538461538462
23 0.5805288461538461 0.23197115384615385 0.01201923076923077 0.007211538461538462
23 0.5769230769230769 0.26322115384615385 0.004807692307692308 0.007211538461538462
23 0.5721153846153846 0.33052884615384615 0.004807692307692308 0.007211538461538462
23 0.5745192307692307 0.33774038461538464 0.004807692307692308 0.007211538461538462
23 0.5889423076923077 0.23677884615384615 0.038461538461538464 0.01201923076923077
23 0.5600961538461539 0.5288461538461539 0.009615384615384616 0.004807692307692308
23 0.5889423076923077 0.24759615384615385 0.04326923076923077 0.014423076923076924
14 0.5600961538461539 0.5612980769230769 0.014423076923076924 0.01201923076923077
14 0.5612980769230769 0.5432692307692307 0.021634615384615384 0.02403846153846154
14 0.5600961538461539 0.5853365384615384 0.014423076923076924 0.01201923076923077
15 0.5949519230769231 0.26322115384615385 0.03125 0.026442307692307692
7 0.5949519230769231 0.31850961538461536 0.026442307692307692 0.016826923076923076
14 0.5973557692307693 0.3329326923076923 0.036057692307692304 0.016826923076923076
3 0.578125 0.5420673076923077 0.03125 0.021634615384615384
3 0.6141826923076923 0.20552884615384615 0.040865384615384616 0.036057692307692304
3 0.5745192307692307 0.6225961538461539 0.028846153846153848 0.019230769230769232
15 0.5721153846153846 0.640625 0.03365384615384615 0.021634615384615384
3 0.5793269230769231 0.59375 0.014423076923076924 0.014423076923076924
3 0.5853365384615384 0.5661057692307693 0.016826923076923076 0.01201923076923077
26 0.6009615384615384 0.4831730769230769 0.009615384615384616 0.004807692307692308
7 0.6310096153846154 0.22716346153846154 0.01201923076923077 0.01201923076923077
23 0.5985576923076923 0.5528846153846154 0.004807692307692308 0.004807692307692308
23 0.6009615384615384 0.5252403846153846 0.004807692307692308 0.007211538461538462
3 0.6045673076923077 0.5108173076923077 0.036057692307692304 0.016826923076923076
3 0.5961538461538461 0.5949519230769231 0.004807692307692308 0.007211538461538462
23 0.5961538461538461 0.6045673076923077 0.004807692307692308 0.007211538461538462
3 0.6033653846153846 0.5396634615384616 0.004807692307692308 0.007211538461538462
3 0.6009615384615384 0.5661057692307693 0.004807692307692308 0.007211538461538462
23 0.5985576923076923 0.578125 0.004807692307692308 0.007211538461538462
23 0.6105769230769231 0.4987980769230769 0.004807692307692308 0.007211538461538462
14 0.6165865384615384 0.4362980769230769 0.03125 0.016826923076923076
7 0.6045673076923077 0.5504807692307693 0.007211538461538462 0.009615384615384616
6 0.5973557692307693 0.6262019230769231 0.021634615384615384 0.021634615384615384
26 0.6141826923076923 0.4855769230769231 0.007211538461538462 0.004807692307692308
23 0.6201923076923077 0.4987980769230769 0.004807692307692308 0.007211538461538462
3 0.6310096153846154 0.41466346153846156 0.026442307692307692 0.016826923076923076
14 0.6346153846153846 0.390625 0.014423076923076924 0.01201923076923077
3 0.6298076923076923 0.4266826923076923 0.004807692307692308 0.007211538461538462
3 0.6370192307692307 0.36538461538461536 0.04807692307692308 0.038461538461538464
23 0.6514423076923077 0.24158653846153846 0.03365384615384615 0.01201923076923077
26 0.6454326923076923 0.31490384615384615 0.007211538461538462 0.004807692307692308
26 0.6274038461538461 0.4879807692307692 0.009615384615384616 0.004807692307692308
23 0.6370192307692307 0.40384615384615385 0.009615384615384616 0.004807692307692308
23 0.6370192307692307 0.39903846153846156 0.009615384615384616 0.004807692307692308
15 0.6442307692307693 0.3425480769230769 0.02403846153846154 0.016826923076923076
14 0.6213942307692307 0.5709134615384616 0.03125 0.021634615384615384
14 0.6262019230769231 0.5180288461538461 0.03125 0.021634615384615384
29 0.6514423076923077 0.2800480769230769 0.019230769230769232 0.007211538461538462
29 0.6538461538461539 0.26802884615384615 0.014423076923076924 0.007211538461538462
14 0.6189903846153846 0.5973557692307693 0.03125 0.021634615384615384
14 0.6237980769230769 0.5444711538461539 0.03125 0.021634615384615384
23 0.6298076923076923 0.5012019230769231 0.004807692307692308 0.007211538461538462
3 0.6526442307692307 0.28966346153846156 0.026442307692307692 0.021634615384615384
23 0.6574519230769231 0.234375 0.03125 0.01201923076923077
6 0.6165865384615384 0.6298076923076923 0.021634615384615384 0.019230769230769232
23 0.6394230769230769 0.42908653846153844 0.004807692307692308 0.007211538461538462
3 0.6370192307692307 0.44350961538461536 0.004807692307692308 0.007211538461538462
3 0.6442307692307693 0.38461538461538464 0.009615384615384616 0.004807692307692308
3 0.6382211538461539 0.4579326923076923 0.036057692307692304 0.026442307692307692
3 0.6514423076923077 0.39302884615384615 0.004807692307692308 0.007211538461538462
23 0.6394230769230769 0.5012019230769231 0.004807692307692308 0.007211538461538462
26 0.6418269230769231 0.4879807692307692 0.009615384615384616 0.004807692307692308
23 0.6490384615384616 0.4026442307692308 0.004807692307692308 0.007211538461538462
29 0.6670673076923077 0.25600961538461536 0.03125 0.016826923076923076
23 0.6658653846153846 0.27283653846153844 0.004807692307692308 0.007211538461538462
23 0.6658653846153846 0.2824519230769231 0.004807692307692308 0.007211538461538462
26 0.6634615384615384 0.31490384615384615 0.009615384615384616 0.004807692307692308
23 0.6514423076923077 0.4170673076923077 0.004807692307692308 0.007211538461538462
23 0.6538461538461539 0.4098557692307692 0.004807692307692308 0.007211538461538462
3 0.6514423076923077 0.4338942307692308 0.02403846153846154 0.016826923076923076
23 0.6610576923076923 0.3786057692307692 0.004807692307692308 0.007211538461538462
23 0.6610576923076923 0.38822115384615385 0.004807692307692308 0.007211538461538462
23 0.6634615384615384 0.3701923076923077 0.004807692307692308 0.009615384615384616
7 0.6658653846153846 0.359375 0.009615384615384616 0.007211538461538462
7 0.6658653846153846 0.34975961538461536 0.009615384615384616 0.007211538461538462
14 0.6622596153846154 0.41466346153846156 0.016826923076923076 0.021634615384615384
23 0.6682692307692307 0.3713942307692308 0.004807692307692308 0.007211538461538462
23 0.6754807692307693 0.3016826923076923 0.004807692307692308 0.007211538461538462
23 0.6682692307692307 0.38822115384615385 0.004807692307692308 0.007211538461538462
23 0.6682692307692307 0.3786057692307692 0.004807692307692308 0.007211538461538462
26 0.6730769230769231 0.3317307692307692 0.009615384615384616 0.004807692307692308
23 0.6418269230769231 0.6286057692307693 0.004807692307692308 0.007211538461538462
13 0.6442307692307693 0.6201923076923077 0.009615384615384616 0.009615384615384616
23 0.6442307692307693 0.6117788461538461 0.004807692307692308 0.007211538461538462
23 0.6826923076923077 0.26322115384615385 0.004807692307692308 0.007211538461538462
26 0.6790865384615384 0.3173076923076923 0.007211538461538462 0.004807692307692308
23 0.6802884615384616 0.29447115384615385 0.004807692307692308 0.007211538461538462
3 0.6850961538461539 0.28125 0.009615384615384616 0.004807692307692308
3 0.6850961538461539 0.27884615384615385 0.009615384615384616 0.004807692307692308
26 0.6634615384615384 0.5048076923076923 0.009615384615384616 0.004807692307692308
7 0.6790865384615384 0.36177884615384615 0.016826923076923076 0.01201923076923077
7 0.6826923076923077 0.35096153846153844 0.009615384615384616 0.009615384615384616
29 0.6923076923076923 0.2536057692307692 0.019230769230769232 0.01201923076923077
3 0.6935096153846154 0.23798076923076922 0.03125 0.02403846153846154
23 0.65625 0.6117788461538461 0.004807692307692308 0.007211538461538462
23 0.6538461538461539 0.6286057692307693 0.004807692307692308 0.007211538461538462
13 0.6538461538461539 0.6201923076923077 0.009615384615384616 0.009615384615384616
23 0.6923076923076923 0.2644230769230769 0.004807692307692308 0.009615384615384616
26 0.6875 0.33413461538461536 0.009615384615384616 0.004807692307692308
23 0.6826923076923077 0.36778846153846156 0.009615384615384616 0.004807692307692308
6 0.6538461538461539 0.6490384615384616 0.052884615384615384 0.014423076923076924
7 0.6730769230769231 0.45913461538461536 0.038461538461538464 0.014423076923076924
7 0.6730769230769231 0.46634615384615385 0.038461538461538464 0.014423076923076924
26 0.6610576923076923 0.5913461538461539 0.009615384615384616 0.004807692307692308
7 0.6814903846153846 0.4026442307692308 0.01201923076923077 0.01201923076923077
23 0.6658653846153846 0.5721153846153846 0.009615384615384616 0.004807692307692308
3 0.6862980769230769 0.38461538461538464 0.021634615384615384 0.019230769230769232
26 0.6947115384615384 0.31971153846153844 0.009615384615384616 0.004807692307692308
23 0.6887019230769231 0.37740384615384615 0.01201923076923077 0.004807692307692308
23 0.6706730769230769 0.5637019230769231 0.004807692307692308 0.007211538461538462
23 0.6634615384615384 0.6310096153846154 0.004807692307692308 0.007211538461538462
23 0.6658653846153846 0.6141826923076923 0.004807692307692308 0.007211538461538462
13 0.6634615384615384 0.6225961538461539 0.009615384615384616 0.009615384615384616
3 0.6706730769230769 0.5829326923076923 0.004807692307692308 0.007211538461538462
23 0.7043269230769231 0.265625 0.004807692307692308 0.007211538461538462
23 0.703125 0.2800480769230769 0.01201923076923077 0.007211538461538462
23 0.7019230769230769 0.28125 0.009615384615384616 0.004807692307692308
28 0.6862980769230769 0.4266826923076923 0.040865384615384616 0.03125
7 0.6935096153846154 0.4050480769230769 0.01201923076923077 0.01201923076923077
3 0.6826923076923077 0.5024038461538461 0.009615384615384616 0.004807692307692308
14 0.6983173076923077 0.3605769230769231 0.01201923076923077 0.019230769230769232
3 0.7007211538461539 0.3473557692307692 0.01201923076923077 0.007211538461538462
15 0.7067307692307693 0.2980769230769231 0.009615384615384616 0.009615384615384616
23 0.6802884615384616 0.5661057692307693 0.004807692307692308 0.007211538461538462
23 0.6730769230769231 0.6310096153846154 0.004807692307692308 0.007211538461538462
23 0.6754807692307693 0.6141826923076923 0.004807692307692308 0.007211538461538462
13 0.6754807692307693 0.6225961538461539 0.009615384615384616 0.009615384615384616
15 0.7067307692307693 0.32211538461538464 0.009615384615384616 0.009615384615384616
23 0.7043269230769231 0.38100961538461536 0.004807692307692308 0.007211538461538462
23 0.7163461538461539 0.2824519230769231 0.009615384615384616 0.002403846153846154
23 0.7043269230769231 0.40625 0.009615384615384616 0.004807692307692308
3 0.7043269230769231 0.4014423076923077 0.009615384615384616 0.004807692307692308
23 0.71875 0.2848557692307692 0.03365384615384615 0.007211538461538462
13 0.6850961538461539 0.625 0.009615384615384616 0.009615384615384616
23 0.6850961538461539 0.6165865384615384 0.004807692307692308 0.007211538461538462
23 0.6899038461538461 0.5661057692307693 0.004807692307692308 0.007211538461538462
7 0.7139423076923077 0.35697115384615385 0.009615384615384616 0.007211538461538462
23 0.7115384615384616 0.3641826923076923 0.004807692307692308 0.007211538461538462
23 0.6826923076923077 0.6334134615384616 0.004807692307692308 0.007211538461538462
23 0.6947115384615384 0.5348557692307693 0.004807692307692308 0.007211538461538462
14 0.6983173076923077 0.5144230769230769 0.040865384615384616 0.02403846153846154
6 0.6959134615384616 0.5480769230769231 0.06490384615384616 0.019230769230769232
3 0.7295673076923077 0.24639423076923078 0.03125 0.016826923076923076
23 0.7283653846153846 0.28125 0.009615384615384616 0.004807692307692308
14 0.6983173076923077 0.5889423076923077 0.040865384615384616 0.02403846153846154
13 0.6947115384615384 0.625 0.009615384615384616 0.009615384615384616
23 0.6947115384615384 0.6165865384615384 0.004807692307692308 0.007211538461538462
23 0.6923076923076923 0.6334134615384616 0.004807692307692308 0.007211538461538462
23 0.7043269230769231 0.5348557692307693 0.004807692307692308 0.007211538461538462
3 0.734375 0.26322115384615385 0.03125 0.021634615384615384
3 0.7271634615384616 0.3317307692307692 0.03125 0.028846153846153848
6 0.7319711538461539 0.31009615384615385 0.04567307692307692 0.019230769230769232
6 0.7331730769230769 0.296875 0.04326923076923077 0.016826923076923076
23 0.7091346153846154 0.5685096153846154 0.004807692307692308 0.007211538461538462
3 0.7175480769230769 0.49399038461538464 0.026442307692307692 0.026442307692307692
13 0.703125 0.625 0.007211538461538462 0.009615384615384616
23 0.7043269230769231 0.6177884615384616 0.004807692307692308 0.004807692307692308
23 0.7043269230769231 0.6334134615384616 0.004807692307692308 0.007211538461538462
3 0.7427884615384616 0.2860576923076923 0.009615384615384616 0.004807692307692308
7 0.7451923076923077 0.28125 0.004807692307692308 0.004807692307692308
26 0.7427884615384616 0.35096153846153844 0.009615384615384616 0.004807692307692308
23 0.7139423076923077 0.6358173076923077 0.004807692307692308 0.007211538461538462
23 0.7163461538461539 0.6177884615384616 0.004807692307692308 0.004807692307692308
23 0.71875 0.5769230769230769 0.009615384615384616 0.004807692307692308
26 0.7283653846153846 0.5060096153846154 0.009615384615384616 0.007211538461538462
13 0.7139423076923077 0.6274038461538461 0.009615384615384616 0.009615384615384616