3 0.3161057692307692 0.5504807692307693 0.021634615384615384 0.014423076923076924
23 0.3088942307692308 0.48197115384615385 0.007211538461538462 0.002403846153846154
3 0.3233173076923077 0.5997596153846154 0.026442307692307692 0.016826923076923076
3 0.32572115384615385 0.6129807692307693 0.021634615384615384 0.014423076923076924
3 0.31009615384615385 0.4951923076923077 0.004807692307692308 0.004807692307692308
3 0.3269230769230769 0.6286057692307693 0.019230769230769232 0.01201923076923077
3 0.31971153846153844 0.5625 0.004807692307692308 0.004807692307692308
3 0.31971153846153844 0.5372596153846154 0.02403846153846154 0.016826923076923076
23 0.3137019230769231 0.47475961538461536 0.007211538461538462 0.002403846153846154
3 0.3137019230769231 0.47716346153846156 0.007211538461538462 0.002403846153846154
3 0.32091346153846156 0.5276442307692307 0.007211538461538462 0.002403846153846154
3 0.3245192307692308 0.5625 0.004807692307692308 0.004807692307692308
15 0.3293269230769231 0.578125 0.038461538461538464 0.026442307692307692
3 0.31971153846153844 0.48197115384615385 0.014423076923076924 0.007211538461538462
3 0.33413461538461536 0.6129807692307693 0.004807692307692308 0.004807692307692308
3 0.3389423076923077 0.625 0.004807692307692308 0.004807692307692308
23 0.3269230769230769 0.5456730769230769 0.004807692307692308 0.004807692307692308
3 0.32211538461538464 0.49158653846153844 0.014423076923076924 0.01201923076923077
3 0.3317307692307692 0.5432692307692307 0.004807692307692308 0.004807692307692308
3 0.34375 0.625 0.004807692307692308 0.004807692307692308
3 0.3269230769230769 0.4675480769230769 0.014423076923076924 0.01201923076923077
23 0.33653846153846156 0.5372596153846154 0.004807692307692308 0.002403846153846154
3 0.3473557692307692 0.6225961538461539 0.002403846153846154 0.004807692307692308
3 0.33774038461538464 0.5552884615384616 0.021634615384615384 0.014423076923076924
7 0.3389423076923077 0.53125 0.009615384615384616 0.009615384615384616
3 0.3329326923076923 0.47475961538461536 0.007211538461538462 0.002403846153846154
3 0.34134615384615385 0.5084134615384616 0.009615384615384616 0.002403846153846154
23 0.34375 0.5360576923076923 0.004807692307692308 0.004807692307692308
3 0.35336538461538464 0.6105769230769231 0.004807692307692308 0.004807692307692308
3 0.33774038461538464 0.48197115384615385 0.016826923076923076 0.01201923076923077
3 0.3557692307692308 0.6225961538461539 0.004807692307692308 0.004807692307692308
3 0.3557692307692308 0.5817307692307693 0.004807692307692308 0.004807692307692308
13 0.3545673076923077 0.5649038461538461 0.007211538461538462 0.009615384615384616
3 0.3581730769230769 0.5961538461538461 0.004807692307692308 0.004807692307692308
3 0.3485576923076923 0.5036057692307693 0.004807692307692308 0.002403846153846154
3 0.3641826923076923 0.6105769230769231 0.016826923076923076 0.014423076923076924
3 0.36538461538461536 0.6189903846153846 0.014423076923076924 0.01201923076923077
13 0.3629807692307692 0.5625 0.004807692307692308 0.009615384615384616
3 0.35216346153846156 0.4723557692307692 0.007211538461538462 0.002403846153846154
3 0.35216346153846156 0.4639423076923077 0.021634615384615384 0.014423076923076924
3 0.36538461538461536 0.5793269230769231 0.019230769230769232 0.014423076923076924
3 0.38221153846153844 0.7091346153846154 0.004807692307692308 0.004807692307692308
3 0.3701923076923077 0.5961538461538461 0.019230769230769232 0.014423076923076924
23 0.3629807692307692 0.5336538461538461 0.004807692307692308 0.004807692307692308
23 0.3629807692307692 0.5192307692307693 0.004807692307692308 0.004807692307692308
3 0.3870192307692308 0.7091346153846154 0.004807692307692308 0.004807692307692308
3 0.3629807692307692 0.4795673076923077 0.014423076923076924 0.01201923076923077
3 0.3786057692307692 0.5649038461538461 0.01201923076923077 0.009615384615384616
3 0.36658653846153844 0.4699519230769231 0.007211538461538462 0.002403846153846154
3 0.38221153846153844 0.5877403846153846 0.009615384615384616 0.002403846153846154
15 0.39903846153846156 0.7151442307692307 0.009615384615384616 0.007211538461538462
15 0.3942307692307692 0.59375 0.009615384615384616 0.004807692307692308
15 0.40865384615384615 0.7139423076923077 0.009615384615384616 0.009615384615384616
3 0.4098557692307692 0.7019230769230769 0.016826923076923076 0.014423076923076924
3 0.39783653846153844 0.5805288461538461 0.026442307692307692 0.016826923076923076
14 0.39663461538461536 0.5637019230769231 0.019230769230769232 0.01201923076923077
15 0.4170673076923077 0.7127403846153846 0.007211538461538462 0.007211538461538462
6 0.39302884615384615 0.4567307692307692 0.055288461538461536 0.014423076923076924
23 0.40625 0.5516826923076923 0.004807692307692308 0.002403846153846154
7 0.42788461538461536 0.7127403846153846 0.009615384615384616 0.007211538461538462
15 0.43028846153846156 0.6911057692307693 0.02403846153846154 0.016826923076923076
3 0.421875 0.5877403846153846 0.007211538461538462 0.002403846153846154
7 0.43990384615384615 0.7091346153846154 0.009615384615384616 0.004807692307692308
3 0.4266826923076923 0.5793269230769231 0.016826923076923076 0.014423076923076924
3 0.44471153846153844 0.7019230769230769 0.004807692307692308 0.004807692307692308
23 0.4254807692307692 0.5480769230769231 0.004807692307692308 0.004807692307692308
23 0.43028846153846156 0.5709134615384616 0.009615384615384616 0.002403846153846154
3 0.43990384615384615 0.5817307692307693 0.004807692307692308 0.004807692307692308
3 0.4543269230769231 0.6935096153846154 0.019230769230769232 0.016826923076923076
3 0.45552884615384615 0.6814903846153846 0.01201923076923077 0.01201923076923077
3 0.45913461538461536 0.7055288461538461 0.014423076923076924 0.01201923076923077
23 0.4375 0.5456730769230769 0.004807692307692308 0.004807692307692308
3 0.44471153846153844 0.5793269230769231 0.004807692307692308 0.004807692307692308
14 0.44350961538461536 0.5120192307692307 0.0985576923076923 0.0673076923076923
14 0.4362980769230769 0.453125 0.026442307692307692 0.01201923076923077
3 0.4495192307692308 0.5588942307692307 0.014423076923076924 0.007211538461538462
3 0.4495192307692308 0.5637019230769231 0.014423076923076924 0.007211538461538462
3 0.4519230769230769 0.5709134615384616 0.014423076923076924 0.007211538461538462
23 0.46153846153846156 0.5733173076923077 0.004807692307692308 0.002403846153846154
23 0.4495192307692308 0.47596153846153844 0.004807692307692308 0.004807692307692308
23 0.46153846153846156 0.5757211538461539 0.004807692307692308 0.002403846153846154
3 0.4543269230769231 0.47596153846153844 0.004807692307692308 0.004807692307692308
23 0.45913461538461536 0.47596153846153844 0.004807692307692308 0.004807692307692308
3 0.46875 0.5540865384615384 0.014423076923076924 0.007211538461538462
3 0.4699519230769231 0.5612980769230769 0.01201923076923077 0.007211538461538462
3 0.47115384615384615 0.5661057692307693 0.014423076923076924 0.007211538461538462
23 0.4639423076923077 0.4735576923076923 0.004807692307692308 0.004807692307692308
23 0.46634615384615385 0.4735576923076923 0.004807692307692308 0.004807692307692308
23 0.4795673076923077 0.5733173076923077 0.007211538461538462 0.002403846153846154
23 0.47115384615384615 0.4735576923076923 0.004807692307692308 0.004807692307692308
23 0.47716346153846156 0.46033653846153844 0.007211538461538462 0.002403846153846154
23 0.47596153846153844 0.4579326923076923 0.004807692307692308 0.002403846153846154
23 0.47716346153846156 0.4651442307692308 0.007211538461538462 0.002403846153846154
3 0.4951923076923077 0.5132211538461539 0.009615384615384616 0.002403846153846154
3 0.4963942307692308 0.5168269230769231 0.007211538461538462 0.004807692307692308
3 0.4987980769230769 0.5396634615384616 0.016826923076923076 0.01201923076923077
3 0.4963942307692308 0.5216346153846154 0.007211538461538462 0.004807692307692308
3 0.49759615384615385 0.5180288461538461 0.009615384615384616 0.002403846153846154
23 0.4963942307692308 0.5012019230769231 0.007211538461538462 0.002403846153846154
23 0.4963942307692308 0.49399038461538464 0.007211538461538462 0.002403846153846154
23 0.4963942307692308 0.4891826923076923 0.007211538461538462 0.002403846153846154
23 0.49759615384615385 0.5036057692307693 0.004807692307692308 0.002403846153846154
23 0.4963942307692308 0.4987980769230769 0.007211538461538462 0.002403846153846154
23 0.4963942307692308 0.4963942307692308 0.007211538461538462 0.002403846153846154
23 0.5 0.5060096153846154 0.004807692307692308 0.002403846153846154
3 0.5012019230769231 0.47716346153846156 0.007211538461538462 0.002403846153846154
23 0.5024038461538461 0.4795673076923077 0.004807692307692308 0.002403846153846154
23 0.5024038461538461 0.484375 0.004807692307692308 0.002403846153846154
3 0.5036057692307693 0.48677884615384615 0.007211538461538462 0.002403846153846154
23 0.5096153846153846 0.5240384615384616 0.004807692307692308 0.004807692307692308
23 0.5120192307692307 0.5288461538461539 0.004807692307692308 0.004807692307692308
23 0.5144230769230769 0.5288461538461539 0.004807692307692308 0.004807692307692308
23 0.5144230769230769 0.5240384615384616 0.004807692307692308 0.004807692307692308
3 0.5048076923076923 0.4362980769230769 0.014423076923076924 0.007211538461538462
3 0.5072115384615384 0.44350961538461536 0.014423076923076924 0.007211538461538462
3 0.5204326923076923 0.5516826923076923 0.021634615384615384 0.016826923076923076
3 0.5072115384615384 0.45072115384615385 0.014423076923076924 0.007211538461538462
3 0.5216346153846154 0.5649038461538461 0.019230769230769232 0.014423076923076924
14 0.5192307692307693 0.5372596153846154 0.014423076923076924 0.01201923076923077
3 0.5084134615384616 0.4579326923076923 0.01201923076923077 0.007211538461538462
3 0.5084134615384616 0.4651442307692308 0.01201923076923077 0.007211538461538462
15 0.5120192307692307 0.47716346153846156 0.014423076923076924 0.007211538461538462
15 0.5120192307692307 0.4831730769230769 0.009615384615384616 0.004807692307692308
3 0.5120192307692307 0.4723557692307692 0.014423076923076924 0.007211538461538462
3 0.5264423076923077 0.5793269230769231 0.004807692307692308 0.004807692307692308
23 0.5264423076923077 0.5733173076923077 0.004807692307692308 0.002403846153846154
3 0.5228365384615384 0.5204326923076923 0.007211538461538462 0.002403846153846154
3 0.5240384615384616 0.5276442307692307 0.004807692307692308 0.002403846153846154
3 0.53125 0.5769230769230769 0.004807692307692308 0.004807692307692308
14 0.5348557692307693 0.5889423076923077 0.021634615384615384 0.019230769230769232
23 0.5348557692307693 0.5769230769230769 0.002403846153846154 0.004807692307692308
23 0.5360576923076923 0.5540865384615384 0.004807692307692308 0.002403846153846154
7 0.5324519230769231 0.5216346153846154 0.007211538461538462 0.004807692307692308
23 0.5396634615384616 0.5661057692307693 0.007211538461538462 0.002403846153846154
7 0.5432692307692307 0.5973557692307693 0.014423076923076924 0.007211538461538462
7 0.5480769230769231 0.640625 0.014423076923076924 0.007211538461538462
7 0.5432692307692307 0.6045673076923077 0.014423076923076924 0.007211538461538462
3 0.5408653846153846 0.5769230769230769 0.004807692307692308 0.004807692307692308
7 0.5504807692307693 0.6478365384615384 0.014423076923076924 0.007211538461538462
23 0.5516826923076923 0.6430288461538461 0.007211538461538462 0.002403846153846154
23 0.5540865384615384 0.6454326923076923 0.007211538461538462 0.002403846153846154
6 0.5432692307692307 0.4543269230769231 0.038461538461538464 0.052884615384615384
6 0.5540865384615384 0.5228365384615384 0.040865384615384616 0.06971153846153846
6 0.5637019230769231 0.5769230769230769 0.040865384615384616 0.028846153846153848
6 0.5709134615384616 0.6189903846153846 0.04567307692307692 0.06009615384615385
7 0.5649038461538461 0.4651442307692308 0.004807692307692308 0.002403846153846154
15 0.5697115384615384 0.46875 0.009615384615384616 0.004807692307692308
15 0.5697115384615384 0.46153846153846156 0.009615384615384616 0.004807692307692308
7 0.578125 0.5216346153846154 0.007211538461538462 0.004807692307692308
7 0.5769230769230769 0.5264423076923077 0.009615384615384616 0.004807692307692308
7 0.5733173076923077 0.4963942307692308 0.007211538461538462 0.002403846153846154
15 0.5721153846153846 0.4807692307692308 0.009615384615384616 0.009615384615384616
15 0.5757211538461539 0.4879807692307692 0.007211538461538462 0.009615384615384616
7 0.5973557692307693 0.6298076923076923 0.01201923076923077 0.009615384615384616
23 0.609375 0.5697115384615384 0.007211538461538462 0.004807692307692308
6 0.6081730769230769 0.5024038461538461 0.0673076923076923 0.1201923076923077
3 0.6189903846153846 0.5673076923076923 0.007211538461538462 0.004807692307692308
6 0.6225961538461539 0.5961538461538461 0.04326923076923077 0.052884615384615384
6 0.6346153846153846 0.6610576923076923 0.04807692307692308 0.07692307692307693
15 0.6310096153846154 0.5661057692307693 0.01201923076923077 0.007211538461538462
15 0.6262019230769231 0.4411057692307692 0.01201923076923077 0.007211538461538462
15 0.6286057692307693 0.453125 0.01201923076923077 0.007211538461538462
23 0.6466346153846154 0.6045673076923077 0.004807692307692308 0.002403846153846154
23 0.6466346153846154 0.609375 0.004807692307692308 0.002403846153846154
7 0.6418269230769231 0.5649038461538461 0.009615384615384616 0.004807692307692308
15 0.6322115384615384 0.4735576923076923 0.009615384615384616 0.004807692307692308
3 0.6466346153846154 0.6021634615384616 0.004807692307692308 0.002403846153846154
15 0.6298076923076923 0.4639423076923077 0.009615384615384616 0.004807692307692308
3 0.6490384615384616 0.6117788461538461 0.004807692307692308 0.002403846153846154
23 0.6442307692307693 0.5709134615384616 0.009615384615384616 0.002403846153846154
15 0.6502403846153846 0.5973557692307693 0.01201923076923077 0.007211538461538462
7 0.6526442307692307 0.6141826923076923 0.01201923076923077 0.007211538461538462
7 0.6574519230769231 0.6526442307692307 0.01201923076923077 0.007211538461538462
23 0.6586538461538461 0.6478365384615384 0.004807692307692308 0.002403846153846154
3 0.6574519230769231 0.6334134615384616 0.007211538461538462 0.002403846153846154
23 0.6586538461538461 0.6310096153846154 0.004807692307692308 0.002403846153846154
23 0.6586538461538461 0.6430288461538461 0.009615384615384616 0.002403846153846154
23 0.6634615384615384 0.6598557692307693 0.009615384615384616 0.002403846153846154
3 0.6658653846153846 0.6622596153846154 0.004807692307692308 0.002403846153846154
23 0.6658653846153846 0.6646634615384616 0.004807692307692308 0.002403846153846154
23 0.6682692307692307 0.640625 0.004807692307692308 0.002403846153846154
3 0.6694711538461539 0.6430288461538461 0.007211538461538462 0.002403846153846154
6 0.6634615384615384 0.4951923076923077 0.0625 0.1201923076923077
6 0.6826923076923077 0.6009615384615384 0.04807692307692308 0.07692307692307693
6 0.2920673076923077 0.6069711538461539 0.026442307692307692 0.06490384615384616
6 0.28365384615384615 0.5288461538461539 0.028846153846153848 0.07692307692307693
23 0.28966346153846156 0.49158653846153844 0.007211538461538462 0.002403846153846154
3 0.28846153846153844 0.4795673076923077 0.004807692307692308 0.002403846153846154
3 0.3004807692307692 0.5769230769230769 0.004807692307692308 0.004807692307692308
29 0.29086538461538464 0.48677884615384615 0.009615384615384616 0.002403846153846154
7 0.30408653846153844 0.5877403846153846 0.016826923076923076 0.016826923076923076
3 0.3076923076923077 0.6153846153846154 0.004807692307692308 0.004807692307692308
23 0.2956730769230769 0.4951923076923077 0.004807692307692308 0.004807692307692308
23 0.29447115384615385 0.4807692307692308 0.002403846153846154 0.004807692307692308
23 0.2956730769230769 0.4963942307692308 0.004807692307692308 0.002403846153846154
23 0.30288461538461536 0.5348557692307693 0.004807692307692308 0.002403846153846154
23 0.30288461538461536 0.5396634615384616 0.004807692307692308 0.002403846153846154
3 0.30288461538461536 0.5420673076923077 0.004807692307692308 0.002403846153846154
3 0.30288461538461536 0.5444711538461539 0.004807692307692308 0.002403846153846154
23 0.2980769230769231 0.4879807692307692 0.004807692307692308 0.004807692307692308
6 0.2980769230769231 0.46875 0.03365384615384615 0.014423076923076924
23 0.3004807692307692 0.4879807692307692 0.004807692307692308 0.004807692307692308