15 0.4707792207792208 0.35030487804878047 0.005275974025974026 0.004878048780487805
15 0.4927962662337662 0.35091463414634144 0.005478896103896104 0.004878048780487805
2 0.4512987012987013 0.40472560975609756 0.010146103896103896 0.005182926829268293
14 0.45271915584415584 0.4201219512195122 0.008928571428571428 0.00975609756097561
2 0.44886363636363635 0.4339939024390244 0.002840909090909091 0.00701219512195122
22 0.4526176948051948 0.4339939024390244 0.002232142857142857 0.00701219512195122
2 0.4562702922077922 0.4347560975609756 0.002232142857142857 0.007926829268292683
2 0.4516030844155844 0.4458841463414634 0.009131493506493506 0.0125
7 0.6003003246753247 0.4604954268292683 0.009042207792207792 0.00513719512195122
7 0.6100040584415585 0.4606051829268293 0.008969155844155845 0.0059664634146341464
7 0.5474837662337663 0.4617378048780488 0.002840909090909091 0.00701219512195122
7 0.599953327922078 0.46694207317073166 0.009565746753246753 0.005225609756097561
7 0.6098051948051948 0.467577743902439 0.008571428571428572 0.0058871951219512195
22 0.5825892857142857 0.4682926829268293 0.002435064935064935 0.006707317073170732
22 0.549614448051948 0.4713414634146341 0.002637987012987013 0.006097560975609756
2 0.562702922077922 0.4713414634146341 0.002840909090909091 0.007317073170731708
22 0.5422077922077922 0.4714939024390244 0.002435064935064935 0.00701219512195122
22 0.5595576298701299 0.4714939024390244 0.002637987012987013 0.0064024390243902435
22 0.5696022727272727 0.4714939024390244 0.002840909090909091 0.00701219512195122
22 0.5731534090909091 0.4716463414634146 0.0018262987012987013 0.006707317073170732
22 0.5776176948051948 0.4716463414634146 0.002637987012987013 0.006707317073170732
2 0.5459618506493507 0.4717987804878049 0.002637987012987013 0.0064024390243902435
22 0.5528612012987013 0.4717987804878049 0.002637987012987013 0.0064024390243902435
2 0.5562094155844156 0.4717987804878049 0.002840909090909091 0.00701219512195122
2 0.5384537337662337 0.4719512195121951 0.003043831168831169 0.006097560975609756
22 0.5658482142857143 0.4722560975609756 0.002637987012987013 0.006707317073170732
7 0.610059862012987 0.4733292682926829 0.009080762987012988 0.005804878048780488
7 0.5998995535714285 0.47375152439024387 0.00864650974025974 0.006039634146341463
2 0.46266233766233766 0.47545731707317074 0.011363636363636364 0.015548780487804878
7 0.6331168831168831 0.4760670731707317 0.006493506493506494 0.0064024390243902435
7 0.6218547077922078 0.47621951219512193 0.006290584415584416 0.00548780487804878
2 0.5828936688311688 0.47865853658536583 0.002637987012987013 0.007926829268292683
2 0.5746753246753247 0.4788109756097561 0.004464285714285714 0.0039634146341463415
2 0.6162743506493507 0.48109756097560974 0.002840909090909091 0.007317073170731708
22 0.44957386363636365 0.4814024390243902 0.002637987012987013 0.006707317073170732
2 0.453226461038961 0.4814024390243902 0.003043831168831169 0.007317073170731708
22 0.6082589285714286 0.4814024390243902 0.002637987012987013 0.006707317073170732
2 0.4986810064935065 0.4815548780487805 0.003043831168831169 0.007621951219512195
2 0.6045048701298701 0.4815548780487805 0.002840909090909091 0.00701219512195122
22 0.6123173701298701 0.4815548780487805 0.003043831168831169 0.007621951219512195
7 0.5876623376623377 0.4817073170731707 0.006087662337662338 0.00426829268292683
22 0.5930397727272727 0.4817073170731707 0.0018262987012987013 0.007317073170731708
15 0.4753449675324675 0.481859756097561 0.003043831168831169 0.00701219512195122
2 0.4820413961038961 0.4820121951219512 0.0034496753246753245 0.007317073170731708
2 0.5045657467532467 0.4820121951219512 0.002637987012987013 0.006707317073170732
22 0.45819805194805197 0.4871951219512195 0.002435064935064935 0.006707317073170732
7 0.463575487012987 0.4894817073170732 0.002637987012987013 0.008231707317073171
22 0.46854707792207795 0.4899390243902439 0.002435064935064935 0.006707317073170732
22 0.458299512987013 0.49557926829268295 0.002232142857142857 0.00701219512195122
2 0.536424512987013 0.4967987804878049 0.005478896103896104 0.0039634146341463415
22 0.5876623376623377 0.49847560975609756 0.002435064935064935 0.007317073170731708
2 0.5765016233766234 0.49878048780487805 0.008522727272727272 0.01097560975609756
22 0.591213474025974 0.49878048780487805 0.002637987012987013 0.007317073170731708
22 0.5947646103896104 0.4989329268292683 0.002435064935064935 0.00701219512195122
7 0.46367694805194803 0.5007621951219512 0.002435064935064935 0.008231707317073171
22 0.46875 0.5013719512195122 0.002435064935064935 0.0064024390243902435
2 0.45799512987012986 0.5033536585365853 0.002435064935064935 0.006707317073170732
22 0.614650974025974 0.5033536585365853 0.00487012987012987 0.00426829268292683
22 0.6070413961038961 0.5041158536585366 0.005073051948051948 0.004573170731707317
22 0.5742694805194806 0.5079268292682927 0.002840909090909091 0.00548780487804878
22 0.5797483766233766 0.5079268292682927 0.002840909090909091 0.00548780487804878
22 0.591010551948052 0.5079268292682927 0.002232142857142857 0.006707317073170732
2 0.5985186688311688 0.5079268292682927 0.002637987012987013 0.007317073170731708
22 0.567775974025974 0.5080792682926829 0.003246753246753247 0.00701219512195122
22 0.5947646103896104 0.5080792682926829 0.002435064935064935 0.0064024390243902435
22 0.5839082792207793 0.5082317073170731 0.002232142857142857 0.006707317073170732
22 0.5873579545454546 0.5083841463414634 0.002232142857142857 0.0064024390243902435
2 0.5367288961038961 0.5086890243902439 0.00487012987012987 0.005182926829268293
22 0.6148538961038961 0.5094512195121951 0.005275974025974026 0.00426829268292683
2 0.4702719155844156 0.5096036585365854 0.004261363636363636 0.003353658536585366
2 0.4596185064935065 0.5099085365853658 0.004464285714285714 0.0039634146341463415
22 0.4648944805194805 0.5099085365853658 0.004464285714285714 0.00274390243902439
22 0.5567167207792207 0.5103658536585366 0.004667207792207792 0.00426829268292683
2 0.6072443181818182 0.5108231707317074 0.004667207792207792 0.0039634146341463415
22 0.614549512987013 0.5149390243902439 0.005073051948051948 0.004878048780487805
2 0.47037337662337664 0.5152439024390244 0.004464285714285714 0.003658536585365854
22 0.5564123376623377 0.5157012195121952 0.00487012987012987 0.003353658536585366
2 0.45951704545454547 0.5160060975609756 0.004667207792207792 0.0039634146341463415
22 0.46499594155844154 0.5164634146341464 0.004261363636363636 0.003048780487804878
22 0.5566152597402597 0.5204268292682926 0.004464285714285714 0.003658536585365854
2 0.4594155844155844 0.5224085365853659 0.004464285714285714 0.0039634146341463415
22 0.4648944805194805 0.5228658536585366 0.004464285714285714 0.00426829268292683
15 0.5557021103896104 0.5282012195121951 0.005073051948051948 0.004573170731707317
2 0.6578733766233766 0.5288109756097561 0.002435064935064935 0.007621951219512195
2 0.4594155844155844 0.5292682926829269 0.005275974025974026 0.00426829268292683
22 0.46499594155844154 0.5295731707317073 0.004667207792207792 0.003658536585365854
2 0.5367288961038961 0.5298780487804878 0.005275974025974026 0.004878048780487805
14 0.5040584415584416 0.5303353658536586 0.057224025974025976 0.08384146341463415
2 0.6645698051948052 0.5314024390243902 0.007305194805194805 0.012804878048780487
22 0.6522930194805194 0.5353658536585366 0.003043831168831169 0.007317073170731708
2 0.4594155844155844 0.535670731707317 0.00487012987012987 0.00426829268292683
22 0.46519886363636365 0.5359756097560976 0.004667207792207792 0.003658536585365854
22 0.5570211038961039 0.5400914634146341 0.00487012987012987 0.003353658536585366
2 0.4594155844155844 0.5422256097560976 0.004464285714285714 0.0039634146341463415
22 0.47047483766233766 0.5422256097560976 0.004261363636363636 0.0039634146341463415
22 0.6528003246753247 0.5442073170731707 0.002840909090909091 0.007317073170731708
2 0.557122564935065 0.5445121951219513 0.004667207792207792 0.003658536585365854
22 0.663961038961039 0.5448170731707317 0.002840909090909091 0.009146341463414634
14 0.583502435064935 0.5452743902439025 0.03956980519480519 0.06128048780487805
2 0.5370332792207793 0.5469512195121952 0.005073051948051948 0.00548780487804878
22 0.4596185064935065 0.5475609756097561 0.004464285714285714 0.003658536585365854
2 0.4705762987012987 0.5477134146341464 0.004464285714285714 0.003353658536585366
15 0.557122564935065 0.5495426829268293 0.005073051948051948 0.0039634146341463415
22 0.559862012987013 0.5564024390243902 0.002435064935064935 0.007317073170731708
22 0.5560064935064936 0.5565548780487805 0.002840909090909091 0.00701219512195122
2 0.46499594155844154 0.5577743902439024 0.00872564935064935 0.013109756097560975
2 0.6582792207792207 0.5579268292682927 0.0036525974025974025 0.007317073170731708
6 0.6833400974025974 0.5596036585365853 0.017248376623376624 0.04359756097560975
22 0.633015422077922 0.5638719512195122 0.006696428571428571 0.005182926829268293
22 0.6389001623376623 0.5684451219512195 0.00588474025974026 0.003353658536585366
22 0.5590503246753247 0.5685975609756098 0.00487012987012987 0.00426829268292683
22 0.6324066558441559 0.5689024390243902 0.00588474025974026 0.003658536585365854
14 0.5445413961038961 0.5702743902439025 0.01765422077922078 0.014939024390243902
2 0.653814935064935 0.5739329268292683 0.002435064935064935 0.007621951219512195
22 0.6501623376623377 0.5740853658536585 0.002840909090909091 0.007926829268292683
2 0.6574675324675324 0.5742378048780488 0.002840909090909091 0.007621951219512195
22 0.6325081168831169 0.5759146341463415 0.006087662337662338 0.00426829268292683
2 0.5570211038961039 0.5760670731707317 0.003246753246753247 0.008841463414634146
2 0.663961038961039 0.5795731707317073 0.007305194805194805 0.016463414634146342
22 0.632913961038961 0.5814024390243903 0.006493506493506494 0.004878048780487805
2 0.6099837662337663 0.5827743902439024 0.002840909090909091 0.008231707317073171
22 0.5887784090909091 0.5838414634146342 0.002637987012987013 0.006707317073170732
15 0.4855925324675325 0.5841463414634146 0.002840909090909091 0.007317073170731708
22 0.5923295454545454 0.5841463414634146 0.002435064935064935 0.00853658536585366
22 0.5855316558441559 0.5842987804878049 0.002637987012987013 0.0064024390243902435
2 0.47230113636363635 0.5844512195121951 0.002637987012987013 0.006707317073170732
2 0.4901582792207792 0.5844512195121951 0.002232142857142857 0.006707317073170732
2 0.5139001623376623 0.5844512195121951 0.002232142857142857 0.006707317073170732
2 0.565036525974026 0.5844512195121951 0.003043831168831169 0.007317073170731708
2 0.5759943181818182 0.5844512195121951 0.002232142857142857 0.006707317073170732
22 0.5956777597402597 0.5844512195121951 0.003043831168831169 0.007926829268292683
15 0.4758522727272727 0.5846036585365854 0.002840909090909091 0.00701219512195122
2 0.572747564935065 0.5846036585365854 0.002232142857142857 0.00701219512195122
15 0.49726055194805197 0.5849085365853659 0.002637987012987013 0.00701219512195122
2 0.5225243506493507 0.5849085365853659 0.002435064935064935 0.0064024390243902435
2 0.5686891233766234 0.5850609756097561 0.002637987012987013 0.007926829268292683
2 0.4804180194805195 0.5853658536585366 0.002637987012987013 0.007926829268292683
14 0.6031858766233766 0.5916158536585366 0.007913961038961038 0.013109756097560975
22 0.5790381493506493 0.5917682926829269 0.005073051948051948 0.003658536585365854
22 0.5851258116883117 0.5919207317073171 0.005478896103896104 0.004573170731707317
22 0.5412946428571429 0.5929878048780488 0.004667207792207792 0.00426829268292683
22 0.5412946428571429 0.5983231707317073 0.004667207792207792 0.0039634146341463415
2 0.48995535714285715 0.6025914634146341 0.009131493506493506 0.01798780487804878
2 0.5152191558441559 0.6025914634146341 0.008928571428571428 0.01676829268292683
2 0.4759537337662338 0.6033536585365854 0.009537337662337662 0.018902439024390243
22 0.5413961038961039 0.6039634146341464 0.00487012987012987 0.00426829268292683
14 0.5292207792207793 0.6082317073170732 0.01461038961038961 0.012804878048780487
22 0.5413961038961039 0.6094512195121952 0.00487012987012987 0.00426829268292683
2 0.541497564935065 0.6146341463414634 0.005073051948051948 0.00426829268292683