23 0.4026442307692308 0.3701923076923077 0.01201923076923077 0.014423076923076924
3 0.40625 0.2403846153846154 0.009615384615384616 0.004807692307692308
23 0.40865384615384615 0.2692307692307692 0.009615384615384616 0.014423076923076924
6 0.41225961538461536 0.14543269230769232 0.036057692307692304 0.016826923076923076
23 0.40024038461538464 0.5985576923076923 0.01201923076923077 0.014423076923076924
3 0.40865384615384615 0.3942307692307692 0.014423076923076924 0.004807692307692308
3 0.40024038461538464 0.6310096153846154 0.01201923076923077 0.007211538461538462
6 0.4014423076923077 0.7211538461538461 0.03365384615384615 0.019230769230769232
6 0.41947115384615385 0.1971153846153846 0.03125 0.0673076923076923
23 0.41586538461538464 0.3389423076923077 0.004807692307692308 0.004807692307692308
23 0.41586538461538464 0.3701923076923077 0.009615384615384616 0.014423076923076924
23 0.4182692307692308 0.2692307692307692 0.009615384615384616 0.014423076923076924
6 0.41346153846153844 0.43509615384615385 0.028846153846153848 0.0673076923076923
6 0.4074519230769231 0.6730769230769231 0.026442307692307692 0.0673076923076923
23 0.4110576923076923 0.5985576923076923 0.009615384615384616 0.014423076923076924
23 0.4206730769230769 0.34134615384615385 0.004807692307692308 0.004807692307692308
23 0.4206730769230769 0.49038461538461536 0.009615384615384616 0.004807692307692308
23 0.4254807692307692 0.34134615384615385 0.004807692307692308 0.004807692307692308
23 0.4206730769230769 0.4855769230769231 0.009615384615384616 0.004807692307692308
23 0.4206730769230769 0.47836538461538464 0.009615384615384616 0.004807692307692308
23 0.4206730769230769 0.4951923076923077 0.009615384615384616 0.004807692307692308
23 0.42788461538461536 0.3076923076923077 0.004807692307692308 0.004807692307692308
23 0.4266826923076923 0.37259615384615385 0.01201923076923077 0.014423076923076924
23 0.43028846153846156 0.2764423076923077 0.009615384615384616 0.014423076923076924
14 0.43028846153846156 0.3233173076923077 0.02403846153846154 0.016826923076923076
3 0.421875 0.5552884615384616 0.036057692307692304 0.02403846153846154
3 0.4254807692307692 0.5084134615384616 0.03365384615384615 0.021634615384615384
3 0.42427884615384615 0.5324519230769231 0.036057692307692304 0.021634615384615384
23 0.4326923076923077 0.34134615384615385 0.004807692307692308 0.004807692307692308
23 0.421875 0.5913461538461539 0.01201923076923077 0.014423076923076924
23 0.43509615384615385 0.3076923076923077 0.004807692307692308 0.004807692307692308
23 0.4375 0.34134615384615385 0.004807692307692308 0.004807692307692308
3 0.4423076923076923 0.22115384615384615 0.009615384615384616 0.004807692307692308
23 0.43990384615384615 0.37259615384615385 0.009615384615384616 0.014423076923076924
3 0.44471153846153844 0.23557692307692307 0.02403846153846154 0.014423076923076924
23 0.4423076923076923 0.2764423076923077 0.009615384615384616 0.014423076923076924
23 0.4423076923076923 0.34134615384615385 0.004807692307692308 0.004807692307692308
3 0.43990384615384615 0.40625 0.009615384615384616 0.004807692307692308
3 0.43028846153846156 0.6971153846153846 0.009615384615384616 0.004807692307692308
3 0.4411057692307692 0.3942307692307692 0.026442307692307692 0.014423076923076924
23 0.4338942307692308 0.5913461538461539 0.01201923076923077 0.014423076923076924
23 0.44711538461538464 0.3016826923076923 0.009615384615384616 0.002403846153846154
23 0.44711538461538464 0.30649038461538464 0.009615384615384616 0.002403846153846154
3 0.4375 0.6442307692307693 0.009615384615384616 0.004807692307692308
3 0.4362980769230769 0.6346153846153846 0.026442307692307692 0.014423076923076924
7 0.4483173076923077 0.3701923076923077 0.007211538461538462 0.014423076923076924
7 0.4519230769230769 0.2764423076923077 0.004807692307692308 0.014423076923076924
7 0.44471153846153844 0.5913461538461539 0.009615384615384616 0.014423076923076924
6 0.47596153846153844 0.14783653846153846 0.08173076923076923 0.016826923076923076
6 0.4639423076923077 0.7223557692307693 0.08173076923076923 0.016826923076923076
14 0.4951923076923077 0.35216346153846156 0.009615384615384616 0.01201923076923077
14 0.49399038461538464 0.4026442307692308 0.01201923076923077 0.01201923076923077
14 0.49399038461538464 0.3858173076923077 0.01201923076923077 0.01201923076923077
14 0.4951923076923077 0.4182692307692308 0.014423076923076924 0.014423076923076924
14 0.4951923076923077 0.43509615384615385 0.014423076923076924 0.014423076923076924
14 0.4963942307692308 0.3701923076923077 0.01201923076923077 0.009615384615384616
14 0.49399038461538464 0.45072115384615385 0.01201923076923077 0.01201923076923077
14 0.49158653846153844 0.4831730769230769 0.01201923076923077 0.009615384615384616
14 0.49278846153846156 0.4987980769230769 0.014423076923076924 0.01201923076923077
14 0.4951923076923077 0.46634615384615385 0.014423076923076924 0.014423076923076924
23 0.49278846153846156 0.5528846153846154 0.009615384615384616 0.004807692307692308
14 0.49278846153846156 0.5168269230769231 0.014423076923076924 0.009615384615384616
23 0.49038461538461536 0.5841346153846154 0.009615384615384616 0.004807692307692308
14 0.4987980769230769 0.33052884615384615 0.021634615384615384 0.016826923076923076
23 0.49038461538461536 0.6310096153846154 0.009615384615384616 0.002403846153846154
23 0.49038461538461536 0.6358173076923077 0.009615384615384616 0.002403846153846154
23 0.49038461538461536 0.6322115384615384 0.009615384615384616 0.004807692307692308
23 0.49038461538461536 0.6262019230769231 0.009615384615384616 0.002403846153846154
14 0.4951923076923077 0.6634615384615384 0.019230769230769232 0.014423076923076924
14 0.5120192307692307 0.2932692307692308 0.02403846153846154 0.014423076923076924
14 0.5024038461538461 0.6129807692307693 0.02403846153846154 0.019230769230769232
23 0.5096153846153846 0.6262019230769231 0.009615384615384616 0.002403846153846154
23 0.5096153846153846 0.6358173076923077 0.009615384615384616 0.002403846153846154
23 0.5096153846153846 0.6286057692307693 0.009615384615384616 0.002403846153846154
23 0.5264423076923077 0.18509615384615385 0.009615384615384616 0.004807692307692308
23 0.5096153846153846 0.6334134615384616 0.009615384615384616 0.002403846153846154
23 0.5264423076923077 0.20673076923076922 0.009615384615384616 0.004807692307692308
23 0.5264423076923077 0.22596153846153846 0.009615384615384616 0.004807692307692308
23 0.5240384615384616 0.25240384615384615 0.009615384615384616 0.004807692307692308
3 0.5360576923076923 0.4362980769230769 0.004807692307692308 0.002403846153846154
3 0.5360576923076923 0.43149038461538464 0.004807692307692308 0.002403846153846154
3 0.5360576923076923 0.41466346153846156 0.004807692307692308 0.002403846153846154
3 0.5348557692307693 0.4362980769230769 0.007211538461538462 0.002403846153846154
3 0.5360576923076923 0.421875 0.004807692307692308 0.002403846153846154
3 0.5360576923076923 0.42908653846153844 0.004807692307692308 0.002403846153846154
3 0.5360576923076923 0.44591346153846156 0.004807692307692308 0.002403846153846154
3 0.5384615384615384 0.41225961538461536 0.004807692307692308 0.002403846153846154
3 0.5432692307692307 0.2091346153846154 0.02403846153846154 0.019230769230769232
3 0.5372596153846154 0.41947115384615385 0.007211538461538462 0.002403846153846154
3 0.546875 0.17307692307692307 0.021634615384615384 0.019230769230769232
3 0.5384615384615384 0.38822115384615385 0.019230769230769232 0.016826923076923076
3 0.5432692307692307 0.25721153846153844 0.02403846153846154 0.019230769230769232
3 0.5480769230769231 0.1502403846153846 0.02403846153846154 0.016826923076923076
3 0.5432692307692307 0.2764423076923077 0.02403846153846154 0.019230769230769232
14 0.5384615384615384 0.40625 0.028846153846153848 0.014423076923076924
23 0.5432692307692307 0.36538461538461536 0.004807692307692308 0.004807692307692308
14 0.53125 0.6634615384615384 0.02403846153846154 0.014423076923076924
6 0.5396634615384616 0.5048076923076923 0.021634615384615384 0.038461538461538464
23 0.5480769230769231 0.33413461538461536 0.009615384615384616 0.004807692307692308
14 0.5528846153846154 0.34375 0.019230769230769232 0.014423076923076924
23 0.5552884615384616 0.30288461538461536 0.009615384615384616 0.004807692307692308
7 0.5576923076923077 0.2980769230769231 0.014423076923076924 0.004807692307692308
14 0.5552884615384616 0.36778846153846156 0.019230769230769232 0.014423076923076924
14 0.5588942307692307 0.3173076923076923 0.016826923076923076 0.014423076923076924
23 0.5673076923076923 0.3293269230769231 0.009615384615384616 0.004807692307692308
3 0.5733173076923077 0.1778846153846154 0.021634615384615384 0.019230769230769232
23 0.5600961538461539 0.6490384615384616 0.009615384615384616 0.004807692307692308
3 0.578125 0.14903846153846154 0.021634615384615384 0.019230769230769232
23 0.5600961538461539 0.71875 0.009615384615384616 0.004807692307692308
23 0.5600961538461539 0.6923076923076923 0.009615384615384616 0.004807692307692308
23 0.5721153846153846 0.38221153846153844 0.004807692307692308 0.004807692307692308
23 0.5769230769230769 0.38221153846153844 0.004807692307692308 0.004807692307692308
14 0.5793269230769231 0.31490384615384615 0.014423076923076924 0.014423076923076924
14 0.5805288461538461 0.34615384615384615 0.016826923076923076 0.014423076923076924
14 0.5733173076923077 0.5144230769230769 0.021634615384615384 0.014423076923076924
14 0.5793269230769231 0.36778846153846156 0.019230769230769232 0.014423076923076924
14 0.5865384615384616 0.21153846153846154 0.052884615384615384 0.028846153846153848
23 0.5817307692307693 0.38221153846153844 0.004807692307692308 0.004807692307692308
14 0.5877403846153846 0.25841346153846156 0.055288461538461536 0.03125
23 0.5841346153846154 0.38221153846153844 0.004807692307692308 0.004807692307692308
3 0.5889423076923077 0.47475961538461536 0.004807692307692308 0.002403846153846154
23 0.5913461538461539 0.38461538461538464 0.004807692307692308 0.004807692307692308
14 0.5901442307692307 0.4387019230769231 0.0889423076923077 0.055288461538461536
23 0.5889423076923077 0.515625 0.004807692307692308 0.007211538461538462
3 0.5913461538461539 0.47596153846153844 0.004807692307692308 0.004807692307692308
23 0.5865384615384616 0.6490384615384616 0.009615384615384616 0.004807692307692308
3 0.5997596153846154 0.32572115384615385 0.021634615384615384 0.016826923076923076
14 0.6033653846153846 0.31009615384615385 0.014423076923076924 0.009615384615384616
14 0.6033653846153846 0.34615384615384615 0.014423076923076924 0.009615384615384616
23 0.6045673076923077 0.33653846153846156 0.01201923076923077 0.004807692307692308
3 0.6009615384615384 0.47475961538461536 0.004807692307692308 0.002403846153846154
3 0.6045673076923077 0.47475961538461536 0.002403846153846154 0.002403846153846154
14 0.609375 0.36778846153846156 0.021634615384615384 0.014423076923076924
3 0.5985576923076923 0.6622596153846154 0.014423076923076924 0.016826923076923076
3 0.6081730769230769 0.47596153846153844 0.004807692307692308 0.004807692307692308
14 0.6045673076923077 0.6322115384615384 0.026442307692307692 0.028846153846153848
3 0.6153846153846154 0.3269230769230769 0.009615384615384616 0.004807692307692308
3 0.6153846153846154 0.3245192307692308 0.009615384615384616 0.004807692307692308
23 0.6105769230769231 0.5144230769230769 0.004807692307692308 0.004807692307692308
3 0.6117788461538461 0.47596153846153844 0.002403846153846154 0.004807692307692308
3 0.6153846153846154 0.3317307692307692 0.009615384615384616 0.004807692307692308
23 0.6153846153846154 0.31971153846153844 0.009615384615384616 0.004807692307692308
23 0.6153846153846154 0.38822115384615385 0.009615384615384616 0.002403846153846154
14 0.6117788461538461 0.5420673076923077 0.040865384615384616 0.04567307692307692
13 0.6117788461538461 0.65625 0.007211538461538462 0.009615384615384616
3 0.6201923076923077 0.6574519230769231 0.004807692307692308 0.007211538461538462
3 0.6177884615384616 0.7067307692307693 0.014423076923076924 0.019230769230769232
23 0.625 0.6129807692307693 0.004807692307692308 0.004807692307692308
14 0.6298076923076923 0.6009615384615384 0.019230769230769232 0.014423076923076924
3 0.6394230769230769 0.44591346153846156 0.004807692307692308 0.002403846153846154
3 0.6394230769230769 0.4411057692307692 0.004807692307692308 0.002403846153846154
3 0.6394230769230769 0.4387019230769231 0.004807692307692308 0.002403846153846154
3 0.6394230769230769 0.421875 0.004807692307692308 0.002403846153846154
3 0.6394230769230769 0.4266826923076923 0.004807692307692308 0.002403846153846154
3 0.6394230769230769 0.4266826923076923 0.004807692307692308 0.002403846153846154
23 0.6442307692307693 0.3581730769230769 0.004807692307692308 0.004807692307692308
23 0.6346153846153846 0.6322115384615384 0.004807692307692308 0.004807692307692308
23 0.6346153846153846 0.6514423076923077 0.004807692307692308 0.004807692307692308
23 0.6346153846153846 0.6442307692307693 0.004807692307692308 0.004807692307692308
23 0.6346153846153846 0.6274038461538461 0.004807692307692308 0.004807692307692308
23 0.6346153846153846 0.6394230769230769 0.004807692307692308 0.004807692307692308
23 0.6346153846153846 0.65625 0.004807692307692308 0.004807692307692308
23 0.6334134615384616 0.7355769230769231 0.01201923076923077 0.004807692307692308
3 0.6442307692307693 0.4855769230769231 0.02403846153846154 0.014423076923076924
23 0.6490384615384616 0.32211538461538464 0.004807692307692308 0.004807692307692308
23 0.6538461538461539 0.32211538461538464 0.004807692307692308 0.004807692307692308
23 0.6586538461538461 0.3245192307692308 0.004807692307692308 0.004807692307692308
14 0.6598557692307693 0.3401442307692308 0.036057692307692304 0.016826923076923076
14 0.6526442307692307 0.6009615384615384 0.021634615384615384 0.014423076923076924
23 0.6634615384615384 0.32211538461538464 0.004807692307692308 0.004807692307692308
3 0.6538461538461539 0.7043269230769231 0.004807692307692308 0.004807692307692308
7 0.6706730769230769 0.38221153846153844 0.009615384615384616 0.004807692307692308
7 0.6694711538461539 0.3870192307692308 0.01201923076923077 0.004807692307692308
7 0.671875 0.37740384615384615 0.01201923076923077 0.004807692307692308
7 0.671875 0.37259615384615385 0.01201923076923077 0.004807692307692308
7 0.6706730769230769 0.36538461538461536 0.014423076923076924 0.004807692307692308
6 0.6754807692307693 0.2548076923076923 0.019230769230769232 0.038461538461538464
6 0.6754807692307693 0.296875 0.014423076923076924 0.021634615384615384
6 0.6826923076923077 0.19230769230769232 0.028846153846153848 0.057692307692307696
6 0.6670673076923077 0.6442307692307693 0.026442307692307692 0.04326923076923077
14 0.6682692307692307 0.7055288461538461 0.019230769230769232 0.016826923076923076