22 0.6891233766233766 0.3048780487804878 0.004058441558441558 0.003658536585365854
7 0.7018060064935064 0.30503048780487807 0.0038555194805194805 0.010670731707317074
22 0.6836444805194806 0.3051829268292683 0.004464285714285714 0.003048780487804878
22 0.6776582792207793 0.3054878048780488 0.0038555194805194805 0.003658536585365854
2 0.711140422077922 0.3067073170731707 0.014001623376623376 0.018292682926829267
2 0.7255478896103896 0.3067073170731707 0.01359577922077922 0.01951219512195122
2 0.6304788961038961 0.306859756097561 0.006087662337662338 0.004573170731707317
29 0.6960227272727273 0.30807926829268295 0.006087662337662338 0.010670731707317074
15 0.762987012987013 0.30823170731707317 0.007711038961038961 0.007926829268292683
15 0.755377435064935 0.30838414634146344 0.007913961038961038 0.007621951219512195
22 0.6259131493506493 0.30853658536585366 0.002232142857142857 0.007317073170731708
2 0.6779626623376623 0.3092987804878049 0.004058441558441558 0.003353658536585366
2 0.6888189935064936 0.3092987804878049 0.004261363636363636 0.003353658536585366
2 0.6832386363636364 0.3094512195121951 0.004058441558441558 0.003658536585365854
7 0.7699878246753247 0.31021341463414637 0.006290584415584416 0.010670731707317074
2 0.630377435064935 0.3117378048780488 0.00588474025974026 0.005182926829268293
6 0.5904017857142857 0.31448170731707314 0.06189123376623377 0.019817073170731708
2 0.7017045454545454 0.3153963414634146 0.002435064935064935 0.00701219512195122
22 0.7486810064935064 0.3155487804878049 0.004667207792207792 0.01402439024390244
2 0.752435064935065 0.31646341463414634 0.002029220779220779 0.006707317073170732
22 0.6963271103896104 0.31676829268292683 0.004667207792207792 0.003658536585365854
2 0.7610592532467533 0.31692073170731705 0.0034496753246753245 0.00701219512195122
2 0.7554788961038961 0.3170731707317073 0.002029220779220779 0.006707317073170732
2 0.7581168831168831 0.31722560975609754 0.002435064935064935 0.0064024390243902435
2 0.7388392857142857 0.3173780487804878 0.008928571428571428 0.012195121951219513
2 0.7694805194805194 0.3184451219512195 0.005275974025974026 0.004573170731707317
22 0.6908482142857143 0.31905487804878047 0.003043831168831169 0.011280487804878048
22 0.7644074675324676 0.31905487804878047 0.0036525974025974025 0.0125
22 0.6857751623376623 0.31920731707317074 0.0038555194805194805 0.011585365853658536
22 0.6814123376623377 0.3195121951219512 0.0036525974025974025 0.012195121951219513
22 0.6660917207792207 0.3228658536585366 0.002232142857142857 0.007317073170731708
22 0.6573660714285714 0.3231707317073171 0.0018262987012987013 0.007926829268292683
7 0.7247362012987013 0.3231707317073171 0.007913961038961038 0.00548780487804878
29 0.7151988636363636 0.3233231707317073 0.007102272727272727 0.009451219512195122
29 0.661525974025974 0.32347560975609757 0.006087662337662338 0.01097560975609756
22 0.7691761363636364 0.32347560975609757 0.005073051948051948 0.00426829268292683
29 0.6757305194805194 0.3236280487804878 0.005681818181818182 0.010060975609756098
29 0.6528003246753247 0.32378048780487806 0.006493506493506494 0.01097560975609756
7 0.6696428571428571 0.32378048780487806 0.004058441558441558 0.012195121951219513
7 0.7067775974025974 0.3239329268292683 0.007711038961038961 0.005792682926829268
2 0.5424107142857143 0.32408536585365855 0.005681818181818182 0.00426829268292683
2 0.5479910714285714 0.32423780487804876 0.005073051948051948 0.004573170731707317
22 0.625202922077922 0.32439024390243903 0.002435064935064935 0.007317073170731708
22 0.6307832792207793 0.32439024390243903 0.002637987012987013 0.007317073170731708
22 0.6338271103896104 0.32439024390243903 0.002637987012987013 0.007317073170731708
22 0.6391030844155844 0.32439024390243903 0.002637987012987013 0.007317073170731708
22 0.6420454545454546 0.32439024390243903 0.002840909090909091 0.007926829268292683
22 0.6451907467532467 0.32439024390243903 0.002637987012987013 0.00853658536585366
22 0.6476258116883117 0.32439024390243903 0.002232142857142857 0.007926829268292683
22 0.6279423701298701 0.32454268292682925 0.002637987012987013 0.00701219512195122
22 0.6362621753246753 0.32454268292682925 0.002637987012987013 0.007621951219512195
29 0.6975446428571429 0.32454268292682925 0.006696428571428571 0.009451219512195122
22 0.7699878246753247 0.3278963414634146 0.002232142857142857 0.005182926829268293
2 0.7541599025974026 0.33490853658536585 0.003043831168831169 0.007621951219512195
22 0.7700892857142857 0.3350609756097561 0.002435064935064935 0.007317073170731708
22 0.6023741883116883 0.33689024390243905 0.002232142857142857 0.006707317073170732
22 0.5904017857142857 0.33704268292682926 0.002232142857142857 0.00701219512195122
22 0.5949675324675324 0.33704268292682926 0.002840909090909091 0.00701219512195122
22 0.5982142857142857 0.33704268292682926 0.002435064935064935 0.0064024390243902435
22 0.6053165584415584 0.33704268292682926 0.002435064935064935 0.005792682926829268
22 0.5799512987012987 0.3375 0.002435064935064935 0.006707317073170732
22 0.583198051948052 0.3375 0.002435064935064935 0.006707317073170732
22 0.5876623376623377 0.3375 0.002435064935064935 0.006707317073170732
22 0.7701907467532467 0.3429878048780488 0.002232142857142857 0.00548780487804878
2 0.7542613636363636 0.3432926829268293 0.002029220779220779 0.006707317073170732
7 0.6029829545454546 0.34542682926829266 0.007102272727272727 0.009146341463414634
7 0.5882711038961039 0.34557926829268293 0.006899350649350649 0.008841463414634146
7 0.5957792207792207 0.34557926829268293 0.006899350649350649 0.008841463414634146
7 0.5809659090909091 0.3458841463414634 0.006899350649350649 0.008841463414634146
2 0.4569805194805195 0.3490853658536585 0.12094155844155845 0.24573170731707317
22 0.39803165584415584 0.34984756097560976 0.0034496753246753245 0.00274390243902439
22 0.7702922077922078 0.35091463414634144 0.002029220779220779 0.006707317073170732
2 0.7542613636363636 0.3524390243902439 0.003246753246753247 0.007926829268292683
22 0.3977272727272727 0.3542682926829268 0.004058441558441558 0.003658536585365854
7 0.6031858766233766 0.35548780487804876 0.007102272727272727 0.009146341463414634
7 0.5959821428571429 0.35579268292682925 0.007711038961038961 0.009146341463414634
7 0.5812702922077922 0.3559451219512195 0.007508116883116883 0.008841463414634146
7 0.588474025974026 0.35625 0.007305194805194805 0.009451219512195122
2 0.7462459415584416 0.35746951219512196 0.011566558441558442 0.016158536585365854
22 0.398336038961039 0.35884146341463413 0.004058441558441558 0.003658536585365854
22 0.7701907467532467 0.35990853658536587 0.0018262987012987013 0.00701219512195122
2 0.7543628246753247 0.36097560975609755 0.002637987012987013 0.007926829268292683
2 0.5851258116883117 0.37317073170731707 0.015219155844155844 0.01951219512195122
2 0.7444196428571429 0.3771341463414634 0.002232142857142857 0.00548780487804878
22 0.7412743506493507 0.3774390243902439 0.0016233766233766235 0.006097560975609756
7 0.7434050324675324 0.3856707317073171 0.006290584415584416 0.009146341463414634
6 0.783989448051948 0.3926829268292683 0.018465909090909092 0.04085365853658537
2 0.5836038961038961 0.39375 0.00487012987012987 0.0039634146341463415
22 0.7412743506493507 0.39435975609756097 0.002435064935064935 0.0064024390243902435
22 0.7441152597402597 0.39435975609756097 0.002840909090909091 0.0064024390243902435
2 0.5838068181818182 0.3978658536585366 0.004464285714285714 0.003658536585365854
2 0.5837053571428571 0.40213414634146344 0.004261363636363636 0.003658536585365854
7 0.7433035714285714 0.4024390243902439 0.006899350649350649 0.009146341463414634
22 0.5836038961038961 0.4065548780487805 0.005275974025974026 0.0039634146341463415
6 0.7616680194805194 0.4070121951219512 0.027800324675324676 0.08414634146341464
14 0.5969967532467533 0.40853658536585363 0.01948051948051948 0.0475609756097561
2 0.5840097402597403 0.41067073170731705 0.004058441558441558 0.00426829268292683
22 0.7442167207792207 0.411280487804878 0.002232142857142857 0.006707317073170732
22 0.7412743506493507 0.4115853658536585 0.002029220779220779 0.006707317073170732
7 0.4016842532467532 0.4117378048780488 0.00872564935064935 0.005792682926829268
22 0.4002637987012987 0.4170731707317073 0.005073051948051948 0.00426829268292683
7 0.7434050324675324 0.4196646341463415 0.007102272727272727 0.009451219512195122
2 0.5839082792207793 0.4198170731707317 0.0038555194805194805 0.00426829268292683
22 0.4003652597402597 0.4216463414634146 0.005275974025974026 0.003658536585365854
22 0.3929586038961039 0.42271341463414636 0.00588474025974026 0.010670731707317074
22 0.40006087662337664 0.42576219512195124 0.005478896103896104 0.003353658536585366
22 0.7412743506493507 0.42820121951219514 0.0016233766233766235 0.0064024390243902435
22 0.7442167207792207 0.42835365853658536 0.002232142857142857 0.006097560975609756
22 0.4002637987012987 0.4298780487804878 0.005478896103896104 0.00426829268292683
22 0.393262987012987 0.4301829268292683 0.005275974025974026 0.003048780487804878
2 0.5840097402597403 0.43094512195121953 0.004464285714285714 0.0039634146341463415
22 0.4002637987012987 0.4344512195121951 0.005478896103896104 0.003658536585365854
22 0.39306006493506496 0.4346036585365854 0.005275974025974026 0.003353658536585366
7 0.7433035714285714 0.436890243902439 0.006493506493506494 0.00975609756097561
22 0.5826907467532467 0.4376524390243902 0.00588474025974026 0.004573170731707317
22 0.588676948051948 0.4376524390243902 0.006899350649350649 0.005182926829268293
22 0.5870535714285714 0.4429878048780488 0.003246753246753247 0.003658536585365854
29 0.40087256493506496 0.443140243902439 0.006696428571428571 0.010670731707317074
29 0.393262987012987 0.4432926829268293 0.006493506493506494 0.010365853658536586
22 0.5824878246753247 0.4432926829268293 0.004261363636363636 0.003658536585365854
6 0.7846996753246753 0.4452743902439024 0.01948051948051948 0.06067073170731707
22 0.7444196428571429 0.4457317073170732 0.0014204545454545455 0.006707317073170732
2 0.7415787337662337 0.44649390243902437 0.002637987012987013 0.007621951219512195
22 0.5824878246753247 0.4475609756097561 0.004667207792207792 0.003658536585365854
22 0.5871550324675324 0.4477134146341463 0.0038555194805194805 0.0039634146341463415
22 0.5825892857142857 0.45121951219512196 0.004464285714285714 0.00426829268292683
22 0.5871550324675324 0.45198170731707316 0.004261363636363636 0.003353658536585366
22 0.7470576298701299 0.4530487804878049 0.004261363636363636 0.003048780487804878
7 0.7548701298701299 0.4548780487804878 0.009334415584415584 0.004878048780487805
7 0.7652191558441559 0.4548780487804878 0.00974025974025974 0.00548780487804878
22 0.5874594155844156 0.4559451219512195 0.004058441558441558 0.0039634146341463415
22 0.5824878246753247 0.4560975609756098 0.0038555194805194805 0.003658536585365854
22 0.747260551948052 0.45716463414634145 0.004667207792207792 0.00274390243902439
2 0.7415787337662337 0.4583841463414634 0.004667207792207792 0.003353658536585366
7 0.731838474025974 0.4586890243902439 0.009131493506493506 0.005792682926829268
22 0.5874594155844156 0.4600609756097561 0.004058441558441558 0.003658536585365854
22 0.6802962662337663 0.4600609756097561 0.0038555194805194805 0.003048780487804878
22 0.5825892857142857 0.4603658536585366 0.00487012987012987 0.00426829268292683
7 0.7146915584415584 0.4609756097560976 0.006087662337662338 0.01097560975609756
22 0.747260551948052 0.4614329268292683 0.0038555194805194805 0.003353658536585366
22 0.6447849025974026 0.4617378048780488 0.002637987012987013 0.007621951219512195
7 0.6672077922077922 0.4617378048780488 0.005681818181818182 0.009451219512195122
7 0.6738027597402597 0.46189024390243905 0.00588474025974026 0.00975609756097561
22 0.6420454545454546 0.46204268292682926 0.002435064935064935 0.008231707317073171
22 0.6306818181818182 0.46234756097560975 0.002840909090909091 0.008841463414634146
22 0.6334212662337663 0.46234756097560975 0.002637987012987013 0.008231707317073171
22 0.6366680194805194 0.4625 0.002637987012987013 0.007926829268292683
22 0.622362012987013 0.46265243902439024 0.002435064935064935 0.00701219512195122
22 0.6280438311688312 0.46265243902439024 0.002840909090909091 0.008231707317073171
22 0.6394074675324676 0.46265243902439024 0.002840909090909091 0.008841463414634146
22 0.7415787337662337 0.46265243902439024 0.004261363636363636 0.003353658536585366
22 0.6254058441558441 0.4628048780487805 0.002840909090909091 0.007926829268292683
22 0.5823863636363636 0.46448170731707317 0.00487012987012987 0.0039634146341463415
22 0.5875608766233766 0.46478658536585366 0.004667207792207792 0.003353658536585366
22 0.6800933441558441 0.46478658536585366 0.004261363636363636 0.0039634146341463415
2 0.7470576298701299 0.4657012195121951 0.005073051948051948 0.003353658536585366
22 0.7414772727272727 0.46707317073170734 0.004464285714285714 0.00426829268292683
14 0.398538961038961 0.46737804878048783 0.016639610389610388 0.03475609756097561
2 0.6078530844155844 0.46753048780487805 0.01278409090909091 0.019817073170731708
22 0.5825892857142857 0.4685975609756098 0.00487012987012987 0.003658536585365854
22 0.5875608766233766 0.4689024390243902 0.004667207792207792 0.003048780487804878
22 0.6518871753246753 0.4692073170731707 0.002232142857142857 0.006707317073170732
22 0.6489448051948052 0.46966463414634146 0.002435064935064935 0.00701219512195122
14 0.5239448051948052 0.46996951219512195 0.017045454545454544 0.02530487804878049
22 0.7471590909090909 0.47027439024390244 0.005275974025974026 0.0039634146341463415
22 0.6807021103896104 0.4708841463414634 0.0038555194805194805 0.003353658536585366
2 0.7376217532467533 0.4711890243902439 0.002435064935064935 0.0064024390243902435
22 0.5827922077922078 0.47240853658536586 0.00487012987012987 0.003353658536585366
7 0.6673092532467533 0.47240853658536586 0.00588474025974026 0.010060975609756098
7 0.6738027597402597 0.4725609756097561 0.00588474025974026 0.00975609756097561
22 0.5875608766233766 0.47286585365853656 0.0038555194805194805 0.003658536585365854
22 0.6802962662337663 0.47560975609756095 0.004667207792207792 0.003048780487804878
22 0.650974025974026 0.4791158536585366 0.004464285714285714 0.003353658536585366
22 0.7378246753246753 0.47972560975609757 0.002435064935064935 0.007621951219512195
2 0.747260551948052 0.47972560975609757 0.005478896103896104 0.0039634146341463415
22 0.6809050324675324 0.4820121951219512 0.004667207792207792 0.003658536585365854
2 0.775974025974026 0.4821646341463415 0.002435064935064935 0.008231707317073171
7 0.7841923701298701 0.4823170731707317 0.006696428571428571 0.00975609756097561
7 0.6740056818181818 0.48323170731707316 0.00588474025974026 0.00975609756097561
22 0.651075487012987 0.4833841463414634 0.004667207792207792 0.003353658536585366
7 0.6673092532467533 0.48353658536585364 0.00588474025974026 0.00975609756097561
22 0.6804991883116883 0.48628048780487804 0.004261363636363636 0.003658536585365854
22 0.39569805194805197 0.4875 0.004058441558441558 0.003658536585365854
22 0.651176948051948 0.48810975609756097 0.00487012987012987 0.003658536585365854
2 0.7471590909090909 0.48810975609756097 0.004464285714285714 0.00426829268292683
22 0.7378246753246753 0.4896341463414634 0.002435064935064935 0.007317073170731708
22 0.4023944805194805 0.49146341463414633 0.004058441558441558 0.003658536585365854
22 0.39569805194805197 0.4917682926829268 0.004058441558441558 0.003048780487804878
7 0.7842938311688312 0.4917682926829268 0.006899350649350649 0.00975609756097561
14 0.6324066558441559 0.4919207317073171 0.030235389610389612 0.04420731707317073
2 0.7731331168831169 0.4920731707317073 0.002840909090909091 0.007926829268292683
22 0.6512784090909091 0.4922256097560976 0.004261363636363636 0.003353658536585366
2 0.7762784090909091 0.4922256097560976 0.002232142857142857 0.008841463414634146
22 0.6807021103896104 0.4926829268292683 0.004261363636363636 0.003658536585365854
7 0.6740056818181818 0.49390243902439024 0.00588474025974026 0.00975609756097561
7 0.6673092532467533 0.4940548780487805 0.00588474025974026 0.010060975609756098
22 0.39569805194805197 0.4961890243902439 0.0036525974025974025 0.003353658536585366
22 0.4020900974025974 0.49634146341463414 0.004667207792207792 0.00426829268292683
22 0.651075487012987 0.4964939024390244 0.0038555194805194805 0.003353658536585366
22 0.6808035714285714 0.4971036585365854 0.004464285714285714 0.003353658536585366
22 0.7090097402597403 0.4995426829268293 0.002029220779220779 0.0064024390243902435
22 0.7061688311688312 0.4996951219512195 0.002029220779220779 0.006097560975609756
22 0.6513798701298701 0.5007621951219512 0.004464285714285714 0.00274390243902439
29 0.7403612012987013 0.5009146341463414 0.006290584415584416 0.00975609756097561
29 0.7465503246753247 0.5010670731707317 0.006493506493506494 0.010670731707317074
6 0.7284902597402597 0.5021341463414634 0.017857142857142856 0.0798780487804878
22 0.7754667207792207 0.5027439024390243 0.002232142857142857 0.006707317073170732
2 0.7784090909090909 0.5027439024390243 0.002840909090909091 0.006707317073170732
22 0.7727272727272727 0.5028963414634147 0.002029220779220779 0.0064024390243902435
6 0.6961241883116883 0.5032012195121951 0.020089285714285716 0.08140243902439025
22 0.6513798701298701 0.5051829268292682 0.004464285714285714 0.003658536585365854
2 0.6064326298701299 0.5053353658536586 0.01968344155844156 0.029573170731707316
22 0.6800933441558441 0.5054878048780488 0.004667207792207792 0.003658536585365854
7 0.674411525974026 0.5065548780487805 0.006290584415584416 0.010060975609756098
7 0.6676136363636364 0.506859756097561 0.005681818181818182 0.010060975609756098
22 0.7406655844155844 0.5085365853658537 0.004058441558441558 0.003048780487804878
22 0.7452313311688312 0.5086890243902439 0.005073051948051948 0.003353658536585366
22 0.6513798701298701 0.5094512195121951 0.004464285714285714 0.003658536585365854
22 0.6801948051948052 0.5096036585365854 0.00487012987012987 0.003353658536585366
7 0.708198051948052 0.5103658536585366 0.005275974025974026 0.010365853658536586
7 0.7143871753246753 0.5103658536585366 0.00588474025974026 0.010365853658536586
7 0.7755681818181818 0.5121951219512195 0.006899350649350649 0.009146341463414634
2 0.3977272727272727 0.5125 0.013392857142857142 0.020731707317073172
2 0.7453327922077922 0.5126524390243903 0.004464285714285714 0.00274390243902439
22 0.7403612012987013 0.5128048780487805 0.0038555194805194805 0.0024390243902439024
22 0.679890422077922 0.5161585365853658 0.0038555194805194805 0.003658536585365854
2 0.7454342532467533 0.5169207317073171 0.004667207792207792 0.00274390243902439
22 0.7405641233766234 0.5170731707317073 0.0038555194805194805 0.003658536585365854
7 0.674310064935065 0.5172256097560975 0.005681818181818182 0.009451219512195122
7 0.6677150974025974 0.5173780487804878 0.00588474025974026 0.00975609756097561
22 0.6464082792207793 0.5175304878048781 0.0038555194805194805 0.0039634146341463415
22 0.7157061688311688 0.5175304878048781 0.004058441558441558 0.00274390243902439
22 0.7098214285714286 0.5178353658536585 0.0036525974025974025 0.003353658536585366
22 0.7773944805194806 0.519359756097561 0.005275974025974026 0.0039634146341463415
22 0.679890422077922 0.5204268292682926 0.0038555194805194805 0.003048780487804878
22 0.6466112012987013 0.5216463414634146 0.0038555194805194805 0.003048780487804878
22 0.7159090909090909 0.5217987804878049 0.004058441558441558 0.00274390243902439
7 0.7104301948051948 0.5221036585365854 0.004464285714285714 0.003353658536585366
7 0.744724025974026 0.5233231707317073 0.008522727272727272 0.005792682926829268
22 0.7784090909090909 0.5236280487804879 0.004058441558441558 0.0039634146341463415
22 0.6255073051948052 0.5240853658536585 0.0018262987012987013 0.006707317073170732
22 0.6338271103896104 0.5240853658536585 0.002232142857142857 0.006707317073170732
22 0.6226663961038961 0.5242378048780488 0.002232142857142857 0.00701219512195122
22 0.6282467532467533 0.5242378048780488 0.002435064935064935 0.00701219512195122
22 0.6309862012987013 0.5242378048780488 0.0018262987012987013 0.0064024390243902435
22 0.6368709415584416 0.5242378048780488 0.002232142857142857 0.00701219512195122
22 0.6164772727272727 0.524390243902439 0.002435064935064935 0.006707317073170732
22 0.6193181818181818 0.524390243902439 0.002435064935064935 0.007317073170731708
7 0.7105316558441559 0.5257621951219512 0.004667207792207792 0.0039634146341463415
2 0.5997362012987013 0.5263719512195122 0.002232142857142857 0.0064024390243902435
22 0.716112012987013 0.5265243902439024 0.004058441558441558 0.003658536585365854
22 0.6800933441558441 0.5271341463414634 0.004667207792207792 0.003658536585365854
7 0.674411525974026 0.5280487804878049 0.006290584415584416 0.00975609756097561
7 0.6678165584415584 0.5283536585365853 0.005681818181818182 0.00975609756097561
29 0.39488636363636365 0.5309451219512196 0.007305194805194805 0.009451219512195122
22 0.775872564935065 0.53125 0.002232142857142857 0.0064024390243902435
2 0.7795251623376623 0.53125 0.002232142857142857 0.007621951219512195
22 0.6803977272727273 0.5314024390243902 0.004464285714285714 0.003048780487804878
22 0.716112012987013 0.5315548780487804 0.0036525974025974025 0.003353658536585366
7 0.7379261363636364 0.5330792682926829 0.0038555194805194805 0.0125
22 0.40117694805194803 0.5332317073170731 0.0036525974025974025 0.003658536585365854
7 0.7097199675324676 0.5347560975609756 0.00588474025974026 0.010365853658536586
29 0.744926948051948 0.5352134146341463 0.006087662337662338 0.010060975609756098
22 0.716112012987013 0.5358231707317073 0.0036525974025974025 0.00274390243902439
22 0.4012784090909091 0.5371951219512195 0.0034496753246753245 0.003048780487804878
22 0.6803977272727273 0.5375 0.004058441558441558 0.003658536585365854
7 0.6678165584415584 0.5387195121951219 0.006087662337662338 0.009146341463414634
7 0.674512987012987 0.5388719512195121 0.005681818181818182 0.010060975609756098
22 0.716314935064935 0.5400914634146341 0.0036525974025974025 0.003353658536585366
2 0.7947443181818182 0.5411585365853658 0.005073051948051948 0.004878048780487805
2 0.773538961038961 0.5414634146341464 0.002435064935064935 0.009146341463414634
22 0.4012784090909091 0.541920731707317 0.0034496753246753245 0.00274390243902439
22 0.6801948051948052 0.541920731707317 0.004058441558441558 0.0039634146341463415
2 0.7805397727272727 0.541920731707317 0.009131493506493506 0.008231707317073171
2 0.7885551948051948 0.541920731707317 0.002435064935064935 0.008841463414634146
29 0.3949878246753247 0.5422256097560976 0.007508116883116883 0.009451219512195122
22 0.716112012987013 0.5440548780487805 0.004058441558441558 0.003353658536585366
7 0.6558441558441559 0.5452743902439025 0.009334415584415584 0.005182926829268293
22 0.4012784090909091 0.5460365853658536 0.0038555194805194805 0.003048780487804878
7 0.7098214285714286 0.5466463414634146 0.006087662337662338 0.01097560975609756
29 0.7386363636363636 0.5466463414634146 0.006493506493506494 0.010365853658536586
29 0.7451298701298701 0.5469512195121952 0.006087662337662338 0.01097560975609756
22 0.7164163961038961 0.5483231707317073 0.004261363636363636 0.003353658536585366
7 0.7295048701298701 0.5483231707317073 0.008116883116883116 0.0064024390243902435
15 0.6087662337662337 0.5484756097560975 0.023944805194805196 0.03475609756097561
7 0.6731939935064936 0.5484756097560975 0.004261363636363636 0.003048780487804878
2 0.6674107142857143 0.5489329268292683 0.004058441558441558 0.0039634146341463415
2 0.4016842532467532 0.5503048780487805 0.004667207792207792 0.003658536585365854
29 0.3950892857142857 0.5525914634146342 0.007305194805194805 0.009451219512195122
2 0.6732954545454546 0.5528963414634146 0.00487012987012987 0.0039634146341463415
22 0.6677150974025974 0.5530487804878049 0.0038555194805194805 0.003048780487804878
22 0.4012784090909091 0.5545731707317073 0.0038555194805194805 0.003658536585365854
22 0.6544237012987013 0.5548780487804879 0.002435064935064935 0.007317073170731708
22 0.6600040584415584 0.5550304878048781 0.0018262987012987013 0.0064024390243902435
22 0.6571631493506493 0.5551829268292683 0.002232142857142857 0.006707317073170732
7 0.6731939935064936 0.5571646341463414 0.004261363636363636 0.00274390243902439
22 0.6681209415584416 0.5577743902439024 0.0038555194805194805 0.004573170731707317
22 0.4017857142857143 0.5589939024390244 0.004058441558441558 0.003353658536585366
22 0.624797077922078 0.5589939024390244 0.002840909090909091 0.00701219512195122
22 0.6280438311688312 0.5596036585365853 0.002435064935064935 0.008231707317073171
22 0.6316964285714286 0.5596036585365853 0.002435064935064935 0.008231707317073171
2 0.6732954545454546 0.561280487804878 0.005275974025974026 0.004878048780487805
22 0.6672077922077922 0.5617378048780488 0.0036525974025974025 0.003353658536585366
29 0.3950892857142857 0.5632621951219512 0.007305194805194805 0.009451219512195122
22 0.40148133116883117 0.5635670731707317 0.004261363636363636 0.00274390243902439
7 0.6573660714285714 0.5640243902439024 0.007102272727272727 0.009146341463414634
7 0.6733969155844156 0.5657012195121951 0.004261363636363636 0.003353658536585366
22 0.6677150974025974 0.5660060975609756 0.004261363636363636 0.0039634146341463415
22 0.40137987012987014 0.5678353658536586 0.004058441558441558 0.00274390243902439
2 0.6417410714285714 0.5685975609756098 0.002232142857142857 0.007317073170731708
2 0.627637987012987 0.5689024390243902 0.002840909090909091 0.007926829268292683
2 0.638088474025974 0.5689024390243902 0.002637987012987013 0.007926829268292683
2 0.6481331168831169 0.5689024390243902 0.002435064935064935 0.00853658536585366
2 0.6309862012987013 0.5690548780487805 0.002637987012987013 0.008231707317073171
2 0.6448863636363636 0.5690548780487805 0.002435064935064935 0.008231707317073171
2 0.6346387987012987 0.5692073170731707 0.002637987012987013 0.00853658536585366
7 0.6733969155844156 0.5699695121951219 0.004261363636363636 0.003353658536585366
22 0.4016842532467532 0.5724085365853658 0.004261363636363636 0.003353658536585366
2 0.6733969155844156 0.5739329268292683 0.005478896103896104 0.004573170731707317
29 0.3952922077922078 0.574390243902439 0.007305194805194805 0.00975609756097561
22 0.4015827922077922 0.5763719512195122 0.004464285714285714 0.003353658536585366
22 0.6734983766233766 0.5785060975609756 0.005275974025974026 0.003353658536585366
2 0.6657873376623377 0.5797256097560975 0.009334415584415584 0.0125
7 0.6737012987012987 0.5829268292682926 0.004464285714285714 0.003658536585365854
22 0.40198863636363635 0.5832317073170732 0.004464285714285714 0.003048780487804878
6 0.6924715909090909 0.5838414634146342 0.031047077922077924 0.07378048780487804
14 0.3955965909090909 0.5853658536585366 0.007102272727272727 0.009146341463414634
2 0.6097808441558441 0.5859756097560975 0.02150974025974026 0.029878048780487804
2 0.6737012987012987 0.5870426829268293 0.004464285714285714 0.003353658536585366
2 0.4017857142857143 0.5871951219512195 0.004464285714285714 0.003658536585365854
7 0.6733969155844156 0.5923780487804878 0.004261363636363636 0.003048780487804878
29 0.6673092532467533 0.5940548780487804 0.006696428571428571 0.008841463414634146
22 0.3989448051948052 0.5948170731707317 0.004464285714285714 0.003658536585365854
2 0.637987012987013 0.5955792682926829 0.002840909090909091 0.008231707317073171
2 0.6437702922077922 0.5958841463414634 0.002637987012987013 0.00701219512195122
2 0.6351461038961039 0.5960365853658537 0.002435064935064935 0.00853658536585366
2 0.640523538961039 0.5960365853658537 0.002637987012987013 0.00853658536585366
22 0.6735998376623377 0.5966463414634147 0.004261363636363636 0.003048780487804878
22 0.6609172077922078 0.5989329268292682 0.003246753246753247 0.00274390243902439
2 0.6546266233766234 0.6001524390243902 0.004058441558441558 0.0039634146341463415
22 0.648234577922078 0.600609756097561 0.0034496753246753245 0.003048780487804878
6 0.7949472402597403 0.6007621951219512 0.02739448051948052 0.10457317073170731
22 0.6683238636363636 0.6010670731707317 0.0038555194805194805 0.003353658536585366
2 0.6738027597402597 0.6010670731707317 0.005073051948051948 0.003353658536585366
22 0.6609172077922078 0.6036585365853658 0.0036525974025974025 0.003048780487804878
2 0.6549310064935064 0.6048780487804878 0.0038555194805194805 0.003658536585365854
22 0.648640422077922 0.605030487804878 0.0038555194805194805 0.0039634146341463415
2 0.601461038961039 0.6064024390243903 0.002840909090909091 0.007926829268292683
7 0.6738027597402597 0.6064024390243903 0.004261363636363636 0.003048780487804878
22 0.6611201298701299 0.6076219512195122 0.003246753246753247 0.0024390243902439024
29 0.6672077922077922 0.6080792682926829 0.006899350649350649 0.009451219512195122
22 0.400974025974026 0.6088414634146342 0.004464285714285714 0.004878048780487805
2 0.6548295454545454 0.6089939024390244 0.004058441558441558 0.00274390243902439
22 0.648336038961039 0.6092987804878048 0.0036525974025974025 0.00274390243902439
22 0.6738027597402597 0.6106707317073171 0.004667207792207792 0.004878048780487805
22 0.6612215909090909 0.6121951219512195 0.0034496753246753245 0.003658536585365854
22 0.648538961038961 0.613109756097561 0.0036525974025974025 0.003658536585365854
2 0.6548295454545454 0.613109756097561 0.004058441558441558 0.0024390243902439024
22 0.6051136363636364 0.6134146341463415 0.00487012987012987 0.00426829268292683
22 0.6682224025974026 0.6152439024390244 0.004464285714285714 0.003048780487804878
2 0.6737012987012987 0.6152439024390244 0.005275974025974026 0.004878048780487805
29 0.4015827922077922 0.6167682926829269 0.007305194805194805 0.00975609756097561
22 0.6062297077922078 0.6172256097560975 0.005073051948051948 0.003353658536585366
2 0.6550324675324676 0.6176829268292683 0.004464285714285714 0.003658536585365854
2 0.6488433441558441 0.6178353658536585 0.004667207792207792 0.003353658536585366
22 0.6681209415584416 0.619359756097561 0.002637987012987013 0.00274390243902439
2 0.6547280844155844 0.6217987804878049 0.004261363636363636 0.003353658536585366
22 0.6061282467532467 0.6219512195121951 0.005275974025974026 0.003048780487804878
22 0.648538961038961 0.6219512195121951 0.0036525974025974025 0.003658536585365854
22 0.40117694805194803 0.6245426829268292 0.00487012987012987 0.0039634146341463415
22 0.666801948051948 0.6248475609756098 0.007305194805194805 0.004573170731707317
2 0.6741071428571429 0.625 0.005681818181818182 0.006097560975609756
22 0.6060267857142857 0.625609756097561 0.004667207792207792 0.003048780487804878
2 0.6550324675324676 0.6260670731707317 0.004464285714285714 0.00274390243902439
22 0.648336038961039 0.6265243902439024 0.0036525974025974025 0.003658536585365854
14 0.6260146103896104 0.6272865853658537 0.032873376623376624 0.05030487804878049
22 0.6682224025974026 0.630030487804878 0.004058441558441558 0.0039634146341463415
22 0.6059253246753247 0.6304878048780488 0.005275974025974026 0.00426829268292683
2 0.6546266233766234 0.6304878048780488 0.0036525974025974025 0.003048780487804878
22 0.6487418831168831 0.630640243902439 0.004058441558441558 0.003353658536585366
2 0.6742086038961039 0.6346036585365854 0.005073051948051948 0.004573170731707317
2 0.6551339285714286 0.6347560975609756 0.0038555194805194805 0.003048780487804878
22 0.648538961038961 0.635060975609756 0.004058441558441558 0.003048780487804878
22 0.666801948051948 0.6353658536585366 0.007711038961038961 0.00548780487804878
2 0.6547280844155844 0.6391768292682927 0.0038555194805194805 0.003353658536585366
22 0.6488433441558441 0.6393292682926829 0.004261363636363636 0.003048780487804878
22 0.6684253246753247 0.6410060975609756 0.00487012987012987 0.003353658536585366
6 0.7265625 0.6422256097560975 0.03591720779220779 0.1795731707317073
6 0.7632913961038961 0.6429878048780487 0.033887987012987016 0.18048780487804877
2 0.6552353896103896 0.6432926829268293 0.004058441558441558 0.003048780487804878
22 0.648640422077922 0.6434451219512195 0.004261363636363636 0.00274390243902439
2 0.6742086038961039 0.6457317073170732 0.004667207792207792 0.003658536585365854
22 0.6669034090909091 0.6463414634146342 0.007913961038961038 0.00548780487804878
2 0.6550324675324676 0.6477134146341463 0.004058441558441558 0.00274390243902439
22 0.648640422077922 0.6478658536585366 0.0038555194805194805 0.003048780487804878
2 0.674411525974026 0.6501524390243902 0.004667207792207792 0.0039634146341463415
2 0.6551339285714286 0.6519817073170732 0.004261363636363636 0.003353658536585366
22 0.6487418831168831 0.6521341463414634 0.0036525974025974025 0.003658536585365854
22 0.6671063311688312 0.6545731707317073 0.007508116883116883 0.00548780487804878
22 0.6747159090909091 0.6545731707317073 0.005275974025974026 0.003658536585365854
2 0.6547280844155844 0.6560975609756098 0.004261363636363636 0.0024390243902439024
22 0.648640422077922 0.6564024390243902 0.004261363636363636 0.003658536585365854
2 0.6742086038961039 0.6585365853658537 0.004667207792207792 0.003048780487804878
22 0.6321022727272727 0.6588414634146341 0.0036525974025974025 0.003048780487804878
22 0.6389001623376623 0.6589939024390243 0.004261363636363636 0.0039634146341463415
22 0.625 0.6592987804878049 0.004464285714285714 0.004573170731707317
22 0.6050121753246753 0.6596036585365853 0.004261363636363636 0.003353658536585366
22 0.6106939935064936 0.6596036585365853 0.004261363636363636 0.003353658536585366
22 0.6176948051948052 0.6596036585365853 0.004058441558441558 0.003353658536585366
2 0.6552353896103896 0.6605182926829268 0.004464285714285714 0.003353658536585366
22 0.6490462662337663 0.660670731707317 0.004261363636363636 0.003048780487804878
2 0.7959618506493507 0.6608231707317073 0.002637987012987013 0.008841463414634146
7 0.7985998376623377 0.6608231707317073 0.002232142857142857 0.007621951219512195
22 0.783786525974026 0.6609756097560976 0.003043831168831169 0.006707317073170732
22 0.7932224025974026 0.6609756097560976 0.002840909090909091 0.00853658536585366
2 0.7868303571428571 0.6611280487804878 0.002232142857142857 0.009451219512195122
22 0.7898741883116883 0.661280487804878 0.003043831168831169 0.00853658536585366
22 0.674310064935065 0.6629573170731707 0.005275974025974026 0.003353658536585366
22 0.6673092532467533 0.6632621951219512 0.007102272727272727 0.004573170731707317
6 0.6924715909090909 0.6643292682926829 0.028612012987012988 0.07073170731707316
2 0.6553368506493507 0.6644817073170731 0.004261363636363636 0.003353658536585366
2 0.6371753246753247 0.6647865853658537 0.0036525974025974025 0.00701219512195122
22 0.6488433441558441 0.6649390243902439 0.004261363636363636 0.00426829268292683
2 0.6320008116883117 0.6652439024390244 0.0038555194805194805 0.007317073170731708
2 0.6176948051948052 0.6655487804878049 0.002840909090909091 0.007317073170731708
2 0.6106939935064936 0.6658536585365854 0.0034496753246753245 0.007926829268292683
2 0.624898538961039 0.6658536585365854 0.0034496753246753245 0.007926829268292683
22 0.3961038961038961 0.666310975609756 0.002435064935064935 0.007621951219512195
22 0.39884334415584416 0.666310975609756 0.003043831168831169 0.007621951219512195
22 0.4016842532467532 0.666310975609756 0.003043831168831169 0.007621951219512195
2 0.6047077922077922 0.666310975609756 0.003246753246753247 0.008231707317073171
22 0.4044237012987013 0.6666158536585366 0.002840909090909091 0.007621951219512195
2 0.674411525974026 0.6673780487804878 0.005478896103896104 0.00426829268292683
2 0.674614448051948 0.6673780487804878 0.005073051948051948 0.003658536585365854
2 0.5996347402597403 0.6682926829268293 0.003246753246753247 0.003658536585365854
2 0.6553368506493507 0.66875 0.0038555194805194805 0.003353658536585366
22 0.648640422077922 0.6690548780487805 0.004261363636363636 0.003353658536585366
22 0.6671063311688312 0.6710365853658536 0.007102272727272727 0.004878048780487805
22 0.674512987012987 0.6716463414634146 0.006493506493506494 0.003048780487804878
22 0.5996347402597403 0.6727134146341464 0.0036525974025974025 0.003353658536585366
2 0.3949878246753247 0.6733231707317073 0.004667207792207792 0.0039634146341463415
2 0.6498579545454546 0.6757621951219512 0.002637987012987013 0.007621951219512195
2 0.6376826298701299 0.6766768292682926 0.003043831168831169 0.007621951219512195
2 0.6341314935064936 0.676829268292683 0.003246753246753247 0.00853658536585366
2 0.6439732142857143 0.676829268292683 0.002232142857142857 0.007317073170731708
22 0.6469155844155844 0.6769817073170732 0.002029220779220779 0.00701219512195122
2 0.6295657467532467 0.6771341463414634 0.0034496753246753245 0.00853658536585366
2 0.6409293831168831 0.6771341463414634 0.003043831168831169 0.006707317073170732
22 0.3947849025974026 0.6772865853658536 0.004261363636363636 0.0039634146341463415
22 0.5998376623376623 0.6772865853658536 0.004058441558441558 0.0039634146341463415
2 0.6130275974025974 0.680640243902439 0.012987012987012988 0.01920731707317073
2 0.3950892857142857 0.6817073170731708 0.004464285714285714 0.003658536585365854
7 0.6680194805194806 0.6833841463414634 0.008928571428571428 0.005792682926829268
2 0.6310876623376623 0.6842987804878049 0.005681818181818182 0.0039634146341463415
7 0.6004464285714286 0.6852134146341463 0.005275974025974026 0.010670731707317074
22 0.39437905844155846 0.6856707317073171 0.0038555194805194805 0.003658536585365854
2 0.6310876623376623 0.6888719512195122 0.005275974025974026 0.0039634146341463415
2 0.39488636363636365 0.6903963414634147 0.004058441558441558 0.0039634146341463415
22 0.6311891233766234 0.693140243902439 0.004667207792207792 0.003353658536585366
22 0.6004464285714286 0.6939024390243902 0.004058441558441558 0.003048780487804878
22 0.3947849025974026 0.6948170731707317 0.0038555194805194805 0.003658536585365854
22 0.40198863636363635 0.6954268292682927 0.004464285714285714 0.003048780487804878
22 0.6310876623376623 0.6972560975609756 0.00487012987012987 0.003048780487804878
14 0.6442775974025974 0.698170731707317 0.019074675324675324 0.028658536585365855
2 0.39468344155844154 0.6990853658536585 0.004464285714285714 0.00426829268292683
22 0.4018871753246753 0.6998475609756097 0.0038555194805194805 0.003353658536585366
2 0.6310876623376623 0.7019817073170732 0.005681818181818182 0.003353658536585366
2 0.6136363636363636 0.7021341463414634 0.013392857142857142 0.01951219512195122
15 0.6711647727272727 0.7021341463414634 0.016436688311688312 0.026829268292682926
6 0.7959618506493507 0.7027439024390244 0.026988636363636364 0.06707317073170732
22 0.39488636363636365 0.7032012195121952 0.004058441558441558 0.003353658536585366
2 0.5982142857142857 0.7035060975609756 0.003246753246753247 0.00274390243902439
22 0.40198863636363635 0.7042682926829268 0.004058441558441558 0.003658536585365854
2 0.6569602272727273 0.7065548780487805 0.004667207792207792 0.0039634146341463415
2 0.6312905844155844 0.7102134146341463 0.005681818181818182 0.004573170731707317
2 0.6568587662337663 0.7108231707317073 0.004058441558441558 0.003353658536585366
7 0.7073863636363636 0.7141768292682927 0.002435064935064935 0.00701219512195122
2 0.5699066558441559 0.7147865853658537 0.01359577922077922 0.01920731707317073
2 0.5983157467532467 0.7150914634146341 0.012378246753246754 0.020426829268292684
2 0.5557021103896104 0.7155487804878049 0.013189935064935064 0.01951219512195122
2 0.5842126623376623 0.7155487804878049 0.013798701298701298 0.020121951219512196
2 0.4185267857142857 0.7201219512195122 0.005478896103896104 0.00548780487804878
2 0.4629667207792208 0.7216463414634147 0.013189935064935064 0.021341463414634148
2 0.614650974025974 0.7233231707317073 0.013798701298701298 0.020426829268292684
2 0.4289772727272727 0.7239329268292682 0.012987012987012988 0.019817073170731708
2 0.4190340909090909 0.7251524390243902 0.00487012987012987 0.003353658536585366
6 0.39174107142857145 0.7253048780487805 0.01075487012987013 0.036585365853658534
14 0.4067573051948052 0.7263719512195121 0.016436688311688312 0.031402439024390244
14 0.44551542207792205 0.7268292682926829 0.018060064935064936 0.03414634146341464
22 0.5940543831168831 0.7285060975609756 0.0034496753246753245 0.00274390243902439
2 0.4187297077922078 0.7295731707317074 0.004667207792207792 0.003048780487804878
2 0.5820819805194806 0.7321646341463415 0.002637987012987013 0.008231707317073171
22 0.5941558441558441 0.7330792682926829 0.0036525974025974025 0.003353658536585366
2 0.5588474025974026 0.7339939024390244 0.003246753246753247 0.007621951219512195
29 0.5876623376623377 0.7346036585365854 0.006493506493506494 0.011280487804878048
22 0.5943587662337663 0.7370426829268293 0.004058441558441558 0.003353658536585366
15 0.6741071428571429 0.7373475609756097 0.017045454545454544 0.029573170731707316
2 0.6542207792207793 0.7378048780487805 0.020292207792207792 0.03170731707317073
6 0.5 0.738109756097561 0.05478896103896104 0.01707317073170732
2 0.6331168831168831 0.7382621951219512 0.019886363636363636 0.03201219512195122
7 0.7075892857142857 0.7394817073170732 0.002840909090909091 0.00701219512195122
7 0.7684659090909091 0.7394817073170732 0.00487012987012987 0.0039634146341463415
7 0.7635957792207793 0.7397865853658536 0.00487012987012987 0.003353658536585366
7 0.7465503246753247 0.739939024390244 0.004464285714285714 0.003658536585365854
7 0.7578125 0.739939024390244 0.004261363636363636 0.003658536585365854
7 0.7523336038961039 0.7400914634146342 0.004261363636363636 0.0039634146341463415
2 0.5793425324675324 0.7408536585365854 0.002435064935064935 0.007317073170731708
2 0.7727272727272727 0.7408536585365854 0.002029220779220779 0.006707317073170732
2 0.5818790584415584 0.7410060975609756 0.002232142857142857 0.00701219512195122
2 0.5765016233766234 0.7414634146341463 0.002435064935064935 0.006707317073170732
2 0.419237012987013 0.7416158536585366 0.006087662337662338 0.004573170731707317
2 0.7817573051948052 0.7416158536585366 0.002232142857142857 0.0064024390243902435
2 0.5944602272727273 0.7419207317073171 0.005073051948051948 0.004573170731707317
2 0.7358969155844156 0.743140243902439 0.014001623376623376 0.020426829268292684
2 0.7636972402597403 0.7439024390243902 0.004667207792207792 0.003658536585365854
22 0.768262987012987 0.7440548780487805 0.004058441558441558 0.003353658536585366
2 0.7182426948051948 0.7442073170731708 0.014001623376623376 0.021341463414634148
2 0.7468547077922078 0.7442073170731708 0.0038555194805194805 0.003048780487804878
2 0.758015422077922 0.7442073170731708 0.004667207792207792 0.003658536585365854
2 0.752435064935065 0.7445121951219512 0.004464285714285714 0.003048780487804878
7 0.7769886363636364 0.745579268292683 0.006087662337662338 0.010670731707317074
7 0.7861201298701299 0.745579268292683 0.005681818181818182 0.010670731707317074
2 0.40594561688311687 0.7478658536585366 0.002637987012987013 0.007926829268292683
2 0.4095982142857143 0.7478658536585366 0.0038555194805194805 0.007926829268292683
2 0.4140625 0.7478658536585366 0.003043831168831169 0.007926829268292683
22 0.7636972402597403 0.7483231707317073 0.0038555194805194805 0.003353658536585366
2 0.7684659090909091 0.7483231707317073 0.004058441558441558 0.003353658536585366
22 0.752536525974026 0.7484756097560976 0.0038555194805194805 0.003048780487804878
22 0.7578125 0.7484756097560976 0.0038555194805194805 0.003048780487804878
22 0.7816558441558441 0.748780487804878 0.002029220779220779 0.006097560975609756
22 0.7468547077922078 0.7489329268292683 0.004667207792207792 0.00274390243902439
2 0.45018262987012986 0.7496951219512196 0.002637987012987013 0.007926829268292683
2 0.45353084415584416 0.7503048780487804 0.002435064935064935 0.006707317073170732
2 0.44642857142857145 0.7504573170731708 0.002435064935064935 0.007621951219512195
22 0.752536525974026 0.7522865853658537 0.0038555194805194805 0.00274390243902439
22 0.7470576298701299 0.7524390243902439 0.004667207792207792 0.003048780487804878
6 0.5762987012987013 0.7592987804878049 0.04991883116883117 0.02530487804878049
6 0.49705762987012986 0.7602134146341464 0.059862012987012984 0.02347560975609756
6 0.5848214285714286 0.25228658536585363 0.07873376623376624 0.05884146341463414
6 0.7252435064935064 0.2634146341463415 0.14772727272727273 0.09451219512195122
22 0.599025974025974 0.2891768292682927 0.002435064935064935 0.0064024390243902435
15 0.7043425324675324 0.2896341463414634 0.007711038961038961 0.009146341463414634
15 0.731737012987013 0.2896341463414634 0.006899350649350649 0.007317073170731708
22 0.7165178571428571 0.28978658536585367 0.002029220779220779 0.005792682926829268
22 0.7196631493506493 0.28978658536585367 0.002232142857142857 0.005792682926829268
2 0.713676948051948 0.2899390243902439 0.002435064935064935 0.006097560975609756
2 0.7221996753246753 0.2899390243902439 0.0016233766233766235 0.006097560975609756
7 0.6960227272727273 0.29115853658536583 0.005681818181818182 0.010365853658536586
15 0.6835430194805194 0.2917682926829268 0.0038555194805194805 0.010365853658536586
22 0.5948660714285714 0.29603658536585364 0.002232142857142857 0.006707317073170732
2 0.7435064935064936 0.2961890243902439 0.013392857142857142 0.02103658536585366
22 0.6963271103896104 0.299390243902439 0.005478896103896104 0.003048780487804878
22 0.6020698051948052 0.2996951219512195 0.002435064935064935 0.006707317073170732
2 0.7826704545454546 0.2998475609756098 0.012987012987012988 0.01920731707317073
7 0.6775568181818182 0.30091463414634145 0.004464285714285714 0.003658536585365854
7 0.6833400974025974 0.30091463414634145 0.004667207792207792 0.003658536585365854
7 0.6891233766233766 0.30091463414634145 0.004464285714285714 0.003658536585365854
2 0.5237418831168831 0.30396341463414633 0.0036525974025974025 0.00975609756097561
2 0.5200892857142857 0.3041158536585366 0.0036525974025974025 0.009451219512195122
2 0.5268871753246753 0.3042682926829268 0.003043831168831169 0.007926829268292683