22 0.4682426948051948 0.3486280487804878 0.005073051948051948 0.005182926829268293
6 0.4411525974025974 0.3724085365853659 0.03449675324675325 0.016158536585365854
6 0.41243912337662336 0.3725609756097561 0.023741883116883116 0.015853658536585366
6 0.7606534090909091 0.3742378048780488 0.09963474025974026 0.05091463414634146
6 0.5329748376623377 0.38353658536585367 0.04646915584415585 0.018292682926829267
6 0.604099025974026 0.38384146341463415 0.057224025974025976 0.01768292682926829
15 0.6519886363636364 0.38902439024390245 0.004464285714285714 0.012195121951219513
2 0.4409496753246753 0.39146341463414636 0.003246753246753247 0.007317073170731708
2 0.43770292207792205 0.3916158536585366 0.003246753246753247 0.007621951219512195
2 0.45484983766233766 0.39176829268292684 0.002637987012987013 0.007317073170731708
2 0.447950487012987 0.39192073170731706 0.003043831168831169 0.00701219512195122
2 0.4512987012987013 0.39192073170731706 0.003246753246753247 0.008231707317073171
2 0.41700487012987014 0.39207317073170733 0.002840909090909091 0.007926829268292683
2 0.4206574675324675 0.39207317073170733 0.002435064935064935 0.007317073170731708
2 0.4340503246753247 0.39207317073170733 0.0036525974025974025 0.00853658536585366
2 0.44439935064935066 0.39207317073170733 0.003246753246753247 0.007926829268292683
2 0.4275568181818182 0.39222560975609755 0.002840909090909091 0.0064024390243902435
2 0.4240056818181818 0.3923780487804878 0.002232142857142857 0.007926829268292683
29 0.6680194805194806 0.39969512195121953 0.006087662337662338 0.012195121951219513
14 0.6595982142857143 0.401219512195122 0.00872564935064935 0.020731707317073172
21 0.43658685064935066 0.4035060975609756 0.006290584415584416 0.010060975609756098
21 0.4484577922077922 0.4036585365853659 0.006899350649350649 0.01097560975609756
22 0.42826704545454547 0.4038109756097561 0.003043831168831169 0.00701219512195122
22 0.42491883116883117 0.4041158536585366 0.002840909090909091 0.007621951219512195
2 0.6499594155844156 0.4065548780487805 0.00974025974025974 0.017378048780487806
2 0.5907061688311688 0.4073170731707317 0.010957792207792208 0.01707317073170732
22 0.46205357142857145 0.40746951219512195 0.003246753246753247 0.007621951219512195
22 0.458299512987013 0.40792682926829266 0.003043831168831169 0.007926829268292683
2 0.4667207792207792 0.40792682926829266 0.002840909090909091 0.007317073170731708
22 0.669439935064935 0.4114329268292683 0.002840909090909091 0.007621951219512195
22 0.6732954545454546 0.4114329268292683 0.0036525974025974025 0.007621951219512195
2 0.5827922077922078 0.4167682926829268 0.003246753246753247 0.006707317073170732
2 0.5776176948051948 0.4173780487804878 0.0038555194805194805 0.006097560975609756
15 0.6633522727272727 0.42073170731707316 0.004464285714285714 0.012804878048780487
15 0.6578733766233766 0.4208841463414634 0.004464285714285714 0.0125
2 0.4356737012987013 0.4263719512195122 0.010146103896103896 0.015548780487804878
15 0.5775162337662337 0.4263719512195122 0.002840909090909091 0.007621951219512195
15 0.5828936688311688 0.4263719512195122 0.003043831168831169 0.007621951219512195
2 0.41365665584415584 0.42652439024390243 0.003043831168831169 0.006707317073170732
14 0.42045454545454547 0.43079268292682926 0.007711038961038961 0.020731707317073172
2 0.5772118506493507 0.43567073170731707 0.0034496753246753245 0.007317073170731708
22 0.4418628246753247 0.4402439024390244 0.003043831168831169 0.007317073170731708
14 0.46448863636363635 0.44466463414634144 0.04301948051948052 0.06371951219512195
15 0.5776176948051948 0.44496951219512193 0.003043831168831169 0.007621951219512195
2 0.48843344155844154 0.44695121951219513 0.003246753246753247 0.006707317073170732
2 0.5896915584415584 0.4475609756097561 0.002435064935064935 0.007317073170731708
22 0.5028409090909091 0.4503048780487805 0.003246753246753247 0.007317073170731708
22 0.5932426948051948 0.45503048780487804 0.003043831168831169 0.007621951219512195
22 0.41365665584415584 0.455640243902439 0.0034496753246753245 0.007621951219512195
15 0.6851663961038961 0.4557926829268293 0.0034496753246753245 0.00975609756097561
14 0.42045454545454547 0.4559451219512195 0.008522727272727272 0.021646341463414633
2 0.5969967532467533 0.45945121951219514 0.002840909090909091 0.007926829268292683
15 0.4015827922077922 0.463719512195122 0.008116883116883116 0.00548780487804878
2 0.5040584415584416 0.4638719512195122 0.010551948051948052 0.014329268292682927
15 0.635450487012987 0.4649390243902439 0.0038555194805194805 0.00975609756097561
22 0.6391030844155844 0.4649390243902439 0.003043831168831169 0.006707317073170732
22 0.6422483766233766 0.46509146341463414 0.003246753246753247 0.00701219512195122
22 0.6490462662337663 0.46509146341463414 0.003043831168831169 0.007621951219512195
22 0.6522930194805194 0.46509146341463414 0.003043831168831169 0.00701219512195122
2 0.6558441558441559 0.46509146341463414 0.002840909090909091 0.00701219512195122
2 0.6315949675324676 0.4652439024390244 0.002637987012987013 0.007317073170731708
22 0.645799512987013 0.4652439024390244 0.003043831168831169 0.006707317073170732
2 0.6074472402597403 0.4679878048780488 0.0034496753246753245 0.006707317073170732
22 0.4184253246753247 0.4698170731707317 0.00487012987012987 0.00426829268292683
2 0.5796469155844156 0.4714939024390244 0.003043831168831169 0.00701219512195122
2 0.5764001623376623 0.4717987804878049 0.003043831168831169 0.00701219512195122
29 0.4260349025974026 0.473780487804878 0.007913961038961038 0.00975609756097561
2 0.6840503246753247 0.4791158536585366 0.00487012987012987 0.004573170731707317
22 0.5061891233766234 0.4801829268292683 0.003043831168831169 0.007926829268292683
22 0.42806412337662336 0.4844512195121951 0.0034496753246753245 0.007926829268292683
22 0.4802150974025974 0.4844512195121951 0.005073051948051948 0.004878048780487805
22 0.46702516233766234 0.4850609756097561 0.005073051948051948 0.00426829268292683
29 0.47382305194805197 0.486890243902439 0.006493506493506494 0.01097560975609756
29 0.4876217532467532 0.48826219512195124 0.006899350649350649 0.011890243902439025
22 0.4804180194805195 0.4897865853658537 0.005478896103896104 0.005182926829268293
22 0.46702516233766234 0.4902439024390244 0.005073051948051948 0.00426829268292683
15 0.5489042207792207 0.49070121951219514 0.006493506493506494 0.005792682926829268
6 0.38920454545454547 0.4929878048780488 0.010551948051948052 0.07926829268292683
2 0.6492491883116883 0.494359756097561 0.004261363636363636 0.004573170731707317
2 0.4461241883116883 0.4946646341463415 0.004667207792207792 0.004573170731707317
22 0.4525162337662338 0.4946646341463415 0.005681818181818182 0.0039634146341463415
22 0.6434659090909091 0.4946646341463415 0.00487012987012987 0.005182926829268293
2 0.45819805194805197 0.4948170731707317 0.00487012987012987 0.00426829268292683
22 0.4807224025974026 0.494969512195122 0.005275974025974026 0.0039634146341463415
22 0.46712662337662336 0.49557926829268295 0.00487012987012987 0.004573170731707317
15 0.5489042207792207 0.49664634146341463 0.006899350649350649 0.004878048780487805
2 0.5602678571428571 0.49847560975609756 0.010146103896103896 0.015853658536585366
2 0.6434659090909091 0.4996951219512195 0.005275974025974026 0.004878048780487805
15 0.40269886363636365 0.500609756097561 0.00872564935064935 0.00548780487804878
2 0.5711241883116883 0.5028963414634147 0.004667207792207792 0.004573170731707317
15 0.5386566558441559 0.5039634146341463 0.007102272727272727 0.00548780487804878
14 0.6678165584415584 0.5042682926829268 0.022727272727272728 0.056707317073170734
2 0.684963474025974 0.5045731707317073 0.004261363636363636 0.00426829268292683
2 0.6515827922077922 0.5048780487804878 0.004058441558441558 0.004878048780487805
2 0.6435673701298701 0.505030487804878 0.004261363636363636 0.004573170731707317
2 0.5143060064935064 0.5120426829268293 0.003043831168831169 0.00701219512195122
22 0.5106534090909091 0.5126524390243903 0.003043831168831169 0.00701219512195122
2 0.538961038961039 0.5126524390243903 0.004464285714285714 0.005792682926829268
2 0.5465706168831169 0.5128048780487805 0.009131493506493506 0.020731707317073172
15 0.45951704545454547 0.5157012195121952 0.008319805194805194 0.00701219512195122
2 0.5673701298701299 0.5158536585365854 0.012987012987012988 0.01951219512195122
2 0.4484577922077922 0.5172256097560975 0.004464285714285714 0.0039634146341463415
2 0.6513798701298701 0.5175304878048781 0.004058441558441558 0.005182926829268293
2 0.6853693181818182 0.5179878048780487 0.004261363636363636 0.00426829268292683
14 0.6078530844155844 0.5224085365853659 0.05742694805194805 0.0875
14 0.4231939935064935 0.5245426829268293 0.041193181818181816 0.028353658536585367
15 0.5604707792207793 0.5246951219512195 0.006087662337662338 0.00548780487804878
2 0.552252435064935 0.5263719512195122 0.009537337662337662 0.01798780487804878
14 0.5362215909090909 0.5275914634146341 0.014001623376623376 0.01676829268292683
22 0.4572849025974026 0.5277439024390244 0.01075487012987013 0.015853658536585366
2 0.5738636363636364 0.5278963414634147 0.004464285714285714 0.005182926829268293
22 0.643262987012987 0.5288109756097561 0.00487012987012987 0.0039634146341463415
15 0.47625811688311687 0.5291158536585366 0.008928571428571428 0.00701219512195122
2 0.6852678571428571 0.5295731707317073 0.004058441558441558 0.003048780487804878
22 0.44886363636363635 0.5317073170731708 0.005275974025974026 0.00548780487804878
15 0.5647321428571429 0.5321646341463414 0.006087662337662338 0.005792682926829268
2 0.5739650974025974 0.5333841463414634 0.004667207792207792 0.004573170731707317
22 0.6437702922077922 0.5335365853658537 0.004261363636363636 0.003658536585365854
22 0.5578327922077922 0.5352134146341463 0.00487012987012987 0.005182926829268293
22 0.5507305194805194 0.5355182926829268 0.005275974025974026 0.005182926829268293
22 0.46732954545454547 0.5359756097560976 0.00974025974025974 0.013414634146341463
2 0.47483766233766234 0.5367378048780488 0.003246753246753247 0.0064024390243902435
2 0.4785917207792208 0.5370426829268292 0.003043831168831169 0.00701219512195122
2 0.5673701298701299 0.5378048780487805 0.00487012987012987 0.004878048780487805
22 0.4486607142857143 0.5379573170731707 0.00487012987012987 0.005182926829268293
22 0.5740665584415584 0.5384146341463415 0.00487012987012987 0.00426829268292683
2 0.6434659090909091 0.5385670731707317 0.004058441558441558 0.0039634146341463415
15 0.6751217532467533 0.5416158536585366 0.004464285714285714 0.010060975609756098
15 0.6697443181818182 0.541920731707317 0.0038555194805194805 0.010060975609756098
15 0.6442775974025974 0.5435975609756097 0.006087662337662338 0.00426829268292683
2 0.6438717532467533 0.5490853658536585 0.004464285714285714 0.003658536585365854
2 0.43526785714285715 0.5498475609756097 0.010957792207792208 0.014939024390243902
15 0.4213676948051948 0.5501524390243903 0.00872564935064935 0.00701219512195122
15 0.4645900974025974 0.5541158536585366 0.00872564935064935 0.0064024390243902435
22 0.5032467532467533 0.555640243902439 0.002840909090909091 0.008231707317073171
2 0.6733969155844156 0.5559451219512195 0.009537337662337662 0.015548780487804878
22 0.489650974025974 0.5560975609756098 0.003246753246753247 0.00853658536585366
2 0.5750811688311688 0.5565548780487805 0.004058441558441558 0.007621951219512195
2 0.4991883116883117 0.5567073170731708 0.003246753246753247 0.00975609756097561
2 0.4943181818181818 0.5570121951219512 0.003246753246753247 0.009146341463414634
7 0.5072037337662337 0.5585365853658537 0.0038555194805194805 0.013414634146341463
7 0.48579545454545453 0.5585365853658537 0.004464285714285714 0.012804878048780487
2 0.5456574675324676 0.5594512195121951 0.003246753246753247 0.00853658536585366
15 0.5643262987012987 0.5594512195121951 0.006493506493506494 0.00548780487804878
15 0.44500811688311687 0.5597560975609757 0.008522727272727272 0.006707317073170732
22 0.5420048701298701 0.5599085365853659 0.003246753246753247 0.007621951219512195
2 0.419237012987013 0.5614329268292683 0.0036525974025974025 0.004573170731707317
15 0.4458198051948052 0.5666158536585366 0.006087662337662338 0.005182926829268293
14 0.408887987012987 0.5673780487804878 0.013392857142857142 0.01768292682926829
22 0.5456574675324676 0.5684451219512195 0.003246753246753247 0.00701219512195122
22 0.43780438311688313 0.56875 0.005073051948051948 0.005182926829268293
22 0.46235795454545453 0.5689024390243902 0.005478896103896104 0.00426829268292683
22 0.4898538961038961 0.569359756097561 0.0036525974025974025 0.008231707317073171
2 0.42745535714285715 0.5704268292682927 0.009131493506493506 0.014634146341463415
22 0.494825487012987 0.5704268292682927 0.003043831168831169 0.007317073170731708
22 0.4994926948051948 0.5705792682926829 0.003043831168831169 0.00701219512195122
22 0.4190340909090909 0.5727134146341464 0.00487012987012987 0.004573170731707317
7 0.48528814935064934 0.5727134146341464 0.0038555194805194805 0.011890243902439025
7 0.5073051948051948 0.5728658536585366 0.004464285714285714 0.012804878048780487
2 0.5656452922077922 0.5728658536585366 0.009537337662337662 0.01768292682926829
2 0.6087662337662337 0.5746951219512195 0.002840909090909091 0.006097560975609756
2 0.6056209415584416 0.5748475609756097 0.003043831168831169 0.0064024390243902435
22 0.4621550324675325 0.5757621951219513 0.004667207792207792 0.004573170731707317
2 0.5455560064935064 0.5769817073170732 0.002637987012987013 0.00701219512195122
2 0.5867491883116883 0.5777439024390244 0.0034496753246753245 0.006707317073170732
22 0.419338474025974 0.5780487804878048 0.0038555194805194805 0.00426829268292683
2 0.5796469155844156 0.5792682926829268 0.009537337662337662 0.014634146341463415
2 0.43648538961038963 0.5795731707317073 0.009334415584415584 0.01524390243902439
2 0.44825487012987014 0.5801829268292683 0.013392857142857142 0.013414634146341463
2 0.4903612012987013 0.5807926829268293 0.00588474025974026 0.006097560975609756
22 0.48163555194805197 0.5810975609756097 0.005073051948051948 0.004878048780487805
15 0.5723417207792207 0.5814024390243903 0.004261363636363636 0.010365853658536586
21 0.533685064935065 0.5817073170731707 0.006493506493506494 0.010365853658536586
2 0.4590097402597403 0.5865853658536585 0.014204545454545454 0.012195121951219513
2 0.5517451298701299 0.5871951219512195 0.009334415584415584 0.02378048780487805
2 0.4708806818181818 0.5873475609756098 0.0038555194805194805 0.008841463414634146
2 0.5046672077922078 0.589329268292683 0.003246753246753247 0.003658536585365854
2 0.5583400974025974 0.5911585365853659 0.002637987012987013 0.007317073170731708
22 0.586140422077922 0.5916158536585366 0.004667207792207792 0.004573170731707317
2 0.5423092532467533 0.5917682926829269 0.002637987012987013 0.006707317073170732
22 0.5044642857142857 0.594359756097561 0.00487012987012987 0.0039634146341463415
2 0.572950487012987 0.5946646341463414 0.002637987012987013 0.00701219512195122
22 0.5630073051948052 0.5948170731707317 0.002637987012987013 0.007317073170731708
22 0.5660511363636364 0.5948170731707317 0.003043831168831169 0.007317073170731708
22 0.5693993506493507 0.5951219512195122 0.002840909090909091 0.006707317073170732
2 0.45068993506493504 0.5963414634146341 0.013392857142857142 0.015853658536585366
21 0.658786525974026 0.5972560975609756 0.006290584415584416 0.00975609756097561
21 0.6471185064935064 0.5974085365853659 0.006899350649350649 0.010060975609756098
21 0.666700487012987 0.5974085365853659 0.006696428571428571 0.010060975609756098
22 0.5863433441558441 0.5977134146341463 0.005073051948051948 0.004573170731707317
2 0.43709415584415584 0.5978658536585366 0.010146103896103896 0.01402439024390244
22 0.5787337662337663 0.5980182926829268 0.00487012987012987 0.0039634146341463415
21 0.6376826298701299 0.5983231707317073 0.00588474025974026 0.010060975609756098
2 0.47169237012987014 0.6001524390243902 0.005073051948051948 0.005182926829268293
2 0.5039569805194806 0.6001524390243902 0.00588474025974026 0.005182926829268293
22 0.5094358766233766 0.600609756097561 0.003043831168831169 0.007317073170731708
22 0.4627637987012987 0.6019817073170731 0.005073051948051948 0.004573170731707317
22 0.5863433441558441 0.6028963414634146 0.004261363636363636 0.0039634146341463415
2 0.6533076298701299 0.6039634146341464 0.002232142857142857 0.006707317073170732
22 0.6748173701298701 0.6042682926829268 0.005073051948051948 0.004878048780487805
14 0.609273538961039 0.6047256097560976 0.011972402597402598 0.019817073170731708
22 0.5788352272727273 0.605030487804878 0.004667207792207792 0.004573170731707317
2 0.4718952922077922 0.6051829268292683 0.005478896103896104 0.00426829268292683
2 0.5043628246753247 0.6059451219512195 0.0038555194805194805 0.005182926829268293
21 0.5295251623376623 0.6077743902439025 0.007102272727272727 0.008841463414634146
22 0.586140422077922 0.6080792682926829 0.004667207792207792 0.005182926829268293
22 0.6742086038961039 0.6085365853658536 0.004667207792207792 0.003658536585365854
22 0.4624594155844156 0.6086890243902439 0.004464285714285714 0.0039634146341463415
2 0.6812094155844156 0.6088414634146342 0.004058441558441558 0.00426829268292683
14 0.48863636363636365 0.6097560975609756 0.020292207792207792 0.05060975609756098
22 0.47179383116883117 0.6106707317073171 0.005275974025974026 0.00426829268292683
22 0.43110795454545453 0.6109756097560975 0.005073051948051948 0.004878048780487805
15 0.6181006493506493 0.6111280487804878 0.003246753246753247 0.009451219512195122
2 0.5786323051948052 0.6114329268292683 0.004667207792207792 0.004573170731707317
22 0.586140422077922 0.613109756097561 0.004261363636363636 0.00426829268292683
15 0.6751217532467533 0.6134146341463415 0.006493506493506494 0.004878048780487805
2 0.6312905844155844 0.6140243902439024 0.004464285714285714 0.003658536585365854
2 0.4715909090909091 0.6150914634146342 0.004464285714285714 0.003353658536585366
2 0.4511972402597403 0.6158536585365854 0.009537337662337662 0.016463414634146342
2 0.505073051948052 0.6163109756097561 0.006493506493506494 0.005182926829268293
22 0.5238433441558441 0.6172256097560975 0.005073051948051948 0.004573170731707317
22 0.531351461038961 0.6172256097560975 0.005073051948051948 0.0039634146341463415
2 0.5789366883116883 0.6173780487804879 0.004058441558441558 0.003658536585365854
2 0.43922483766233766 0.618140243902439 0.009537337662337662 0.01676829268292683
2 0.6312905844155844 0.6185975609756098 0.004058441558441558 0.003048780487804878
2 0.674310064935065 0.61875 0.00487012987012987 0.0039634146341463415
22 0.5862418831168831 0.6190548780487805 0.00487012987012987 0.0039634146341463415
2 0.4718952922077922 0.619969512195122 0.005073051948051948 0.003353658536585366
22 0.606939935064935 0.620579268292683 0.0036525974025974025 0.008231707317073171
22 0.6030844155844156 0.6207317073170732 0.002840909090909091 0.006707317073170732
2 0.6132305194805194 0.6211890243902439 0.002840909090909091 0.0064024390243902435
2 0.5046672077922078 0.6217987804878049 0.004464285714285714 0.0039634146341463415
2 0.531452922077922 0.6217987804878049 0.004464285714285714 0.0039634146341463415
2 0.5789366883116883 0.6225609756097561 0.004058441558441558 0.00426829268292683
2 0.6317978896103896 0.6230182926829269 0.004667207792207792 0.003353658536585366
2 0.674310064935065 0.6233231707317073 0.004464285714285714 0.0039634146341463415
22 0.4718952922077922 0.6248475609756098 0.004667207792207792 0.004573170731707317
21 0.6816152597402597 0.6251524390243902 0.007305194805194805 0.008841463414634146
14 0.554484577922078 0.6257621951219512 0.033076298701298704 0.049695121951219515
2 0.46114042207792205 0.6260670731707317 0.013189935064935064 0.024695121951219513
2 0.5928368506493507 0.6269817073170731 0.004667207792207792 0.004573170731707317
2 0.6316964285714286 0.6269817073170731 0.00487012987012987 0.0039634146341463415
2 0.5047686688311688 0.6271341463414634 0.004667207792207792 0.00426829268292683
15 0.5864448051948052 0.6275914634146341 0.004464285714285714 0.004573170731707317
22 0.5306412337662337 0.6283536585365853 0.005275974025974026 0.00548780487804878
22 0.4411525974025974 0.6286585365853659 0.004464285714285714 0.00426829268292683
22 0.5787337662337663 0.6288109756097561 0.004464285714285714 0.004573170731707317
2 0.6314935064935064 0.6315548780487805 0.004464285714285714 0.0039634146341463415
22 0.5862418831168831 0.6326219512195121 0.004464285714285714 0.00426829268292683
2 0.44835633116883117 0.6329268292682927 0.01278409090909091 0.016463414634146342
2 0.6168831168831169 0.6338414634146341 0.00974025974025974 0.01707317073170732
2 0.5789366883116883 0.6339939024390244 0.005275974025974026 0.004573170731707317
2 0.6049107142857143 0.6342987804878049 0.011363636363636364 0.014939024390243902
2 0.4359780844155844 0.6349085365853658 0.005478896103896104 0.005182926829268293
22 0.624898538961039 0.635670731707317 0.005073051948051948 0.00426829268292683
2 0.4981737012987013 0.6358231707317074 0.004058441558441558 0.004573170731707317
2 0.531351461038961 0.636280487804878 0.004261363636363636 0.00426829268292683
22 0.6315949675324676 0.6364329268292683 0.004667207792207792 0.0039634146341463415
14 0.653814935064935 0.6367378048780488 0.032873376623376624 0.049695121951219515
22 0.586140422077922 0.6381097560975609 0.004667207792207792 0.003658536585365854
2 0.5787337662337663 0.6387195121951219 0.00487012987012987 0.003048780487804878
2 0.6741071428571429 0.6388719512195122 0.005275974025974026 0.0039634146341463415
2 0.515523538961039 0.6403963414634146 0.002637987012987013 0.0064024390243902435
2 0.6314935064935064 0.6405487804878048 0.004464285714285714 0.003048780487804878
22 0.624797077922078 0.6407012195121952 0.004464285714285714 0.003353658536585366
21 0.6853693181818182 0.6420731707317073 0.007102272727272727 0.00975609756097561
15 0.674411525974026 0.6432926829268293 0.005073051948051948 0.003658536585365854
2 0.531452922077922 0.6434451219512195 0.004058441558441558 0.003353658536585366
2 0.4811282467532468 0.6435975609756097 0.010146103896103896 0.016463414634146342
22 0.5863433441558441 0.6435975609756097 0.005073051948051948 0.00426829268292683
2 0.43273133116883117 0.64375 0.004261363636363636 0.0039634146341463415
2 0.5790381493506493 0.644359756097561 0.004667207792207792 0.004573170731707317
2 0.6315949675324676 0.6452743902439024 0.0038555194805194805 0.00274390243902439
15 0.6083603896103896 0.646189024390244 0.006493506493506494 0.005792682926829268
22 0.5315543831168831 0.6481707317073171 0.005073051948051948 0.003658536585365854
2 0.5790381493506493 0.6490853658536585 0.004261363636363636 0.00426829268292683
2 0.6314935064935064 0.649390243902439 0.004058441558441558 0.003048780487804878
22 0.6817167207792207 0.6495426829268293 0.004261363636363636 0.0039634146341463415
2 0.515726461038961 0.6496951219512195 0.003043831168831169 0.006707317073170732
22 0.5864448051948052 0.6504573170731708 0.005275974025974026 0.004573170731707317
2 0.6758319805194806 0.6516768292682927 0.004667207792207792 0.0039634146341463415
2 0.44105113636363635 0.6524390243902439 0.016030844155844156 0.02621951219512195
22 0.5317573051948052 0.6532012195121951 0.004667207792207792 0.0039634146341463415
2 0.6315949675324676 0.6536585365853659 0.0038555194805194805 0.003658536585365854
22 0.5793425324675324 0.6545731707317073 0.00487012987012987 0.003658536585365854
2 0.6237824675324676 0.6545731707317073 0.01176948051948052 0.01768292682926829
15 0.6115056818181818 0.655030487804878 0.006290584415584416 0.0064024390243902435
22 0.5862418831168831 0.655640243902439 0.00487012987012987 0.0039634146341463415
2 0.6316964285714286 0.6586890243902439 0.004058441558441558 0.0039634146341463415
2 0.5472808441558441 0.6609756097560976 0.003246753246753247 0.007317073170731708
2 0.5709212662337663 0.6609756097560976 0.002637987012987013 0.006097560975609756
22 0.533786525974026 0.6611280487804878 0.002637987012987013 0.0064024390243902435
2 0.5370332792207793 0.6611280487804878 0.002637987012987013 0.007621951219512195
2 0.5610795454545454 0.6611280487804878 0.002840909090909091 0.00701219512195122
22 0.567775974025974 0.6611280487804878 0.0036525974025974025 0.008231707317073171
2 0.5542816558441559 0.661280487804878 0.002232142857142857 0.007926829268292683
2 0.5577313311688312 0.661280487804878 0.003043831168831169 0.007317073170731708
2 0.5643262987012987 0.661280487804878 0.003246753246753247 0.007317073170731708
22 0.5403814935064936 0.6614329268292682 0.002840909090909091 0.008231707317073171
2 0.5438311688311688 0.6614329268292682 0.002840909090909091 0.007621951219512195
2 0.5508319805194806 0.6614329268292682 0.002637987012987013 0.007621951219512195
2 0.5122767857142857 0.6625 0.010349025974025974 0.01707317073170732
2 0.6220576298701299 0.6647865853658537 0.004261363636363636 0.005182926829268293
15 0.5227272727272727 0.6649390243902439 0.006493506493506494 0.00548780487804878
15 0.502637987012987 0.6655487804878049 0.006087662337662338 0.004878048780487805
14 0.6096793831168831 0.6673780487804878 0.016436688311688312 0.01768292682926829
2 0.6763392857142857 0.667530487804878 0.0036525974025974025 0.007621951219512195
22 0.6618303571428571 0.6685975609756097 0.002637987012987013 0.006707317073170732
2 0.6652800324675324 0.66875 0.0034496753246753245 0.0064024390243902435
2 0.460836038961039 0.6689024390243903 0.017857142857142856 0.02926829268292683
2 0.6383928571428571 0.6689024390243903 0.003246753246753247 0.007317073170731708
2 0.648538961038961 0.6689024390243903 0.002840909090909091 0.006707317073170732
2 0.6555397727272727 0.6689024390243903 0.003043831168831169 0.006707317073170732
2 0.6689326298701299 0.6689024390243903 0.002637987012987013 0.007317073170731708
2 0.6419439935064936 0.6690548780487805 0.002637987012987013 0.007621951219512195
2 0.6451907467532467 0.6690548780487805 0.002232142857142857 0.00701219512195122
2 0.6584821428571429 0.6690548780487805 0.002840909090909091 0.0064024390243902435
2 0.6516842532467533 0.6692073170731707 0.003043831168831169 0.007317073170731708
15 0.6339285714285714 0.6707317073170732 0.0036525974025974025 0.009146341463414634
2 0.5687905844155844 0.6708841463414634 0.002435064935064935 0.005792682926829268
22 0.5440340909090909 0.6710365853658536 0.003246753246753247 0.007926829268292683
2 0.5472808441558441 0.6710365853658536 0.002435064935064935 0.007317073170731708
22 0.5611810064935064 0.6710365853658536 0.0034496753246753245 0.007926829268292683
2 0.5324675324675324 0.6711890243902439 0.002840909090909091 0.00701219512195122
2 0.5506290584415584 0.6711890243902439 0.002637987012987013 0.00701219512195122
2 0.5648336038961039 0.6711890243902439 0.002637987012987013 0.00701219512195122
22 0.5726461038961039 0.6711890243902439 0.003246753246753247 0.00701219512195122
2 0.5541801948051948 0.6713414634146342 0.002840909090909091 0.007317073170731708
2 0.557426948051948 0.6713414634146342 0.002840909090909091 0.006707317073170732
15 0.5229301948051948 0.6714939024390244 0.006493506493506494 0.005182926829268293
22 0.5368303571428571 0.6714939024390244 0.0034496753246753245 0.008231707317073171
2 0.5403814935064936 0.6714939024390244 0.002840909090909091 0.007621951219512195
2 0.41781655844155846 0.6716463414634146 0.0036525974025974025 0.007926829268292683
15 0.38372564935064934 0.6719512195121952 0.006493506493506494 0.006097560975609756
2 0.5106534090909091 0.6725609756097561 0.004261363636363636 0.00426829268292683
2 0.42694805194805197 0.6733231707317073 0.0174512987012987 0.019817073170731708
14 0.6833400974025974 0.6736280487804878 0.009131493506493506 0.024085365853658537
7 0.690239448051948 0.6737804878048781 0.004667207792207792 0.015853658536585366
2 0.4446022727272727 0.6751524390243903 0.01461038961038961 0.024085365853658537
2 0.6266233766233766 0.676219512195122 0.012175324675324676 0.014634146341463415
22 0.6764407467532467 0.6772865853658536 0.0034496753246753245 0.007621951219512195
2 0.6555397727272727 0.6788109756097561 0.002637987012987013 0.00701219512195122
22 0.6516842532467533 0.6789634146341463 0.003043831168831169 0.007317073170731708
2 0.6451907467532467 0.6791158536585366 0.002637987012987013 0.00701219512195122
22 0.658887987012987 0.6791158536585366 0.002435064935064935 0.0064024390243902435
22 0.6627435064935064 0.6791158536585366 0.002840909090909091 0.00701219512195122
14 0.49857954545454547 0.6792682926829269 0.017045454545454544 0.01707317073170732
22 0.6418425324675324 0.6792682926829269 0.003246753246753247 0.007317073170731708
22 0.510551948051948 0.6829268292682927 0.00487012987012987 0.00426829268292683
6 0.3996550324675325 0.6841463414634147 0.010349025974025974 0.045121951219512194
2 0.5306412337662337 0.6847560975609757 0.015422077922077922 0.014634146341463415
22 0.5542816558441559 0.6849085365853659 0.003043831168831169 0.00701219512195122
22 0.5642248376623377 0.6849085365853659 0.0034496753246753245 0.00701219512195122
22 0.567674512987013 0.6849085365853659 0.003043831168831169 0.007621951219512195
22 0.5438311688311688 0.6850609756097561 0.002840909090909091 0.007926829268292683
22 0.5472808441558441 0.6850609756097561 0.003246753246753247 0.007317073170731708
22 0.5507305194805194 0.6850609756097561 0.002840909090909091 0.006707317073170732
22 0.557325487012987 0.6850609756097561 0.002637987012987013 0.006707317073170732
22 0.619926948051948 0.6852134146341463 0.005275974025974026 0.004573170731707317
22 0.5605722402597403 0.6853658536585366 0.003043831168831169 0.007317073170731708
22 0.6136363636363636 0.6855182926829269 0.00487012987012987 0.004573170731707317
2 0.5186688311688312 0.6856707317073171 0.01176948051948052 0.01768292682926829
2 0.6079545454545454 0.6876524390243902 0.002840909090909091 0.007621951219512195
22 0.510551948051948 0.6882621951219512 0.00487012987012987 0.0039634146341463415
22 0.6520900974025974 0.6888719512195122 0.0034496753246753245 0.007621951219512195
22 0.6584821428571429 0.6888719512195122 0.003246753246753247 0.0064024390243902435
22 0.6454951298701299 0.6890243902439024 0.002840909090909091 0.007317073170731708
2 0.6705560064935064 0.6890243902439024 0.011566558441558442 0.020731707317073172
7 0.4928977272727273 0.6922256097560976 0.008928571428571428 0.005792682926829268
22 0.5009131493506493 0.6922256097560976 0.005073051948051948 0.004573170731707317
22 0.6213474025974026 0.6923780487804878 0.004464285714285714 0.00426829268292683
22 0.614650974025974 0.6926829268292682 0.00487012987012987 0.00426829268292683
7 0.6337256493506493 0.6926829268292682 0.004464285714285714 0.014634146341463415
7 0.6299715909090909 0.693140243902439 0.0038555194805194805 0.015548780487804878
2 0.5094358766233766 0.6945121951219512 0.005073051948051948 0.00426829268292683
2 0.5186688311688312 0.6948170731707317 0.00487012987012987 0.00426829268292683
14 0.599025974025974 0.6986280487804878 0.012987012987012988 0.025914634146341462
7 0.6729910714285714 0.6986280487804878 0.011972402597402598 0.007621951219512195
15 0.6556412337662337 0.6989329268292683 0.003246753246753247 0.008231707317073171
22 0.6081574675324676 0.6990853658536585 0.002840909090909091 0.006707317073170732
22 0.6382913961038961 0.699390243902439 0.003043831168831169 0.007317073170731708
22 0.648640422077922 0.699390243902439 0.003043831168831169 0.007317073170731708
22 0.6518871753246753 0.699390243902439 0.003043831168831169 0.007317073170731708
22 0.658989448051948 0.699390243902439 0.003043831168831169 0.006097560975609756
22 0.4368912337662338 0.6995426829268293 0.002840909090909091 0.00701219512195122
22 0.4472402597402597 0.6995426829268293 0.002840909090909091 0.00701219512195122
15 0.6450892857142857 0.6995426829268293 0.0036525974025974025 0.007621951219512195
15 0.6619318181818182 0.6995426829268293 0.0036525974025974025 0.007621951219512195
22 0.4255275974025974 0.6996951219512195 0.003246753246753247 0.007317073170731708
22 0.45140016233766234 0.6996951219512195 0.0034496753246753245 0.007926829268292683
22 0.6260146103896104 0.6996951219512195 0.002840909090909091 0.007317073170731708
22 0.41964285714285715 0.7 0.003246753246753247 0.007317073170731708
22 0.41446834415584416 0.7004573170731707 0.003043831168831169 0.007621951219512195
22 0.42999188311688313 0.7004573170731707 0.003246753246753247 0.00701219512195122
22 0.44155844155844154 0.7004573170731707 0.0036525974025974025 0.007621951219512195
22 0.5355113636363636 0.7024390243902439 0.002840909090909091 0.007317073170731708
22 0.5390625 0.7024390243902439 0.003043831168831169 0.007317073170731708
22 0.5425121753246753 0.7024390243902439 0.003043831168831169 0.007317073170731708
22 0.5462662337662337 0.7024390243902439 0.003246753246753247 0.006707317073170732
22 0.5500202922077922 0.7024390243902439 0.002232142857142857 0.006097560975609756
22 0.5263798701298701 0.7025914634146342 0.003246753246753247 0.007621951219512195
22 0.557426948051948 0.7025914634146342 0.002840909090909091 0.007621951219512195
22 0.4878246753246753 0.7027439024390244 0.002435064935064935 0.006707317073170732
22 0.5296266233766234 0.7027439024390244 0.003246753246753247 0.007317073170731708
22 0.4836647727272727 0.7030487804878048 0.002637987012987013 0.007317073170731708
2 0.49624594155844154 0.7032012195121952 0.009537337662337662 0.015548780487804878
2 0.5899959415584416 0.7036585365853658 0.003043831168831169 0.007926829268292683
7 0.6730925324675324 0.7060975609756097 0.012175324675324676 0.007317073170731708
22 0.6080560064935064 0.7088414634146342 0.003043831168831169 0.006707317073170732
22 0.6335227272727273 0.7091463414634146 0.002840909090909091 0.007317073170731708
22 0.6256087662337663 0.7094512195121951 0.003246753246753247 0.007317073170731708
22 0.6299715909090909 0.7096036585365854 0.003043831168831169 0.008231707317073171
22 0.6420454545454546 0.7096036585365854 0.002840909090909091 0.00701219512195122
22 0.6382913961038961 0.7097560975609756 0.002637987012987013 0.007317073170731708
7 0.6471185064935064 0.7106707317073171 0.006493506493506494 0.01097560975609756
7 0.6544237012987013 0.7106707317073171 0.006493506493506494 0.01097560975609756
7 0.6622362012987013 0.7109756097560975 0.006696428571428571 0.011585365853658536
7 0.6149553571428571 0.7125 0.003043831168831169 0.01402439024390244
2 0.44886363636363635 0.7126524390243902 0.006493506493506494 0.005792682926829268
2 0.4387175324675325 0.7128048780487805 0.006087662337662338 0.00548780487804878
7 0.6184050324675324 0.7129573170731708 0.004261363636363636 0.014939024390243902
22 0.46915584415584416 0.7134146341463414 0.002840909090909091 0.007926829268292683
22 0.47351866883116883 0.713719512195122 0.003043831168831169 0.007317073170731708
22 0.6748173701298701 0.7140243902439024 0.002637987012987013 0.007317073170731708
2 0.416599025974026 0.7141768292682927 0.006493506493506494 0.005792682926829268
22 0.6784699675324676 0.714329268292683 0.0034496753246753245 0.007317073170731708
2 0.4275568181818182 0.7144817073170732 0.006087662337662338 0.005182926829268293
22 0.6709618506493507 0.7144817073170732 0.0034496753246753245 0.007621951219512195
15 0.5996347402597403 0.7210365853658537 0.0036525974025974025 0.009146341463414634
6 0.5765016233766234 0.7227134146341463 0.012175324675324676 0.06859756097560976
22 0.6127232142857143 0.725609756097561 0.003043831168831169 0.007317073170731708
22 0.6171875 0.725609756097561 0.003043831168831169 0.007317073170731708
2 0.6078530844155844 0.7259146341463415 0.002637987012987013 0.006707317073170732
15 0.43323863636363635 0.7295731707317074 0.006493506493506494 0.004878048780487805
22 0.403713474025974 0.7298780487804878 0.003043831168831169 0.007317073170731708
22 0.4082792207792208 0.730640243902439 0.0036525974025974025 0.008231707317073171
2 0.4744318181818182 0.7317073170731707 0.002840909090909091 0.006707317073170732
2 0.42349837662337664 0.7330792682926829 0.008928571428571428 0.022865853658536585
2 0.4655032467532468 0.7341463414634146 0.012581168831168832 0.012195121951219513
14 0.5212053571428571 0.7344512195121952 0.08583603896103896 0.043292682926829265
2 0.44439935064935066 0.7358231707317073 0.016639610389610388 0.01676829268292683
15 0.4580965909090909 0.7371951219512195 0.0038555194805194805 0.009146341463414634
14 0.6134334415584416 0.7458841463414634 0.010551948051948052 0.020426829268292684
14 0.43587662337662336 0.7483231707317073 0.016639610389610388 0.017378048780487806
2 0.4706777597402597 0.7492378048780488 0.010349025974025974 0.02347560975609756
22 0.6018668831168831 0.7509146341463414 0.002840909090909091 0.007317073170731708
22 0.6061282467532467 0.7510670731707317 0.003246753246753247 0.007621951219512195
22 0.4460227272727273 0.7524390243902439 0.0036525974025974025 0.006707317073170732
22 0.45140016233766234 0.7525914634146341 0.003043831168831169 0.007621951219512195
15 0.4577922077922078 0.7527439024390243 0.004058441558441558 0.00975609756097561
2 0.5659496753246753 0.7536585365853659 0.002435064935064935 0.006097560975609756
2 0.5582386363636364 0.7605182926829268 0.004464285714285714 0.004573170731707317
15 0.5172483766233766 0.760670731707317 0.006493506493506494 0.00548780487804878
22 0.5523538961038961 0.760670731707317 0.00487012987012987 0.003658536585365854