23 0.34375 0.328125 0.014423076923076924 0.01201923076923077
3 0.1658653846153846 0.36658653846153844 0.014423076923076924 0.01201923076923077
3 0.6045673076923077 0.29927884615384615 0.036057692307692304 0.07451923076923077
15 0.5697115384615384 0.3269230769230769 0.057692307692307696 0.09615384615384616
15 0.5288461538461539 0.33413461538461536 0.04807692307692308 0.09615384615384616
23 0.6358173076923077 0.3329326923076923 0.021634615384615384 0.01201923076923077
23 0.6213942307692307 0.3473557692307692 0.021634615384615384 0.01201923076923077
28 0.3786057692307692 0.3894230769230769 0.09375 0.12980769230769232
15 0.6213942307692307 0.36538461538461536 0.016826923076923076 0.02403846153846154
3 0.7091346153846154 0.3557692307692308 0.009615384615384616 0.019230769230769232
7 0.546875 0.3954326923076923 0.016826923076923076 0.03125
15 0.59375 0.40024038461538464 0.03365384615384615 0.06490384615384616
23 0.640625 0.4098557692307692 0.03125 0.036057692307692304
7 0.5348557692307693 0.43990384615384615 0.007211538461538462 0.009615384615384616
7 0.5588942307692307 0.44471153846153844 0.007211538461538462 0.009615384615384616
7 0.5661057692307693 0.4495192307692308 0.007211538461538462 0.009615384615384616
7 0.5384615384615384 0.46033653846153844 0.004807692307692308 0.007211538461538462
28 0.1814903846153846 0.5216346153846154 0.040865384615384616 0.052884615384615384
14 0.5516826923076923 0.4651442307692308 0.021634615384615384 0.026442307692307692
3 0.6021634615384616 0.46153846153846156 0.01201923076923077 0.02403846153846154
3 0.5324519230769231 0.47716346153846156 0.01201923076923077 0.01201923076923077
7 0.5697115384615384 0.4807692307692308 0.009615384615384616 0.009615384615384616
3 0.6310096153846154 0.47475961538461536 0.021634615384615384 0.021634615384615384
3 0.5901442307692307 0.48197115384615385 0.016826923076923076 0.026442307692307692
7 0.5576923076923077 0.4891826923076923 0.004807692307692308 0.007211538461538462
7 0.6045673076923077 0.49038461538461536 0.007211538461538462 0.009615384615384616
7 0.6189903846153846 0.4879807692307692 0.007211538461538462 0.009615384615384616
7 0.5985576923076923 0.5048076923076923 0.009615384615384616 0.009615384615384616
7 0.5637019230769231 0.5108173076923077 0.01201923076923077 0.016826923076923076
15 0.640625 0.5 0.01201923076923077 0.014423076923076924
14 0.6310096153846154 0.5024038461538461 0.01201923076923077 0.019230769230769232
29 0.7103365384615384 0.49399038461538464 0.016826923076923076 0.016826923076923076
14 0.6838942307692307 0.4987980769230769 0.01201923076923077 0.021634615384615384
28 0.42908653846153844 0.5420673076923077 0.10336538461538461 0.13221153846153846
3 0.18870192307692307 0.5997596153846154 0.06971153846153846 0.0889423076923077
7 0.4987980769230769 0.5540865384615384 0.016826923076923076 0.03125
3 0.3401442307692308 0.5853365384615384 0.03125 0.04567307692307692
7 0.2824519230769231 0.6033653846153846 0.007211538461538462 0.014423076923076924
29 0.3161057692307692 0.6237980769230769 0.01201923076923077 0.021634615384615384
3 0.3545673076923077 0.6274038461538461 0.036057692307692304 0.052884615384615384
3 0.5300480769230769 0.6033653846153846 0.026442307692307692 0.03365384615384615
14 0.703125 0.5757211538461539 0.01201923076923077 0.016826923076923076
23 0.25961538461538464 0.6598557692307693 0.019230769230769232 0.021634615384615384
15 0.42908653846153844 0.6382211538461539 0.016826923076923076 0.021634615384615384
7 0.5949519230769231 0.6141826923076923 0.007211538461538462 0.01201923076923077
7 0.6225961538461539 0.609375 0.004807692307692308 0.007211538461538462
3 0.5649038461538461 0.6189903846153846 0.02403846153846154 0.03125
7 0.23798076923076922 0.671875 0.004807692307692308 0.007211538461538462
3 0.45072115384615385 0.6478365384615384 0.026442307692307692 0.06490384615384616
3 0.6153846153846154 0.6213942307692307 0.028846153846153848 0.036057692307692304
3 0.40625 0.6598557692307693 0.02403846153846154 0.036057692307692304
3 0.5288461538461539 0.6454326923076923 0.028846153846153848 0.036057692307692304
23 0.37740384615384615 0.6730769230769231 0.014423076923076924 0.03365384615384615
14 0.2536057692307692 0.6911057692307693 0.021634615384615384 0.026442307692307692
3 0.35697115384615385 0.6790865384615384 0.021634615384615384 0.026442307692307692
7 0.4639423076923077 0.6610576923076923 0.004807692307692308 0.004807692307692308
3 0.203125 0.7043269230769231 0.08413461538461539 0.10096153846153846
23 0.3233173076923077 0.6862980769230769 0.016826923076923076 0.026442307692307692
7 0.4639423076923077 0.6682692307692307 0.004807692307692308 0.004807692307692308
23 0.4362980769230769 0.671875 0.01201923076923077 0.021634615384615384
23 0.6862980769230769 0.6346153846153846 0.007211538461538462 0.009615384615384616
23 0.29086538461538464 0.6971153846153846 0.019230769230769232 0.019230769230769232
7 0.47836538461538464 0.6790865384615384 0.004807692307692308 0.007211538461538462
7 0.47475961538461536 0.6802884615384616 0.007211538461538462 0.009615384615384616
7 0.49038461538461536 0.6790865384615384 0.004807692307692308 0.007211538461538462
14 0.35216346153846156 0.7007211538461539 0.01201923076923077 0.01201923076923077
7 0.5348557692307693 0.6730769230769231 0.007211538461538462 0.009615384615384616
7 0.35096153846153844 0.7139423076923077 0.004807692307692308 0.004807692307692308
3 0.7079326923076923 0.6646634615384616 0.016826923076923076 0.021634615384615384
7 0.35096153846153844 0.7235576923076923 0.004807692307692308 0.004807692307692308
7 0.35336538461538464 0.7307692307692307 0.004807692307692308 0.004807692307692308
7 0.7115384615384616 0.6766826923076923 0.009615384615384616 0.007211538461538462
29 0.3088942307692308 0.7463942307692307 0.01201923076923077 0.016826923076923076
3 0.6550480769230769 0.6935096153846154 0.021634615384615384 0.03125
15 0.6322115384615384 0.6983173076923077 0.02403846153846154 0.03125
7 0.29927884615384615 0.7536057692307693 0.007211538461538462 0.01201923076923077
6 0.21394230769230768 0.7680288461538461 0.02403846153846154 0.036057692307692304
6 0.515625 0.7235576923076923 0.040865384615384616 0.019230769230769232
3 0.45552884615384615 0.7391826923076923 0.016826923076923076 0.026442307692307692
3 0.7439903846153846 0.703125 0.016826923076923076 0.026442307692307692
6 0.7091346153846154 0.7127403846153846 0.04326923076923077 0.026442307692307692
6 0.24158653846153846 0.7896634615384616 0.021634615384615384 0.026442307692307692
3 0.5192307692307693 0.7439903846153846 0.014423076923076924 0.026442307692307692
6 0.5829326923076923 0.7367788461538461 0.016826923076923076 0.016826923076923076
15 0.36177884615384615 0.7776442307692307 0.021634615384615384 0.026442307692307692
6 0.6069711538461539 0.7391826923076923 0.026442307692307692 0.021634615384615384
6 0.5540865384615384 0.75 0.04567307692307692 0.02403846153846154
15 0.3858173076923077 0.7776442307692307 0.021634615384615384 0.026442307692307692
15 0.6766826923076923 0.7319711538461539 0.007211538461538462 0.01201923076923077
3 0.6622596153846154 0.734375 0.021634615384615384 0.026442307692307692
3 0.5324519230769231 0.2704326923076923 0.016826923076923076 0.026442307692307692
3 0.5576923076923077 0.2644230769230769 0.019230769230769232 0.03365384615384615
3 0.515625 0.27283653846153844 0.016826923076923076 0.03125
23 0.3329326923076923 0.30649038461538464 0.016826923076923076 0.021634615384615384
14 0.35336538461538464 0.3076923076923077 0.02403846153846154 0.028846153846153848