23 0.6201923076923077 0.390625 0.014423076923076924 0.016826923076923076
3 0.6370192307692307 0.2608173076923077 0.009615384615384616 0.007211538461538462
23 0.6334134615384616 0.28846153846153844 0.01201923076923077 0.014423076923076924
6 0.6490384615384616 0.1658653846153846 0.038461538461538464 0.019230769230769232
23 0.5841346153846154 0.6141826923076923 0.014423076923076924 0.016826923076923076
3 0.6105769230769231 0.41225961538461536 0.014423076923076924 0.007211538461538462
3 0.578125 0.6466346153846154 0.01201923076923077 0.009615384615384616
6 0.5612980769230769 0.7355769230769231 0.036057692307692304 0.02403846153846154
6 0.6322115384615384 0.21754807692307693 0.038461538461538464 0.06971153846153846
23 0.6129807692307693 0.3581730769230769 0.004807692307692308 0.004807692307692308
23 0.6069711538461539 0.3870192307692308 0.01201923076923077 0.014423076923076924
23 0.6213942307692307 0.2860576923076923 0.01201923076923077 0.014423076923076924
6 0.5973557692307693 0.453125 0.036057692307692304 0.06971153846153846
6 0.5625 0.6862980769230769 0.03365384615384615 0.06971153846153846
23 0.5733173076923077 0.6129807692307693 0.01201923076923077 0.014423076923076924
23 0.6081730769230769 0.3557692307692308 0.004807692307692308 0.004807692307692308
23 0.5817307692307693 0.5036057692307693 0.009615384615384616 0.007211538461538462
23 0.6033653846153846 0.3557692307692308 0.004807692307692308 0.004807692307692308
23 0.5817307692307693 0.4987980769230769 0.009615384615384616 0.007211538461538462
23 0.5841346153846154 0.49158653846153844 0.009615384615384616 0.007211538461538462
23 0.5817307692307693 0.5084134615384616 0.009615384615384616 0.007211538461538462
23 0.6057692307692307 0.3245192307692308 0.004807692307692308 0.004807692307692308
23 0.5961538461538461 0.3858173076923077 0.014423076923076924 0.016826923076923076
23 0.609375 0.2932692307692308 0.01201923076923077 0.014423076923076924
14 0.6021634615384616 0.3389423076923077 0.026442307692307692 0.019230769230769232
3 0.5673076923076923 0.5661057692307693 0.038461538461538464 0.026442307692307692
3 0.5733173076923077 0.5228365384615384 0.036057692307692304 0.026442307692307692
3 0.5697115384615384 0.5432692307692307 0.038461538461538464 0.02403846153846154
23 0.5961538461538461 0.3557692307692308 0.004807692307692308 0.004807692307692308
23 0.5625 0.6045673076923077 0.014423076923076924 0.016826923076923076
23 0.5985576923076923 0.32211538461538464 0.004807692307692308 0.004807692307692308
23 0.5913461538461539 0.35336538461538464 0.004807692307692308 0.004807692307692308
3 0.6057692307692307 0.23677884615384615 0.009615384615384616 0.007211538461538462
23 0.5829326923076923 0.38461538461538464 0.01201923076923077 0.014423076923076924
3 0.6021634615384616 0.24879807692307693 0.026442307692307692 0.016826923076923076
23 0.5973557692307693 0.29086538461538464 0.01201923076923077 0.014423076923076924
23 0.5865384615384616 0.35336538461538464 0.004807692307692308 0.004807692307692308
3 0.5769230769230769 0.41947115384615385 0.009615384615384616 0.007211538461538462
3 0.5336538461538461 0.7079326923076923 0.009615384615384616 0.007211538461538462
3 0.5769230769230769 0.4074519230769231 0.028846153846153848 0.016826923076923076
23 0.5504807692307693 0.6021634615384616 0.014423076923076924 0.016826923076923076
23 0.5889423076923077 0.31490384615384615 0.009615384615384616 0.004807692307692308
23 0.5865384615384616 0.31971153846153844 0.009615384615384616 0.004807692307692308
3 0.5384615384615384 0.6526442307692307 0.009615384615384616 0.007211538461538462
3 0.5408653846153846 0.6430288461538461 0.028846153846153848 0.016826923076923076
7 0.5745192307692307 0.38221153846153844 0.009615384615384616 0.014423076923076924
7 0.5877403846153846 0.28846153846153844 0.007211538461538462 0.014423076923076924
7 0.5396634615384616 0.5985576923076923 0.01201923076923077 0.014423076923076924
6 0.5853365384615384 0.15745192307692307 0.08413461538461539 0.026442307692307692
6 0.4987980769230769 0.7271634615384616 0.08413461538461539 0.026442307692307692
14 0.5300480769230769 0.3557692307692308 0.01201923076923077 0.014423076923076924
14 0.5240384615384616 0.40384615384615385 0.014423076923076924 0.014423076923076924
14 0.5264423076923077 0.3894230769230769 0.014423076923076924 0.014423076923076924
14 0.5204326923076923 0.421875 0.016826923076923076 0.016826923076923076
14 0.5180288461538461 0.4362980769230769 0.016826923076923076 0.016826923076923076
14 0.5264423076923077 0.3713942307692308 0.014423076923076924 0.01201923076923077
14 0.5168269230769231 0.4519230769230769 0.014423076923076924 0.014423076923076924
14 0.5120192307692307 0.484375 0.014423076923076924 0.01201923076923077
14 0.5084134615384616 0.5 0.016826923076923076 0.014423076923076924
14 0.5132211538461539 0.4675480769230769 0.016826923076923076 0.016826923076923076
23 0.5 0.5516826923076923 0.009615384615384616 0.007211538461538462
14 0.5048076923076923 0.5180288461538461 0.014423076923076924 0.01201923076923077
23 0.4951923076923077 0.5853365384615384 0.009615384615384616 0.007211538461538462
14 0.53125 0.3317307692307692 0.02403846153846154 0.019230769230769232
23 0.4879807692307692 0.6298076923076923 0.009615384615384616 0.004807692307692308
23 0.4879807692307692 0.6370192307692307 0.009615384615384616 0.004807692307692308
23 0.4879807692307692 0.6334134615384616 0.009615384615384616 0.007211538461538462
23 0.4879807692307692 0.625 0.009615384615384616 0.004807692307692308
14 0.47716346153846156 0.6622596153846154 0.021634615384615384 0.016826923076923076
14 0.5252403846153846 0.29447115384615385 0.026442307692307692 0.016826923076923076
14 0.4795673076923077 0.6117788461538461 0.026442307692307692 0.021634615384615384
23 0.46875 0.6225961538461539 0.009615384615384616 0.004807692307692308
23 0.46634615384615385 0.6322115384615384 0.009615384615384616 0.004807692307692308
23 0.46875 0.625 0.009615384615384616 0.004807692307692308
23 0.53125 0.18629807692307693 0.009615384615384616 0.007211538461538462
23 0.46875 0.6298076923076923 0.009615384615384616 0.004807692307692308
23 0.5264423076923077 0.20552884615384615 0.009615384615384616 0.007211538461538462
23 0.5240384615384616 0.2247596153846154 0.009615384615384616 0.007211538461538462
23 0.5192307692307693 0.2512019230769231 0.009615384615384616 0.007211538461538462
3 0.47836538461538464 0.43149038461538464 0.004807692307692308 0.002403846153846154
3 0.47836538461538464 0.4266826923076923 0.004807692307692308 0.002403846153846154
3 0.4807692307692308 0.4098557692307692 0.004807692307692308 0.002403846153846154
3 0.47716346153846156 0.43149038461538464 0.007211538461538462 0.002403846153846154
3 0.47836538461538464 0.4170673076923077 0.004807692307692308 0.002403846153846154
3 0.47836538461538464 0.42427884615384615 0.004807692307692308 0.002403846153846154
3 0.47596153846153844 0.4411057692307692 0.004807692307692308 0.002403846153846154
3 0.4807692307692308 0.4074519230769231 0.004807692307692308 0.002403846153846154
3 0.5084134615384616 0.20552884615384615 0.026442307692307692 0.021634615384615384
3 0.4795673076923077 0.41466346153846156 0.007211538461538462 0.002403846153846154
3 0.5120192307692307 0.171875 0.02403846153846154 0.021634615384615384
3 0.48197115384615385 0.38221153846153844 0.021634615384615384 0.019230769230769232
3 0.5012019230769231 0.2536057692307692 0.026442307692307692 0.021634615384615384
3 0.515625 0.1466346153846154 0.026442307692307692 0.019230769230769232
3 0.4963942307692308 0.27283653846153844 0.026442307692307692 0.021634615384615384
14 0.4795673076923077 0.4014423076923077 0.03125 0.019230769230769232
23 0.4831730769230769 0.3605769230769231 0.004807692307692308 0.004807692307692308
14 0.4411057692307692 0.6550480769230769 0.026442307692307692 0.016826923076923076
6 0.46153846153846156 0.4987980769230769 0.02403846153846154 0.040865384615384616
23 0.4831730769230769 0.328125 0.009615384615384616 0.007211538461538462
14 0.47716346153846156 0.33774038461538464 0.021634615384615384 0.016826923076923076
23 0.4807692307692308 0.296875 0.009615384615384616 0.007211538461538462
7 0.47836538461538464 0.2920673076923077 0.014423076923076924 0.007211538461538462
14 0.4699519230769231 0.359375 0.021634615384615384 0.016826923076923076
14 0.47596153846153844 0.3088942307692308 0.019230769230769232 0.016826923076923076
23 0.4639423076923077 0.31850961538461536 0.009615384615384616 0.007211538461538462
3 0.4831730769230769 0.16947115384615385 0.02403846153846154 0.021634615384615384
23 0.4182692307692308 0.6358173076923077 0.009615384615384616 0.007211538461538462
3 0.4855769230769231 0.140625 0.02403846153846154 0.021634615384615384
23 0.40384615384615385 0.7055288461538461 0.009615384615384616 0.007211538461538462
23 0.40865384615384615 0.6790865384615384 0.009615384615384616 0.007211538461538462
23 0.4495192307692308 0.37259615384615385 0.004807692307692308 0.004807692307692308
23 0.44711538461538464 0.37259615384615385 0.004807692307692308 0.004807692307692308
14 0.45552884615384615 0.30408653846153844 0.016826923076923076 0.016826923076923076
14 0.4495192307692308 0.33533653846153844 0.019230769230769232 0.016826923076923076
14 0.4254807692307692 0.5012019230769231 0.02403846153846154 0.016826923076923076
14 0.44591346153846156 0.3545673076923077 0.021634615384615384 0.016826923076923076
14 0.4651442307692308 0.20192307692307693 0.055288461538461536 0.03365384615384615
23 0.4423076923076923 0.3701923076923077 0.004807692307692308 0.004807692307692308
14 0.4567307692307692 0.24879807692307693 0.057692307692307696 0.036057692307692304
23 0.4375 0.3701923076923077 0.004807692307692308 0.004807692307692308
3 0.4182692307692308 0.46033653846153844 0.004807692307692308 0.002403846153846154
23 0.4326923076923077 0.3701923076923077 0.004807692307692308 0.004807692307692308
14 0.42427884615384615 0.42427884615384615 0.09375 0.06490384615384616
23 0.4110576923076923 0.4987980769230769 0.004807692307692308 0.007211538461538462
3 0.41586538461538464 0.46153846153846156 0.004807692307692308 0.004807692307692308
23 0.3918269230769231 0.6310096153846154 0.009615384615384616 0.007211538461538462
3 0.4326923076923077 0.3125 0.02403846153846154 0.019230769230769232
14 0.4326923076923077 0.29447115384615385 0.014423076923076924 0.01201923076923077
14 0.42788461538461536 0.33052884615384615 0.014423076923076924 0.01201923076923077
23 0.4266826923076923 0.32091346153846156 0.01201923076923077 0.007211538461538462
3 0.40625 0.4579326923076923 0.004807692307692308 0.002403846153846154
3 0.4026442307692308 0.4579326923076923 0.002403846153846154 0.002403846153846154
14 0.4182692307692308 0.35216346153846156 0.02403846153846154 0.016826923076923076
3 0.3762019230769231 0.6418269230769231 0.016826923076923076 0.019230769230769232
3 0.39903846153846156 0.45913461538461536 0.004807692307692308 0.004807692307692308
14 0.3737980769230769 0.6117788461538461 0.03125 0.03125
3 0.41586538461538464 0.3112980769230769 0.009615384615384616 0.007211538461538462
3 0.4182692307692308 0.30649038461538464 0.009615384615384616 0.007211538461538462
23 0.3918269230769231 0.4951923076923077 0.004807692307692308 0.004807692307692308
3 0.3954326923076923 0.45913461538461536 0.002403846153846154 0.004807692307692308
3 0.41586538461538464 0.3161057692307692 0.009615384615384616 0.007211538461538462
23 0.4182692307692308 0.3016826923076923 0.009615384615384616 0.007211538461538462
23 0.40625 0.3701923076923077 0.009615384615384616 0.004807692307692308
14 0.38221153846153844 0.5240384615384616 0.04326923076923077 0.04807692307692308
13 0.3629807692307692 0.6346153846153846 0.009615384615384616 0.009615384615384616
3 0.3557692307692308 0.6334134615384616 0.004807692307692308 0.007211538461538462
3 0.34975961538461536 0.6814903846153846 0.016826923076923076 0.021634615384615384
23 0.3605769230769231 0.5889423076923077 0.004807692307692308 0.004807692307692308
14 0.35697115384615385 0.5757211538461539 0.021634615384615384 0.016826923076923076
3 0.375 0.42427884615384615 0.004807692307692308 0.002403846153846154
3 0.375 0.41947115384615385 0.004807692307692308 0.002403846153846154
3 0.375 0.4170673076923077 0.004807692307692308 0.002403846153846154
3 0.37740384615384615 0.39783653846153844 0.004807692307692308 0.002403846153846154
3 0.37740384615384615 0.4050480769230769 0.004807692307692308 0.002403846153846154
3 0.37740384615384615 0.4026442307692308 0.004807692307692308 0.002403846153846154
23 0.38221153846153844 0.33413461538461536 0.004807692307692308 0.004807692307692308
23 0.34375 0.6081730769230769 0.004807692307692308 0.004807692307692308
23 0.34134615384615385 0.625 0.004807692307692308 0.004807692307692308
23 0.34375 0.6201923076923077 0.004807692307692308 0.004807692307692308
23 0.34615384615384615 0.6009615384615384 0.004807692307692308 0.004807692307692308
23 0.34375 0.6129807692307693 0.004807692307692308 0.004807692307692308
23 0.34134615384615385 0.6322115384615384 0.004807692307692308 0.004807692307692308
23 0.328125 0.7103365384615384 0.01201923076923077 0.007211538461538462
3 0.36177884615384615 0.46033653846153844 0.026442307692307692 0.016826923076923076
23 0.38461538461538464 0.2980769230769231 0.004807692307692308 0.004807692307692308
23 0.3798076923076923 0.2980769230769231 0.004807692307692308 0.004807692307692308
23 0.375 0.2980769230769231 0.004807692307692308 0.004807692307692308
14 0.3701923076923077 0.31490384615384615 0.038461538461538464 0.019230769230769232
14 0.3317307692307692 0.5733173076923077 0.02403846153846154 0.016826923076923076
23 0.3701923076923077 0.2956730769230769 0.004807692307692308 0.004807692307692308
3 0.3125 0.6730769230769231 0.004807692307692308 0.004807692307692308
7 0.35336538461538464 0.3545673076923077 0.009615384615384616 0.007211538461538462
7 0.35216346153846156 0.359375 0.01201923076923077 0.007211538461538462
7 0.3545673076923077 0.34975961538461536 0.01201923076923077 0.007211538461538462
7 0.3545673076923077 0.3449519230769231 0.01201923076923077 0.007211538461538462
7 0.3557692307692308 0.33774038461538464 0.014423076923076924 0.007211538461538462
6 0.3713942307692308 0.22716346153846154 0.021634615384615384 0.040865384615384616
6 0.3641826923076923 0.2692307692307692 0.016826923076923076 0.02403846153846154
6 0.375 0.16466346153846154 0.03365384615384615 0.06009615384615385
6 0.31009615384615385 0.6141826923076923 0.028846153846153848 0.04567307692307692
14 0.29927884615384615 0.6730769230769231 0.021634615384615384 0.019230769230769232