15 0.29086538461538464 0.38822115384615385 0.02403846153846154 0.016826923076923076
15 0.296875 0.4110576923076923 0.026442307692307692 0.014423076923076924
23 0.2956730769230769 0.40024038461538464 0.019230769230769232 0.007211538461538462
23 0.29447115384615385 0.38100961538461536 0.016826923076923076 0.007211538461538462
29 0.3173076923076923 0.5192307692307693 0.009615384615384616 0.009615384615384616
29 0.3317307692307692 0.5444711538461539 0.014423076923076924 0.007211538461538462
29 0.32572115384615385 0.5012019230769231 0.016826923076923076 0.021634615384615384
23 0.3629807692307692 0.6670673076923077 0.014423076923076924 0.007211538461538462
23 0.3473557692307692 0.5132211538461539 0.01201923076923077 0.007211538461538462
3 0.375 0.7103365384615384 0.019230769230769232 0.016826923076923076
23 0.35697115384615385 0.5252403846153846 0.007211538461538462 0.002403846153846154
29 0.3557692307692308 0.5192307692307693 0.019230769230769232 0.009615384615384616
23 0.3629807692307692 0.5600961538461539 0.009615384615384616 0.004807692307692308
23 0.36538461538461536 0.5649038461538461 0.009615384615384616 0.004807692307692308
23 0.3701923076923077 0.5865384615384616 0.009615384615384616 0.004807692307692308
23 0.3737980769230769 0.5805288461538461 0.01201923076923077 0.01201923076923077
23 0.3798076923076923 0.6057692307692307 0.009615384615384616 0.004807692307692308
23 0.37740384615384615 0.5961538461538461 0.009615384615384616 0.004807692307692308
23 0.37740384615384615 0.5889423076923077 0.014423076923076924 0.009615384615384616
23 0.38221153846153844 0.6009615384615384 0.009615384615384616 0.004807692307692308
3 0.40024038461538464 0.7103365384615384 0.021634615384615384 0.021634615384615384
29 0.375 0.5060096153846154 0.014423076923076924 0.01201923076923077
29 0.39302884615384615 0.6454326923076923 0.01201923076923077 0.01201923076923077
3 0.3942307692307692 0.6334134615384616 0.019230769230769232 0.01201923076923077
29 0.38461538461538464 0.5588942307692307 0.014423076923076924 0.01201923076923077
3 0.3737980769230769 0.44711538461538464 0.06971153846153846 0.04807692307692308
23 0.39783653846153844 0.6550480769230769 0.01201923076923077 0.007211538461538462
3 0.3954326923076923 0.609375 0.026442307692307692 0.016826923076923076
7 0.38461538461538464 0.5168269230769231 0.009615384615384616 0.004807692307692308
3 0.40384615384615385 0.6802884615384616 0.02403846153846154 0.014423076923076924
3 0.390625 0.5252403846153846 0.016826923076923076 0.01201923076923077
23 0.39663461538461536 0.5528846153846154 0.004807692307692308 0.004807692307692308
3 0.4110576923076923 0.6334134615384616 0.019230769230769232 0.01201923076923077
3 0.4206730769230769 0.6862980769230769 0.019230769230769232 0.01201923076923077
23 0.4110576923076923 0.5877403846153846 0.014423076923076924 0.007211538461538462
23 0.4098557692307692 0.5733173076923077 0.01201923076923077 0.007211538461538462
6 0.3954326923076923 0.3401442307692308 0.06490384615384616 0.036057692307692304
3 0.4026442307692308 0.36538461538461536 0.021634615384615384 0.014423076923076924
3 0.421875 0.47475961538461536 0.03125 0.016826923076923076
3 0.4182692307692308 0.4579326923076923 0.02403846153846154 0.016826923076923076
29 0.4338942307692308 0.5144230769230769 0.016826923076923076 0.014423076923076924
23 0.4206730769230769 0.4014423076923077 0.009615384615384616 0.004807692307692308
3 0.42788461538461536 0.42908653846153844 0.057692307692307696 0.040865384615384616
3 0.43028846153846156 0.3641826923076923 0.019230769230769232 0.016826923076923076
23 0.43509615384615385 0.3918269230769231 0.009615384615384616 0.004807692307692308
23 0.4326923076923077 0.3870192307692308 0.009615384615384616 0.004807692307692308
29 0.4423076923076923 0.45552884615384615 0.014423076923076924 0.016826923076923076
3 0.4639423076923077 0.5853365384615384 0.014423076923076924 0.01201923076923077
7 0.45072115384615385 0.38100961538461536 0.01201923076923077 0.007211538461538462
3 0.45072115384615385 0.3713942307692308 0.021634615384615384 0.01201923076923077
3 0.4675480769230769 0.453125 0.021634615384615384 0.016826923076923076
3 0.484375 0.578125 0.016826923076923076 0.01201923076923077
3 0.4675480769230769 0.39783653846153844 0.016826923076923076 0.01201923076923077
29 0.47115384615384615 0.38221153846153844 0.009615384615384616 0.009615384615384616
23 0.49158653846153844 0.36899038461538464 0.01201923076923077 0.007211538461538462
29 0.4891826923076923 0.35697115384615385 0.016826923076923076 0.021634615384615384
3 0.5204326923076923 0.5721153846153846 0.016826923076923076 0.014423076923076924
23 0.5264423076923077 0.5600961538461539 0.009615384615384616 0.004807692307692308
23 0.5264423076923077 0.5552884615384616 0.009615384615384616 0.004807692307692308
23 0.5588942307692307 0.7728365384615384 0.007211538461538462 0.01201923076923077
3 0.5336538461538461 0.578125 0.014423076923076924 0.01201923076923077
3 0.5264423076923077 0.44350961538461536 0.02403846153846154 0.016826923076923076
3 0.5288461538461539 0.43028846153846156 0.019230769230769232 0.014423076923076924
23 0.5721153846153846 0.7692307692307693 0.004807692307692308 0.009615384615384616
6 0.5192307692307693 0.31971153846153844 0.052884615384615384 0.028846153846153848
6 0.5817307692307693 0.8100961538461539 0.057692307692307696 0.057692307692307696
23 0.5288461538461539 0.35336538461538464 0.009615384615384616 0.004807692307692308
23 0.5865384615384616 0.7728365384615384 0.009615384615384616 0.01201923076923077
3 0.5420673076923077 0.40024038461538464 0.016826923076923076 0.016826923076923076
14 0.5516826923076923 0.43509615384615385 0.026442307692307692 0.038461538461538464
7 0.5817307692307693 0.6802884615384616 0.004807692307692308 0.004807692307692308
14 0.5793269230769231 0.6418269230769231 0.03365384615384615 0.052884615384615384
14 0.546875 0.3713942307692308 0.03125 0.036057692307692304
3 0.5576923076923077 0.4579326923076923 0.019230769230769232 0.01201923076923077
23 0.5973557692307693 0.7704326923076923 0.01201923076923077 0.01201923076923077
23 0.5504807692307693 0.3173076923076923 0.009615384615384616 0.004807692307692308
3 0.5709134615384616 0.4483173076923077 0.021634615384615384 0.016826923076923076
3 0.5649038461538461 0.39783653846153844 0.019230769230769232 0.01201923076923077
23 0.5564903846153846 0.32091346153846156 0.01201923076923077 0.007211538461538462
29 0.6045673076923077 0.6766826923076923 0.01201923076923077 0.01201923076923077
3 0.5685096153846154 0.37259615384615385 0.016826923076923076 0.014423076923076924
3 0.5997596153846154 0.5540865384615384 0.021634615384615384 0.021634615384615384
3 0.5985576923076923 0.5348557692307693 0.014423076923076924 0.01201923076923077
3 0.6237980769230769 0.6742788461538461 0.01201923076923077 0.01201923076923077
15 0.6334134615384616 0.6875 0.021634615384615384 0.019230769230769232
3 0.6165865384615384 0.5324519230769231 0.016826923076923076 0.01201923076923077
3 0.6225961538461539 0.5444711538461539 0.014423076923076924 0.01201923076923077
29 0.6466346153846154 0.7175480769230769 0.014423076923076924 0.01201923076923077
29 0.6081730769230769 0.36177884615384615 0.014423076923076924 0.007211538461538462
15 0.6526442307692307 0.7055288461538461 0.026442307692307692 0.016826923076923076
3 0.6574519230769231 0.6862980769230769 0.01201923076923077 0.01201923076923077
7 0.6538461538461539 0.6586538461538461 0.009615384615384616 0.004807692307692308
29 0.6298076923076923 0.4026442307692308 0.014423076923076924 0.007211538461538462
15 0.6237980769230769 0.3425480769230769 0.026442307692307692 0.016826923076923076
23 0.6526442307692307 0.5564903846153846 0.01201923076923077 0.007211538461538462
23 0.65625 0.5600961538461539 0.009615384615384616 0.004807692307692308
29 0.6730769230769231 0.6995192307692307 0.009615384615384616 0.009615384615384616
3 0.6730769230769231 0.5805288461538461 0.019230769230769232 0.016826923076923076
15 0.6550480769230769 0.3870192307692308 0.026442307692307692 0.019230769230769232
3 0.6947115384615384 0.7055288461538461 0.009615384615384616 0.01201923076923077
29 0.6983173076923077 0.7223557692307693 0.01201923076923077 0.01201923076923077
15 0.6634615384615384 0.4362980769230769 0.009615384615384616 0.007211538461538462
14 0.6742788461538461 0.5108173076923077 0.026442307692307692 0.040865384615384616
7 0.65625 0.31971153846153844 0.009615384615384616 0.004807692307692308
3 0.7079326923076923 0.7391826923076923 0.016826923076923076 0.016826923076923076
3 0.6923076923076923 0.6009615384615384 0.02403846153846154 0.014423076923076924
3 0.6694711538461539 0.39783653846153844 0.01201923076923077 0.01201923076923077
23 0.6802884615384616 0.47836538461538464 0.004807692307692308 0.004807692307692308
23 0.6911057692307693 0.5721153846153846 0.007211538461538462 0.004807692307692308
29 0.6754807692307693 0.4230769230769231 0.009615384615384616 0.009615384615384616
29 0.6826923076923077 0.4026442307692308 0.014423076923076924 0.01201923076923077
29 0.7055288461538461 0.5889423076923077 0.016826923076923076 0.014423076923076924
3 0.7007211538461539 0.5516826923076923 0.021634615384615384 0.016826923076923076
29 0.7247596153846154 0.7271634615384616 0.01201923076923077 0.01201923076923077
7 0.6778846153846154 0.3125 0.009615384615384616 0.004807692307692308
7 0.6814903846153846 0.32211538461538464 0.007211538461538462 0.004807692307692308
23 0.6995192307692307 0.4807692307692308 0.004807692307692308 0.009615384615384616
3 0.7067307692307693 0.5348557692307693 0.014423076923076924 0.016826923076923076
23 0.7295673076923077 0.6887019230769231 0.007211538461538462 0.007211538461538462
7 0.7355769230769231 0.7307692307692307 0.004807692307692308 0.004807692307692308
3 0.7127403846153846 0.5 0.021634615384615384 0.014423076923076924
6 0.7475961538461539 0.7860576923076923 0.1201923076923077 0.04326923076923077
3 0.7151442307692307 0.5120192307692307 0.021634615384615384 0.014423076923076924
23 0.7139423076923077 0.47716346153846156 0.004807692307692308 0.007211538461538462
3 0.7259615384615384 0.5276442307692307 0.019230769230769232 0.016826923076923076
15 0.7127403846153846 0.4050480769230769 0.021634615384615384 0.016826923076923076
3 0.7115384615384616 0.38100961538461536 0.019230769230769232 0.01201923076923077
6 0.6995192307692307 0.29447115384615385 0.16346153846153846 0.04567307692307692
23 0.7596153846153846 0.7620192307692307 0.009615384615384616 0.004807692307692308
7 0.7764423076923077 0.7620192307692307 0.004807692307692308 0.004807692307692308
15 0.7295673076923077 0.32091346153846156 0.026442307692307692 0.016826923076923076
14 0.7524038461538461 0.5048076923076923 0.03365384615384615 0.052884615384615384
15 0.7487980769230769 0.46274038461538464 0.026442307692307692 0.021634615384615384
15 0.7391826923076923 0.3473557692307692 0.03125 0.016826923076923076
7 0.7920673076923077 0.7572115384615384 0.007211538461538462 0.004807692307692308
23 0.78125 0.6694711538461539 0.004807692307692308 0.007211538461538462
7 0.7944711538461539 0.7620192307692307 0.007211538461538462 0.004807692307692308
23 0.7896634615384616 0.6694711538461539 0.007211538461538462 0.007211538461538462
23 0.7980769230769231 0.7451923076923077 0.009615384615384616 0.004807692307692308
14 0.7956730769230769 0.7115384615384616 0.02403846153846154 0.038461538461538464
29 0.8040865384615384 0.7427884615384616 0.016826923076923076 0.014423076923076924
3 0.7716346153846154 0.45072115384615385 0.014423076923076924 0.01201923076923077
29 0.8088942307692307 0.7548076923076923 0.016826923076923076 0.014423076923076924
3 0.7896634615384616 0.5973557692307693 0.021634615384615384 0.016826923076923076
3 0.7776442307692307 0.484375 0.016826923076923076 0.01201923076923077
3 0.7884615384615384 0.5588942307692307 0.019230769230769232 0.01201923076923077
3 0.7908653846153846 0.5709134615384616 0.02403846153846154 0.01201923076923077
3 0.7800480769230769 0.4987980769230769 0.016826923076923076 0.01201923076923077
3 0.7944711538461539 0.5853365384615384 0.016826923076923076 0.01201923076923077
3 0.7896634615384616 0.5396634615384616 0.016826923076923076 0.01201923076923077
15 0.7716346153846154 0.3894230769230769 0.009615384615384616 0.009615384615384616
6 0.3137019230769231 0.6153846153846154 0.0985576923076923 0.11538461538461539