15 0.6598557692307693 0.3245192307692308 0.016826923076923076 0.02403846153846154
15 0.6370192307692307 0.3233173076923077 0.014423076923076924 0.026442307692307692
23 0.6478365384615384 0.3269230769230769 0.007211538461538462 0.019230769230769232
23 0.6670673076923077 0.33052884615384615 0.007211538461538462 0.016826923076923076
29 0.5264423076923077 0.3173076923076923 0.009615384615384616 0.009615384615384616
29 0.4987980769230769 0.3269230769230769 0.007211538461538462 0.014423076923076924
29 0.5420673076923077 0.33052884615384615 0.021634615384615384 0.016826923076923076
23 0.3737980769230769 0.3269230769230769 0.007211538461538462 0.014423076923076924
23 0.5252403846153846 0.34975961538461536 0.007211538461538462 0.01201923076923077
3 0.328125 0.3269230769230769 0.016826923076923076 0.019230769230769232
23 0.5108173076923077 0.3545673076923077 0.002403846153846154 0.007211538461538462
29 0.5168269230769231 0.3557692307692308 0.009615384615384616 0.019230769230769232
23 0.47596153846153844 0.35336538461538464 0.004807692307692308 0.009615384615384616
23 0.47115384615384615 0.35336538461538464 0.004807692307692308 0.009615384615384616
23 0.4495192307692308 0.35336538461538464 0.004807692307692308 0.009615384615384616
23 0.453125 0.359375 0.01201923076923077 0.01201923076923077
23 0.42788461538461536 0.3581730769230769 0.004807692307692308 0.009615384615384616
23 0.4375 0.3581730769230769 0.004807692307692308 0.009615384615384616
23 0.44471153846153844 0.3605769230769231 0.009615384615384616 0.014423076923076924
23 0.4326923076923077 0.3629807692307692 0.004807692307692308 0.009615384615384616
3 0.3233173076923077 0.35216346153846156 0.021634615384615384 0.021634615384615384
29 0.5252403846153846 0.37740384615384615 0.01201923076923077 0.014423076923076924
29 0.3858173076923077 0.359375 0.01201923076923077 0.01201923076923077
3 0.39783653846153844 0.36538461538461536 0.01201923076923077 0.019230769230769232
29 0.4723557692307692 0.37259615384615385 0.01201923076923077 0.014423076923076924
3 0.5841346153846154 0.390625 0.04807692307692308 0.06971153846153846
23 0.3737980769230769 0.3641826923076923 0.007211538461538462 0.01201923076923077
3 0.421875 0.3713942307692308 0.016826923076923076 0.026442307692307692
7 0.5120192307692307 0.38221153846153844 0.004807692307692308 0.009615384615384616
3 0.3485576923076923 0.3629807692307692 0.014423076923076924 0.02403846153846154
3 0.5036057692307693 0.38822115384615385 0.01201923076923077 0.016826923076923076
23 0.47596153846153844 0.3870192307692308 0.004807692307692308 0.004807692307692308
3 0.39302884615384615 0.3798076923076923 0.01201923076923077 0.019230769230769232
3 0.33774038461538464 0.37740384615384615 0.01201923076923077 0.019230769230769232
23 0.4387019230769231 0.3918269230769231 0.007211538461538462 0.014423076923076924
23 0.453125 0.3954326923076923 0.007211538461538462 0.01201923076923077
6 0.6814903846153846 0.4387019230769231 0.036057692307692304 0.06490384615384616
3 0.65625 0.4362980769230769 0.014423076923076924 0.021634615384615384
3 0.5444711538461539 0.42908653846153844 0.016826923076923076 0.03125
3 0.5612980769230769 0.4326923076923077 0.016826923076923076 0.02403846153846154
29 0.5024038461538461 0.4338942307692308 0.014423076923076924 0.016826923076923076
23 0.6153846153846154 0.44711538461538464 0.004807692307692308 0.009615384615384616
3 0.5877403846153846 0.44711538461538464 0.040865384615384616 0.057692307692307696
3 0.6502403846153846 0.4639423076923077 0.016826923076923076 0.019230769230769232
23 0.6225961538461539 0.46153846153846156 0.004807692307692308 0.009615384615384616
23 0.6274038461538461 0.4639423076923077 0.004807692307692308 0.009615384615384616
29 0.5588942307692307 0.4543269230769231 0.016826923076923076 0.014423076923076924
3 0.4266826923076923 0.44471153846153844 0.01201923076923077 0.014423076923076924
7 0.6286057692307693 0.4795673076923077 0.007211538461538462 0.01201923076923077
3 0.6382211538461539 0.48197115384615385 0.01201923076923077 0.021634615384615384
3 0.5540865384615384 0.4795673076923077 0.016826923076923076 0.021634615384615384
3 0.42908653846153844 0.4651442307692308 0.01201923076923077 0.016826923076923076
3 0.609375 0.49399038461538464 0.01201923076923077 0.016826923076923076
29 0.6225961538461539 0.5 0.009615384615384616 0.009615384615384616
23 0.6310096153846154 0.5228365384615384 0.007211538461538462 0.01201923076923077
29 0.6430288461538461 0.5252403846153846 0.021634615384615384 0.016826923076923076
3 0.4254807692307692 0.5036057692307693 0.014423076923076924 0.016826923076923076
23 0.4375 0.5120192307692307 0.004807692307692308 0.009615384615384616
23 0.4423076923076923 0.5120192307692307 0.004807692307692308 0.009615384615384616
23 0.22235576923076922 0.49158653846153844 0.01201923076923077 0.007211538461538462
3 0.4170673076923077 0.5144230769230769 0.01201923076923077 0.014423076923076924
3 0.5492788461538461 0.5408653846153846 0.016826923076923076 0.02403846153846154
3 0.5625 0.5456730769230769 0.014423076923076924 0.019230769230769232
23 0.22115384615384615 0.5048076923076923 0.009615384615384616 0.004807692307692308
6 0.6730769230769231 0.5625 0.028846153846153848 0.052884615384615384
6 0.18028846153846154 0.5048076923076923 0.057692307692307696 0.057692307692307696
23 0.6370192307692307 0.5649038461538461 0.004807692307692308 0.009615384615384616
23 0.21514423076923078 0.5168269230769231 0.01201923076923077 0.009615384615384616
3 0.5877403846153846 0.5637019230769231 0.016826923076923076 0.016826923076923076
14 0.5528846153846154 0.5661057692307693 0.038461538461538464 0.026442307692307692
7 0.30528846153846156 0.5360576923076923 0.004807692307692308 0.004807692307692308
14 0.34375 0.5432692307692307 0.052884615384615384 0.03365384615384615
14 0.6141826923076923 0.578125 0.036057692307692304 0.03125
3 0.5276442307692307 0.5673076923076923 0.01201923076923077 0.019230769230769232
23 0.21514423076923078 0.5300480769230769 0.01201923076923077 0.01201923076923077
23 0.6682692307692307 0.5913461538461539 0.004807692307692308 0.009615384615384616
3 0.5348557692307693 0.5805288461538461 0.016826923076923076 0.021634615384615384
3 0.5853365384615384 0.5889423076923077 0.01201923076923077 0.019230769230769232
23 0.6622596153846154 0.5973557692307693 0.007211538461538462 0.01201923076923077
29 0.30408653846153844 0.5564903846153846 0.01201923076923077 0.01201923076923077
3 0.6081730769230769 0.5973557692307693 0.014423076923076924 0.016826923076923076
3 0.42427884615384615 0.5853365384615384 0.021634615384615384 0.021634615384615384
3 0.44350961538461536 0.5889423076923077 0.01201923076923077 0.014423076923076924
3 0.30408653846153844 0.578125 0.01201923076923077 0.01201923076923077
15 0.2860576923076923 0.5853365384615384 0.019230769230769232 0.021634615384615384
3 0.44350961538461536 0.6045673076923077 0.01201923076923077 0.016826923076923076
3 0.42908653846153844 0.6081730769230769 0.01201923076923077 0.014423076923076924
29 0.2536057692307692 0.5913461538461539 0.01201923076923077 0.014423076923076924
29 0.609375 0.6370192307692307 0.007211538461538462 0.014423076923076924
15 0.265625 0.5973557692307693 0.016826923076923076 0.026442307692307692
3 0.2824519230769231 0.6069711538461539 0.01201923076923077 0.01201923076923077
7 0.31009615384615385 0.6105769230769231 0.004807692307692308 0.009615384615384616
29 0.5637019230769231 0.6490384615384616 0.007211538461538462 0.014423076923076924
15 0.6237980769230769 0.6598557692307693 0.016826923076923076 0.026442307692307692
23 0.4098557692307692 0.6334134615384616 0.007211538461538462 0.01201923076923077
23 0.40625 0.6370192307692307 0.004807692307692308 0.009615384615384616
29 0.2668269230769231 0.6201923076923077 0.009615384615384616 0.009615384615384616
3 0.38100961538461536 0.6490384615384616 0.016826923076923076 0.019230769230769232
15 0.5745192307692307 0.6790865384615384 0.019230769230769232 0.026442307692307692
3 0.2536057692307692 0.6394230769230769 0.01201923076923077 0.009615384615384616
29 0.23677884615384615 0.6382211538461539 0.01201923076923077 0.01201923076923077
15 0.5228365384615384 0.6730769230769231 0.007211538461538462 0.009615384615384616
14 0.4483173076923077 0.6670673076923077 0.040865384615384616 0.026442307692307692
7 0.6370192307692307 0.6947115384615384 0.004807692307692308 0.009615384615384616
3 0.21995192307692307 0.6454326923076923 0.016826923076923076 0.016826923076923076
3 0.3581730769230769 0.6610576923076923 0.014423076923076924 0.02403846153846154
3 0.5588942307692307 0.6887019230769231 0.01201923076923077 0.01201923076923077
23 0.4807692307692308 0.6802884615384616 0.004807692307692308 0.004807692307692308
23 0.38461538461538464 0.6670673076923077 0.004807692307692308 0.007211538461538462
29 0.5336538461538461 0.6899038461538461 0.009615384615384616 0.009615384615384616
29 0.5516826923076923 0.6995192307692307 0.01201923076923077 0.014423076923076924
29 0.36538461538461536 0.6766826923076923 0.014423076923076924 0.016826923076923076
3 0.4026442307692308 0.6838942307692307 0.016826923076923076 0.021634615384615384
29 0.22716346153846154 0.6646634615384616 0.01201923076923077 0.01201923076923077
7 0.6418269230769231 0.71875 0.004807692307692308 0.009615384615384616
7 0.6298076923076923 0.7175480769230769 0.004807692307692308 0.007211538461538462
23 0.47115384615384615 0.6995192307692307 0.009615384615384616 0.004807692307692308
3 0.4170673076923077 0.6923076923076923 0.016826923076923076 0.014423076923076924
23 0.26322115384615385 0.6766826923076923 0.007211538461538462 0.007211538461538462
7 0.22115384615384615 0.6730769230769231 0.004807692307692308 0.004807692307692308
3 0.4519230769230769 0.7055288461538461 0.014423076923076924 0.021634615384615384
6 0.16346153846153846 0.6730769230769231 0.04326923076923077 0.1201923076923077
3 0.4375 0.7055288461538461 0.014423076923076924 0.021634615384615384
23 0.4723557692307692 0.7115384615384616 0.007211538461538462 0.004807692307692308
3 0.41947115384615385 0.7115384615384616 0.016826923076923076 0.019230769230769232
15 0.5420673076923077 0.7295673076923077 0.016826923076923076 0.021634615384615384
3 0.5661057692307693 0.7331730769230769 0.01201923076923077 0.019230769230769232
6 0.6502403846153846 0.7451923076923077 0.04567307692307692 0.16346153846153846
23 0.18509615384615385 0.6875 0.004807692307692308 0.009615384615384616
7 0.18028846153846154 0.7067307692307693 0.004807692307692308 0.004807692307692308
15 0.6189903846153846 0.765625 0.016826923076923076 0.026442307692307692
14 0.43509615384615385 0.7427884615384616 0.052884615384615384 0.03365384615384615
15 0.4795673076923077 0.7487980769230769 0.021634615384615384 0.026442307692307692
15 0.5901442307692307 0.7680288461538461 0.016826923076923076 0.03125
7 0.18028846153846154 0.7199519230769231 0.004807692307692308 0.007211538461538462
23 0.26802884615384615 0.7331730769230769 0.007211538461538462 0.004807692307692308
7 0.17548076923076922 0.7223557692307693 0.004807692307692308 0.007211538461538462
23 0.26802884615384615 0.7391826923076923 0.007211538461538462 0.007211538461538462
23 0.19230769230769232 0.7307692307692307 0.004807692307692308 0.009615384615384616
14 0.22355769230769232 0.7355769230769231 0.038461538461538464 0.02403846153846154
29 0.19230769230769232 0.7367788461538461 0.014423076923076924 0.016826923076923076
3 0.48197115384615385 0.7740384615384616 0.01201923076923077 0.014423076923076924
29 0.17908653846153846 0.7379807692307693 0.01201923076923077 0.014423076923076924
3 0.33774038461538464 0.7560096153846154 0.016826923076923076 0.021634615384615384
3 0.45072115384615385 0.7752403846153846 0.01201923076923077 0.016826923076923076
3 0.3737980769230769 0.7668269230769231 0.01201923076923077 0.019230769230769232
3 0.36177884615384615 0.7644230769230769 0.01201923076923077 0.02403846153846154
3 0.4362980769230769 0.7728365384615384 0.01201923076923077 0.016826923076923076
3 0.3473557692307692 0.765625 0.01201923076923077 0.016826923076923076
3 0.39302884615384615 0.7704326923076923 0.01201923076923077 0.016826923076923076
15 0.5432692307692307 0.7908653846153846 0.009615384615384616 0.009615384615384616
6 0.43509615384615385 0.2920673076923077 0.11538461538461539 0.0985576923076923