15 0.6778846153846154 0.41947115384615385 0.019230769230769232 0.01201923076923077
13 0.6598557692307693 0.4230769230769231 0.01201923076923077 0.009615384615384616
3 0.6574519230769231 0.40865384615384615 0.021634615384615384 0.014423076923076924
3 0.6514423076923077 0.4423076923076923 0.009615384615384616 0.004807692307692308
3 0.6478365384615384 0.39663461538461536 0.016826923076923076 0.009615384615384616
3 0.6418269230769231 0.4254807692307692 0.004807692307692308 0.004807692307692308
3 0.6394230769230769 0.4411057692307692 0.009615384615384616 0.007211538461538462
3 0.640625 0.41586538461538464 0.021634615384615384 0.014423076923076924
23 0.6370192307692307 0.42788461538461536 0.009615384615384616 0.004807692307692308
23 0.6346153846153846 0.43028846153846156 0.009615384615384616 0.004807692307692308
3 0.6286057692307693 0.4326923076923077 0.007211538461538462 0.004807692307692308
14 0.6298076923076923 0.40625 0.014423076923076924 0.009615384615384616
23 0.6298076923076923 0.4254807692307692 0.009615384615384616 0.004807692307692308
3 0.6274038461538461 0.4483173076923077 0.009615384615384616 0.007211538461538462
23 0.625 0.43509615384615385 0.009615384615384616 0.004807692307692308
7 0.625 0.3798076923076923 0.03365384615384615 0.02403846153846154
23 0.6201923076923077 0.4375 0.009615384615384616 0.004807692307692308
3 0.6201923076923077 0.41346153846153844 0.004807692307692308 0.004807692307692308
23 0.6189903846153846 0.4326923076923077 0.007211538461538462 0.009615384615384616
3 0.6165865384615384 0.43990384615384615 0.007211538461538462 0.004807692307692308
23 0.6141826923076923 0.46033653846153844 0.007211538461538462 0.007211538461538462
23 0.6165865384615384 0.4110576923076923 0.007211538461538462 0.004807692307692308
3 0.6129807692307693 0.40865384615384615 0.004807692307692308 0.004807692307692308
3 0.6105769230769231 0.45913461538461536 0.009615384615384616 0.004807692307692308
23 0.6117788461538461 0.4423076923076923 0.007211538461538462 0.004807692307692308
14 0.609375 0.4182692307692308 0.016826923076923076 0.009615384615384616
23 0.6069711538461539 0.44591346153846156 0.007211538461538462 0.007211538461538462
15 0.6081730769230769 0.3954326923076923 0.038461538461538464 0.026442307692307692
23 0.6057692307692307 0.43990384615384615 0.009615384615384616 0.004807692307692308
3 0.6009615384615384 0.44711538461538464 0.009615384615384616 0.004807692307692308
23 0.5973557692307693 0.4699519230769231 0.007211538461538462 0.007211538461538462
23 0.5985576923076923 0.4230769230769231 0.009615384615384616 0.009615384615384616
23 0.5985576923076923 0.41346153846153844 0.009615384615384616 0.004807692307692308
23 0.5961538461538461 0.4519230769230769 0.009615384615384616 0.004807692307692308
13 0.6009615384615384 0.36778846153846156 0.014423076923076924 0.009615384615384616
3 0.59375 0.46634615384615385 0.009615384615384616 0.004807692307692308
23 0.59375 0.4543269230769231 0.009615384615384616 0.004807692307692308
23 0.5889423076923077 0.5 0.009615384615384616 0.009615384615384616
23 0.5889423076923077 0.4735576923076923 0.009615384615384616 0.004807692307692308
3 0.5889423076923077 0.4567307692307692 0.009615384615384616 0.004807692307692308
23 0.5889423076923077 0.4495192307692308 0.009615384615384616 0.004807692307692308
23 0.5913461538461539 0.40865384615384615 0.009615384615384616 0.004807692307692308
7 0.5877403846153846 0.46274038461538464 0.01201923076923077 0.007211538461538462
13 0.5925480769230769 0.3798076923076923 0.021634615384615384 0.014423076923076924
3 0.5841346153846154 0.47115384615384615 0.009615384615384616 0.004807692307692308
3 0.5865384615384616 0.42908653846153844 0.019230769230769232 0.01201923076923077
23 0.5817307692307693 0.4807692307692308 0.009615384615384616 0.004807692307692308
23 0.5889423076923077 0.36778846153846156 0.004807692307692308 0.004807692307692308
7 0.5793269230769231 0.4651442307692308 0.009615384615384616 0.007211538461538462
7 0.5793269230769231 0.48677884615384615 0.009615384615384616 0.007211538461538462
29 0.5841346153846154 0.3629807692307692 0.009615384615384616 0.004807692307692308
3 0.5769230769230769 0.47475961538461536 0.009615384615384616 0.007211538461538462
23 0.5769230769230769 0.4543269230769231 0.009615384615384616 0.004807692307692308
3 0.5745192307692307 0.4326923076923077 0.014423076923076924 0.009615384615384616
7 0.5721153846153846 0.4699519230769231 0.009615384615384616 0.007211538461538462
3 0.5757211538461539 0.3942307692307692 0.021634615384615384 0.014423076923076924
3 0.5757211538461539 0.37259615384615385 0.021634615384615384 0.014423076923076924
3 0.5757211538461539 0.3557692307692308 0.007211538461538462 0.004807692307692308
7 0.5697115384615384 0.49158653846153844 0.009615384615384616 0.007211538461538462
23 0.5685096153846154 0.4795673076923077 0.007211538461538462 0.007211538461538462
23 0.5697115384615384 0.46153846153846156 0.009615384615384616 0.004807692307692308
14 0.5697115384615384 0.41466346153846156 0.028846153846153848 0.021634615384615384
29 0.5721153846153846 0.3605769230769231 0.009615384615384616 0.004807692307692308
23 0.5661057692307693 0.48197115384615385 0.007211538461538462 0.007211538461538462
7 0.5637019230769231 0.4951923076923077 0.01201923076923077 0.009615384615384616
23 0.5637019230769231 0.484375 0.007211538461538462 0.007211538461538462
3 0.5709134615384616 0.35096153846153844 0.007211538461538462 0.004807692307692308
23 0.5625 0.4651442307692308 0.009615384615384616 0.007211538461538462
7 0.5600961538461539 0.47596153846153844 0.009615384615384616 0.004807692307692308
13 0.5637019230769231 0.43509615384615385 0.007211538461538462 0.004807692307692308
23 0.5612980769230769 0.4855769230769231 0.007211538461538462 0.004807692307692308
23 0.5661057692307693 0.35336538461538464 0.007211538461538462 0.004807692307692308
15 0.5661057692307693 0.3641826923076923 0.01201923076923077 0.007211538461538462
13 0.5612980769230769 0.4326923076923077 0.007211538461538462 0.004807692307692308
23 0.5576923076923077 0.47836538461538464 0.009615384615384616 0.004807692307692308
3 0.5649038461538461 0.34615384615384615 0.004807692307692308 0.004807692307692308
23 0.5637019230769231 0.3557692307692308 0.007211538461538462 0.004807692307692308
7 0.5540865384615384 0.4855769230769231 0.01201923076923077 0.009615384615384616
13 0.5564903846153846 0.42788461538461536 0.007211538461538462 0.004807692307692308
23 0.5492788461538461 0.4951923076923077 0.007211538461538462 0.004807692307692308
23 0.5564903846153846 0.35096153846153844 0.007211538461538462 0.004807692307692308
13 0.5528846153846154 0.4254807692307692 0.009615384615384616 0.004807692307692308
23 0.5492788461538461 0.4735576923076923 0.007211538461538462 0.004807692307692308
14 0.5540865384615384 0.38341346153846156 0.026442307692307692 0.021634615384615384
23 0.5456730769230769 0.49278846153846156 0.009615384615384616 0.004807692307692308
3 0.5480769230769231 0.43990384615384615 0.014423076923076924 0.009615384615384616
23 0.546875 0.47475961538461536 0.007211538461538462 0.007211538461538462
3 0.5480769230769231 0.4230769230769231 0.009615384615384616 0.004807692307692308
7 0.5444711538461539 0.4807692307692308 0.01201923076923077 0.009615384615384616
3 0.5408653846153846 0.4879807692307692 0.009615384615384616 0.004807692307692308
22 0.5480769230769231 0.33533653846153844 0.009615384615384616 0.007211538461538462
23 0.5384615384615384 0.4951923076923077 0.009615384615384616 0.004807692307692308
22 0.5408653846153846 0.33052884615384615 0.009615384615384616 0.007211538461538462
29 0.5408653846153846 0.3401442307692308 0.009615384615384616 0.007211538461538462
3 0.5360576923076923 0.42788461538461536 0.014423076923076924 0.009615384615384616
3 0.5336538461538461 0.39903846153846156 0.014423076923076924 0.009615384615384616
23 0.5288461538461539 0.47836538461538464 0.009615384615384616 0.004807692307692308
23 0.5264423076923077 0.5120192307692307 0.009615384615384616 0.004807692307692308
23 0.5348557692307693 0.34375 0.007211538461538462 0.004807692307692308
3 0.5240384615384616 0.5240384615384616 0.009615384615384616 0.004807692307692308
23 0.5252403846153846 0.5048076923076923 0.007211538461538462 0.004807692307692308
3 0.5288461538461539 0.4411057692307692 0.009615384615384616 0.007211538461538462
29 0.5336538461538461 0.33413461538461536 0.009615384615384616 0.004807692307692308
23 0.5324519230769231 0.34134615384615385 0.007211538461538462 0.004807692307692308
23 0.5240384615384616 0.4519230769230769 0.009615384615384616 0.004807692307692308
3 0.5216346153846154 0.5216346153846154 0.009615384615384616 0.004807692307692308
23 0.5228365384615384 0.5096153846153846 0.007211538461538462 0.004807692307692308
3 0.5264423076923077 0.4230769230769231 0.009615384615384616 0.009615384615384616
3 0.5228365384615384 0.44471153846153844 0.007211538461538462 0.004807692307692308
23 0.5276442307692307 0.3389423076923077 0.007211538461538462 0.004807692307692308
3 0.5168269230769231 0.5168269230769231 0.009615384615384616 0.004807692307692308
3 0.5180288461538461 0.5072115384615384 0.007211538461538462 0.004807692307692308
3 0.5192307692307693 0.47836538461538464 0.004807692307692308 0.004807692307692308
3 0.5216346153846154 0.4206730769230769 0.009615384615384616 0.004807692307692308
23 0.5252403846153846 0.33653846153846156 0.007211538461538462 0.004807692307692308
3 0.5168269230769231 0.45913461538461536 0.009615384615384616 0.004807692307692308
3 0.5168269230769231 0.47836538461538464 0.004807692307692308 0.004807692307692308
3 0.5180288461538461 0.44711538461538464 0.007211538461538462 0.004807692307692308
3 0.5192307692307693 0.4182692307692308 0.009615384615384616 0.004807692307692308
23 0.5192307692307693 0.3942307692307692 0.009615384615384616 0.004807692307692308
3 0.5120192307692307 0.5144230769230769 0.009615384615384616 0.004807692307692308
23 0.515625 0.4543269230769231 0.007211538461538462 0.004807692307692308
23 0.5132211538461539 0.4807692307692308 0.007211538461538462 0.004807692307692308
3 0.5132211538461539 0.44711538461538464 0.007211538461538462 0.004807692307692308
14 0.5192307692307693 0.3485576923076923 0.019230769230769232 0.014423076923076924
23 0.5120192307692307 0.4543269230769231 0.009615384615384616 0.004807692307692308
3 0.5120192307692307 0.46274038461538464 0.009615384615384616 0.007211538461538462
3 0.5144230769230769 0.38221153846153844 0.019230769230769232 0.009615384615384616
23 0.5084134615384616 0.4735576923076923 0.007211538461538462 0.004807692307692308
3 0.5096153846153846 0.4831730769230769 0.004807692307692308 0.004807692307692308
3 0.5120192307692307 0.4110576923076923 0.009615384615384616 0.004807692307692308
23 0.5144230769230769 0.3545673076923077 0.004807692307692308 0.007211538461538462
22 0.5168269230769231 0.30288461538461536 0.009615384615384616 0.004807692307692308
23 0.5084134615384616 0.4567307692307692 0.007211538461538462 0.004807692307692308
3 0.5072115384615384 0.44711538461538464 0.004807692307692308 0.004807692307692308
3 0.5072115384615384 0.4098557692307692 0.009615384615384616 0.007211538461538462
3 0.5036057692307693 0.4855769230769231 0.007211538461538462 0.004807692307692308
23 0.5108173076923077 0.35697115384615385 0.007211538461538462 0.007211538461538462
3 0.5036057692307693 0.4519230769230769 0.007211538461538462 0.004807692307692308
23 0.5024038461538461 0.47716346153846156 0.004807692307692308 0.007211538461538462
23 0.5048076923076923 0.45913461538461536 0.004807692307692308 0.004807692307692308
15 0.5 0.4951923076923077 0.009615384615384616 0.004807692307692308
23 0.5012019230769231 0.4879807692307692 0.007211538461538462 0.004807692307692308
3 0.5012019230769231 0.46875 0.007211538461538462 0.004807692307692308
23 0.5084134615384616 0.35096153846153844 0.007211538461538462 0.004807692307692308
22 0.5096153846153846 0.3004807692307692 0.009615384615384616 0.004807692307692308
23 0.5012019230769231 0.46153846153846156 0.007211538461538462 0.004807692307692308
3 0.4987980769230769 0.4543269230769231 0.007211538461538462 0.004807692307692308
23 0.4987980769230769 0.4879807692307692 0.007211538461538462 0.004807692307692308
23 0.5024038461538461 0.35336538461538464 0.004807692307692308 0.004807692307692308
23 0.49759615384615385 0.4639423076923077 0.009615384615384616 0.004807692307692308
3 0.49759615384615385 0.4543269230769231 0.004807692307692308 0.004807692307692308
23 0.49399038461538464 0.49038461538461536 0.007211538461538462 0.004807692307692308
3 0.4987980769230769 0.40384615384615385 0.007211538461538462 0.009615384615384616
23 0.5012019230769231 0.3557692307692308 0.007211538461538462 0.004807692307692308
23 0.49399038461538464 0.46634615384615385 0.007211538461538462 0.004807692307692308
3 0.49759615384615385 0.3762019230769231 0.02403846153846154 0.016826923076923076
3 0.49399038461538464 0.45913461538461536 0.007211538461538462 0.004807692307692308
23 0.4891826923076923 0.49399038461538464 0.007211538461538462 0.007211538461538462
23 0.49038461538461536 0.48197115384615385 0.004807692307692308 0.007211538461538462
3 0.49038461538461536 0.45913461538461536 0.009615384615384616 0.004807692307692308
14 0.4963942307692308 0.3233173076923077 0.06971153846153846 0.04567307692307692
23 0.49038461538461536 0.39903846153846156 0.009615384615384616 0.004807692307692308
23 0.4855769230769231 0.484375 0.004807692307692308 0.007211538461538462
3 0.48677884615384615 0.46153846153846156 0.007211538461538462 0.004807692307692308
3 0.49158653846153844 0.3641826923076923 0.007211538461538462 0.002403846153846154
23 0.49038461538461536 0.3605769230769231 0.009615384615384616 0.004807692307692308
23 0.4891826923076923 0.35336538461538464 0.007211538461538462 0.004807692307692308
14 0.4855769230769231 0.42427884615384615 0.0673076923076923 0.04567307692307692
3 0.4855769230769231 0.36778846153846156 0.004807692307692308 0.004807692307692308
14 0.4795673076923077 0.46875 0.021634615384615384 0.014423076923076924
23 0.4831730769230769 0.3942307692307692 0.009615384615384616 0.004807692307692308
3 0.4807692307692308 0.4519230769230769 0.009615384615384616 0.004807692307692308
23 0.484375 0.3629807692307692 0.007211538461538462 0.004807692307692308
23 0.47596153846153844 0.49278846153846156 0.009615384615384616 0.004807692307692308
23 0.4831730769230769 0.3485576923076923 0.009615384615384616 0.004807692307692308
3 0.47596153846153844 0.4495192307692308 0.009615384615384616 0.004807692307692308
23 0.4795673076923077 0.34615384615384615 0.007211538461538462 0.004807692307692308
23 0.4723557692307692 0.4579326923076923 0.007211538461538462 0.007211538461538462
3 0.4735576923076923 0.39663461538461536 0.009615384615384616 0.009615384615384616
23 0.47596153846153844 0.34615384615384615 0.009615384615384616 0.004807692307692308
23 0.4699519230769231 0.45913461538461536 0.007211538461538462 0.004807692307692308
14 0.47475961538461536 0.3557692307692308 0.016826923076923076 0.014423076923076924
23 0.4699519230769231 0.44711538461538464 0.007211538461538462 0.004807692307692308
23 0.46634615384615385 0.48197115384615385 0.004807692307692308 0.007211538461538462
23 0.4675480769230769 0.46153846153846156 0.007211538461538462 0.004807692307692308
23 0.4651442307692308 0.4423076923076923 0.007211538461538462 0.004807692307692308
23 0.4639423076923077 0.46153846153846156 0.009615384615384616 0.004807692307692308
23 0.46153846153846156 0.4855769230769231 0.004807692307692308 0.004807692307692308
3 0.4639423076923077 0.4495192307692308 0.009615384615384616 0.004807692307692308
3 0.46634615384615385 0.39663461538461536 0.009615384615384616 0.009615384615384616
29 0.4675480769230769 0.34615384615384615 0.007211538461538462 0.004807692307692308
23 0.46274038461538464 0.4639423076923077 0.007211538461538462 0.004807692307692308
23 0.46033653846153844 0.4879807692307692 0.007211538461538462 0.004807692307692308
3 0.46274038461538464 0.43990384615384615 0.007211538461538462 0.004807692307692308
29 0.45913461538461536 0.47836538461538464 0.009615384615384616 0.004807692307692308
23 0.4579326923076923 0.46634615384615385 0.007211538461538462 0.004807692307692308
3 0.4579326923076923 0.4375 0.007211538461538462 0.004807692307692308
23 0.46274038461538464 0.3485576923076923 0.007211538461538462 0.004807692307692308
23 0.46153846153846156 0.33413461538461536 0.009615384615384616 0.004807692307692308
23 0.4543269230769231 0.46875 0.004807692307692308 0.004807692307692308
23 0.45552884615384615 0.46033653846153844 0.007211538461538462 0.007211538461538462
23 0.4543269230769231 0.4495192307692308 0.009615384615384616 0.004807692307692308
3 0.4567307692307692 0.4026442307692308 0.009615384615384616 0.007211538461538462
23 0.4579326923076923 0.35096153846153844 0.007211538461538462 0.004807692307692308
7 0.46033653846153844 0.34134615384615385 0.01201923076923077 0.009615384615384616
29 0.4519230769230769 0.48197115384615385 0.009615384615384616 0.007211538461538462
22 0.4579326923076923 0.33052884615384615 0.007211538461538462 0.007211538461538462
23 0.4495192307692308 0.47115384615384615 0.004807692307692308 0.004807692307692308
3 0.4543269230769231 0.40625 0.009615384615384616 0.004807692307692308
3 0.4519230769230769 0.4326923076923077 0.009615384615384616 0.004807692307692308
23 0.45072115384615385 0.44711538461538464 0.007211538461538462 0.004807692307692308
23 0.44711538461538464 0.4735576923076923 0.004807692307692308 0.004807692307692308
3 0.44711538461538464 0.43028846153846156 0.009615384615384616 0.004807692307692308
23 0.4543269230769231 0.32572115384615385 0.009615384615384616 0.007211538461538462
23 0.44471153846153844 0.44711538461538464 0.004807692307692308 0.004807692307692308
23 0.44350961538461536 0.47596153846153844 0.007211538461538462 0.004807692307692308
23 0.4519230769230769 0.33413461538461536 0.009615384615384616 0.004807692307692308
3 0.4495192307692308 0.34375 0.009615384615384616 0.009615384615384616
23 0.4495192307692308 0.3269230769230769 0.009615384615384616 0.004807692307692308
3 0.4423076923076923 0.4543269230769231 0.009615384615384616 0.004807692307692308
3 0.44471153846153844 0.41225961538461536 0.014423076923076924 0.007211538461538462
23 0.44471153846153844 0.3293269230769231 0.004807692307692308 0.004807692307692308
29 0.4375 0.46875 0.009615384615384616 0.004807692307692308
23 0.4387019230769231 0.43990384615384615 0.007211538461538462 0.004807692307692308
3 0.4362980769230769 0.4495192307692308 0.007211538461538462 0.004807692307692308
23 0.43509615384615385 0.4375 0.009615384615384616 0.004807692307692308
3 0.4326923076923077 0.44711538461538464 0.009615384615384616 0.004807692307692308
23 0.43149038461538464 0.4639423076923077 0.007211538461538462 0.004807692307692308
29 0.43028846153846156 0.4735576923076923 0.009615384615384616 0.004807692307692308
3 0.4326923076923077 0.4375 0.009615384615384616 0.004807692307692308
3 0.42788461538461536 0.44711538461538464 0.009615384615384616 0.004807692307692308
23 0.4266826923076923 0.46634615384615385 0.007211538461538462 0.004807692307692308
23 0.42427884615384615 0.45913461538461536 0.007211538461538462 0.004807692307692308
23 0.41947115384615385 0.46033653846153844 0.007211538461538462 0.007211538461538462
23 0.390625 0.4230769230769231 0.007211538461538462 0.004807692307692308
3 0.38341346153846156 0.4182692307692308 0.007211538461538462 0.004807692307692308
23 0.3737980769230769 0.41346153846153844 0.007211538461538462 0.004807692307692308
23 0.3713942307692308 0.41586538461538464 0.007211538461538462 0.004807692307692308
23 0.3629807692307692 0.4110576923076923 0.009615384615384616 0.004807692307692308
3 0.36177884615384615 0.4206730769230769 0.007211538461538462 0.004807692307692308
6 0.36658653846153844 0.35096153846153844 0.07451923076923077 0.057692307692307696
23 0.359375 0.41346153846153844 0.007211538461538462 0.004807692307692308
23 0.35697115384615385 0.41586538461538464 0.007211538461538462 0.004807692307692308
23 0.3581730769230769 0.40625 0.009615384615384616 0.004807692307692308
23 0.3545673076923077 0.40865384615384615 0.007211538461538462 0.004807692307692308
23 0.3485576923076923 0.39903846153846156 0.009615384615384616 0.004807692307692308
3 0.34975961538461536 0.40865384615384615 0.007211538461538462 0.004807692307692308
23 0.34615384615384615 0.40384615384615385 0.009615384615384616 0.004807692307692308
23 0.34134615384615385 0.40384615384615385 0.009615384615384616 0.004807692307692308