2 0.6326176948051948 0.40173323170731706 0.002654220779220779 0.007125
2 0.6385125811688313 0.40192682926829265 0.002674512987012987 0.00751219512195122
22 0.613997564935065 0.4026935975609756 0.002751623376623377 0.007826219512195122
22 0.6170779220779221 0.403359756097561 0.002418831168831169 0.006719512195121951
22 0.6295829951298701 0.403359756097561 0.0022666396103896104 0.006719512195121951
2 0.6448102678571429 0.40475 0.0022828733766233765 0.005841463414634146
2 0.6501816152597402 0.40476676829268293 0.0024736201298701296 0.0070945121951219514
2 0.6527830762987012 0.4048567073170732 0.0024005681818181817 0.007884146341463415
2 0.6556828327922077 0.4049649390243903 0.0025182629870129872 0.00688109756097561
2 0.6474239042207792 0.40519817073170733 0.0026400162337662336 0.0073475609756097566
2 0.6419105113636364 0.40503658536585363 0.0021651785714285714 0.007024390243902439
2 0.6689661120129871 0.4049832317073171 0.0022991071428571427 0.00813719512195122
2 0.6609466314935065 0.4051082317073171 0.0024939123376623374 0.007167682926829269
2 0.6583441558441558 0.4053414634146341 0.002564935064935065 0.0076341463414634145
2 0.6717826704545454 0.40519817073170733 0.0026562499999999998 0.008567073170731708
2 0.6799462256493507 0.40548475609756096 0.002749594155844156 0.007920731707317073
2 0.6824523133116883 0.40548475609756096 0.0024857954545454545 0.007920731707317073
2 0.6746235795454546 0.40555640243902435 0.0026562499999999998 0.008064024390243903
2 0.6664001623376623 0.40541310975609757 0.002443181818181818 0.008996951219512196
2 0.6637155032467532 0.40548475609756096 0.002755681818181818 0.009140243902439024
2 0.6959750405844155 0.4056280487804878 0.0023396915584415583 0.008817073170731708
2 0.6881452922077922 0.40566463414634146 0.002508116883116883 0.007060975609756098
2 0.6989224837662338 0.4057728658536585 0.002958603896103896 0.008496951219512196
2 0.6852932224025974 0.40561128048780487 0.0024857954545454545 0.008173780487804878
2 0.6771296672077922 0.4057545731707317 0.0023924512987012984 0.007240853658536586
2 0.6936475243506494 0.40602286585365854 0.002554788961038961 0.007777439024390245
2 0.6908066152597403 0.40609451219512194 0.002554788961038961 0.007920731707317073
22 0.6369673295454545 0.4164237804878048 0.005265827922077922 0.004189024390243903
2 0.4945779220779221 0.4211737804878049 0.0049837662337662335 0.003932926829268293
22 0.6367644074675325 0.4213292682926829 0.004859983766233766 0.0042439024390243905
2 0.6426024756493506 0.4216234756097561 0.005578327922077922 0.004832317073170732
22 0.4944155844155844 0.42558993902439024 0.005064935064935065 0.0030091463414634143
22 0.6371195211038961 0.42623475609756095 0.004352678571428572 0.0042987804878048775
22 0.6368313717532467 0.43068140243902436 0.004993912337662338 0.004655487804878049
2 0.6426988636363636 0.4309161585365854 0.0053652597402597405 0.004515243902439025
2 0.692752637987013 0.43242225609756096 0.005229301948051948 0.0044786585365853655
22 0.6367644074675325 0.435765243902439 0.004859983766233766 0.004457317073170731
14 0.6782853084415584 0.4367606707317073 0.01687905844155844 0.025350609756097563
14 0.6515685876623376 0.437484756097561 0.009306006493506493 0.020091463414634147
14 0.661700487012987 0.4379618902439025 0.008871753246753246 0.02165548780487805
22 0.7159405438311689 0.4389573170731707 0.0045271915584415585 0.003524390243902439
22 0.7213078327922078 0.4395106707317073 0.005115665584415585 0.0034115853658536585
2 0.7004626623376624 0.4399390243902439 0.005227272727272728 0.003658536585365854
22 0.6364995941558441 0.44012195121951214 0.005142045454545455 0.004024390243902439
2 0.6424959415584415 0.440280487804878 0.0049594155844155845 0.004341463414634147
2 0.6923944805194805 0.4412667682926829 0.005324675324675324 0.004484756097560976
22 0.7214549512987013 0.44383689024390244 0.005409902597402597 0.00413719512195122
2 0.7155478896103896 0.44426219512195125 0.0049594155844155845 0.003768292682926829
22 0.6371266233766234 0.4446128048780488 0.005178571428571428 0.00325
22 0.6098843344155844 0.4472469512195122 0.006294642857142857 0.004859756097560976
22 0.6165797483766234 0.44785670731707317 0.005480925324675325 0.0042499999999999994
22 0.7213078327922078 0.44863262195121956 0.005115665584415585 0.0033628048780487804
22 0.6370900974025974 0.44899237804878045 0.004699675324675324 0.003472560975609756
22 0.6210988230519481 0.4491326219512195 0.0023437500000000003 0.008631097560975609
2 0.6424959415584415 0.44953658536585367 0.0049594155844155845 0.004560975609756098
22 0.7211596996753247 0.4532347560975609 0.004819399350649351 0.004030487804878049
2 0.715643262987013 0.4535015243902439 0.005150162337662337 0.003954268292682927
22 0.6370535714285714 0.4544542682926829 0.005032467532467532 0.004030487804878049
2 0.6629443993506493 0.45434146341463416 0.0028368506493506493 0.007463414634146342
2 0.6540767045454545 0.4544146341463415 0.00255275974025974 0.007609756097560976
2 0.650114650974026 0.4544496951219512 0.003963068181818182 0.009509146341463414
2 0.659328327922078 0.45466463414634145 0.0033157467532467532 0.009329268292682926
22 0.5599066558441558 0.455 0.0049594155844155845 0.0039024390243902443
2 0.5654291801948051 0.45508536585365855 0.004640827922077922 0.004073170731707317
22 0.4878916396103896 0.455125 0.005409902597402597 0.004152439024390243
22 0.6126877029220779 0.4552317073170732 0.0025669642857142857 0.006804878048780488
2 0.6095606737012987 0.4556829268292683 0.0028064123376623376 0.0077073170731707325
22 0.7211972402597403 0.4579756097560976 0.005300324675324676 0.00375609756097561
22 0.6206189123376623 0.4606661585365853 0.002601461038961039 0.007307926829268292
2 0.6168861607142857 0.46102743902439025 0.003658685064935065 0.008640243902439025
22 0.6238656655844156 0.4610533536585366 0.002195616883116883 0.007472560975609757
22 0.7211231737012987 0.46291006097560977 0.005152191558441558 0.005088414634146342
22 0.6124299918831169 0.46296646341463416 0.0032690746753246754 0.007030487804878048
2 0.7153206168831169 0.4631707317073171 0.005316558441558442 0.004390243902439025
22 0.597674512987013 0.463327743902439 0.002978896103896104 0.008972560975609755
2 0.640101461038961 0.46323932926829264 0.0030113636363636362 0.007576219512195123
2 0.6039123376623377 0.4632103658536585 0.0024675324675324677 0.008128048780487805
22 0.5589052353896103 0.4635579268292683 0.0021448863636363636 0.006384146341463415
2 0.6464742288961038 0.4638673780487805 0.0027698863636363637 0.007003048780487804
22 0.6007731331168832 0.4637423780487805 0.0022767857142857143 0.00736280487804878
2 0.6786982548701299 0.4638506097560976 0.0026887175324675325 0.006969512195121951
2 0.6595434253246754 0.4639390243902439 0.002934253246753247 0.007756097560975611
2 0.666369724025974 0.4639390243902439 0.002382305194805195 0.007756097560975611
2 0.6528114853896103 0.463922256097561 0.0028632305194805194 0.00711280487804878
2 0.6913250811688312 0.4644954268292683 0.0027800324675324676 0.007649390243902439
2 0.697591314935065 0.46463871951219515 0.002325487012987013 0.007935975609756098
2 0.6850476866883117 0.46455030487804877 0.0032122564935064936 0.007759146341463415
2 0.7101410308441558 0.4648216463414634 0.0030742694805194807 0.007692073170731707
2 0.7037844967532467 0.46496189024390244 0.00294237012987013 0.006753048780487805
22 0.4876258116883117 0.4673231707317073 0.004066558441558441 0.004158536585365854
22 0.5555955762987013 0.4673323170731707 0.002424918831168831 0.0072256097560975605
22 0.6095525568181818 0.4711173780487805 0.0027901785714285715 0.006259146341463415
22 0.6190148133116883 0.47156097560975613 0.0026400162337662336 0.008365853658536586
22 0.5587276785714286 0.4715823170731707 0.002195616883116883 0.0059695121951219504
22 0.6035399756493506 0.4715060975609756 0.0021286525974025974 0.008256097560975608
22 0.6125771103896104 0.4717545731707317 0.001939935064935065 0.006314024390243903
22 0.6062144886363636 0.4720045731707317 0.0022017045454545453 0.008033536585365854
22 0.6221316964285714 0.4721158536585366 0.00278612012987013 0.007036585365853658
2 0.6161252029220778 0.47197560975609754 0.0025426136363636363 0.00675609756097561
22 0.6434719967532468 0.47197713414634146 0.00244724025974026 0.006759146341463415
22 0.6496144480519481 0.47197713414634146 0.002556818181818182 0.006759146341463415
22 0.6814864042207792 0.47208841463414636 0.0021773538961038963 0.00698170731707317
22 0.6462571022727273 0.47239329268292685 0.002335633116883117 0.008201219512195122
22 0.6399310064935064 0.47244817073170736 0.0030762987012987013 0.007701219512195123
22 0.6559405438311688 0.47225457317073166 0.002627840909090909 0.006704268292682927
22 0.6694977678571429 0.47267073170731705 0.0025507305194805195 0.008146341463414634
22 0.6597402597402597 0.4724756097560976 0.002922077922077922 0.007146341463414634
22 0.6724299918831169 0.4725320121951219 0.001921672077922078 0.006649390243902439
22 0.6528236607142857 0.47258689024390244 0.002481737012987013 0.006149390243902439
22 0.6627282873376624 0.47258689024390244 0.0024046266233766233 0.007368902439024391
22 0.6848244724025974 0.47258689024390244 0.002765827922077922 0.007368902439024391
22 0.7135978084415585 0.47258689024390244 0.0030884740259740262 0.007368902439024391
22 0.7069764610389611 0.47269817073170733 0.002426948051948052 0.007591463414634146
22 0.6942126623376623 0.47275304878048785 0.0024675324675324677 0.007091463414634147
22 0.6972006899350649 0.47275304878048785 0.0027617694805194804 0.007091463414634147
22 0.6882558847402597 0.47280792682926825 0.002323457792207792 0.006591463414634147
22 0.6911698457792208 0.47275304878048785 0.0024695616883116884 0.008310975609756098
22 0.666176948051948 0.47286432926829264 0.0028084415584415582 0.007314024390243902
22 0.6754180194805195 0.47297560975609754 0.002215909090909091 0.007536585365853658
22 0.7102962662337663 0.4731966463414634 0.002167207792207792 0.006759146341463415
22 0.6787936282467532 0.4733079268292683 0.0024736201298701296 0.00698170731707317
22 0.7005397727272727 0.4733628048780488 0.0025405844155844156 0.006481707317073171
22 0.7039701704545455 0.4734740853658536 0.002096185064935065 0.006704268292682927
22 0.5555955762987013 0.4758521341463415 0.002424918831168831 0.0065823170731707315
14 0.5236262175324675 0.47649085365853655 0.05780438311688312 0.09200609756097561
22 0.4882508116883117 0.47759756097560974 0.004099025974025974 0.0027560975609756096
22 0.558676948051948 0.4793399390243902 0.002094155844155844 0.0056310975609756096
2 0.6037205762987014 0.48046493902439025 0.0028956980519480517 0.00788109756097561
14 0.4568273133116883 0.48083536585365855 0.033784496753246754 0.05252439024390244
22 0.5553926542207792 0.48382012195121954 0.002019074675324675 0.006664634146341463
7 0.6078297483766234 0.48608689024390245 0.00015625 0.0038810975609756097
22 0.5586383928571428 0.48721189024390243 0.0024228896103896105 0.006740853658536585
22 0.4881260146103896 0.4878734756097561 0.003849431818181818 0.003795731707317073
22 0.6841974431818182 0.48791920731707317 0.002729301948051948 0.008155487804878049
2 0.6941741071428571 0.48826676829268295 0.0027962662337662337 0.0076310975609756105
22 0.6909111201298701 0.488140243902439 0.0023579545454545455 0.0073780487804878045
22 0.6876653814935065 0.48841768292682924 0.002765827922077922 0.007323170731707317
2 0.6100020292207793 0.48857164634146344 0.0040949675324675324 0.012509146341463415
2 0.6163037743506493 0.4891981707317073 0.004523133116883116 0.012542682926829269
2 0.6422554788961039 0.49038109756097564 0.00447849025974026 0.01246951219512195
2 0.6356787743506493 0.4906676829268293 0.00390625 0.011823170731707317
2 0.6485683847402597 0.4907942073170732 0.004117288961038961 0.012076219512195122
22 0.5551897321428572 0.4919390243902439 0.002424918831168831 0.007048780487804878
2 0.6750395698051948 0.4939161585365854 0.0047057629870129875 0.012832317073170733
2 0.6974411525974026 0.49549237804878044 0.0028368506493506493 0.007448170731707317
22 0.7108705357142857 0.4954664634146342 0.003721590909090909 0.011664634146341463
2 0.7020119724025974 0.4955884146341463 0.004267451298701299 0.013128048780487806
22 0.5585369318181818 0.4955030487804878 0.0022199675324675325 0.00625
2 0.7188626217532467 0.495765243902439 0.003471996753246753 0.009213414634146341
2 0.6899127435064935 0.49656707317073173 0.0027962662337662337 0.007768292682926829
2 0.6837946428571429 0.496422256097561 0.0027353896103896103 0.007478658536585366
22 0.6869155844155844 0.4964878048780488 0.002077922077922078 0.006390243902439025
2 0.6802059659090909 0.49664786585365855 0.004080762987012987 0.009759146341463415
2 0.7231554383116883 0.4972743902439024 0.003534902597402598 0.009182926829268292
22 0.707012987012987 0.4975381097560975 0.002905844155844156 0.0072713414634146345
2 0.6938534902597403 0.4975304878048781 0.002966720779220779 0.009085365853658536
22 0.5554433847402597 0.4992210365853658 0.002120535714285714 0.0057591463414634145
22 0.48928064123376624 0.5002591463414634 0.0037236201298701302 0.0029573170731707313
2 0.6668597808441559 0.5016783536585366 0.004174107142857143 0.0033567073170731707
2 0.6166071428571428 0.503060975609756 0.0031006493506493507 0.007951219512195122
22 0.4893435470779221 0.5037317073170732 0.003849431818181818 0.0025853658536585367
22 0.7115320616883116 0.505827743902439 0.002203733766233766 0.00738719512195122
22 0.714760551948052 0.505827743902439 0.002167207792207792 0.00738719512195122
22 0.7052242288961038 0.5061615853658537 0.0029809253246753245 0.008054878048780488
2 0.7173995535714285 0.5063109756097561 0.0025750811688311686 0.00774390243902439
2 0.7079494724025974 0.506407012195122 0.002749594155844156 0.006716463414634147
22 0.6554342532467532 0.5070746951219512 0.0032386363636363637 0.009271341463414634
22 0.4305671672077922 0.5083765243902438 0.0023681006493506494 0.006996951219512195
7 0.720137987012987 0.5081829268292682 0.00237012987012987 0.01026829268292683
22 0.4337510146103896 0.5082591463414634 0.003053977272727273 0.0067621951219512194
22 0.4274614448051948 0.5086585365853659 0.002650162337662338 0.007560975609756098
7 0.6218993506493506 0.5086082317073171 0.0043506493506493505 0.018435975609756097
7 0.7228185876623378 0.5086554878048781 0.002455357142857143 0.00999390243902439
22 0.5574208603896104 0.512219512195122 0.0060754870129870134 0.004926829268292683
2 0.6109070616883118 0.512625 0.0038758116883116887 0.01122560975609756
2 0.4880194805194805 0.5144618902439024 0.004853896103896104 0.003923780487804878
22 0.48254159902597404 0.514577743902439 0.0048559253246753245 0.004765243902439024
2 0.4306696428571429 0.5167195121951219 0.002167207792207792 0.006609756097560975
22 0.4334182224025974 0.5171646341463414 0.0027942370129870127 0.008719512195121952
2 0.44222199675324675 0.5173216463414634 0.002544642857142857 0.006594512195121951
2 0.43865868506493505 0.5177027439024391 0.00231737012987013 0.00735670731707317
2 0.5558796672077922 0.519015243902439 0.0021814123376623375 0.006932926829268292
22 0.4822747564935065 0.5192271341463415 0.00432224025974026 0.0030884146341463416
2 0.48820921266233763 0.5192088414634146 0.004827516233766233 0.0042713414634146345
2 0.5593922483766234 0.5191112804878049 0.002307224025974026 0.0077347560975609755
2 0.7067633928571428 0.5190548780487805 0.006465097402597403 0.005182926829268293
22 0.6604596185064935 0.5208262195121951 0.0019257305194805194 0.006286585365853659
22 0.6639082792207792 0.5218246951219512 0.002329545454545455 0.007064024390243903
7 0.7182000811688312 0.5224695121951219 0.0021469155844155846 0.009573170731707317
7 0.4407426948051948 0.5249573170731707 0.006079545454545455 0.0054024390243902435
22 0.7066010551948052 0.5256219512195122 0.005734577922077922 0.005512195121951219
22 0.5090310470779221 0.528032012195122 0.002234172077922078 0.006064024390243903
22 0.5115746753246753 0.528219512195122 0.0020454545454545456 0.006439024390243903
22 0.5357497970779221 0.528219512195122 0.0025060876623376623 0.006439024390243903
22 0.5401359577922078 0.528219512195122 0.002349837662337662 0.006439024390243903
22 0.542398538961039 0.5281951219512195 0.002410714285714286 0.005170731707317073
22 0.5190351055194805 0.5282896341463414 0.0019500811688311687 0.00475
22 0.524153814935065 0.5282896341463414 0.002041396103896104 0.00475
22 0.533612012987013 0.5282896341463414 0.0014772727272727272 0.00475
22 0.5313484172077922 0.5281021341463414 0.0022260551948051948 0.006204268292682927
22 0.5379352678571429 0.5284771341463415 0.0020068993506493506 0.005124999999999999
22 0.5264640827922078 0.5285716463414634 0.0017918019480519481 0.005314024390243902
22 0.5214691558441559 0.5284771341463415 0.002353896103896104 0.006344512195121951
22 0.5142126623376624 0.5285716463414634 0.0020454545454545456 0.005923780487804878
22 0.5165219155844156 0.5286646341463415 0.0017938311688311687 0.0055
22 0.529039163961039 0.5287591463414634 0.0020718344155844157 0.005079268292682927
2 0.7254606331168831 0.5287804878048781 0.008145292207792207 0.005731707317073171
2 0.7106290584415584 0.5322256097560976 0.004862012987012988 0.004085365853658537
2 0.5061870941558441 0.5320990853658537 0.002228084415584416 0.00688109756097561
2 0.48817167207792206 0.5327042682926829 0.001911525974025974 0.006871951219512195
2 0.4934212662337662 0.5326661585365854 0.0018587662337662338 0.006185975609756097
2 0.4908471996753247 0.5327423780487804 0.001986607142857143 0.006338414634146341
7 0.718023538961039 0.5347103658536585 0.0021996753246753247 0.009664634146341463
7 0.7154423701298701 0.5350792682926829 0.002719155844155844 0.011012195121951219
22 0.509140625 0.5359146341463414 0.0020474837662337662 0.005975609756097561
22 0.5167248376623377 0.535797256097561 0.0026055194805194807 0.005131097560975609
22 0.5192065746753247 0.5361021341463414 0.002293019480519481 0.0063506097560975605
22 0.5215472808441558 0.535984756097561 0.0029159902597402595 0.0055060975609756094
22 0.5119490665584416 0.5361722560975609 0.001982548701298701 0.00588109756097561
22 0.5239042207792208 0.5361722560975609 0.001948051948051948 0.00588109756097561
22 0.5261668019480519 0.536265243902439 0.002414772727272727 0.006067073170731707
22 0.5140249594155843 0.5365701219512196 0.0016700487012987013 0.006676829268292683
22 0.5289143668831169 0.5366646341463415 0.002228084415584416 0.007475609756097561
2 0.7254606331168831 0.5367591463414634 0.008145292207792207 0.006445121951219513
2 0.7105002029220778 0.5379237804878049 0.0050101461038961044 0.004506097560975609
2 0.48793120941558443 0.5395274390243903 0.0018364448051948054 0.005884146341463415
2 0.5365604707792208 0.540125 0.0033157467532467532 0.007079268292682926
2 0.4970140016233766 0.5402042682926829 0.0025507305194805195 0.00723780487804878
22 0.49417410714285714 0.5403414634146342 0.00255275974025974 0.006292682926829269
22 0.4906138392857143 0.5405076219512195 0.0023315746753246754 0.008454268292682927
2 0.5061708603896103 0.541670731707317 0.0034131493506493506 0.009560975609756097
2 0.6728916396103897 0.541920731707317 0.0024391233766233767 0.007621951219512195
2 0.6797148944805195 0.5418246951219512 0.002692775974025974 0.008039634146341464
2 0.6759993912337662 0.541905487804878 0.0025669642857142857 0.007591463414634146
2 0.6870941558441559 0.5422423780487805 0.0036525974025974025 0.010094512195121952
2 0.6938849431818183 0.5426920731707316 0.003435470779220779 0.009164634146341463
2 0.7096144480519481 0.5433323170731708 0.005267857142857143 0.0031280487804878046
2 0.7219267451298702 0.5441036585365854 0.0027008928571428574 0.007719512195121951
22 0.7154210633116883 0.5444115853658537 0.002270698051948052 0.007115853658536586
22 0.7021773538961039 0.5447149390243903 0.007844967532467531 0.006503048780487805
2 0.4899939123376624 0.5466783536585366 0.004744318181818182 0.0037225609756097564
2 0.5365817775974027 0.5484878048780488 0.002952516233766234 0.007341463414634146
2 0.6482193587662338 0.5489786585365853 0.005854301948051949 0.005274390243902439
22 0.7100933441558441 0.5502423780487805 0.005008116883116883 0.004753048780487805
22 0.6833492288961039 0.5513231707317073 0.002250405844155844 0.0069146341463414635
22 0.672854099025974 0.5516295731707317 0.0027698863636363637 0.00813719512195122
2 0.48970474837662337 0.5516539634146341 0.004977678571428571 0.003917682926829268
22 0.6908380681818181 0.5514344512195122 0.0022118506493506492 0.00713719512195122
22 0.7022433035714286 0.5516326219512195 0.00838271103896104 0.005704268292682927
2 0.6794379058441559 0.5520975609756098 0.003356331168831169 0.007243902439024391
22 0.6766355519480519 0.5521280487804878 0.002621753246753247 0.00852439024390244
22 0.6872412743506493 0.5521280487804878 0.0035409902597402596 0.00852439024390244
2 0.5806534090909091 0.5551509146341463 0.003839285714285715 0.010301829268292683
2 0.5848295454545455 0.5550868902439025 0.0036688311688311687 0.009564024390243902
22 0.5131574675324676 0.5577850609756098 0.0019642857142857144 0.005814024390243902
22 0.5193394886363636 0.5579405487804878 0.0021530032467532464 0.007344512195121951
22 0.5161363636363636 0.5580625 0.00224025974025974 0.006978658536585366
2 0.5910754870129871 0.5585381097560976 0.008043831168831169 0.006710365853658537
7 0.4870829951298701 0.563657012195122 0.002169237012987013 0.00963109756097561
22 0.48995028409090907 0.565515243902439 0.0018161525974025974 0.007859756097560976
22 0.4925142045454546 0.5657926829268293 0.0020738636363636367 0.005365853658536586
22 0.49540990259740264 0.566125 0.002589285714285714 0.00725
2 0.5160004058441559 0.5665960365853658 0.0027800324675324676 0.006972560975609756
22 0.5126481331168831 0.5666112804878048 0.0025689935064935063 0.006393292682926829
22 0.5191487418831169 0.5668963414634146 0.0017715097402597403 0.007573170731707317
29 0.5908664772727272 0.5680564024390243 0.006408279220779221 0.008064024390243903
7 0.506994724025974 0.5680243902439024 0.0034375000000000005 0.014097560975609756
22 0.5971357548701298 0.5685 0.00190137987012987 0.007121951219512195
2 0.6082893668831169 0.5683140243902439 0.00432224025974026 0.011628048780487805
2 0.6145576298701299 0.5685701219512196 0.004277597402597403 0.012140243902439025
2 0.6208898133116882 0.5690518292682927 0.004360795454545454 0.01249390243902439
7 0.5748640422077922 0.5697957317073171 0.005653409090909091 0.018859756097560975
22 0.5601765422077922 0.5701356707317073 0.002658279220779221 0.007344512195121951
22 0.5629575892857143 0.5701844512195122 0.0025385551948051946 0.006832317073170732
7 0.6693770292207792 0.5704664634146341 0.005556006493506493 0.01898170731707317
14 0.4598731737012987 0.5733292682926829 0.011467126623376622 0.01678048780487805
22 0.44536931818181824 0.5739146341463415 0.0043749999999999995 0.0033170731707317077
22 0.5126024756493507 0.5744817073170732 0.0020718344155844157 0.0068902439024390244
2 0.6968516639610389 0.5749695121951219 0.004092938311688312 0.009695121951219512
22 0.5216893262987014 0.574827743902439 0.001982548701298701 0.006972560975609756
22 0.5160298295454545 0.574859756097561 0.0020271915584415584 0.007036585365853658
22 0.519255275974026 0.575217987804878 0.001984577922077922 0.007753048780487805
22 0.524572849025974 0.5751966463414634 0.002067775974025974 0.00710060975609756
22 0.5403094561688312 0.5752957317073171 0.0022909902597402594 0.005469512195121952
22 0.5427911931818182 0.5753368902439024 0.0019784902597402595 0.00738109756097561
15 0.683869724025974 0.575577743902439 0.017901785714285714 0.028594512195121952
22 0.44547991071428567 0.5769923780487806 0.004190340909090909 0.003375
2 0.47806310876623376 0.5783460365853659 0.001986607142857143 0.006082317073170732
2 0.5851390016233766 0.5794359756097561 0.0038818993506493506 0.008871951219512196
13 0.5801887175324676 0.5802682926829268 0.003721590909090909 0.011146341463414635
22 0.4452221996753246 0.5802637195121951 0.004080762987012987 0.003820121951219512
2 0.6181645698051949 0.581282012195122 0.006215503246753246 0.005856707317073171
22 0.6318222402597402 0.5819344512195121 0.0030925324675324674 0.008381097560975609
2 0.6242248376623376 0.5824253048780488 0.004943181818181818 0.004484756097560976
2 0.6604261363636363 0.583359756097561 0.0026704545454545453 0.006963414634146342
22 0.6563798701298701 0.5832454268292683 0.0031006493506493507 0.009173780487804878
22 0.44525872564935065 0.5843948170731708 0.003747970779220779 0.002935975609756098
14 0.49116781655844155 0.5864207317073171 0.009121347402597403 0.020402439024390245
2 0.47349228896103895 0.591780487804878 0.0017735389610389612 0.0061219512195121945
2 0.4649178165584415 0.5932088414634146 0.0020758928571428573 0.005929878048780488
2 0.6394480519480519 0.5962606707317073 0.0033279220779220777 0.008984756097560975
2 0.6442075892857143 0.5965426829268293 0.0035125811688311685 0.008939024390243902
2 0.6829575892857143 0.5972271341463414 0.0039021915584415584 0.009698170731707317
2 0.6874959415584415 0.5974039634146341 0.0036444805194805197 0.008832317073170731
2 0.6786008522727273 0.5972911585365853 0.003711444805194805 0.00982621951219512
14 0.6615827922077923 0.5987469512195123 0.014318181818181818 0.017615853658536587
6 0.5437094155844157 0.5992743902439024 0.06875 0.023548780487804878
22 0.6500527597402598 0.6051814024390244 0.005462662337662338 0.004875
2 0.6178977272727273 0.6076371951219512 0.006087662337662338 0.004908536585365854