3 0.47596153846153844 0.34615384615384615 0.009615384615384616 0.004807692307692308
23 0.47596153846153844 0.34975961538461536 0.009615384615384616 0.002403846153846154
23 0.47836538461538464 0.5252403846153846 0.009615384615384616 0.002403846153846154
14 0.484375 0.4254807692307692 0.021634615384615384 0.009615384615384616
6 0.484375 0.38341346153846156 0.016826923076923076 0.06009615384615385
6 0.4855769230769231 0.4879807692307692 0.019230769230769232 0.057692307692307696
23 0.4891826923076923 0.4326923076923077 0.007211538461538462 0.004807692307692308
23 0.49038461538461536 0.4362980769230769 0.009615384615384616 0.002403846153846154
3 0.4951923076923077 0.34615384615384615 0.004807692307692308 0.004807692307692308
23 0.4951923076923077 0.35336538461538464 0.004807692307692308 0.004807692307692308
23 0.5 0.42788461538461536 0.009615384615384616 0.004807692307692308
23 0.5 0.3557692307692308 0.009615384615384616 0.004807692307692308
3 0.5024038461538461 0.34615384615384615 0.004807692307692308 0.004807692307692308
3 0.5072115384615384 0.34615384615384615 0.004807692307692308 0.004807692307692308
23 0.5096153846153846 0.3389423076923077 0.004807692307692308 0.004807692307692308
23 0.5096153846153846 0.42427884615384615 0.009615384615384616 0.002403846153846154
3 0.5120192307692307 0.3557692307692308 0.009615384615384616 0.004807692307692308
3 0.5096153846153846 0.49038461538461536 0.004807692307692308 0.004807692307692308
3 0.5096153846153846 0.5216346153846154 0.004807692307692308 0.004807692307692308
3 0.5096153846153846 0.5 0.004807692307692308 0.004807692307692308
3 0.5144230769230769 0.3473557692307692 0.004807692307692308 0.007211538461538462
23 0.5168269230769231 0.4338942307692308 0.009615384615384616 0.002403846153846154
3 0.5168269230769231 0.4387019230769231 0.009615384615384616 0.002403846153846154
3 0.515625 0.46033653846153844 0.007211538461538462 0.002403846153846154
3 0.5144230769230769 0.46634615384615385 0.009615384615384616 0.004807692307692308
23 0.5168269230769231 0.46274038461538464 0.009615384615384616 0.002403846153846154
3 0.5168269230769231 0.45072115384615385 0.009615384615384616 0.002403846153846154
3 0.5168269230769231 0.453125 0.009615384615384616 0.002403846153846154
23 0.5192307692307693 0.4735576923076923 0.004807692307692308 0.004807692307692308
3 0.5216346153846154 0.3389423076923077 0.004807692307692308 0.004807692307692308
23 0.5240384615384616 0.34375 0.009615384615384616 0.004807692307692308
29 0.5240384615384616 0.34975961538461536 0.009615384615384616 0.007211538461538462
3 0.5288461538461539 0.4735576923076923 0.004807692307692308 0.004807692307692308
14 0.5300480769230769 0.5024038461538461 0.036057692307692304 0.038461538461538464
3 0.53125 0.41586538461538464 0.004807692307692308 0.004807692307692308
3 0.5336538461538461 0.3701923076923077 0.004807692307692308 0.004807692307692308
3 0.5372596153846154 0.3762019230769231 0.007211538461538462 0.002403846153846154
29 0.5372596153846154 0.35096153846153844 0.007211538461538462 0.004807692307692308
14 0.5408653846153846 0.3894230769230769 0.028846153846153848 0.019230769230769232
3 0.5384615384615384 0.4735576923076923 0.004807692307692308 0.004807692307692308
3 0.5408653846153846 0.4182692307692308 0.004807692307692308 0.004807692307692308
7 0.5432692307692307 0.375 0.004807692307692308 0.004807692307692308
23 0.5432692307692307 0.3701923076923077 0.004807692307692308 0.004807692307692308
23 0.5420673076923077 0.4014423076923077 0.002403846153846154 0.004807692307692308
23 0.5432692307692307 0.4807692307692308 0.004807692307692308 0.004807692307692308
23 0.546875 0.4014423076923077 0.002403846153846154 0.004807692307692308
23 0.5480769230769231 0.375 0.004807692307692308 0.004807692307692308
3 0.5480769230769231 0.4050480769230769 0.009615384615384616 0.002403846153846154
3 0.5480769230769231 0.4807692307692308 0.004807692307692308 0.004807692307692308
3 0.5480769230769231 0.4735576923076923 0.004807692307692308 0.004807692307692308
23 0.5504807692307693 0.375 0.004807692307692308 0.004807692307692308
3 0.5504807692307693 0.4182692307692308 0.004807692307692308 0.004807692307692308
7 0.5528846153846154 0.3701923076923077 0.009615384615384616 0.004807692307692308
23 0.5552884615384616 0.36658653846153844 0.009615384615384616 0.002403846153846154
3 0.5576923076923077 0.375 0.009615384615384616 0.004807692307692308
3 0.5576923076923077 0.4182692307692308 0.004807692307692308 0.004807692307692308
3 0.5576923076923077 0.4735576923076923 0.004807692307692308 0.004807692307692308
14 0.5600961538461539 0.44591346153846156 0.07211538461538461 0.05048076923076923
23 0.5600961538461539 0.3701923076923077 0.004807692307692308 0.004807692307692308
3 0.5576923076923077 0.5216346153846154 0.004807692307692308 0.004807692307692308
22 0.5625 0.3485576923076923 0.009615384615384616 0.004807692307692308
3 0.5697115384615384 0.4014423076923077 0.004807692307692308 0.004807692307692308
3 0.5697115384615384 0.4182692307692308 0.004807692307692308 0.004807692307692308
3 0.5697115384615384 0.4735576923076923 0.004807692307692308 0.004807692307692308
23 0.5697115384615384 0.4074519230769231 0.004807692307692308 0.002403846153846154
23 0.5697115384615384 0.4098557692307692 0.004807692307692308 0.002403846153846154
23 0.5721153846153846 0.41346153846153844 0.004807692307692308 0.004807692307692308
7 0.5769230769230769 0.35697115384615385 0.004807692307692308 0.007211538461538462
29 0.5769230769230769 0.3786057692307692 0.009615384615384616 0.007211538461538462
3 0.5793269230769231 0.4735576923076923 0.004807692307692308 0.004807692307692308
14 0.5793269230769231 0.5048076923076923 0.03365384615384615 0.038461538461538464
23 0.5841346153846154 0.4098557692307692 0.004807692307692308 0.002403846153846154
23 0.5865384615384616 0.41466346153846156 0.004807692307692308 0.002403846153846154
23 0.5865384615384616 0.41225961538461536 0.004807692307692308 0.002403846153846154
23 0.5865384615384616 0.4098557692307692 0.004807692307692308 0.002403846153846154
3 0.5853365384615384 0.41947115384615385 0.007211538461538462 0.002403846153846154
3 0.5841346153846154 0.4735576923076923 0.004807692307692308 0.004807692307692308
14 0.5889423076923077 0.39663461538461536 0.028846153846153848 0.014423076923076924
14 0.59375 0.3701923076923077 0.009615384615384616 0.014423076923076924
14 0.5925480769230769 0.4110576923076923 0.007211538461538462 0.004807692307692308
7 0.5961538461538461 0.34975961538461536 0.004807692307692308 0.007211538461538462
29 0.5961538461538461 0.3581730769230769 0.009615384615384616 0.004807692307692308
23 0.5961538461538461 0.421875 0.004807692307692308 0.002403846153846154
23 0.5961538461538461 0.4170673076923077 0.004807692307692308 0.002403846153846154
23 0.5961538461538461 0.41947115384615385 0.004807692307692308 0.002403846153846154
3 0.6009615384615384 0.4639423076923077 0.004807692307692308 0.004807692307692308
23 0.6009615384615384 0.4254807692307692 0.009615384615384616 0.004807692307692308
3 0.6009615384615384 0.44471153846153844 0.004807692307692308 0.004807692307692308
23 0.6009615384615384 0.4411057692307692 0.004807692307692308 0.002403846153846154
3 0.6021634615384616 0.4362980769230769 0.007211538461538462 0.002403846153846154
3 0.6009615384615384 0.43149038461538464 0.004807692307692308 0.002403846153846154
3 0.6021634615384616 0.42908653846153844 0.007211538461538462 0.002403846153846154
3 0.6021634615384616 0.45552884615384615 0.007211538461538462 0.002403846153846154
3 0.6021634615384616 0.45072115384615385 0.007211538461538462 0.002403846153846154
3 0.6009615384615384 0.5072115384615384 0.004807692307692308 0.004807692307692308
3 0.6021634615384616 0.49759615384615385 0.007211538461538462 0.004807692307692308
23 0.6081730769230769 0.4411057692307692 0.004807692307692308 0.002403846153846154
29 0.6105769230769231 0.34975961538461536 0.009615384615384616 0.007211538461538462
23 0.609375 0.4254807692307692 0.007211538461538462 0.004807692307692308
3 0.609375 0.43028846153846156 0.007211538461538462 0.004807692307692308
3 0.6117788461538461 0.4639423076923077 0.007211538461538462 0.004807692307692308
23 0.6105769230769231 0.4387019230769231 0.004807692307692308 0.002403846153846154
23 0.6105769230769231 0.44350961538461536 0.004807692307692308 0.002403846153846154
23 0.6129807692307693 0.4483173076923077 0.004807692307692308 0.002403846153846154
23 0.6129807692307693 0.44591346153846156 0.004807692307692308 0.002403846153846154
23 0.6129807692307693 0.4411057692307692 0.004807692307692308 0.002403846153846154
13 0.6129807692307693 0.40865384615384615 0.004807692307692308 0.009615384615384616
29 0.6165865384615384 0.3605769230769231 0.021634615384615384 0.009615384615384616
15 0.6177884615384616 0.37740384615384615 0.019230769230769232 0.019230769230769232
14 0.625 0.5072115384615384 0.019230769230769232 0.019230769230769232
6 0.6346153846153846 0.4375 0.019230769230769232 0.0673076923076923
3 0.6370192307692307 0.38221153846153844 0.009615384615384616 0.004807692307692308
7 0.640625 0.3605769230769231 0.007211538461538462 0.014423076923076924
23 0.6418269230769231 0.49038461538461536 0.004807692307692308 0.009615384615384616