23 0.5456730769230769 0.6189903846153846 0.004807692307692308 0.007211538461538462
23 0.5408653846153846 0.6201923076923077 0.004807692307692308 0.009615384615384616
13 0.5420673076923077 0.5240384615384616 0.01201923076923077 0.014423076923076924
13 0.5396634615384616 0.5384615384615384 0.01201923076923077 0.014423076923076924
3 0.5384615384615384 0.5048076923076923 0.009615384615384616 0.004807692307692308
23 0.5360576923076923 0.5564903846153846 0.004807692307692308 0.007211538461538462
3 0.5336538461538461 0.5625 0.009615384615384616 0.004807692307692308
3 0.53125 0.6177884615384616 0.004807692307692308 0.004807692307692308
23 0.5336538461538461 0.5540865384615384 0.004807692307692308 0.007211538461538462
3 0.5264423076923077 0.5444711538461539 0.02403846153846154 0.01201923076923077
3 0.5264423076923077 0.59375 0.019230769230769232 0.014423076923076924
23 0.5240384615384616 0.6165865384615384 0.004807692307692308 0.007211538461538462
3 0.5276442307692307 0.53125 0.016826923076923076 0.014423076923076924
3 0.5264423076923077 0.49399038461538464 0.02403846153846154 0.016826923076923076
3 0.5216346153846154 0.6274038461538461 0.009615384615384616 0.004807692307692308
3 0.5216346153846154 0.625 0.009615384615384616 0.004807692307692308
23 0.5216346153846154 0.5528846153846154 0.004807692307692308 0.004807692307692308
3 0.5192307692307693 0.6081730769230769 0.019230769230769232 0.009615384615384616
23 0.5192307692307693 0.5745192307692307 0.009615384615384616 0.004807692307692308
7 0.5192307692307693 0.578125 0.009615384615384616 0.002403846153846154
7 0.5192307692307693 0.6153846153846154 0.004807692307692308 0.009615384615384616
23 0.5192307692307693 0.5661057692307693 0.009615384615384616 0.002403846153846154
15 0.5192307692307693 0.5697115384615384 0.009615384615384616 0.004807692307692308
7 0.5192307692307693 0.5757211538461539 0.009615384615384616 0.002403846153846154
7 0.5192307692307693 0.5625 0.009615384615384616 0.004807692307692308
23 0.5192307692307693 0.5805288461538461 0.009615384615384616 0.002403846153846154
15 0.5192307692307693 0.5865384615384616 0.009615384615384616 0.004807692307692308
14 0.5204326923076923 0.5120192307692307 0.026442307692307692 0.014423076923076924
23 0.5192307692307693 0.5528846153846154 0.004807692307692308 0.004807692307692308
3 0.5192307692307693 0.5600961538461539 0.009615384615384616 0.004807692307692308
3 0.5192307692307693 0.5564903846153846 0.009615384615384616 0.002403846153846154
23 0.5120192307692307 0.5901442307692307 0.009615384615384616 0.002403846153846154
3 0.5144230769230769 0.5288461538461539 0.004807692307692308 0.004807692307692308
7 0.5120192307692307 0.5913461538461539 0.009615384615384616 0.004807692307692308
15 0.5096153846153846 0.4735576923076923 0.04807692307692308 0.03365384615384615
3 0.5072115384615384 0.5552884615384616 0.009615384615384616 0.004807692307692308
23 0.5072115384615384 0.5733173076923077 0.009615384615384616 0.002403846153846154
3 0.5048076923076923 0.5625 0.009615384615384616 0.004807692307692308
23 0.5048076923076923 0.5661057692307693 0.009615384615384616 0.002403846153846154
23 0.5048076923076923 0.5685096153846154 0.009615384615384616 0.002403846153846154
23 0.5048076923076923 0.5709134615384616 0.009615384615384616 0.002403846153846154
23 0.5048076923076923 0.6021634615384616 0.004807692307692308 0.007211538461538462
7 0.5024038461538461 0.6105769230769231 0.004807692307692308 0.004807692307692308
23 0.5024038461538461 0.5877403846153846 0.009615384615384616 0.002403846153846154
23 0.5 0.5841346153846154 0.009615384615384616 0.004807692307692308
3 0.5 0.5913461538461539 0.009615384615384616 0.004807692307692308
15 0.5 0.6033653846153846 0.004807692307692308 0.004807692307692308
23 0.49759615384615385 0.4951923076923077 0.004807692307692308 0.004807692307692308
3 0.49759615384615385 0.5024038461538461 0.004807692307692308 0.004807692307692308
7 0.4951923076923077 0.6105769230769231 0.004807692307692308 0.004807692307692308
3 0.4951923076923077 0.5192307692307693 0.014423076923076924 0.014423076923076924
23 0.4951923076923077 0.6033653846153846 0.004807692307692308 0.004807692307692308
3 0.49278846153846156 0.5865384615384616 0.004807692307692308 0.009615384615384616
23 0.49038461538461536 0.5456730769230769 0.004807692307692308 0.004807692307692308
23 0.49038461538461536 0.6033653846153846 0.004807692307692308 0.004807692307692308
7 0.4879807692307692 0.6105769230769231 0.004807692307692308 0.004807692307692308
3 0.4879807692307692 0.5877403846153846 0.004807692307692308 0.007211538461538462
23 0.4855769230769231 0.5456730769230769 0.004807692307692308 0.004807692307692308
15 0.4855769230769231 0.6033653846153846 0.004807692307692308 0.004807692307692308
7 0.47836538461538464 0.609375 0.004807692307692308 0.007211538461538462
14 0.4795673076923077 0.5649038461538461 0.040865384615384616 0.028846153846153848
23 0.47836538461538464 0.6021634615384616 0.004807692307692308 0.007211538461538462
3 0.47836538461538464 0.5877403846153846 0.004807692307692308 0.007211538461538462
3 0.47596153846153844 0.5480769230769231 0.004807692307692308 0.004807692307692308
3 0.47716346153846156 0.5168269230769231 0.016826923076923076 0.014423076923076924
3 0.47596153846153844 0.5276442307692307 0.004807692307692308 0.007211538461538462
7 0.47115384615384615 0.609375 0.004807692307692308 0.007211538461538462
23 0.4735576923076923 0.45913461538461536 0.004807692307692308 0.004807692307692308
23 0.4735576923076923 0.46634615384615385 0.004807692307692308 0.004807692307692308
23 0.46634615384615385 0.6081730769230769 0.004807692307692308 0.004807692307692308
3 0.4675480769230769 0.5480769230769231 0.01201923076923077 0.004807692307692308
3 0.4639423076923077 0.6177884615384616 0.004807692307692308 0.004807692307692308
3 0.4651442307692308 0.5 0.026442307692307692 0.019230769230769232
3 0.4639423076923077 0.48677884615384615 0.009615384615384616 0.002403846153846154
3 0.4639423076923077 0.48197115384615385 0.009615384615384616 0.002403846153846154
3 0.4639423076923077 0.484375 0.009615384615384616 0.002403846153846154
14 0.4651442307692308 0.4735576923076923 0.021634615384615384 0.009615384615384616
15 0.46153846153846156 0.6081730769230769 0.004807692307692308 0.004807692307692308
23 0.4639423076923077 0.5180288461538461 0.009615384615384616 0.002403846153846154
23 0.4639423076923077 0.5168269230769231 0.009615384615384616 0.004807692307692308
14 0.46153846153846156 0.5300480769230769 0.02403846153846154 0.01201923076923077
23 0.4567307692307692 0.6081730769230769 0.004807692307692308 0.004807692307692308
3 0.45913461538461536 0.4651442307692308 0.004807692307692308 0.007211538461538462
3 0.4519230769230769 0.5745192307692307 0.009615384615384616 0.004807692307692308
23 0.4519230769230769 0.5793269230769231 0.009615384615384616 0.004807692307692308
23 0.4519230769230769 0.5637019230769231 0.009615384615384616 0.002403846153846154
3 0.4519230769230769 0.5865384615384616 0.009615384615384616 0.004807692307692308
23 0.4519230769230769 0.5817307692307693 0.009615384615384616 0.004807692307692308
3 0.4519230769230769 0.5721153846153846 0.009615384615384616 0.004807692307692308
3 0.4519230769230769 0.5480769230769231 0.009615384615384616 0.004807692307692308
23 0.4519230769230769 0.5516826923076923 0.009615384615384616 0.002403846153846154
23 0.4519230769230769 0.5540865384615384 0.009615384615384616 0.002403846153846154
23 0.4519230769230769 0.5588942307692307 0.009615384615384616 0.002403846153846154
3 0.4519230769230769 0.5612980769230769 0.009615384615384616 0.002403846153846154
7 0.4519230769230769 0.6081730769230769 0.004807692307692308 0.004807692307692308
23 0.4519230769230769 0.5432692307692307 0.009615384615384616 0.004807692307692308
3 0.4495192307692308 0.47115384615384615 0.004807692307692308 0.004807692307692308
3 0.4495192307692308 0.47596153846153844 0.004807692307692308 0.004807692307692308
3 0.4495192307692308 0.4831730769230769 0.004807692307692308 0.004807692307692308
13 0.4495192307692308 0.49038461538461536 0.004807692307692308 0.009615384615384616
3 0.44471153846153844 0.47596153846153844 0.004807692307692308 0.004807692307692308
3 0.44471153846153844 0.5649038461538461 0.004807692307692308 0.004807692307692308
3 0.44471153846153844 0.5757211538461539 0.004807692307692308 0.007211538461538462
23 0.44471153846153844 0.5697115384615384 0.004807692307692308 0.004807692307692308
3 0.43990384615384615 0.5516826923076923 0.009615384615384616 0.002403846153846154
23 0.43990384615384615 0.5588942307692307 0.009615384615384616 0.002403846153846154
23 0.43990384615384615 0.5540865384615384 0.009615384615384616 0.002403846153846154
3 0.43990384615384615 0.47596153846153844 0.004807692307692308 0.004807692307692308
23 0.43509615384615385 0.5865384615384616 0.014423076923076924 0.004807692307692308
6 0.4375 0.4951923076923077 0.019230769230769232 0.02403846153846154