3 0.41466346153846156 0.359375 0.007211538461538462 0.002403846153846154
3 0.41466346153846156 0.3545673076923077 0.007211538461538462 0.002403846153846154
23 0.41346153846153844 0.3786057692307692 0.009615384615384616 0.002403846153846154
23 0.41466346153846156 0.3762019230769231 0.007211538461538462 0.002403846153846154
23 0.4170673076923077 0.36177884615384615 0.007211538461538462 0.002403846153846154
3 0.4182692307692308 0.34975961538461536 0.004807692307692308 0.002403846153846154
3 0.41947115384615385 0.3425480769230769 0.007211538461538462 0.002403846153846154
3 0.4182692307692308 0.3401442307692308 0.009615384615384616 0.002403846153846154
3 0.41947115384615385 0.33774038461538464 0.007211538461538462 0.002403846153846154
3 0.41947115384615385 0.3449519230769231 0.007211538461538462 0.002403846153846154
3 0.41947115384615385 0.35216346153846156 0.007211538461538462 0.002403846153846154
3 0.4206730769230769 0.3233173076923077 0.009615384615384616 0.002403846153846154
3 0.41947115384615385 0.3329326923076923 0.007211538461538462 0.002403846153846154
3 0.41947115384615385 0.33533653846153844 0.007211538461538462 0.002403846153846154
3 0.4206730769230769 0.32091346153846156 0.009615384615384616 0.002403846153846154
3 0.4206730769230769 0.3137019230769231 0.009615384615384616 0.002403846153846154
3 0.4230769230769231 0.3112980769230769 0.009615384615384616 0.002403846153846154
3 0.4206730769230769 0.31850961538461536 0.009615384615384616 0.002403846153846154
3 0.4206730769230769 0.32572115384615385 0.009615384615384616 0.002403846153846154
3 0.4206730769230769 0.33052884615384615 0.009615384615384616 0.002403846153846154
3 0.4230769230769231 0.296875 0.009615384615384616 0.002403846153846154
3 0.421875 0.30408653846153844 0.007211538461538462 0.002403846153846154
3 0.4230769230769231 0.29447115384615385 0.009615384615384616 0.002403846153846154
3 0.4230769230769231 0.3088942307692308 0.009615384615384616 0.002403846153846154
3 0.421875 0.3161057692307692 0.007211538461538462 0.002403846153846154
3 0.42427884615384615 0.29927884615384615 0.007211538461538462 0.002403846153846154
3 0.4230769230769231 0.3016826923076923 0.009615384615384616 0.002403846153846154
23 0.43028846153846156 0.3557692307692308 0.004807692307692308 0.004807692307692308
3 0.4206730769230769 0.5 0.004807692307692308 0.004807692307692308
23 0.43509615384615385 0.3581730769230769 0.004807692307692308 0.004807692307692308
3 0.43509615384615385 0.35096153846153844 0.004807692307692308 0.004807692307692308
23 0.4254807692307692 0.5 0.004807692307692308 0.004807692307692308
23 0.43990384615384615 0.3581730769230769 0.004807692307692308 0.004807692307692308
23 0.4423076923076923 0.3581730769230769 0.004807692307692308 0.004807692307692308
3 0.44471153846153844 0.35096153846153844 0.004807692307692308 0.004807692307692308
3 0.4495192307692308 0.30288461538461536 0.004807692307692308 0.004807692307692308
23 0.4495192307692308 0.3581730769230769 0.004807692307692308 0.004807692307692308
14 0.453125 0.3173076923076923 0.026442307692307692 0.019230769230769232
14 0.4519230769230769 0.3449519230769231 0.019230769230769232 0.01201923076923077
14 0.453125 0.3329326923076923 0.021634615384615384 0.01201923076923077
23 0.45913461538461536 0.27884615384615385 0.004807692307692308 0.004807692307692308
23 0.45913461538461536 0.27403846153846156 0.004807692307692308 0.004807692307692308
3 0.45913461538461536 0.2956730769230769 0.004807692307692308 0.004807692307692308
23 0.4519230769230769 0.3581730769230769 0.004807692307692308 0.004807692307692308
3 0.4543269230769231 0.35336538461538464 0.004807692307692308 0.004807692307692308
3 0.45913461538461536 0.30288461538461536 0.004807692307692308 0.004807692307692308
23 0.4639423076923077 0.2764423076923077 0.004807692307692308 0.004807692307692308
3 0.4639423076923077 0.28125 0.004807692307692308 0.004807692307692308
23 0.4567307692307692 0.3581730769230769 0.004807692307692308 0.004807692307692308
23 0.4567307692307692 0.3870192307692308 0.004807692307692308 0.004807692307692308
23 0.45913461538461536 0.3798076923076923 0.004807692307692308 0.004807692307692308
23 0.46875 0.2764423076923077 0.004807692307692308 0.004807692307692308
23 0.46153846153846156 0.3605769230769231 0.004807692307692308 0.004807692307692308
23 0.46153846153846156 0.3762019230769231 0.009615384615384616 0.002403846153846154
3 0.4639423076923077 0.35336538461538464 0.004807692307692308 0.004807692307692308
23 0.4735576923076923 0.2764423076923077 0.004807692307692308 0.004807692307692308
3 0.4735576923076923 0.28125 0.004807692307692308 0.004807692307692308
23 0.46634615384615385 0.3605769230769231 0.004807692307692308 0.004807692307692308
3 0.4699519230769231 0.3329326923076923 0.007211538461538462 0.002403846153846154
3 0.4675480769230769 0.3425480769230769 0.007211538461538462 0.002403846153846154
3 0.46875 0.34615384615384615 0.009615384615384616 0.004807692307692308
3 0.46875 0.33653846153846156 0.009615384615384616 0.004807692307692308
23 0.46153846153846156 0.4375 0.004807692307692308 0.004807692307692308
3 0.46153846153846156 0.4326923076923077 0.004807692307692308 0.004807692307692308
23 0.4543269230769231 0.5096153846153846 0.004807692307692308 0.004807692307692308
23 0.4651442307692308 0.38341346153846156 0.007211538461538462 0.002403846153846154
3 0.4651442307692308 0.38822115384615385 0.007211538461538462 0.002403846153846154
23 0.47836538461538464 0.2764423076923077 0.004807692307692308 0.004807692307692308
23 0.4723557692307692 0.3786057692307692 0.007211538461538462 0.002403846153846154
3 0.4735576923076923 0.38221153846153844 0.009615384615384616 0.004807692307692308
23 0.4723557692307692 0.3737980769230769 0.007211538461538462 0.002403846153846154
23 0.4831730769230769 0.2764423076923077 0.004807692307692308 0.004807692307692308
23 0.4723557692307692 0.38461538461538464 0.007211538461538462 0.004807692307692308
3 0.4831730769230769 0.28365384615384615 0.004807692307692308 0.004807692307692308
23 0.47115384615384615 0.40024038461538464 0.009615384615384616 0.002403846153846154
3 0.47475961538461536 0.3581730769230769 0.007211538461538462 0.004807692307692308
3 0.4735576923076923 0.3954326923076923 0.009615384615384616 0.002403846153846154
23 0.46875 0.4387019230769231 0.004807692307692308 0.002403846153846154
3 0.47716346153846156 0.35216346153846156 0.007211538461538462 0.002403846153846154
23 0.4723557692307692 0.39783653846153844 0.007211538461538462 0.002403846153846154
3 0.4795673076923077 0.31850961538461536 0.007211538461538462 0.002403846153846154
3 0.4795673076923077 0.33774038461538464 0.007211538461538462 0.002403846153846154
3 0.4795673076923077 0.3329326923076923 0.007211538461538462 0.002403846153846154
3 0.47716346153846156 0.3449519230769231 0.007211538461538462 0.002403846153846154
3 0.48197115384615385 0.30649038461538464 0.007211538461538462 0.002403846153846154
3 0.4831730769230769 0.3016826923076923 0.009615384615384616 0.002403846153846154
3 0.48197115384615385 0.3125 0.007211538461538462 0.004807692307692308
3 0.484375 0.28846153846153844 0.007211538461538462 0.004807692307692308
3 0.484375 0.29447115384615385 0.007211538461538462 0.002403846153846154
23 0.46634615384615385 0.5096153846153846 0.004807692307692308 0.004807692307692308
23 0.4723557692307692 0.44350961538461536 0.007211538461538462 0.002403846153846154
23 0.4807692307692308 0.38822115384615385 0.004807692307692308 0.002403846153846154
23 0.4831730769230769 0.3786057692307692 0.009615384615384616 0.002403846153846154
23 0.47596153846153844 0.4387019230769231 0.004807692307692308 0.002403846153846154
23 0.4807692307692308 0.3954326923076923 0.009615384615384616 0.002403846153846154
23 0.4831730769230769 0.3858173076923077 0.004807692307692308 0.002403846153846154
23 0.4831730769230769 0.39302884615384615 0.009615384615384616 0.002403846153846154
23 0.484375 0.3762019230769231 0.007211538461538462 0.002403846153846154
3 0.484375 0.38100961538461536 0.007211538461538462 0.002403846153846154
23 0.484375 0.3545673076923077 0.007211538461538462 0.002403846153846154
23 0.48677884615384615 0.34975961538461536 0.007211538461538462 0.002403846153846154
23 0.4891826923076923 0.31850961538461536 0.007211538461538462 0.002403846153846154
23 0.4855769230769231 0.35216346153846156 0.009615384615384616 0.002403846153846154
23 0.484375 0.3581730769230769 0.007211538461538462 0.004807692307692308
23 0.48677884615384615 0.3425480769230769 0.007211538461538462 0.002403846153846154
23 0.4879807692307692 0.33052884615384615 0.009615384615384616 0.002403846153846154
23 0.48677884615384615 0.3401442307692308 0.007211538461538462 0.002403846153846154
23 0.4891826923076923 0.328125 0.007211538461538462 0.002403846153846154
23 0.4855769230769231 0.3449519230769231 0.004807692307692308 0.002403846153846154
23 0.48677884615384615 0.33774038461538464 0.007211538461538462 0.002403846153846154
23 0.4891826923076923 0.3137019230769231 0.007211538461538462 0.002403846153846154
23 0.49158653846153844 0.2860576923076923 0.007211538461538462 0.004807692307692308
23 0.49158653846153844 0.2920673076923077 0.007211538461538462 0.002403846153846154
23 0.4891826923076923 0.30408653846153844 0.007211538461538462 0.002403846153846154
23 0.4891826923076923 0.3016826923076923 0.007211538461538462 0.002403846153846154
23 0.49038461538461536 0.3112980769230769 0.004807692307692308 0.002403846153846154
23 0.49038461538461536 0.3088942307692308 0.009615384615384616 0.002403846153846154
23 0.48677884615384615 0.3329326923076923 0.007211538461538462 0.002403846153846154
23 0.4891826923076923 0.3233173076923077 0.007211538461538462 0.002403846153846154
23 0.49158653846153844 0.28966346153846156 0.007211538461538462 0.002403846153846154
23 0.4891826923076923 0.32091346153846156 0.007211538461538462 0.002403846153846154
23 0.49278846153846156 0.29927884615384615 0.004807692307692308 0.002403846153846154
23 0.49158653846153844 0.29447115384615385 0.007211538461538462 0.002403846153846154
23 0.4807692307692308 0.44350961538461536 0.004807692307692308 0.002403846153846154
14 0.47836538461538464 0.47475961538461536 0.09615384615384616 0.06490384615384616
23 0.47716346153846156 0.5096153846153846 0.002403846153846154 0.004807692307692308
23 0.4855769230769231 0.4411057692307692 0.004807692307692308 0.002403846153846154
3 0.49038461538461536 0.3954326923076923 0.009615384615384616 0.002403846153846154
14 0.47716346153846156 0.5408653846153846 0.055288461538461536 0.038461538461538464
23 0.4891826923076923 0.44350961538461536 0.007211538461538462 0.002403846153846154
23 0.49158653846153844 0.4411057692307692 0.007211538461538462 0.002403846153846154
23 0.4879807692307692 0.5120192307692307 0.004807692307692308 0.004807692307692308
23 0.5048076923076923 0.3161057692307692 0.009615384615384616 0.002403846153846154
3 0.5060096153846154 0.30649038461538464 0.007211538461538462 0.002403846153846154
23 0.5060096153846154 0.3088942307692308 0.007211538461538462 0.002403846153846154
23 0.5060096153846154 0.3137019230769231 0.007211538461538462 0.002403846153846154
3 0.4987980769230769 0.3894230769230769 0.01201923076923077 0.004807692307692308
3 0.4987980769230769 0.38461538461538464 0.01201923076923077 0.004807692307692308
3 0.5036057692307693 0.3581730769230769 0.01201923076923077 0.004807692307692308
3 0.5036057692307693 0.36538461538461536 0.01201923076923077 0.004807692307692308
3 0.5036057692307693 0.35096153846153844 0.01201923076923077 0.004807692307692308
23 0.4963942307692308 0.44591346153846156 0.007211538461538462 0.002403846153846154
3 0.5096153846153846 0.32572115384615385 0.014423076923076924 0.007211538461538462
3 0.5132211538461539 0.30408653846153844 0.007211538461538462 0.002403846153846154
23 0.5132211538461539 0.28846153846153844 0.01201923076923077 0.004807692307692308
3 0.5144230769230769 0.29927884615384615 0.014423076923076924 0.007211538461538462
23 0.5 0.4411057692307692 0.004807692307692308 0.002403846153846154
3 0.5168269230769231 0.28125 0.009615384615384616 0.004807692307692308
3 0.5132211538461539 0.3112980769230769 0.007211538461538462 0.002403846153846154
3 0.5132211538461539 0.3161057692307692 0.007211538461538462 0.002403846153846154
23 0.5144230769230769 0.3137019230769231 0.004807692307692308 0.002403846153846154
3 0.5120192307692307 0.31971153846153844 0.009615384615384616 0.004807692307692308
3 0.5168269230769231 0.27884615384615385 0.009615384615384616 0.004807692307692308
23 0.515625 0.29447115384615385 0.007211538461538462 0.002403846153846154
3 0.5144230769230769 0.30649038461538464 0.009615384615384616 0.002403846153846154
23 0.5048076923076923 0.44591346153846156 0.004807692307692308 0.002403846153846154
23 0.4987980769230769 0.5120192307692307 0.002403846153846154 0.004807692307692308
3 0.5168269230769231 0.33413461538461536 0.004807692307692308 0.004807692307692308
3 0.5120192307692307 0.38461538461538464 0.009615384615384616 0.004807692307692308
23 0.5036057692307693 0.5120192307692307 0.002403846153846154 0.004807692307692308
23 0.5252403846153846 0.28966346153846156 0.007211538461538462 0.002403846153846154
23 0.5252403846153846 0.28725961538461536 0.007211538461538462 0.002403846153846154
23 0.5240384615384616 0.296875 0.009615384615384616 0.002403846153846154
3 0.5252403846153846 0.2848557692307692 0.007211538461538462 0.002403846153846154
3 0.5252403846153846 0.29447115384615385 0.007211538461538462 0.002403846153846154
23 0.5216346153846154 0.34615384615384615 0.009615384615384616 0.004807692307692308
23 0.5036057692307693 0.5709134615384616 0.007211538461538462 0.002403846153846154
7 0.5288461538461539 0.2824519230769231 0.009615384615384616 0.002403846153846154
23 0.5036057692307693 0.5673076923076923 0.007211538461538462 0.004807692307692308
23 0.5036057692307693 0.5733173076923077 0.007211538461538462 0.002403846153846154
7 0.5192307692307693 0.38100961538461536 0.019230769230769232 0.007211538461538462
7 0.5288461538461539 0.2800480769230769 0.009615384615384616 0.002403846153846154
23 0.5168269230769231 0.44471153846153844 0.004807692307692308 0.004807692307692308
3 0.5216346153846154 0.3918269230769231 0.009615384615384616 0.004807692307692308
3 0.5144230769230769 0.5144230769230769 0.004807692307692308 0.004807692307692308
23 0.5144230769230769 0.5192307692307693 0.004807692307692308 0.004807692307692308
3 0.5120192307692307 0.5709134615384616 0.004807692307692308 0.002403846153846154
23 0.5120192307692307 0.5685096153846154 0.009615384615384616 0.002403846153846154
3 0.5144230769230769 0.5588942307692307 0.004807692307692308 0.002403846153846154
3 0.5132211538461539 0.5637019230769231 0.007211538461538462 0.002403846153846154
3 0.5252403846153846 0.4483173076923077 0.007211538461538462 0.002403846153846154
23 0.5192307692307693 0.5192307692307693 0.004807692307692308 0.004807692307692308
3 0.5192307692307693 0.5144230769230769 0.004807692307692308 0.004807692307692308
3 0.5252403846153846 0.44350961538461536 0.007211538461538462 0.002403846153846154
3 0.5384615384615384 0.2956730769230769 0.004807692307692308 0.004807692307692308
23 0.5360576923076923 0.3425480769230769 0.004807692307692308 0.002403846153846154
23 0.5372596153846154 0.3401442307692308 0.007211538461538462 0.002403846153846154
7 0.5432692307692307 0.2848557692307692 0.009615384615384616 0.002403846153846154
7 0.5216346153846154 0.5625 0.004807692307692308 0.004807692307692308
23 0.5432692307692307 0.2956730769230769 0.004807692307692308 0.004807692307692308
23 0.5288461538461539 0.49399038461538464 0.004807692307692308 0.002403846153846154
23 0.5288461538461539 0.49158653846153844 0.004807692307692308 0.002403846153846154
23 0.53125 0.4675480769230769 0.004807692307692308 0.002403846153846154
23 0.53125 0.46274038461538464 0.004807692307692308 0.002403846153846154
23 0.53125 0.46033653846153844 0.004807692307692308 0.002403846153846154
23 0.5288461538461539 0.484375 0.004807692307692308 0.002403846153846154
23 0.53125 0.4795673076923077 0.004807692307692308 0.002403846153846154
23 0.53125 0.4723557692307692 0.004807692307692308 0.002403846153846154
23 0.5336538461538461 0.4651442307692308 0.004807692307692308 0.002403846153846154
23 0.53125 0.48197115384615385 0.004807692307692308 0.002403846153846154
23 0.53125 0.4891826923076923 0.004807692307692308 0.002403846153846154
23 0.53125 0.47475961538461536 0.004807692307692308 0.002403846153846154
3 0.5480769230769231 0.27884615384615385 0.004807692307692308 0.009615384615384616
3 0.5504807692307693 0.2932692307692308 0.004807692307692308 0.004807692307692308
3 0.5324519230769231 0.4963942307692308 0.007211538461538462 0.002403846153846154
3 0.5324519230769231 0.515625 0.007211538461538462 0.002403846153846154
3 0.53125 0.5084134615384616 0.004807692307692308 0.002403846153846154
3 0.53125 0.5132211538461539 0.004807692307692308 0.002403846153846154
7 0.5552884615384616 0.28725961538461536 0.009615384615384616 0.002403846153846154
7 0.5528846153846154 0.28966346153846156 0.009615384615384616 0.002403846153846154
23 0.5384615384615384 0.49399038461538464 0.004807692307692308 0.002403846153846154
23 0.5384615384615384 0.48677884615384615 0.004807692307692308 0.002403846153846154
23 0.5384615384615384 0.484375 0.004807692307692308 0.002403846153846154
23 0.5384615384615384 0.48197115384615385 0.004807692307692308 0.002403846153846154
23 0.5384615384615384 0.49158653846153844 0.004807692307692308 0.002403846153846154
23 0.5384615384615384 0.4795673076923077 0.004807692307692308 0.002403846153846154
23 0.5384615384615384 0.47716346153846156 0.004807692307692308 0.002403846153846154
23 0.5396634615384616 0.47475961538461536 0.007211538461538462 0.002403846153846154
3 0.5552884615384616 0.27884615384615385 0.004807692307692308 0.009615384615384616
3 0.5576923076923077 0.2932692307692308 0.004807692307692308 0.004807692307692308
3 0.5384615384615384 0.515625 0.004807692307692308 0.002403846153846154
3 0.5420673076923077 0.46875 0.007211538461538462 0.004807692307692308
3 0.5396634615384616 0.5084134615384616 0.007211538461538462 0.002403846153846154
23 0.5408653846153846 0.5108173076923077 0.004807692307692308 0.002403846153846154
23 0.5408653846153846 0.5132211538461539 0.009615384615384616 0.002403846153846154
3 0.5432692307692307 0.49759615384615385 0.009615384615384616 0.004807692307692308
3 0.5564903846153846 0.3329326923076923 0.007211538461538462 0.002403846153846154
3 0.5576923076923077 0.32572115384615385 0.009615384615384616 0.002403846153846154
3 0.5588942307692307 0.328125 0.007211538461538462 0.002403846153846154
3 0.5576923076923077 0.3173076923076923 0.009615384615384616 0.004807692307692308
3 0.5600961538461539 0.3125 0.009615384615384616 0.004807692307692308
3 0.5625 0.2956730769230769 0.004807692307692308 0.004807692307692308
3 0.5637019230769231 0.2824519230769231 0.007211538461538462 0.002403846153846154
23 0.5637019230769231 0.28966346153846156 0.007211538461538462 0.002403846153846154
23 0.5625 0.30288461538461536 0.004807692307692308 0.009615384615384616
3 0.5456730769230769 0.5144230769230769 0.004807692307692308 0.004807692307692308
3 0.5516826923076923 0.4699519230769231 0.007211538461538462 0.002403846153846154
3 0.5625 0.3581730769230769 0.004807692307692308 0.004807692307692308
23 0.5697115384615384 0.2956730769230769 0.004807692307692308 0.004807692307692308
23 0.5685096153846154 0.32091346153846156 0.007211538461538462 0.002403846153846154
23 0.5673076923076923 0.3329326923076923 0.009615384615384616 0.002403846153846154
3 0.5504807692307693 0.5168269230769231 0.004807692307692308 0.004807692307692308
23 0.5685096153846154 0.3137019230769231 0.007211538461538462 0.002403846153846154
23 0.5697115384615384 0.30288461538461536 0.004807692307692308 0.009615384615384616
3 0.5685096153846154 0.3269230769230769 0.007211538461538462 0.004807692307692308
23 0.5673076923076923 0.328125 0.009615384615384616 0.002403846153846154
23 0.5673076923076923 0.3173076923076923 0.009615384615384616 0.004807692307692308
3 0.5625 0.4254807692307692 0.009615384615384616 0.004807692307692308
3 0.5625 0.4206730769230769 0.009615384615384616 0.004807692307692308
23 0.5600961538461539 0.49158653846153844 0.004807692307692308 0.002403846153846154
23 0.5588942307692307 0.48677884615384615 0.007211538461538462 0.002403846153846154
23 0.5588942307692307 0.4891826923076923 0.007211538461538462 0.002403846153846154
3 0.5661057692307693 0.41586538461538464 0.007211538461538462 0.009615384615384616
7 0.5625 0.5204326923076923 0.009615384615384616 0.002403846153846154
23 0.5649038461538461 0.515625 0.009615384615384616 0.002403846153846154
23 0.5649038461538461 0.5132211538461539 0.004807692307692308 0.002403846153846154
23 0.5661057692307693 0.5108173076923077 0.007211538461538462 0.002403846153846154
3 0.5685096153846154 0.49158653846153844 0.007211538461538462 0.002403846153846154
23 0.5673076923076923 0.49399038461538464 0.004807692307692308 0.002403846153846154
29 0.5769230769230769 0.41586538461538464 0.009615384615384616 0.004807692307692308
7 0.5697115384615384 0.4987980769230769 0.014423076923076924 0.007211538461538462
23 0.578125 0.4098557692307692 0.007211538461538462 0.002403846153846154
3 0.578125 0.39903846153846156 0.01201923076923077 0.004807692307692308
3 0.578125 0.3918269230769231 0.01201923076923077 0.004807692307692308
3 0.5805288461538461 0.38461538461538464 0.01201923076923077 0.004807692307692308
7 0.5769230769230769 0.43149038461538464 0.019230769230769232 0.007211538461538462
23 0.5757211538461539 0.44591346153846156 0.007211538461538462 0.002403846153846154
23 0.5757211538461539 0.44350961538461536 0.007211538461538462 0.002403846153846154
7 0.5865384615384616 0.33774038461538464 0.019230769230769232 0.007211538461538462
14 0.5709134615384616 0.5456730769230769 0.016826923076923076 0.014423076923076924
23 0.5697115384615384 0.5600961538461539 0.004807692307692308 0.004807692307692308
23 0.5757211538461539 0.49399038461538464 0.007211538461538462 0.002403846153846154
3 0.5913461538461539 0.31009615384615385 0.009615384615384616 0.004807692307692308
23 0.5757211538461539 0.484375 0.007211538461538462 0.002403846153846154
23 0.5757211538461539 0.49158653846153844 0.007211538461538462 0.002403846153846154
23 0.578125 0.4891826923076923 0.007211538461538462 0.002403846153846154
23 0.578125 0.484375 0.007211538461538462 0.002403846153846154
23 0.5793269230769231 0.4675480769230769 0.004807692307692308 0.002403846153846154
23 0.5805288461538461 0.4651442307692308 0.007211538461538462 0.002403846153846154
15 0.5925480769230769 0.3233173076923077 0.03125 0.021634615384615384
23 0.5721153846153846 0.5600961538461539 0.004807692307692308 0.004807692307692308
3 0.5769230769230769 0.5300480769230769 0.004807692307692308 0.002403846153846154
3 0.5865384615384616 0.4230769230769231 0.009615384615384616 0.004807692307692308
13 0.5889423076923077 0.42788461538461536 0.009615384615384616 0.004807692307692308
23 0.5769230769230769 0.5625 0.004807692307692308 0.004807692307692308
3 0.5913461538461539 0.3894230769230769 0.004807692307692308 0.004807692307692308
23 0.59375 0.375 0.009615384615384616 0.004807692307692308
3 0.59375 0.38461538461538464 0.004807692307692308 0.004807692307692308
3 0.5973557692307693 0.34975961538461536 0.007211538461538462 0.002403846153846154
23 0.5961538461538461 0.35336538461538464 0.009615384615384616 0.004807692307692308
23 0.5805288461538461 0.5625 0.002403846153846154 0.004807692307692308
14 0.5865384615384616 0.515625 0.019230769230769232 0.01201923076923077
3 0.5913461538461539 0.5444711538461539 0.004807692307692308 0.002403846153846154
3 0.6081730769230769 0.3701923076923077 0.009615384615384616 0.004807692307692308
3 0.6081730769230769 0.36538461538461536 0.009615384615384616 0.004807692307692308
3 0.6129807692307693 0.3269230769230769 0.009615384615384616 0.004807692307692308
3 0.6129807692307693 0.32211538461538464 0.009615384615384616 0.004807692307692308
3 0.6129807692307693 0.3317307692307692 0.009615384615384616 0.004807692307692308
14 0.6129807692307693 0.34975961538461536 0.019230769230769232 0.016826923076923076
6 0.6033653846153846 0.4651442307692308 0.028846153846153848 0.06971153846153846
23 0.6201923076923077 0.3605769230769231 0.004807692307692308 0.004807692307692308
3 0.6177884615384616 0.3918269230769231 0.004807692307692308 0.004807692307692308