3 0.6538461538461539 0.47596153846153844 0.004807692307692308 0.009615384615384616
23 0.6502403846153846 0.47596153846153844 0.002403846153846154 0.009615384615384616
23 0.47475961538461536 0.47836538461538464 0.002403846153846154 0.009615384615384616
14 0.5769230769230769 0.484375 0.009615384615384616 0.021634615384615384
6 0.6189903846153846 0.484375 0.06009615384615385 0.016826923076923076
6 0.5120192307692307 0.4855769230769231 0.057692307692307696 0.019230769230769232
23 0.5697115384615384 0.4891826923076923 0.004807692307692308 0.007211538461538462
23 0.5661057692307693 0.49038461538461536 0.002403846153846154 0.009615384615384616
3 0.6538461538461539 0.4951923076923077 0.004807692307692308 0.004807692307692308
23 0.6490384615384616 0.4951923076923077 0.004807692307692308 0.004807692307692308
23 0.5721153846153846 0.5 0.004807692307692308 0.009615384615384616
23 0.6442307692307693 0.5 0.004807692307692308 0.009615384615384616
3 0.6538461538461539 0.5024038461538461 0.004807692307692308 0.004807692307692308
3 0.6538461538461539 0.5072115384615384 0.004807692307692308 0.004807692307692308
23 0.6610576923076923 0.5096153846153846 0.004807692307692308 0.004807692307692308
23 0.5757211538461539 0.5096153846153846 0.002403846153846154 0.009615384615384616
3 0.6442307692307693 0.5120192307692307 0.004807692307692308 0.009615384615384616
3 0.5120192307692307 0.5096153846153846 0.004807692307692308 0.004807692307692308
3 0.47836538461538464 0.5096153846153846 0.004807692307692308 0.004807692307692308
3 0.5 0.5096153846153846 0.004807692307692308 0.004807692307692308
3 0.6526442307692307 0.5144230769230769 0.007211538461538462 0.004807692307692308
23 0.5685096153846154 0.5168269230769231 0.002403846153846154 0.009615384615384616
3 0.5637019230769231 0.5168269230769231 0.002403846153846154 0.009615384615384616
3 0.5420673076923077 0.515625 0.002403846153846154 0.007211538461538462
3 0.5336538461538461 0.5144230769230769 0.004807692307692308 0.009615384615384616
23 0.5372596153846154 0.5168269230769231 0.002403846153846154 0.009615384615384616
3 0.5516826923076923 0.5168269230769231 0.002403846153846154 0.009615384615384616
3 0.5492788461538461 0.5168269230769231 0.002403846153846154 0.009615384615384616
23 0.5264423076923077 0.5192307692307693 0.004807692307692308 0.004807692307692308
3 0.6610576923076923 0.5216346153846154 0.004807692307692308 0.004807692307692308
23 0.65625 0.5240384615384616 0.004807692307692308 0.009615384615384616
29 0.6502403846153846 0.5240384615384616 0.007211538461538462 0.009615384615384616
3 0.5288461538461539 0.5288461538461539 0.004807692307692308 0.004807692307692308
14 0.49759615384615385 0.5300480769230769 0.038461538461538464 0.036057692307692304
3 0.5841346153846154 0.53125 0.004807692307692308 0.004807692307692308
3 0.6298076923076923 0.5336538461538461 0.004807692307692308 0.004807692307692308
3 0.6237980769230769 0.5372596153846154 0.002403846153846154 0.007211538461538462
29 0.6490384615384616 0.5372596153846154 0.004807692307692308 0.007211538461538462
14 0.6129807692307693 0.5408653846153846 0.019230769230769232 0.028846153846153848
3 0.5264423076923077 0.5384615384615384 0.004807692307692308 0.004807692307692308
3 0.5841346153846154 0.5408653846153846 0.004807692307692308 0.004807692307692308
7 0.6274038461538461 0.5432692307692307 0.004807692307692308 0.004807692307692308
23 0.6322115384615384 0.5432692307692307 0.004807692307692308 0.004807692307692308
23 0.6009615384615384 0.5420673076923077 0.004807692307692308 0.002403846153846154
23 0.5192307692307693 0.5432692307692307 0.004807692307692308 0.004807692307692308
23 0.6009615384615384 0.546875 0.004807692307692308 0.002403846153846154
23 0.625 0.5480769230769231 0.004807692307692308 0.004807692307692308
3 0.5973557692307693 0.5480769230769231 0.002403846153846154 0.009615384615384616
3 0.5192307692307693 0.5480769230769231 0.004807692307692308 0.004807692307692308
3 0.5264423076923077 0.5480769230769231 0.004807692307692308 0.004807692307692308
23 0.6274038461538461 0.5504807692307693 0.004807692307692308 0.004807692307692308
3 0.5841346153846154 0.5504807692307693 0.004807692307692308 0.004807692307692308
7 0.6322115384615384 0.5528846153846154 0.004807692307692308 0.009615384615384616
23 0.6358173076923077 0.5552884615384616 0.002403846153846154 0.009615384615384616
3 0.625 0.5576923076923077 0.004807692307692308 0.009615384615384616
3 0.5841346153846154 0.5576923076923077 0.004807692307692308 0.004807692307692308
3 0.5264423076923077 0.5576923076923077 0.004807692307692308 0.004807692307692308
14 0.5564903846153846 0.5600961538461539 0.05048076923076923 0.07211538461538461
23 0.6322115384615384 0.5600961538461539 0.004807692307692308 0.004807692307692308
3 0.4807692307692308 0.5576923076923077 0.004807692307692308 0.004807692307692308
22 0.6514423076923077 0.5625 0.004807692307692308 0.009615384615384616
3 0.5985576923076923 0.5697115384615384 0.004807692307692308 0.004807692307692308
3 0.5841346153846154 0.5697115384615384 0.004807692307692308 0.004807692307692308
3 0.5264423076923077 0.5697115384615384 0.004807692307692308 0.004807692307692308
23 0.5949519230769231 0.5697115384615384 0.002403846153846154 0.004807692307692308
23 0.5925480769230769 0.5697115384615384 0.002403846153846154 0.004807692307692308
23 0.5865384615384616 0.5721153846153846 0.004807692307692308 0.004807692307692308
7 0.6430288461538461 0.5769230769230769 0.007211538461538462 0.004807692307692308
29 0.6213942307692307 0.5769230769230769 0.007211538461538462 0.009615384615384616
3 0.5264423076923077 0.5793269230769231 0.004807692307692308 0.004807692307692308
14 0.49759615384615385 0.5793269230769231 0.038461538461538464 0.03365384615384615
23 0.5925480769230769 0.5841346153846154 0.002403846153846154 0.004807692307692308
23 0.5853365384615384 0.5865384615384616 0.002403846153846154 0.004807692307692308
23 0.5877403846153846 0.5865384615384616 0.002403846153846154 0.004807692307692308
23 0.5901442307692307 0.5865384615384616 0.002403846153846154 0.004807692307692308
3 0.5829326923076923 0.5853365384615384 0.002403846153846154 0.007211538461538462
3 0.5264423076923077 0.5841346153846154 0.004807692307692308 0.004807692307692308
14 0.6033653846153846 0.5889423076923077 0.014423076923076924 0.028846153846153848
14 0.6298076923076923 0.59375 0.014423076923076924 0.009615384615384616
14 0.5889423076923077 0.5925480769230769 0.004807692307692308 0.007211538461538462
7 0.6502403846153846 0.5961538461538461 0.007211538461538462 0.004807692307692308
29 0.6442307692307693 0.5961538461538461 0.004807692307692308 0.009615384615384616
23 0.5805288461538461 0.5961538461538461 0.002403846153846154 0.004807692307692308
23 0.5829326923076923 0.5961538461538461 0.002403846153846154 0.004807692307692308
23 0.5829326923076923 0.5961538461538461 0.002403846153846154 0.004807692307692308
3 0.5384615384615384 0.6009615384615384 0.004807692307692308 0.004807692307692308
23 0.5769230769230769 0.6009615384615384 0.004807692307692308 0.009615384615384616
3 0.5576923076923077 0.6009615384615384 0.004807692307692308 0.004807692307692308
23 0.5612980769230769 0.6009615384615384 0.002403846153846154 0.004807692307692308
3 0.5637019230769231 0.6021634615384616 0.002403846153846154 0.007211538461538462
3 0.5685096153846154 0.6009615384615384 0.002403846153846154 0.004807692307692308
3 0.5733173076923077 0.6021634615384616 0.002403846153846154 0.007211538461538462
3 0.5444711538461539 0.6021634615384616 0.002403846153846154 0.007211538461538462
3 0.5516826923076923 0.6021634615384616 0.002403846153846154 0.007211538461538462
3 0.4951923076923077 0.6009615384615384 0.004807692307692308 0.004807692307692308
3 0.5048076923076923 0.6021634615384616 0.004807692307692308 0.007211538461538462
23 0.5588942307692307 0.6081730769230769 0.002403846153846154 0.004807692307692308
29 0.6502403846153846 0.6105769230769231 0.007211538461538462 0.009615384615384616
23 0.5745192307692307 0.609375 0.004807692307692308 0.007211538461538462
3 0.5721153846153846 0.609375 0.004807692307692308 0.007211538461538462
3 0.5360576923076923 0.6117788461538461 0.004807692307692308 0.007211538461538462
23 0.5612980769230769 0.6105769230769231 0.002403846153846154 0.004807692307692308
23 0.5564903846153846 0.6105769230769231 0.002403846153846154 0.004807692307692308
23 0.5516826923076923 0.6129807692307693 0.002403846153846154 0.004807692307692308
23 0.5540865384615384 0.6129807692307693 0.002403846153846154 0.004807692307692308
23 0.5588942307692307 0.6129807692307693 0.002403846153846154 0.004807692307692308
13 0.5913461538461539 0.6129807692307693 0.009615384615384616 0.004807692307692308
29 0.6418269230769231 0.6165865384615384 0.009615384615384616 0.021634615384615384
15 0.625 0.6177884615384616 0.019230769230769232 0.019230769230769232
14 0.4951923076923077 0.625 0.019230769230769232 0.019230769230769232
6 0.5649038461538461 0.6346153846153846 0.0673076923076923 0.019230769230769232
3 0.6177884615384616 0.6370192307692307 0.004807692307692308 0.009615384615384616
7 0.6394230769230769 0.640625 0.014423076923076924 0.007211538461538462
23 0.5096153846153846 0.6418269230769231 0.009615384615384616 0.004807692307692308