6 0.7835836038961039 0.3923780487804878 0.016842532467532468 0.029878048780487804
29 0.4182224025974026 0.3961890243902439 0.01176948051948052 0.017378048780487806
29 0.42745535714285715 0.39679878048780487 0.009131493506493506 0.01676829268292683
29 0.43729707792207795 0.39679878048780487 0.011363636363636364 0.019817073170731708
29 0.44673295454545453 0.39725609756097563 0.009943181818181818 0.01707317073170732
14 0.6578733766233766 0.4065548780487805 0.015016233766233766 0.014329268292682927
22 0.5543831168831169 0.40716463414634146 0.002435064935064935 0.008231707317073171
22 0.5586444805194806 0.4073170731707317 0.002840909090909091 0.007926829268292683
22 0.5620941558441559 0.40762195121951217 0.002840909090909091 0.00853658536585366
22 0.5507305194805194 0.40823170731707314 0.002840909090909091 0.009146341463414634
15 0.5452516233766234 0.41021341463414634 0.007711038961038961 0.011890243902439025
15 0.5291193181818182 0.4108231707317073 0.007102272727272727 0.011280487804878048
15 0.5370332792207793 0.4108231707317073 0.007102272727272727 0.010060975609756098
2 0.6006493506493507 0.41097560975609754 0.01176948051948052 0.01707317073170732
15 0.520900974025974 0.411280487804878 0.006899350649350649 0.010365853658536586
15 0.512987012987013 0.4117378048780488 0.006899350649350649 0.008841463414634146
15 0.5048701298701299 0.411890243902439 0.007305194805194805 0.007926829268292683
22 0.44287743506493504 0.4140243902439024 0.005478896103896104 0.00426829268292683
2 0.5809659090909091 0.4140243902439024 0.013798701298701298 0.016463414634146342
22 0.39569805194805197 0.4164634146341463 0.005681818181818182 0.003658536585365854
29 0.4828530844155844 0.4167682926829268 0.020495129870129872 0.043292682926829265
22 0.42989042207792205 0.4170731707317073 0.016842532467532468 0.00548780487804878
15 0.560064935064935 0.4170731707317073 0.0174512987012987 0.007317073170731708
2 0.7618709415584416 0.4176829268292683 0.01278409090909091 0.036585365853658534
22 0.442775974025974 0.41996951219512196 0.005275974025974026 0.0039634146341463415
2 0.40736607142857145 0.42027439024390245 0.014001623376623376 0.01676829268292683
22 0.395900974025974 0.4219512195121951 0.005681818181818182 0.00426829268292683
15 0.559760551948052 0.4239329268292683 0.018465909090909092 0.007621951219512195
22 0.429586038961039 0.4245426829268293 0.017045454545454544 0.00701219512195122
15 0.6337256493506493 0.4248475609756098 0.017857142857142856 0.007621951219512195
2 0.6737012987012987 0.42545731707317075 0.01176948051948052 0.01676829268292683
7 0.724025974025974 0.42545731707317075 0.015422077922077922 0.008231707317073171
2 0.3961038961038961 0.4277439024390244 0.005275974025974026 0.003658536585365854
22 0.5665584415584416 0.42865853658536585 0.006087662337662338 0.003048780487804878
2 0.7478693181818182 0.4294207317073171 0.020900974025974024 0.030182926829268292
2 0.5792410714285714 0.4297256097560976 0.013189935064935064 0.013719512195121951
2 0.6046063311688312 0.4301829268292683 0.009537337662337662 0.018902439024390243
2 0.6950081168831169 0.43079268292682926 0.012581168831168832 0.022560975609756097
6 0.455762987012987 0.4315548780487805 0.013392857142857142 0.0350609756097561
15 0.6339285714285714 0.4321646341463415 0.0174512987012987 0.00701219512195122
2 0.5038555194805194 0.43277439024390246 0.01461038961038961 0.014329268292682927
22 0.5662540584415584 0.4339939024390244 0.005478896103896104 0.004573170731707317
2 0.6624391233766234 0.4342987804878049 0.021712662337662336 0.021646341463414633
15 0.4281655844155844 0.4364329268292683 0.015827922077922076 0.011280487804878048
29 0.7164163961038961 0.4370426829268293 0.006696428571428571 0.0125
2 0.7063717532467533 0.4376524390243902 0.009334415584415584 0.017378048780487806
2 0.39600243506493504 0.4378048780487805 0.005478896103896104 0.00426829268292683
22 0.4117288961038961 0.4378048780487805 0.005681818181818182 0.00426829268292683
22 0.40401785714285715 0.4379573170731707 0.005681818181818182 0.0039634146341463415
2 0.6809050324675324 0.43948170731707314 0.009131493506493506 0.019817073170731708
22 0.5790381493506493 0.43978658536585363 0.005478896103896104 0.0039634146341463415
6 0.38504464285714285 0.4402439024390244 0.012378246753246754 0.05975609756097561
22 0.5689935064935064 0.4407012195121951 0.005681818181818182 0.003353658536585366
22 0.3961038961038961 0.44420731707317074 0.005681818181818182 0.00426829268292683
22 0.4043222402597403 0.44420731707317074 0.00588474025974026 0.00426829268292683
2 0.6231737012987013 0.44435975609756095 0.014204545454545454 0.011890243902439025
22 0.5684862012987013 0.4454268292682927 0.005478896103896104 0.003048780487804878
2 0.6400162337662337 0.4461890243902439 0.013392857142857142 0.016158536585365854
15 0.6038961038961039 0.44679878048780486 0.018262987012987012 0.009451219512195122
29 0.41243912337662336 0.44710365853658535 0.007913961038961038 0.010060975609756098
15 0.5173498376623377 0.4472560975609756 0.00588474025974026 0.027439024390243903
2 0.5015219155844156 0.4477134146341463 0.014813311688311688 0.016158536585365854
15 0.5117694805194806 0.44847560975609757 0.006087662337662338 0.02804878048780488
2 0.7326501623376623 0.4489329268292683 0.011972402597402598 0.01676829268292683
7 0.42593344155844154 0.44984756097560974 0.006087662337662338 0.009451219512195122
22 0.5684862012987013 0.4503048780487805 0.005478896103896104 0.003658536585365854
22 0.4042207792207792 0.4504573170731707 0.005681818181818182 0.0039634146341463415
22 0.39620535714285715 0.45121951219512196 0.005478896103896104 0.00426829268292683
14 0.544439935064935 0.45121951219512196 0.01948051948051948 0.03841463414634146
22 0.4602272727272727 0.45228658536585364 0.006087662337662338 0.004573170731707317
2 0.4537337662337662 0.4530487804878049 0.005681818181818182 0.00426829268292683
22 0.575385551948052 0.4551829268292683 0.004261363636363636 0.003048780487804878
22 0.5683847402597403 0.4554878048780488 0.005275974025974026 0.00426829268292683
22 0.4043222402597403 0.45716463414634145 0.005478896103896104 0.004573170731707317
22 0.39620535714285715 0.45777439024390243 0.00588474025974026 0.004573170731707317
2 0.7167207792207793 0.4586890243902439 0.02150974025974026 0.030182926829268292
6 0.7852069805194806 0.4586890243902439 0.018871753246753248 0.08932926829268292
15 0.44176136363636365 0.4589939024390244 0.012987012987012988 0.029573170731707316
29 0.41233766233766234 0.45960365853658536 0.007711038961038961 0.011280487804878048
22 0.575588474025974 0.4600609756097561 0.005478896103896104 0.003658536585365854
14 0.48924512987012986 0.4629573170731707 0.01948051948051948 0.02774390243902439
22 0.40452516233766234 0.46402439024390246 0.005073051948051948 0.00426829268292683
2 0.3964082792207792 0.46448170731707317 0.005478896103896104 0.0039634146341463415
14 0.4258319805194805 0.46478658536585366 0.014001623376623376 0.013719512195121951
2 0.758015422077922 0.4652439024390244 0.013189935064935064 0.021341463414634148
2 0.6755275974025974 0.4658536585365854 0.015016233766233766 0.024390243902439025
14 0.6890219155844156 0.4663109756097561 0.012378246753246754 0.020426829268292684
2 0.6414366883116883 0.46676829268292686 0.01461038961038961 0.015853658536585366
14 0.658786525974026 0.46783536585365854 0.014001623376623376 0.01920731707317073
22 0.4125405844155844 0.46966463414634146 0.005275974025974026 0.004573170731707317
22 0.4044237012987013 0.47012195121951217 0.005681818181818182 0.00426829268292683
22 0.3966112012987013 0.47057926829268293 0.005478896103896104 0.0039634146341463415
14 0.6077516233766234 0.4713414634146341 0.02719155844155844 0.021341463414634148
15 0.5083198051948052 0.47301829268292683 0.017857142857142856 0.00701219512195122
22 0.5718344155844156 0.4791158536585366 0.002435064935064935 0.008841463414634146
15 0.5086241883116883 0.4792682926829268 0.01765422077922078 0.006707317073170732
22 0.5687905844155844 0.4795731707317073 0.002435064935064935 0.007926829268292683
15 0.48812905844155846 0.48064024390243903 0.018060064935064936 0.007621951219512195
15 0.47564935064935066 0.4864329268292683 0.006087662337662338 0.02530487804878049
15 0.4889407467532468 0.4873475609756098 0.01765422077922078 0.008841463414634146
15 0.5087256493506493 0.4878048780487805 0.016233766233766232 0.007926829268292683
2 0.44226866883116883 0.48810975609756097 0.012378246753246754 0.01707317073170732
2 0.4551542207792208 0.48841463414634145 0.008116883116883116 0.01524390243902439
2 0.43141233766233766 0.48871951219512194 0.00974025974025974 0.015853658536585366
22 0.5293222402597403 0.48871951219512194 0.00588474025974026 0.00426829268292683
15 0.7402597402597403 0.4891768292682927 0.032467532467532464 0.032621951219512196
2 0.40482954545454547 0.4897865853658537 0.015422077922077922 0.018597560975609755
2 0.42207792207792205 0.49009146341463417 0.010551948051948052 0.01676829268292683
22 0.5433238636363636 0.49100609756097563 0.002637987012987013 0.008231707317073171
22 0.5360186688311688 0.49115853658536585 0.0034496753246753245 0.00853658536585366
22 0.5393668831168831 0.49115853658536585 0.002840909090909091 0.007926829268292683
22 0.546875 0.49115853658536585 0.003246753246753247 0.00853658536585366
22 0.5539772727272727 0.4913109756097561 0.002435064935064935 0.00701219512195122
2 0.39569805194805197 0.49146341463414633 0.010146103896103896 0.01524390243902439
22 0.5507305194805194 0.49146341463414633 0.002840909090909091 0.007317073170731708
22 0.5752840909090909 0.49283536585365856 0.002840909090909091 0.008841463414634146
22 0.5297280844155844 0.49390243902439024 0.005478896103896104 0.003658536585365854
22 0.5575284090909091 0.4940548780487805 0.003043831168831169 0.008231707317073171
22 0.5606737012987013 0.4940548780487805 0.002029220779220779 0.008231707317073171
2 0.5667613636363636 0.4942073170731707 0.002840909090909091 0.00853658536585366
22 0.5296266233766234 0.49847560975609756 0.006087662337662338 0.003658536585365854
22 0.5225243506493507 0.49878048780487805 0.005681818181818182 0.00426829268292683
2 0.48609983766233766 0.5022865853658537 0.01075487012987013 0.017378048780487806
2 0.5300324675324676 0.5033536585365853 0.004464285714285714 0.003048780487804878
22 0.5217126623376623 0.5051829268292682 0.00487012987012987 0.00426829268292683
14 0.6685267857142857 0.505640243902439 0.020495129870129872 0.019817073170731708
14 0.7156047077922078 0.505640243902439 0.022524350649350648 0.06615853658536586
14 0.6677150974025974 0.5057926829268292 0.018465909090909092 0.021341463414634148
2 0.4960430194805195 0.5059451219512195 0.007102272727272727 0.014939024390243902
2 0.6905438311688312 0.5064024390243902 0.012175324675324676 0.016463414634146342
22 0.5302353896103896 0.5079268292682927 0.006087662337662338 0.00426829268292683
15 0.6184050324675324 0.5085365853658537 0.016436688311688312 0.009146341463414634
22 0.6035917207792207 0.5086890243902439 0.005478896103896104 0.004573170731707317
2 0.5065949675324676 0.5099085365853658 0.00872564935064935 0.015548780487804878
2 0.5299310064935064 0.5128048780487805 0.005073051948051948 0.003658536585365854
22 0.5306412337662337 0.5173780487804878 0.004058441558441558 0.003048780487804878
7 0.7331574675324676 0.5178353658536585 0.008522727272727272 0.02103658536585366
15 0.47625811688311687 0.5182926829268293 0.006087662337662338 0.025
2 0.5254667207792207 0.5190548780487805 0.01075487012987013 0.01676829268292683
2 0.6325081168831169 0.5190548780487805 0.005681818181818182 0.0039634146341463415
22 0.6211444805194806 0.5196646341463415 0.006087662337662338 0.004573170731707317
2 0.6023741883116883 0.520579268292683 0.005478896103896104 0.004573170731707317
29 0.7674512987012987 0.5216463414634146 0.006493506493506494 0.01097560975609756
22 0.5309456168831169 0.5224085365853659 0.0034496753246753245 0.003353658536585366
22 0.6939935064935064 0.5230182926829269 0.002435064935064935 0.008231707317073171
22 0.6818181818181818 0.5233231707317073 0.002840909090909091 0.007621951219512195
22 0.6854707792207793 0.5236280487804879 0.002840909090909091 0.008841463414634146
22 0.6896306818181818 0.5236280487804879 0.003043831168831169 0.008231707317073171
22 0.6768465909090909 0.5237804878048781 0.003043831168831169 0.007926829268292683
22 0.6732954545454546 0.5240853658536585 0.002840909090909091 0.00853658536585366
22 0.6137378246753247 0.5242378048780488 0.005478896103896104 0.005182926829268293
22 0.632913961038961 0.525 0.006899350649350649 0.004878048780487805
2 0.6023741883116883 0.5259146341463414 0.005478896103896104 0.00426829268292683
22 0.6207386363636364 0.5260670731707318 0.002435064935064935 0.00701219512195122
2 0.49107142857142855 0.5274390243902439 0.012175324675324676 0.018902439024390243
22 0.7730316558441559 0.5280487804878049 0.002232142857142857 0.007317073170731708
15 0.5110592532467533 0.5282012195121951 0.016436688311688312 0.007621951219512195
2 0.6141436688311688 0.5294207317073171 0.005478896103896104 0.0039634146341463415
22 0.7675527597402597 0.5303353658536586 0.005478896103896104 0.0039634146341463415
2 0.5293222402597403 0.5304878048780488 0.005478896103896104 0.004878048780487805
15 0.7522321428571429 0.5304878048780488 0.024756493506493508 0.048170731707317074
2 0.5073051948051948 0.5336890243902439 0.005275974025974026 0.003353658536585366
2 0.6029829545454546 0.5338414634146341 0.00588474025974026 0.00426829268292683
2 0.4993912337662338 0.5342987804878049 0.005681818181818182 0.005182926829268293
2 0.6141436688311688 0.5352134146341463 0.005478896103896104 0.004573170731707317
22 0.6211444805194806 0.5373475609756098 0.002840909090909091 0.008841463414634146
2 0.6387987012987013 0.5379573170731707 0.009334415584415584 0.01798780487804878
2 0.6035917207792207 0.5405487804878049 0.005478896103896104 0.00426829268292683
22 0.6139407467532467 0.5408536585365854 0.005073051948051948 0.003658536585365854
2 0.47899756493506496 0.5414634146341464 0.003043831168831169 0.007926829268292683
2 0.520799512987013 0.5429878048780488 0.009131493506493506 0.014634146341463415
22 0.5301339285714286 0.5432926829268293 0.00588474025974026 0.00426829268292683
29 0.4855925324675325 0.5440548780487805 0.008116883116883116 0.010060975609756098
14 0.6545251623376623 0.5452743902439025 0.018060064935064936 0.02103658536585366
2 0.6141436688311688 0.5460365853658536 0.006290584415584416 0.00426829268292683
2 0.603997564935065 0.5461890243902439 0.005073051948051948 0.003353658536585366
22 0.6948051948051948 0.5469512195121952 0.002840909090909091 0.007926829268292683
22 0.6832386363636364 0.5472560975609756 0.002435064935064935 0.009146341463414634
2 0.6867897727272727 0.5474085365853658 0.002637987012987013 0.008231707317073171
2 0.6749188311688312 0.5478658536585366 0.003246753246753247 0.009146341463414634
22 0.6792816558441559 0.5478658536585366 0.002637987012987013 0.00853658536585366
2 0.6910511363636364 0.5480182926829268 0.003043831168831169 0.008231707317073171
22 0.6213474025974026 0.5483231707317073 0.002435064935064935 0.008841463414634146
14 0.5668628246753247 0.5486280487804878 0.06351461038961038 0.09603658536585366
2 0.776176948051948 0.5489329268292683 0.020292207792207792 0.027134146341463414
22 0.6142451298701299 0.5513719512195122 0.00487012987012987 0.004573170731707317
2 0.5301339285714286 0.552439024390244 0.004667207792207792 0.003658536585365854
14 0.7244318181818182 0.5567073170731708 0.01948051948051948 0.045121951219512194
2 0.5303368506493507 0.5586890243902439 0.005073051948051948 0.0039634146341463415
2 0.4836647727272727 0.5602134146341463 0.002637987012987013 0.008231707317073171
7 0.4788961038961039 0.5615853658536586 0.005681818181818182 0.025
2 0.6260146103896104 0.563719512195122 0.008928571428571428 0.018902439024390243
22 0.5303368506493507 0.5646341463414634 0.004667207792207792 0.003658536585365854
2 0.6383928571428571 0.5657012195121951 0.013392857142857142 0.018597560975609755
2 0.6030844155844156 0.5663109756097561 0.005681818181818182 0.0039634146341463415
2 0.6152597402597403 0.5670731707317073 0.012987012987012988 0.01768292682926829
2 0.7821631493506493 0.567530487804878 0.009537337662337662 0.01676829268292683
7 0.744622564935065 0.5679878048780488 0.015219155844155844 0.015853658536585366
22 0.4837662337662338 0.5698170731707317 0.002840909090909091 0.007926829268292683
2 0.6030844155844156 0.5713414634146341 0.005275974025974026 0.00426829268292683
22 0.666497564935065 0.5713414634146341 0.005073051948051948 0.004878048780487805
2 0.523538961038961 0.5721036585365854 0.007305194805194805 0.01798780487804878
22 0.5304383116883117 0.5727134146341464 0.006087662337662338 0.005182926829268293
22 0.6489448051948052 0.573170731707317 0.006087662337662338 0.004878048780487805
22 0.6661931818181818 0.5768292682926829 0.005275974025974026 0.00426829268292683
22 0.6036931818181818 0.5777439024390244 0.005681818181818182 0.00426829268292683
22 0.5021306818181818 0.5778963414634146 0.005073051948051948 0.004573170731707317
2 0.6580762987012987 0.5782012195121952 0.00974025974025974 0.01676829268292683
22 0.5194805194805194 0.5786585365853658 0.002840909090909091 0.009146341463414634
2 0.765625 0.5791158536585366 0.021103896103896104 0.028963414634146343
2 0.5306412337662337 0.5792682926829268 0.00487012987012987 0.003048780487804878
22 0.5160308441558441 0.5795731707317073 0.003246753246753247 0.00853658536585366
22 0.5114650974025974 0.5797256097560975 0.003043831168831169 0.010060975609756098
2 0.6048092532467533 0.586890243902439 0.002637987012987013 0.00853658536585366
29 0.6920657467532467 0.5871951219512195 0.007508116883116883 0.012195121951219513
2 0.674614448051948 0.5876524390243902 0.010349025974025974 0.010670731707317074
15 0.5115665584415584 0.5885670731707318 0.016639610389610388 0.008841463414634146
15 0.6395089285714286 0.588719512195122 0.016436688311688312 0.007317073170731708
2 0.49441964285714285 0.589329268292683 0.007508116883116883 0.01402439024390244
15 0.48396915584415584 0.5916158536585366 0.005681818181818182 0.02652439024390244
7 0.4785917207792208 0.5917682926829269 0.00588474025974026 0.026829268292682926
2 0.7170251623376623 0.5929878048780488 0.00872564935064935 0.01402439024390244
22 0.7094155844155844 0.5948170731707317 0.002435064935064935 0.009146341463414634
2 0.5292207792207793 0.5951219512195122 0.002435064935064935 0.007926829268292683
22 0.6919642857142857 0.5951219512195122 0.005275974025974026 0.003658536585365854
2 0.525974025974026 0.5952743902439024 0.002029220779220779 0.007621951219512195
2 0.6050121753246753 0.5963414634146341 0.0034496753246753245 0.00853658536585366
15 0.656148538961039 0.5972560975609756 0.016436688311688312 0.006707317073170732
15 0.7392451298701299 0.5980182926829268 0.03206168831168831 0.03201219512195122
2 0.5063920454545454 0.5984756097560976 0.011160714285714286 0.01768292682926829
22 0.5227272727272727 0.5996951219512195 0.002435064935064935 0.007317073170731708
22 0.5193790584415584 0.5998475609756098 0.002637987012987013 0.008231707317073171
2 0.6384943181818182 0.6010670731707317 0.014407467532467532 0.014939024390243902
22 0.48914366883116883 0.6028963414634146 0.002232142857142857 0.008231707317073171
2 0.5699066558441559 0.6030487804878049 0.002637987012987013 0.007926829268292683
22 0.492288961038961 0.6032012195121951 0.002840909090909091 0.008231707317073171
2 0.5663555194805194 0.6033536585365854 0.002435064935064935 0.007926829268292683
2 0.5515422077922078 0.6036585365853658 0.002840909090909091 0.009146341463414634
22 0.5585430194805194 0.6036585365853658 0.003043831168831169 0.009146341463414634
2 0.5549918831168831 0.6041158536585366 0.003246753246753247 0.008841463414634146
29 0.692573051948052 0.6042682926829268 0.007305194805194805 0.011585365853658536
22 0.664163961038961 0.6045731707317074 0.005275974025974026 0.00426829268292683
22 0.6733969155844156 0.6051829268292683 0.005478896103896104 0.004878048780487805
22 0.7088068181818182 0.6060975609756097 0.002840909090909091 0.009146341463414634
22 0.7121550324675324 0.6060975609756097 0.002637987012987013 0.00975609756097561
22 0.593547077922078 0.6064024390243903 0.006087662337662338 0.00426829268292683
22 0.5262784090909091 0.6070121951219513 0.002637987012987013 0.007317073170731708
22 0.5382508116883117 0.6071646341463415 0.002232142857142857 0.009451219512195122
22 0.5300324675324676 0.6074695121951219 0.002840909090909091 0.008841463414634146
22 0.5348011363636364 0.6077743902439025 0.002232142857142857 0.008841463414634146
2 0.7687702922077922 0.6077743902439025 0.02333603896103896 0.028963414634146343
2 0.6528003246753247 0.6085365853658536 0.012987012987012988 0.015853658536585366
22 0.4760551948051948 0.6117378048780487 0.003246753246753247 0.008841463414634146
22 0.487012987012987 0.6128048780487805 0.002435064935064935 0.007317073170731708
2 0.4903612012987013 0.613109756097561 0.002637987012987013 0.007926829268292683
29 0.6653814935064936 0.6134146341463415 0.007711038961038961 0.009146341463414634
22 0.6756290584415584 0.6135670731707317 0.003043831168831169 0.008841463414634146
2 0.672077922077922 0.6140243902439024 0.002435064935064935 0.00853658536585366
2 0.5668628246753247 0.6141768292682926 0.002637987012987013 0.008841463414634146
22 0.5631087662337663 0.614329268292683 0.002435064935064935 0.00853658536585366
22 0.5567167207792207 0.6147865853658536 0.003043831168831169 0.008841463414634146
22 0.559862012987013 0.614939024390244 0.002840909090909091 0.00975609756097561
15 0.6328125 0.614939024390244 0.01765422077922078 0.007926829268292683
22 0.5463676948051948 0.6150914634146342 0.002232142857142857 0.008231707317073171
22 0.5498173701298701 0.6150914634146342 0.002637987012987013 0.008841463414634146
22 0.5532670454545454 0.6150914634146342 0.003043831168831169 0.008231707317073171
22 0.5431209415584416 0.6152439024390244 0.002637987012987013 0.00853658536585366
29 0.481737012987013 0.6160060975609756 0.006493506493506494 0.011890243902439025
15 0.609172077922078 0.6160060975609756 0.016639610389610388 0.009451219512195122
2 0.7079951298701299 0.6166158536585366 0.003246753246753247 0.008841463414634146
22 0.7113433441558441 0.6167682926829269 0.002232142857142857 0.007926829268292683
22 0.75 0.6185975609756098 0.005681818181818182 0.00426829268292683
14 0.6867897727272727 0.6211890243902439 0.013189935064935064 0.013109756097560975
22 0.6726866883116883 0.6234756097560976 0.00487012987012987 0.00426829268292683
14 0.5070008116883117 0.623780487804878 0.028612012987012988 0.03475609756097561
22 0.6655844155844156 0.6239329268292683 0.005681818181818182 0.0039634146341463415
2 0.5374391233766234 0.6245426829268292 0.007913961038961038 0.013719512195121951
2 0.7195616883116883 0.6248475609756098 0.009334415584415584 0.016158536585365854
22 0.4778814935064935 0.6251524390243902 0.006087662337662338 0.005182926829268293
22 0.7115462662337663 0.6257621951219512 0.002637987012987013 0.008231707317073171
15 0.6322037337662337 0.626219512195122 0.016842532467532468 0.006707317073170732
2 0.708198051948052 0.6265243902439024 0.002435064935064935 0.007317073170731708
7 0.7507102272727273 0.6269817073170731 0.007102272727272727 0.010060975609756098
2 0.5253652597402597 0.6271341463414634 0.008116883116883116 0.01402439024390244
2 0.6521915584415584 0.6271341463414634 0.015827922077922076 0.01768292682926829
15 0.6098823051948052 0.6275914634146341 0.016842532467532468 0.008841463414634146
15 0.5752840909090909 0.6278963414634147 0.005275974025974026 0.024695121951219513
22 0.6749188311688312 0.631859756097561 0.002840909090909091 0.007621951219512195
29 0.6643668831168831 0.6320121951219512 0.007711038961038961 0.010365853658536586
2 0.486911525974026 0.6323170731707317 0.009537337662337662 0.015853658536585366
2 0.565137987012987 0.6330792682926829 0.002435064935064935 0.008231707317073171
2 0.6708603896103896 0.6330792682926829 0.003246753246753247 0.007621951219512195
2 0.5517451298701299 0.6342987804878049 0.002840909090909091 0.008231707317073171
2 0.5448457792207793 0.6346036585365854 0.003246753246753247 0.007621951219512195
2 0.5549918831168831 0.6346036585365854 0.002435064935064935 0.008231707317073171
29 0.6937905844155844 0.6347560975609756 0.008928571428571428 0.011585365853658536
2 0.5481939935064936 0.6349085365853658 0.003043831168831169 0.008841463414634146
14 0.7354910714285714 0.6388719512195122 0.020089285714285716 0.04420731707317073
2 0.7676542207792207 0.6388719512195122 0.019074675324675324 0.028353658536585367
2 0.5880681818181818 0.6400914634146342 0.01176948051948052 0.01676829268292683
2 0.5994318181818182 0.6402439024390244 0.011363636363636364 0.01768292682926829
2 0.6907467532467533 0.6413109756097561 0.005681818181818182 0.004573170731707317
2 0.6061282467532467 0.6422256097560975 0.002840909090909091 0.008841463414634146
2 0.6808035714285714 0.6422256097560975 0.005681818181818182 0.004573170731707317
22 0.6742086038961039 0.6431402439024391 0.005478896103896104 0.004573170731707317
22 0.7150974025974026 0.6445121951219512 0.002840909090909091 0.00853658536585366
22 0.7115462662337663 0.6448170731707317 0.003043831168831169 0.00853658536585366
2 0.5430194805194806 0.646189024390244 0.008116883116883116 0.015548780487804878
2 0.5315543831168831 0.6481707317073171 0.007913961038961038 0.012804878048780487
2 0.6520900974025974 0.6481707317073171 0.01278409090909091 0.022560975609756097
15 0.5697037337662337 0.6484756097560975 0.005073051948051948 0.025
2 0.48407061688311687 0.6504573170731708 0.01359577922077922 0.018597560975609755
2 0.515523538961039 0.6504573170731708 0.009131493506493506 0.01676829268292683
15 0.5566152597402597 0.6504573170731708 0.017045454545454544 0.007621951219512195
29 0.664163961038961 0.6509146341463414 0.007711038961038961 0.010365853658536586
22 0.640523538961039 0.6510670731707318 0.003043831168831169 0.008841463414634146
22 0.6359577922077922 0.651219512195122 0.003246753246753247 0.007926829268292683
2 0.49726055194805197 0.6515243902439024 0.009537337662337662 0.014634146341463415
2 0.6708603896103896 0.6519817073170732 0.003246753246753247 0.009451219512195122
22 0.6748173701298701 0.6519817073170732 0.002637987012987013 0.008231707317073171
22 0.622260551948052 0.6522865853658537 0.0034496753246753245 0.008231707317073171
29 0.45870535714285715 0.6528963414634147 0.006696428571428571 0.011280487804878048
29 0.4489650974025974 0.6535060975609757 0.007102272727272727 0.0125
7 0.752637987012987 0.6547256097560976 0.010957792207792208 0.02347560975609756
22 0.6138392857142857 0.655640243902439 0.002435064935064935 0.008841463414634146
22 0.606838474025974 0.6557926829268292 0.002637987012987013 0.007317073170731708
2 0.6097808441558441 0.6559451219512196 0.003246753246753247 0.008231707317073171
15 0.557426948051948 0.6592987804878049 0.015827922077922076 0.008231707317073171
29 0.4675324675324675 0.6731707317073171 0.007305194805194805 0.011585365853658536
2 0.6052150974025974 0.6745426829268293 0.009131493506493506 0.013109756097560975
22 0.47757711038961037 0.6746951219512195 0.003043831168831169 0.00853658536585366
29 0.4546469155844156 0.6751524390243903 0.008319805194805194 0.010670731707317074
22 0.4731128246753247 0.6753048780487805 0.003043831168831169 0.009146341463414634
2 0.5879667207792207 0.6753048780487805 0.011972402597402598 0.01707317073170732
7 0.5274959415584416 0.6795731707317073 0.006290584415584416 0.00975609756097561
7 0.5190746753246753 0.6797256097560975 0.007305194805194805 0.010670731707317074
7 0.5101461038961039 0.6801829268292683 0.007305194805194805 0.01097560975609756
7 0.5019277597402597 0.680640243902439 0.007102272727272727 0.010670731707317074
2 0.5410917207792207 0.6817073170731708 0.01359577922077922 0.01524390243902439
2 0.4882305194805195 0.6827743902439024 0.002029220779220779 0.008841463414634146
14 0.5740665584415584 0.683079268292683 0.010957792207792208 0.021646341463414633
2 0.6440746753246753 0.6841463414634147 0.005681818181818182 0.004878048780487805
22 0.4439935064935065 0.6844512195121951 0.005275974025974026 0.003658536585365854
29 0.45484983766233766 0.6870426829268292 0.008319805194805194 0.009451219512195122
29 0.46854707792207795 0.6875 0.006899350649350649 0.011585365853658536
22 0.4757508116883117 0.6876524390243902 0.002232142857142857 0.007621951219512195
22 0.4783887987012987 0.6879573170731708 0.002637987012987013 0.009451219512195122
2 0.6237824675324676 0.688109756097561 0.002029220779220779 0.007926829268292683
22 0.6272321428571429 0.688109756097561 0.002029220779220779 0.007926829268292683
22 0.6305803571428571 0.688109756097561 0.003043831168831169 0.00853658536585366
22 0.6207386363636364 0.6882621951219512 0.003246753246753247 0.008841463414634146
22 0.4439935064935065 0.6894817073170731 0.005275974025974026 0.0039634146341463415
2 0.6437702922077922 0.6897865853658537 0.005478896103896104 0.003353658536585366
22 0.5891842532467533 0.6911585365853659 0.002637987012987013 0.00853658536585366
2 0.5926339285714286 0.6913109756097561 0.002637987012987013 0.008231707317073171
22 0.5983157467532467 0.6913109756097561 0.002232142857142857 0.008841463414634146
2 0.601765422077922 0.6914634146341463 0.0034496753246753245 0.009146341463414634
7 0.4838676948051948 0.6916158536585366 0.005073051948051948 0.02774390243902439
2 0.4317167207792208 0.6958841463414634 0.01359577922077922 0.015548780487804878
22 0.461038961038961 0.6983231707317074 0.0036525974025974025 0.008231707317073171
22 0.45271915584415584 0.6984756097560976 0.002840909090909091 0.007926829268292683
2 0.442674512987013 0.6986280487804878 0.002637987012987013 0.007621951219512195
22 0.44642857142857145 0.6986280487804878 0.002840909090909091 0.008841463414634146
22 0.4562702922077922 0.6986280487804878 0.002637987012987013 0.008231707317073171
7 0.49512987012987014 0.7003048780487805 0.006493506493506494 0.010365853658536586
7 0.4765625 0.7009146341463415 0.006696428571428571 0.01097560975609756
7 0.4682426948051948 0.7013719512195122 0.006290584415584416 0.010670731707317074
22 0.6604099025974026 0.7102134146341463 0.003043831168831169 0.008231707317073171
2 0.6709618506493507 0.7102134146341463 0.003043831168831169 0.008231707317073171
22 0.6533076298701299 0.7105182926829269 0.002637987012987013 0.008231707317073171
22 0.6675121753246753 0.7105182926829269 0.003043831168831169 0.008231707317073171
2 0.6565543831168831 0.7106707317073171 0.002232142857142857 0.00853658536585366
2 0.663961038961039 0.7106707317073171 0.002840909090909091 0.00853658536585366
22 0.640422077922078 0.7111280487804879 0.005275974025974026 0.004573170731707317
22 0.4965503246753247 0.7114329268292683 0.002840909090909091 0.008841463414634146
22 0.4780844155844156 0.7115853658536585 0.002840909090909091 0.007926829268292683
22 0.4889407467532468 0.7115853658536585 0.002232142857142857 0.00853658536585366
22 0.4699675324675325 0.7117378048780488 0.002840909090909091 0.008841463414634146
2 0.47493912337662336 0.7117378048780488 0.003043831168831169 0.008231707317073171
22 0.4820413961038961 0.7117378048780488 0.003043831168831169 0.008841463414634146
7 0.4525162337662338 0.711890243902439 0.006899350649350649 0.010365853658536586
7 0.45982142857142855 0.711890243902439 0.006493506493506494 0.010365853658536586
2 0.49330357142857145 0.711890243902439 0.003246753246753247 0.00853658536585366
7 0.4448051948051948 0.7120426829268293 0.006899350649350649 0.011280487804878048
22 0.48579545454545453 0.7120426829268293 0.002840909090909091 0.008841463414634146
2 0.4664163961038961 0.7123475609756098 0.002637987012987013 0.008841463414634146
6 0.7659293831168831 0.7128048780487805 0.026988636363636364 0.03231707317073171
2 0.5851258116883117 0.7182926829268292 0.002637987012987013 0.00853658536585366
22 0.5814732142857143 0.7184451219512196 0.002637987012987013 0.008841463414634146
6 0.5603693181818182 0.7205792682926829 0.037540584415584416 0.02225609756097561
22 0.6086647727272727 0.7224085365853659 0.00588474025974026 0.0039634146341463415
2 0.6087662337662337 0.7277439024390244 0.005681818181818182 0.00426829268292683
22 0.5764001623376623 0.7362804878048781 0.002637987012987013 0.00853658536585366
22 0.5692978896103896 0.7364329268292683 0.002637987012987013 0.008231707317073171
22 0.562297077922078 0.7365853658536585 0.003246753246753247 0.00853658536585366
22 0.572950487012987 0.7365853658536585 0.002637987012987013 0.00853658536585366
22 0.5587459415584416 0.7367378048780487 0.003043831168831169 0.008231707317073171
22 0.5658482142857143 0.7367378048780487 0.003043831168831169 0.007621951219512195
29 0.5401785714285714 0.7382621951219512 0.007711038961038961 0.011280487804878048
6 0.489549512987013 0.7426829268292683 0.09070616883116883 0.046341463414634146