23 0.5576923076923077 0.3858173076923077 0.004807692307692308 0.007211538461538462
23 0.5528846153846154 0.3870192307692308 0.004807692307692308 0.009615384615384616
13 0.5420673076923077 0.4807692307692308 0.01201923076923077 0.014423076923076924
13 0.5420673076923077 0.46634615384615385 0.01201923076923077 0.014423076923076924
3 0.5384615384615384 0.5 0.009615384615384616 0.004807692307692308
23 0.5408653846153846 0.4483173076923077 0.004807692307692308 0.007211538461538462
3 0.5408653846153846 0.43990384615384615 0.009615384615384616 0.004807692307692308
3 0.5432692307692307 0.38461538461538464 0.004807692307692308 0.004807692307692308
23 0.5384615384615384 0.45072115384615385 0.004807692307692308 0.007211538461538462
3 0.53125 0.45913461538461536 0.02403846153846154 0.014423076923076924
3 0.5336538461538461 0.4098557692307692 0.019230769230769232 0.016826923076923076
23 0.5360576923076923 0.38822115384615385 0.004807692307692308 0.007211538461538462
3 0.5300480769230769 0.47115384615384615 0.016826923076923076 0.014423076923076924
3 0.5264423076923077 0.5096153846153846 0.02403846153846154 0.019230769230769232
3 0.5336538461538461 0.375 0.009615384615384616 0.004807692307692308
3 0.53125 0.37740384615384615 0.009615384615384616 0.004807692307692308
23 0.5264423076923077 0.4495192307692308 0.004807692307692308 0.004807692307692308
3 0.5288461538461539 0.3954326923076923 0.019230769230769232 0.01201923076923077
23 0.5264423076923077 0.42788461538461536 0.009615384615384616 0.004807692307692308
7 0.5264423076923077 0.42427884615384615 0.009615384615384616 0.002403846153846154
7 0.5288461538461539 0.3870192307692308 0.004807692307692308 0.009615384615384616
23 0.5264423076923077 0.4362980769230769 0.009615384615384616 0.002403846153846154
15 0.5264423076923077 0.4326923076923077 0.009615384615384616 0.004807692307692308
7 0.5264423076923077 0.4266826923076923 0.009615384615384616 0.002403846153846154
7 0.5264423076923077 0.43990384615384615 0.009615384615384616 0.004807692307692308
23 0.5264423076923077 0.421875 0.009615384615384616 0.002403846153846154
15 0.5264423076923077 0.41586538461538464 0.009615384615384616 0.004807692307692308
14 0.5204326923076923 0.4891826923076923 0.026442307692307692 0.016826923076923076
23 0.5240384615384616 0.4495192307692308 0.004807692307692308 0.004807692307692308
3 0.5240384615384616 0.4423076923076923 0.009615384615384616 0.004807692307692308
3 0.5240384615384616 0.44591346153846156 0.009615384615384616 0.002403846153846154
23 0.5192307692307693 0.41225961538461536 0.009615384615384616 0.002403846153846154
3 0.5168269230769231 0.4735576923076923 0.004807692307692308 0.004807692307692308
7 0.5192307692307693 0.4110576923076923 0.009615384615384616 0.004807692307692308
15 0.5060096153846154 0.5276442307692307 0.05048076923076923 0.036057692307692304
3 0.5120192307692307 0.44711538461538464 0.009615384615384616 0.004807692307692308
23 0.5120192307692307 0.42908653846153844 0.009615384615384616 0.002403846153846154
3 0.5120192307692307 0.43990384615384615 0.009615384615384616 0.004807692307692308
23 0.5120192307692307 0.4362980769230769 0.009615384615384616 0.002403846153846154
23 0.5120192307692307 0.4338942307692308 0.009615384615384616 0.002403846153846154
23 0.5120192307692307 0.43149038461538464 0.009615384615384616 0.002403846153846154
23 0.5144230769230769 0.40024038461538464 0.004807692307692308 0.007211538461538462
7 0.5120192307692307 0.3918269230769231 0.004807692307692308 0.004807692307692308
23 0.5096153846153846 0.41466346153846156 0.009615384615384616 0.002403846153846154
23 0.5072115384615384 0.41586538461538464 0.009615384615384616 0.004807692307692308
3 0.5072115384615384 0.4110576923076923 0.009615384615384616 0.004807692307692308
15 0.5072115384615384 0.39903846153846156 0.004807692307692308 0.004807692307692308
23 0.49759615384615385 0.5048076923076923 0.004807692307692308 0.004807692307692308
3 0.49759615384615385 0.5 0.004807692307692308 0.004807692307692308
7 0.5048076923076923 0.3918269230769231 0.004807692307692308 0.004807692307692308
3 0.49759615384615385 0.4831730769230769 0.014423076923076924 0.014423076923076924
23 0.5024038461538461 0.39903846153846156 0.004807692307692308 0.004807692307692308
3 0.5 0.41346153846153844 0.004807692307692308 0.009615384615384616
23 0.4951923076923077 0.4543269230769231 0.004807692307692308 0.004807692307692308
23 0.49759615384615385 0.39903846153846156 0.004807692307692308 0.004807692307692308
7 0.49759615384615385 0.3918269230769231 0.004807692307692308 0.004807692307692308
3 0.4951923076923077 0.41225961538461536 0.004807692307692308 0.007211538461538462
23 0.49038461538461536 0.4543269230769231 0.004807692307692308 0.004807692307692308
15 0.49278846153846156 0.39663461538461536 0.004807692307692308 0.004807692307692308
7 0.4879807692307692 0.390625 0.004807692307692308 0.007211538461538462
14 0.4855769230769231 0.4338942307692308 0.04326923076923077 0.03125
23 0.4879807692307692 0.39783653846153844 0.004807692307692308 0.007211538461538462
3 0.4855769230769231 0.41225961538461536 0.004807692307692308 0.007211538461538462
3 0.4807692307692308 0.4519230769230769 0.004807692307692308 0.004807692307692308
3 0.47716346153846156 0.4831730769230769 0.016826923076923076 0.014423076923076924
3 0.47836538461538464 0.4723557692307692 0.004807692307692308 0.007211538461538462
7 0.4807692307692308 0.390625 0.004807692307692308 0.007211538461538462
23 0.46875 0.5384615384615384 0.004807692307692308 0.004807692307692308
23 0.46875 0.5336538461538461 0.004807692307692308 0.004807692307692308
23 0.47596153846153844 0.3894230769230769 0.004807692307692308 0.004807692307692308
3 0.4723557692307692 0.4495192307692308 0.01201923076923077 0.004807692307692308
3 0.47596153846153844 0.3798076923076923 0.004807692307692308 0.004807692307692308
3 0.46634615384615385 0.4987980769230769 0.028846153846153848 0.021634615384615384
3 0.4639423076923077 0.5108173076923077 0.009615384615384616 0.002403846153846154
3 0.4639423076923077 0.515625 0.009615384615384616 0.002403846153846154
3 0.4639423076923077 0.5132211538461539 0.009615384615384616 0.002403846153846154
14 0.46274038461538464 0.5252403846153846 0.021634615384615384 0.01201923076923077
15 0.47115384615384615 0.3894230769230769 0.004807692307692308 0.004807692307692308
23 0.4639423076923077 0.4795673076923077 0.009615384615384616 0.002403846153846154
23 0.4639423076923077 0.4807692307692308 0.009615384615384616 0.004807692307692308
14 0.4639423076923077 0.46875 0.02403846153846154 0.014423076923076924
23 0.46634615384615385 0.3894230769230769 0.004807692307692308 0.004807692307692308
3 0.4567307692307692 0.5300480769230769 0.004807692307692308 0.007211538461538462
3 0.45913461538461536 0.4206730769230769 0.009615384615384616 0.004807692307692308
23 0.45913461538461536 0.4182692307692308 0.009615384615384616 0.004807692307692308
23 0.45913461538461536 0.43149038461538464 0.009615384615384616 0.002403846153846154
3 0.45913461538461536 0.4110576923076923 0.009615384615384616 0.004807692307692308
23 0.45913461538461536 0.41586538461538464 0.009615384615384616 0.004807692307692308
3 0.45913461538461536 0.4254807692307692 0.009615384615384616 0.004807692307692308
3 0.4567307692307692 0.44711538461538464 0.009615384615384616 0.004807692307692308
23 0.4567307692307692 0.44350961538461536 0.009615384615384616 0.002403846153846154
23 0.4567307692307692 0.4411057692307692 0.009615384615384616 0.002403846153846154
23 0.45913461538461536 0.4387019230769231 0.009615384615384616 0.002403846153846154
3 0.45913461538461536 0.4362980769230769 0.009615384615384616 0.002403846153846154
7 0.46153846153846156 0.3894230769230769 0.004807692307692308 0.004807692307692308
23 0.4567307692307692 0.4519230769230769 0.009615384615384616 0.004807692307692308
3 0.44711538461538464 0.5264423076923077 0.004807692307692308 0.004807692307692308
3 0.4495192307692308 0.5192307692307693 0.004807692307692308 0.004807692307692308
3 0.4495192307692308 0.5144230769230769 0.004807692307692308 0.004807692307692308
13 0.4495192307692308 0.5072115384615384 0.004807692307692308 0.009615384615384616
3 0.44471153846153844 0.5192307692307693 0.004807692307692308 0.004807692307692308
3 0.4495192307692308 0.4326923076923077 0.004807692307692308 0.004807692307692308
3 0.4519230769230769 0.421875 0.004807692307692308 0.007211538461538462
23 0.4495192307692308 0.4254807692307692 0.004807692307692308 0.004807692307692308
3 0.44471153846153844 0.44350961538461536 0.009615384615384616 0.002403846153846154
23 0.44711538461538464 0.4387019230769231 0.009615384615384616 0.002403846153846154
23 0.44471153846153844 0.4411057692307692 0.009615384615384616 0.002403846153846154
3 0.43990384615384615 0.5192307692307693 0.004807692307692308 0.004807692307692308
23 0.4423076923076923 0.40865384615384615 0.014423076923076924 0.004807692307692308
6 0.4362980769230769 0.4987980769230769 0.021634615384615384 0.026442307692307692