3 0.5793269230769231 0.2620192307692308 0.004807692307692308 0.004807692307692308
3 0.5793269230769231 0.2692307692307692 0.004807692307692308 0.004807692307692308
23 0.5769230769230769 0.3245192307692308 0.004807692307692308 0.004807692307692308
23 0.5745192307692307 0.3125 0.009615384615384616 0.004807692307692308
3 0.5697115384615384 0.4519230769230769 0.004807692307692308 0.004807692307692308
23 0.5745192307692307 0.3161057692307692 0.009615384615384616 0.002403846153846154
3 0.5697115384615384 0.4639423076923077 0.004807692307692308 0.004807692307692308
3 0.5697115384615384 0.45913461538461536 0.004807692307692308 0.004807692307692308
3 0.5721153846153846 0.3641826923076923 0.009615384615384616 0.002403846153846154
3 0.5721153846153846 0.36177884615384615 0.009615384615384616 0.002403846153846154
3 0.5721153846153846 0.36778846153846156 0.009615384615384616 0.004807692307692308
3 0.5697115384615384 0.38341346153846156 0.009615384615384616 0.002403846153846154
23 0.5721153846153846 0.3786057692307692 0.009615384615384616 0.002403846153846154
3 0.5649038461538461 0.5697115384615384 0.004807692307692308 0.004807692307692308
3 0.5649038461538461 0.5625 0.004807692307692308 0.004807692307692308
3 0.5649038461538461 0.5576923076923077 0.004807692307692308 0.004807692307692308
23 0.5649038461538461 0.49158653846153844 0.009615384615384616 0.002403846153846154
23 0.5649038461538461 0.48677884615384615 0.009615384615384616 0.002403846153846154
23 0.5552884615384616 0.7884615384615384 0.004807692307692308 0.004807692307692308
3 0.5576923076923077 0.6526442307692307 0.009615384615384616 0.002403846153846154
3 0.5588942307692307 0.6550480769230769 0.007211538461538462 0.002403846153846154
3 0.5576923076923077 0.6478365384615384 0.009615384615384616 0.002403846153846154
23 0.5588942307692307 0.5877403846153846 0.007211538461538462 0.002403846153846154
23 0.5600961538461539 0.5925480769230769 0.009615384615384616 0.002403846153846154
23 0.5673076923076923 0.31490384615384615 0.004807692307692308 0.004807692307692308
3 0.5552884615384616 0.7235576923076923 0.004807692307692308 0.004807692307692308
3 0.5528846153846154 0.7584134615384616 0.009615384615384616 0.002403846153846154
3 0.5528846153846154 0.7548076923076923 0.009615384615384616 0.004807692307692308
3 0.5528846153846154 0.7608173076923077 0.009615384615384616 0.002403846153846154
3 0.5504807692307693 0.8161057692307693 0.009615384615384616 0.002403846153846154
3 0.5504807692307693 0.8125 0.009615384615384616 0.004807692307692308
23 0.5504807692307693 0.7235576923076923 0.004807692307692308 0.004807692307692308
23 0.5625 0.38100961538461536 0.009615384615384616 0.002403846153846154
23 0.5600961538461539 0.38341346153846156 0.009615384615384616 0.002403846153846154
14 0.5456730769230769 0.7307692307692307 0.019230769230769232 0.009615384615384616
3 0.5528846153846154 0.5769230769230769 0.004807692307692308 0.004807692307692308
23 0.5432692307692307 0.8028846153846154 0.004807692307692308 0.004807692307692308
23 0.5432692307692307 0.8100961538461539 0.004807692307692308 0.004807692307692308
23 0.5492788461538461 0.6322115384615384 0.002403846153846154 0.004807692307692308
23 0.5456730769230769 0.7235576923076923 0.004807692307692308 0.004807692307692308
3 0.5504807692307693 0.5901442307692307 0.009615384615384616 0.002403846153846154
3 0.5528846153846154 0.49038461538461536 0.009615384615384616 0.004807692307692308
23 0.5432692307692307 0.7716346153846154 0.004807692307692308 0.004807692307692308
23 0.5432692307692307 0.7668269230769231 0.004807692307692308 0.004807692307692308
3 0.5456730769230769 0.6814903846153846 0.009615384615384616 0.002403846153846154
3 0.5456730769230769 0.6875 0.009615384615384616 0.004807692307692308
23 0.5456730769230769 0.6911057692307693 0.009615384615384616 0.002403846153846154
23 0.5432692307692307 0.7788461538461539 0.004807692307692308 0.004807692307692308
23 0.5456730769230769 0.6862980769230769 0.009615384615384616 0.002403846153846154
3 0.5480769230769231 0.5769230769230769 0.004807692307692308 0.004807692307692308
23 0.5444711538461539 0.6322115384615384 0.002403846153846154 0.004807692307692308
3 0.5432692307692307 0.6598557692307693 0.009615384615384616 0.002403846153846154
14 0.5444711538461539 0.6490384615384616 0.01201923076923077 0.009615384615384616
26 0.5528846153846154 0.4230769230769231 0.004807692307692308 0.004807692307692308
23 0.5444711538461539 0.6370192307692307 0.002403846153846154 0.004807692307692308
3 0.5456730769230769 0.5877403846153846 0.009615384615384616 0.002403846153846154
3 0.5480769230769231 0.4855769230769231 0.004807692307692308 0.004807692307692308
23 0.5360576923076923 0.8028846153846154 0.004807692307692308 0.004807692307692308
3 0.5360576923076923 0.7848557692307693 0.009615384615384616 0.002403846153846154
23 0.5360576923076923 0.8100961538461539 0.004807692307692308 0.004807692307692308
23 0.5396634615384616 0.6694711538461539 0.007211538461538462 0.002403846153846154
23 0.5396634615384616 0.6622596153846154 0.007211538461538462 0.002403846153846154
3 0.5432692307692307 0.5769230769230769 0.004807692307692308 0.004807692307692308
23 0.5396634615384616 0.6646634615384616 0.007211538461538462 0.002403846153846154
3 0.5480769230769231 0.4675480769230769 0.009615384615384616 0.002403846153846154
23 0.5420673076923077 0.6322115384615384 0.002403846153846154 0.004807692307692308
23 0.5408653846153846 0.671875 0.009615384615384616 0.002403846153846154
3 0.5480769230769231 0.46634615384615385 0.009615384615384616 0.004807692307692308
3 0.5480769230769231 0.47475961538461536 0.009615384615384616 0.002403846153846154
3 0.5480769230769231 0.4411057692307692 0.009615384615384616 0.002403846153846154
3 0.5480769230769231 0.4723557692307692 0.009615384615384616 0.002403846153846154
3 0.5480769230769231 0.44591346153846156 0.009615384615384616 0.002403846153846154
3 0.5480769230769231 0.4483173076923077 0.009615384615384616 0.002403846153846154
23 0.5456730769230769 0.453125 0.009615384615384616 0.002403846153846154
23 0.546875 0.47716346153846156 0.007211538461538462 0.002403846153846154
26 0.5480769230769231 0.4230769230769231 0.004807692307692308 0.004807692307692308
23 0.5384615384615384 0.6802884615384616 0.004807692307692308 0.004807692307692308
23 0.5396634615384616 0.6370192307692307 0.002403846153846154 0.004807692307692308
23 0.5336538461538461 0.765625 0.004807692307692308 0.007211538461538462
23 0.5432692307692307 0.5048076923076923 0.004807692307692308 0.004807692307692308
23 0.5336538461538461 0.7716346153846154 0.004807692307692308 0.004807692307692308
23 0.5336538461538461 0.7788461538461539 0.004807692307692308 0.004807692307692308
3 0.5432692307692307 0.4855769230769231 0.004807692307692308 0.004807692307692308
23 0.5372596153846154 0.6322115384615384 0.002403846153846154 0.004807692307692308
7 0.5360576923076923 0.7199519230769231 0.004807692307692308 0.007211538461538462
23 0.5504807692307693 0.27403846153846156 0.004807692307692308 0.004807692307692308
3 0.5408653846153846 0.5769230769230769 0.004807692307692308 0.004807692307692308
23 0.5504807692307693 0.28125 0.004807692307692308 0.004807692307692308
23 0.5480769230769231 0.28846153846153844 0.004807692307692308 0.004807692307692308
23 0.5372596153846154 0.6370192307692307 0.002403846153846154 0.004807692307692308
3 0.5360576923076923 0.6742788461538461 0.009615384615384616 0.002403846153846154
23 0.5348557692307693 0.6802884615384616 0.002403846153846154 0.004807692307692308
23 0.5456730769230769 0.40865384615384615 0.004807692307692308 0.004807692307692308
23 0.5288461538461539 0.7932692307692307 0.004807692307692308 0.004807692307692308
3 0.5432692307692307 0.39663461538461536 0.004807692307692308 0.004807692307692308
3 0.5408653846153846 0.49759615384615385 0.004807692307692308 0.004807692307692308
23 0.5384615384615384 0.5048076923076923 0.004807692307692308 0.004807692307692308
23 0.546875 0.29927884615384615 0.007211538461538462 0.002403846153846154
23 0.5456730769230769 0.3016826923076923 0.009615384615384616 0.002403846153846154
23 0.546875 0.296875 0.007211538461538462 0.002403846153846154
23 0.5456730769230769 0.29447115384615385 0.009615384615384616 0.002403846153846154
3 0.5336538461538461 0.6899038461538461 0.004807692307692308 0.004807692307692308
7 0.53125 0.7211538461538461 0.004807692307692308 0.004807692307692308
23 0.5432692307692307 0.32211538461538464 0.004807692307692308 0.004807692307692308
3 0.5360576923076923 0.5769230769230769 0.004807692307692308 0.004807692307692308
23 0.53125 0.6598557692307693 0.009615384615384616 0.002403846153846154
3 0.5264423076923077 0.8076923076923077 0.004807692307692308 0.004807692307692308
23 0.5384615384615384 0.41586538461538464 0.004807692307692308 0.004807692307692308
23 0.5408653846153846 0.40865384615384615 0.004807692307692308 0.004807692307692308
3 0.5384615384615384 0.4230769230769231 0.004807692307692308 0.004807692307692308
23 0.5432692307692307 0.3125 0.004807692307692308 0.004807692307692308
23 0.5360576923076923 0.49038461538461536 0.004807692307692308 0.004807692307692308
23 0.5252403846153846 0.7932692307692307 0.002403846153846154 0.004807692307692308
26 0.5264423076923077 0.7572115384615384 0.004807692307692308 0.004807692307692308
26 0.5288461538461539 0.6670673076923077 0.009615384615384616 0.002403846153846154
26 0.5288461538461539 0.6646634615384616 0.009615384615384616 0.002403846153846154
23 0.5264423076923077 0.7692307692307693 0.004807692307692308 0.004807692307692308
26 0.5288461538461539 0.6622596153846154 0.009615384615384616 0.002403846153846154
26 0.5300480769230769 0.671875 0.007211538461538462 0.002403846153846154
3 0.5288461538461539 0.6790865384615384 0.009615384615384616 0.002403846153846154
3 0.5288461538461539 0.6814903846153846 0.009615384615384616 0.002403846153846154
3 0.5252403846153846 0.7992788461538461 0.007211538461538462 0.002403846153846154
23 0.5384615384615384 0.3918269230769231 0.004807692307692308 0.004807692307692308
23 0.5336538461538461 0.5408653846153846 0.004807692307692308 0.004807692307692308
3 0.5240384615384616 0.8016826923076923 0.009615384615384616 0.002403846153846154
3 0.53125 0.5769230769230769 0.004807692307692308 0.004807692307692308
23 0.5384615384615384 0.3870192307692308 0.004807692307692308 0.004807692307692308
23 0.5336538461538461 0.5216346153846154 0.004807692307692308 0.004807692307692308
26 0.5240384615384616 0.7788461538461539 0.004807692307692308 0.004807692307692308
23 0.53125 0.5276442307692307 0.009615384615384616 0.002403846153846154
23 0.5336538461538461 0.5084134615384616 0.009615384615384616 0.002403846153846154
23 0.5408653846153846 0.28125 0.004807692307692308 0.004807692307692308
3 0.5288461538461539 0.5949519230769231 0.009615384615384616 0.002403846153846154
23 0.5408653846153846 0.27403846153846156 0.004807692307692308 0.004807692307692308
3 0.5288461538461539 0.5925480769230769 0.009615384615384616 0.002403846153846154
3 0.5288461538461539 0.5853365384615384 0.009615384615384616 0.002403846153846154
3 0.5288461538461539 0.5973557692307693 0.009615384615384616 0.002403846153846154
3 0.5288461538461539 0.5901442307692307 0.009615384615384616 0.002403846153846154
3 0.5288461538461539 0.5997596153846154 0.009615384615384616 0.002403846153846154
29 0.53125 0.5324519230769231 0.009615384615384616 0.007211538461538462
29 0.53125 0.515625 0.009615384615384616 0.007211538461538462
23 0.5336538461538461 0.41586538461538464 0.004807692307692308 0.004807692307692308
3 0.5336538461538461 0.4230769230769231 0.004807692307692308 0.004807692307692308
7 0.5360576923076923 0.40865384615384615 0.004807692307692308 0.004807692307692308
23 0.5384615384615384 0.28846153846153844 0.004807692307692308 0.004807692307692308
23 0.5252403846153846 0.6862980769230769 0.007211538461538462 0.002403846153846154
3 0.5216346153846154 0.7836538461538461 0.014423076923076924 0.004807692307692308
3 0.5252403846153846 0.6887019230769231 0.007211538461538462 0.002403846153846154
3 0.5264423076923077 0.6442307692307693 0.004807692307692308 0.004807692307692308
3 0.5264423076923077 0.6370192307692307 0.004807692307692308 0.004807692307692308
23 0.5384615384615384 0.31971153846153844 0.004807692307692308 0.004807692307692308
23 0.5360576923076923 0.3269230769230769 0.004807692307692308 0.004807692307692308
13 0.5384615384615384 0.26322115384615385 0.009615384615384616 0.002403846153846154
13 0.5384615384615384 0.265625 0.009615384615384616 0.002403846153846154
3 0.5288461538461539 0.5769230769230769 0.004807692307692308 0.004807692307692308
3 0.5336538461538461 0.3918269230769231 0.004807692307692308 0.004807692307692308
23 0.5288461538461539 0.5216346153846154 0.004807692307692308 0.004807692307692308
3 0.5336538461538461 0.3870192307692308 0.004807692307692308 0.004807692307692308
23 0.5276442307692307 0.5408653846153846 0.002403846153846154 0.004807692307692308
23 0.5180288461538461 0.7704326923076923 0.007211538461538462 0.002403846153846154
7 0.5192307692307693 0.765625 0.009615384615384616 0.007211538461538462
23 0.5168269230769231 0.8064903846153846 0.009615384615384616 0.002403846153846154
23 0.5180288461538461 0.8040865384615384 0.007211538461538462 0.002403846153846154
23 0.53125 0.41586538461538464 0.004807692307692308 0.004807692307692308
23 0.53125 0.4014423076923077 0.004807692307692308 0.004807692307692308
7 0.53125 0.40865384615384615 0.004807692307692308 0.004807692307692308
23 0.5336538461538461 0.2932692307692308 0.009615384615384616 0.004807692307692308
23 0.5336538461538461 0.296875 0.009615384615384616 0.002403846153846154
3 0.5276442307692307 0.5012019230769231 0.016826923076923076 0.01201923076923077
3 0.5288461538461539 0.4230769230769231 0.004807692307692308 0.004807692307692308
23 0.5336538461538461 0.3016826923076923 0.009615384615384616 0.002403846153846154
23 0.5336538461538461 0.29927884615384615 0.009615384615384616 0.002403846153846154
23 0.5192307692307693 0.7223557692307693 0.009615384615384616 0.002403846153846154
3 0.5192307692307693 0.7199519230769231 0.009615384615384616 0.002403846153846154
3 0.5168269230769231 0.7932692307692307 0.004807692307692308 0.004807692307692308
23 0.5192307692307693 0.6923076923076923 0.004807692307692308 0.004807692307692308
3 0.5264423076923077 0.4891826923076923 0.009615384615384616 0.002403846153846154
23 0.5240384615384616 0.5216346153846154 0.004807692307692308 0.004807692307692308
23 0.5252403846153846 0.5408653846153846 0.002403846153846154 0.004807692307692308
14 0.5168269230769231 0.7115384615384616 0.014423076923076924 0.014423076923076924
23 0.5240384615384616 0.5084134615384616 0.009615384615384616 0.002403846153846154
29 0.5240384615384616 0.5132211538461539 0.009615384615384616 0.007211538461538462
29 0.5216346153846154 0.5324519230769231 0.009615384615384616 0.007211538461538462
23 0.5216346153846154 0.5276442307692307 0.009615384615384616 0.002403846153846154
3 0.5132211538461539 0.7908653846153846 0.002403846153846154 0.004807692307692308
23 0.5108173076923077 0.7584134615384616 0.007211538461538462 0.002403846153846154
23 0.5144230769230769 0.6923076923076923 0.004807692307692308 0.004807692307692308
23 0.5192307692307693 0.5216346153846154 0.004807692307692308 0.004807692307692308
23 0.5192307692307693 0.5408653846153846 0.004807692307692308 0.004807692307692308
23 0.5144230769230769 0.6358173076923077 0.009615384615384616 0.002403846153846154
3 0.5144230769230769 0.6382211538461539 0.009615384615384616 0.002403846153846154
3 0.5096153846153846 0.7680288461538461 0.009615384615384616 0.002403846153846154
23 0.5120192307692307 0.7235576923076923 0.004807692307692308 0.004807692307692308
7 0.5084134615384616 0.7644230769230769 0.007211538461538462 0.004807692307692308
13 0.5120192307692307 0.6959134615384616 0.009615384615384616 0.002403846153846154
3 0.5096153846153846 0.6899038461538461 0.004807692307692308 0.004807692307692308
3 0.5120192307692307 0.6310096153846154 0.009615384615384616 0.002403846153846154
3 0.5120192307692307 0.6286057692307693 0.009615384615384616 0.002403846153846154
23 0.5072115384615384 0.7235576923076923 0.004807692307692308 0.004807692307692308
3 0.5072115384615384 0.7019230769230769 0.004807692307692308 0.004807692307692308
3 0.5048076923076923 0.7860576923076923 0.004807692307692308 0.004807692307692308
23 0.5024038461538461 0.8149038461538461 0.004807692307692308 0.004807692307692308
3 0.5 0.828125 0.009615384615384616 0.002403846153846154
3 0.5024038461538461 0.8257211538461539 0.009615384615384616 0.002403846153846154
23 0.5084134615384616 0.6370192307692307 0.002403846153846154 0.004807692307692308
23 0.5036057692307693 0.7764423076923077 0.002403846153846154 0.004807692307692308
3 0.5048076923076923 0.6923076923076923 0.004807692307692308 0.004807692307692308
29 0.5024038461538461 0.8221153846153846 0.009615384615384616 0.004807692307692308
23 0.5036057692307693 0.7151442307692307 0.007211538461538462 0.002403846153846154
3 0.5 0.8004807692307693 0.004807692307692308 0.009615384615384616
3 0.5036057692307693 0.7127403846153846 0.007211538461538462 0.002403846153846154
23 0.5024038461538461 0.7235576923076923 0.004807692307692308 0.004807692307692308
3 0.5036057692307693 0.7019230769230769 0.002403846153846154 0.004807692307692308
29 0.5 0.7307692307692307 0.009615384615384616 0.004807692307692308
23 0.5012019230769231 0.7584134615384616 0.007211538461538462 0.002403846153846154
23 0.49759615384615385 0.8149038461538461 0.004807692307692308 0.004807692307692308
23 0.4987980769230769 0.7608173076923077 0.007211538461538462 0.002403846153846154
14 0.49759615384615385 0.7644230769230769 0.009615384615384616 0.004807692307692308
3 0.4987980769230769 0.7019230769230769 0.002403846153846154 0.004807692307692308
23 0.4951923076923077 0.8149038461538461 0.004807692307692308 0.004807692307692308
23 0.49399038461538464 0.7776442307692307 0.007211538461538462 0.002403846153846154
23 0.4951923076923077 0.7752403846153846 0.009615384615384616 0.002403846153846154
14 0.49399038461538464 0.7860576923076923 0.007211538461538462 0.004807692307692308
29 0.49278846153846156 0.8221153846153846 0.009615384615384616 0.004807692307692308
23 0.49399038461538464 0.8257211538461539 0.007211538461538462 0.002403846153846154
3 0.49278846153846156 0.7920673076923077 0.009615384615384616 0.002403846153846154
3 0.49759615384615385 0.6346153846153846 0.004807692307692308 0.004807692307692308
3 0.49399038461538464 0.7019230769230769 0.002403846153846154 0.004807692307692308
3 0.49399038461538464 0.7127403846153846 0.007211538461538462 0.002403846153846154
14 0.49399038461538464 0.6622596153846154 0.05048076923076923 0.04567307692307692
3 0.49759615384615385 0.5685096153846154 0.004807692307692308 0.007211538461538462
3 0.49278846153846156 0.6346153846153846 0.004807692307692308 0.004807692307692308
3 0.4891826923076923 0.7788461538461539 0.002403846153846154 0.004807692307692308
3 0.49158653846153844 0.7019230769230769 0.002403846153846154 0.004807692307692308
23 0.4879807692307692 0.7584134615384616 0.009615384615384616 0.002403846153846154
3 0.4855769230769231 0.8185096153846154 0.009615384615384616 0.002403846153846154
3 0.4855769230769231 0.8137019230769231 0.009615384615384616 0.002403846153846154
23 0.4855769230769231 0.8064903846153846 0.009615384615384616 0.002403846153846154
3 0.49399038461538464 0.5985576923076923 0.007211538461538462 0.009615384615384616
3 0.4855769230769231 0.8112980769230769 0.009615384615384616 0.002403846153846154
23 0.4879807692307692 0.7632211538461539 0.009615384615384616 0.002403846153846154
7 0.4879807692307692 0.7427884615384616 0.009615384615384616 0.004807692307692308
23 0.4855769230769231 0.8088942307692307 0.009615384615384616 0.002403846153846154
3 0.49038461538461536 0.6923076923076923 0.004807692307692308 0.004807692307692308
3 0.4879807692307692 0.765625 0.009615384615384616 0.002403846153846154
3 0.4879807692307692 0.7512019230769231 0.009615384615384616 0.002403846153846154
3 0.4879807692307692 0.7487980769230769 0.009615384615384616 0.002403846153846154
23 0.4855769230769231 0.7716346153846154 0.004807692307692308 0.004807692307692308
3 0.4831730769230769 0.8221153846153846 0.009615384615384616 0.004807692307692308
3 0.48677884615384615 0.7019230769230769 0.002403846153846154 0.004807692307692308
3 0.4831730769230769 0.7788461538461539 0.004807692307692308 0.004807692307692308
7 0.49038461538461536 0.6057692307692307 0.009615384615384616 0.004807692307692308
7 0.49038461538461536 0.6105769230769231 0.009615384615384616 0.004807692307692308
3 0.4855769230769231 0.6875 0.009615384615384616 0.004807692307692308
3 0.484375 0.7127403846153846 0.007211538461538462 0.002403846153846154
13 0.4831730769230769 0.6923076923076923 0.004807692307692308 0.004807692307692308
23 0.4795673076923077 0.8076923076923077 0.002403846153846154 0.004807692307692308
3 0.4831730769230769 0.7019230769230769 0.004807692307692308 0.004807692307692308
3 0.47596153846153844 0.7956730769230769 0.019230769230769232 0.014423076923076924
13 0.4807692307692308 0.7223557692307693 0.009615384615384616 0.002403846153846154
7 0.484375 0.5673076923076923 0.021634615384615384 0.004807692307692308
13 0.47836538461538464 0.7295673076923077 0.009615384615384616 0.002403846153846154
13 0.47836538461538464 0.7391826923076923 0.009615384615384616 0.002403846153846154
3 0.47836538461538464 0.7439903846153846 0.009615384615384616 0.002403846153846154
3 0.47836538461538464 0.7463942307692307 0.009615384615384616 0.002403846153846154
23 0.47716346153846156 0.7512019230769231 0.007211538461538462 0.002403846153846154
14 0.4831730769230769 0.5793269230769231 0.019230769230769232 0.019230769230769232
3 0.47836538461538464 0.7536057692307693 0.009615384615384616 0.002403846153846154
13 0.47836538461538464 0.6923076923076923 0.004807692307692308 0.004807692307692308
3 0.47596153846153844 0.7836538461538461 0.014423076923076924 0.004807692307692308
14 0.47475961538461536 0.8149038461538461 0.007211538461538462 0.009615384615384616
3 0.47475961538461536 0.8209134615384616 0.007211538461538462 0.002403846153846154
29 0.47475961538461536 0.8245192307692307 0.007211538461538462 0.004807692307692308
23 0.4723557692307692 0.8040865384615384 0.007211538461538462 0.002403846153846154
23 0.4723557692307692 0.8064903846153846 0.007211538461538462 0.002403846153846154
3 0.4795673076923077 0.6129807692307693 0.007211538461538462 0.009615384615384616
3 0.47836538461538464 0.6850961538461539 0.009615384615384616 0.004807692307692308
13 0.4735576923076923 0.6923076923076923 0.004807692307692308 0.004807692307692308
3 0.46875 0.7620192307692307 0.004807692307692308 0.004807692307692308
7 0.47115384615384615 0.7512019230769231 0.004807692307692308 0.007211538461538462
13 0.47596153846153844 0.5516826923076923 0.009615384615384616 0.002403846153846154
13 0.47596153846153844 0.5540865384615384 0.009615384615384616 0.002403846153846154
3 0.4699519230769231 0.7223557692307693 0.007211538461538462 0.002403846153846154
7 0.46875 0.7379807692307693 0.009615384615384616 0.004807692307692308
7 0.47115384615384615 0.7175480769230769 0.009615384615384616 0.007211538461538462
7 0.46875 0.7283653846153846 0.009615384615384616 0.004807692307692308
3 0.4699519230769231 0.7319711538461539 0.007211538461538462 0.002403846153846154
3 0.4735576923076923 0.6009615384615384 0.019230769230769232 0.009615384615384616
3 0.4735576923076923 0.5913461538461539 0.009615384615384616 0.004807692307692308
3 0.46634615384615385 0.8052884615384616 0.004807692307692308 0.004807692307692308
7 0.46875 0.7463942307692307 0.009615384615384616 0.002403846153846154
7 0.46875 0.7439903846153846 0.009615384615384616 0.002403846153846154
3 0.46875 0.6923076923076923 0.004807692307692308 0.004807692307692308
23 0.4639423076923077 0.8209134615384616 0.009615384615384616 0.002403846153846154
23 0.4651442307692308 0.8257211538461539 0.007211538461538462 0.002403846153846154
23 0.46274038461538464 0.8233173076923077 0.007211538461538462 0.002403846153846154
3 0.4639423076923077 0.8185096153846154 0.009615384615384616 0.002403846153846154
13 0.47115384615384615 0.6105769230769231 0.009615384615384616 0.004807692307692308
3 0.4639423076923077 0.7620192307692307 0.004807692307692308 0.004807692307692308
7 0.46634615384615385 0.7524038461538461 0.004807692307692308 0.004807692307692308
3 0.4639423076923077 0.7908653846153846 0.009615384615384616 0.004807692307692308
3 0.46875 0.5661057692307693 0.009615384615384616 0.002403846153846154
23 0.46274038461538464 0.6899038461538461 0.002403846153846154 0.004807692307692308
23 0.46274038461538464 0.6826923076923077 0.002403846153846154 0.004807692307692308
13 0.46033653846153844 0.75 0.002403846153846154 0.004807692307692308
23 0.46274038461538464 0.6694711538461539 0.007211538461538462 0.002403846153846154
3 0.46153846153846156 0.6442307692307693 0.004807692307692308 0.004807692307692308
3 0.4639423076923077 0.5925480769230769 0.009615384615384616 0.002403846153846154
3 0.46033653846153844 0.6935096153846154 0.007211538461538462 0.002403846153846154
3 0.45552884615384615 0.7800480769230769 0.007211538461538462 0.002403846153846154
3 0.45913461538461536 0.6826923076923077 0.004807692307692308 0.004807692307692308
23 0.46033653846153844 0.6899038461538461 0.002403846153846154 0.004807692307692308
3 0.46033653846153844 0.6502403846153846 0.007211538461538462 0.002403846153846154
3 0.45913461538461536 0.6550480769230769 0.009615384615384616 0.002403846153846154
3 0.4543269230769231 0.7776442307692307 0.009615384615384616 0.002403846153846154
14 0.46153846153846156 0.578125 0.019230769230769232 0.021634615384615384
3 0.4543269230769231 0.8064903846153846 0.009615384615384616 0.002403846153846154
26 0.4579326923076923 0.6598557692307693 0.007211538461538462 0.002403846153846154
7 0.45913461538461536 0.6165865384615384 0.004807692307692308 0.007211538461538462
14 0.4543269230769231 0.7620192307692307 0.004807692307692308 0.009615384615384616
13 0.45072115384615385 0.8112980769230769 0.007211538461538462 0.002403846153846154
3 0.4519230769230769 0.7992788461538461 0.009615384615384616 0.002403846153846154
23 0.4567307692307692 0.6117788461538461 0.009615384615384616 0.002403846153846154
29 0.4495192307692308 0.8028846153846154 0.009615384615384616 0.004807692307692308
23 0.4567307692307692 0.5661057692307693 0.009615384615384616 0.002403846153846154
3 0.45552884615384615 0.5997596153846154 0.016826923076923076 0.01201923076923077
3 0.4543269230769231 0.6153846153846154 0.004807692307692308 0.004807692307692308
14 0.4519230769230769 0.6225961538461539 0.009615384615384616 0.004807692307692308
23 0.4495192307692308 0.6418269230769231 0.004807692307692308 0.004807692307692308
23 0.4423076923076923 0.8052884615384616 0.009615384615384616 0.004807692307692308
23 0.4423076923076923 0.8064903846153846 0.009615384615384616 0.002403846153846154
29 0.4423076923076923 0.8004807692307693 0.009615384615384616 0.004807692307692308
13 0.4423076923076923 0.8112980769230769 0.009615384615384616 0.002403846153846154
3 0.44711538461538464 0.6286057692307693 0.009615384615384616 0.002403846153846154
23 0.4483173076923077 0.6310096153846154 0.007211538461538462 0.002403846153846154
3 0.4483173076923077 0.6153846153846154 0.007211538461538462 0.009615384615384616
6 0.44350961538461536 0.7235576923076923 0.03125 0.0625
3 0.4423076923076923 0.7728365384615384 0.019230769230769232 0.01201923076923077
3 0.43990384615384615 0.7620192307692307 0.009615384615384616 0.004807692307692308
3 0.43990384615384615 0.7584134615384616 0.009615384615384616 0.002403846153846154
26 0.44591346153846156 0.6478365384615384 0.007211538461538462 0.002403846153846154
3 0.44471153846153844 0.6550480769230769 0.009615384615384616 0.002403846153846154
7 0.44350961538461536 0.6598557692307693 0.007211538461538462 0.002403846153846154
23 0.44471153846153844 0.6418269230769231 0.004807692307692308 0.004807692307692308
7 0.44350961538461536 0.6646634615384616 0.007211538461538462 0.002403846153846154
7 0.44350961538461536 0.6574519230769231 0.007211538461538462 0.002403846153846154