3 0.6502403846153846 0.8677884615384616 0.007211538461538462 0.004807692307692308
23 0.6418269230769231 0.8701923076923077 0.004807692307692308 0.004807692307692308
23 0.6382211538461539 0.8605769230769231 0.007211538461538462 0.004807692307692308
3 0.6382211538461539 0.8100961538461539 0.016826923076923076 0.009615384615384616
23 0.6358173076923077 0.8497596153846154 0.007211538461538462 0.002403846153846154
3 0.6370192307692307 0.8365384615384616 0.009615384615384616 0.004807692307692308
23 0.6346153846153846 0.8461538461538461 0.004807692307692308 0.004807692307692308
23 0.6322115384615384 0.8293269230769231 0.009615384615384616 0.004807692307692308
3 0.6298076923076923 0.8701923076923077 0.009615384615384616 0.004807692307692308
3 0.6286057692307693 0.8605769230769231 0.007211538461538462 0.004807692307692308
3 0.6286057692307693 0.8533653846153846 0.007211538461538462 0.009615384615384616
3 0.6274038461538461 0.7836538461538461 0.004807692307692308 0.004807692307692308
3 0.6225961538461539 0.7475961538461539 0.014423076923076924 0.009615384615384616
3 0.6225961538461539 0.8701923076923077 0.004807692307692308 0.004807692307692308
3 0.6225961538461539 0.7764423076923077 0.004807692307692308 0.009615384615384616
3 0.6213942307692307 0.7860576923076923 0.007211538461538462 0.004807692307692308
23 0.6225961538461539 0.8605769230769231 0.004807692307692308 0.004807692307692308
3 0.6189903846153846 0.8004807692307693 0.007211538461538462 0.004807692307692308
3 0.6177884615384616 0.7956730769230769 0.004807692307692308 0.004807692307692308
23 0.6165865384615384 0.8713942307692307 0.007211538461538462 0.002403846153846154
23 0.6177884615384616 0.8149038461538461 0.009615384615384616 0.004807692307692308
23 0.6177884615384616 0.8521634615384616 0.009615384615384616 0.002403846153846154
23 0.6177884615384616 0.8605769230769231 0.004807692307692308 0.004807692307692308
3 0.6165865384615384 0.7752403846153846 0.007211538461538462 0.01201923076923077
29 0.6153846153846154 0.8076923076923077 0.009615384615384616 0.004807692307692308
3 0.6153846153846154 0.8461538461538461 0.02403846153846154 0.009615384615384616
23 0.6153846153846154 0.8028846153846154 0.004807692307692308 0.004807692307692308
23 0.6129807692307693 0.7956730769230769 0.004807692307692308 0.004807692307692308
23 0.6117788461538461 0.8605769230769231 0.002403846153846154 0.004807692307692308
23 0.609375 0.8016826923076923 0.007211538461538462 0.007211538461538462
3 0.6081730769230769 0.7139423076923077 0.004807692307692308 0.004807692307692308
23 0.6081730769230769 0.8725961538461539 0.009615384615384616 0.004807692307692308
3 0.609375 0.8701923076923077 0.007211538461538462 0.004807692307692308
3 0.609375 0.8401442307692307 0.016826923076923076 0.007211538461538462
3 0.6081730769230769 0.8629807692307693 0.004807692307692308 0.004807692307692308
29 0.6069711538461539 0.8149038461538461 0.007211538461538462 0.004807692307692308
3 0.6057692307692307 0.8329326923076923 0.014423076923076924 0.007211538461538462
29 0.6057692307692307 0.7956730769230769 0.009615384615384616 0.004807692307692308
3 0.6057692307692307 0.7139423076923077 0.004807692307692308 0.004807692307692308
3 0.6045673076923077 0.7067307692307693 0.007211538461538462 0.004807692307692308
29 0.6045673076923077 0.8052884615384616 0.007211538461538462 0.004807692307692308
23 0.6033653846153846 0.8629807692307693 0.004807692307692308 0.004807692307692308
3 0.6033653846153846 0.7884615384615384 0.014423076923076924 0.004807692307692308
3 0.6033653846153846 0.6995192307692307 0.004807692307692308 0.004807692307692308
23 0.6009615384615384 0.6947115384615384 0.004807692307692308 0.004807692307692308
29 0.6021634615384616 0.7716346153846154 0.007211538461538462 0.004807692307692308
3 0.5997596153846154 0.8629807692307693 0.002403846153846154 0.004807692307692308
3 0.6009615384615384 0.7836538461538461 0.014423076923076924 0.004807692307692308
23 0.6009615384615384 0.8701923076923077 0.009615384615384616 0.004807692307692308
23 0.5985576923076923 0.6875 0.004807692307692308 0.004807692307692308
3 0.5985576923076923 0.6923076923076923 0.009615384615384616 0.004807692307692308
23 0.5985576923076923 0.6826923076923077 0.004807692307692308 0.004807692307692308
23 0.5985576923076923 0.8149038461538461 0.004807692307692308 0.009615384615384616
29 0.5985576923076923 0.7596153846153846 0.009615384615384616 0.004807692307692308
3 0.5985576923076923 0.6129807692307693 0.004807692307692308 0.004807692307692308
23 0.5973557692307693 0.8004807692307693 0.01201923076923077 0.004807692307692308
23 0.5961538461538461 0.7788461538461539 0.009615384615384616 0.004807692307692308
23 0.5961538461538461 0.6971153846153846 0.004807692307692308 0.004807692307692308
23 0.5973557692307693 0.7524038461538461 0.007211538461538462 0.004807692307692308
3 0.5961538461538461 0.8064903846153846 0.004807692307692308 0.007211538461538462
3 0.5961538461538461 0.6778846153846154 0.009615384615384616 0.004807692307692308
3 0.5961538461538461 0.7427884615384616 0.009615384615384616 0.009615384615384616
3 0.5961538461538461 0.8629807692307693 0.004807692307692308 0.004807692307692308
23 0.59375 0.6875 0.004807692307692308 0.004807692307692308
23 0.59375 0.8293269230769231 0.009615384615384616 0.004807692307692308
7 0.5949519230769231 0.8509615384615384 0.01201923076923077 0.004807692307692308
3 0.59375 0.6538461538461539 0.004807692307692308 0.004807692307692308
23 0.59375 0.7980769230769231 0.009615384615384616 0.004807692307692308
23 0.59375 0.6826923076923077 0.004807692307692308 0.004807692307692308
3 0.59375 0.6153846153846154 0.004807692307692308 0.009615384615384616
23 0.59375 0.8245192307692307 0.009615384615384616 0.004807692307692308
23 0.5913461538461539 0.7704326923076923 0.004807692307692308 0.007211538461538462
3 0.5913461538461539 0.8461538461538461 0.014423076923076924 0.004807692307692308
3 0.5913461538461539 0.8197115384615384 0.009615384615384616 0.004807692307692308
3 0.5913461538461539 0.8413461538461539 0.014423076923076924 0.009615384615384616
3 0.5901442307692307 0.6538461538461539 0.002403846153846154 0.004807692307692308
23 0.5913461538461539 0.8173076923076923 0.009615384615384616 0.004807692307692308
3 0.5889423076923077 0.6466346153846154 0.009615384615384616 0.004807692307692308
29 0.5901442307692307 0.7596153846153846 0.007211538461538462 0.004807692307692308
23 0.5889423076923077 0.7524038461538461 0.009615384615384616 0.004807692307692308
3 0.5865384615384616 0.7836538461538461 0.004807692307692308 0.009615384615384616
3 0.5865384615384616 0.7728365384615384 0.004807692307692308 0.007211538461538462
3 0.5877403846153846 0.7451923076923077 0.007211538461538462 0.009615384615384616
23 0.5877403846153846 0.7776442307692307 0.007211538461538462 0.002403846153846154
23 0.5865384615384616 0.7668269230769231 0.009615384615384616 0.004807692307692308
23 0.5865384615384616 0.7776442307692307 0.009615384615384616 0.002403846153846154
3 0.5841346153846154 0.8245192307692307 0.004807692307692308 0.004807692307692308
3 0.5841346153846154 0.8305288461538461 0.009615384615384616 0.002403846153846154
23 0.5829326923076923 0.8197115384615384 0.002403846153846154 0.004807692307692308
23 0.5841346153846154 0.8028846153846154 0.009615384615384616 0.004807692307692308
3 0.5817307692307693 0.8004807692307693 0.009615384615384616 0.004807692307692308
3 0.5805288461538461 0.7019230769230769 0.002403846153846154 0.004807692307692308
23 0.5817307692307693 0.6129807692307693 0.004807692307692308 0.004807692307692308
3 0.5793269230769231 0.7620192307692307 0.004807692307692308 0.009615384615384616
3 0.5805288461538461 0.8269230769230769 0.002403846153846154 0.004807692307692308
23 0.5793269230769231 0.8197115384615384 0.004807692307692308 0.004807692307692308
3 0.578125 0.6923076923076923 0.002403846153846154 0.004807692307692308
3 0.5769230769230769 0.7475961538461539 0.004807692307692308 0.009615384615384616
23 0.5769230769230769 0.7932692307692307 0.004807692307692308 0.004807692307692308
3 0.5769230769230769 0.5841346153846154 0.004807692307692308 0.004807692307692308
23 0.5757211538461539 0.7548076923076923 0.01201923076923077 0.004807692307692308
23 0.5769230769230769 0.8293269230769231 0.004807692307692308 0.004807692307692308
23 0.5769230769230769 0.7908653846153846 0.004807692307692308 0.004807692307692308
3 0.5745192307692307 0.6983173076923077 0.004807692307692308 0.002403846153846154
23 0.5745192307692307 0.796875 0.009615384615384616 0.002403846153846154
23 0.5745192307692307 0.6129807692307693 0.009615384615384616 0.004807692307692308
23 0.5733173076923077 0.609375 0.007211538461538462 0.002403846153846154
3 0.5721153846153846 0.5841346153846154 0.004807692307692308 0.004807692307692308
23 0.5721153846153846 0.8221153846153846 0.004807692307692308 0.004807692307692308
23 0.5721153846153846 0.8257211538461539 0.009615384615384616 0.002403846153846154
23 0.5733173076923077 0.6045673076923077 0.007211538461538462 0.002403846153846154
3 0.5733173076923077 0.5769230769230769 0.007211538461538462 0.004807692307692308
23 0.5721153846153846 0.7872596153846154 0.009615384615384616 0.002403846153846154
23 0.5721153846153846 0.6021634615384616 0.009615384615384616 0.002403846153846154
23 0.5721153846153846 0.8365384615384616 0.009615384615384616 0.004807692307692308
3 0.5721153846153846 0.7932692307692307 0.004807692307692308 0.004807692307692308
3 0.5721153846153846 0.7764423076923077 0.014423076923076924 0.004807692307692308
23 0.5721153846153846 0.5985576923076923 0.009615384615384616 0.004807692307692308
3 0.5721153846153846 0.7860576923076923 0.004807692307692308 0.004807692307692308
23 0.5709134615384616 0.5961538461538461 0.007211538461538462 0.004807692307692308
23 0.5697115384615384 0.6274038461538461 0.004807692307692308 0.004807692307692308
14 0.5697115384615384 0.8076923076923077 0.014423076923076924 0.014423076923076924
3 0.5697115384615384 0.7716346153846154 0.014423076923076924 0.004807692307692308
3 0.5685096153846154 0.7475961538461539 0.007211538461538462 0.009615384615384616
23 0.5697115384615384 0.5865384615384616 0.004807692307692308 0.004807692307692308
3 0.5697115384615384 0.6322115384615384 0.009615384615384616 0.004807692307692308
23 0.5685096153846154 0.8221153846153846 0.002403846153846154 0.004807692307692308
3 0.5697115384615384 0.7644230769230769 0.014423076923076924 0.004807692307692308
3 0.5673076923076923 0.6923076923076923 0.004807692307692308 0.004807692307692308
3 0.5685096153846154 0.6237980769230769 0.007211538461538462 0.002403846153846154
3 0.5661057692307693 0.7596153846153846 0.01201923076923077 0.004807692307692308
3 0.5661057692307693 0.7548076923076923 0.007211538461538462 0.004807692307692308
3 0.5673076923076923 0.6213942307692307 0.004807692307692308 0.002403846153846154
3 0.5661057692307693 0.7043269230769231 0.01201923076923077 0.004807692307692308
23 0.5649038461538461 0.5865384615384616 0.004807692307692308 0.004807692307692308
23 0.5637019230769231 0.7992788461538461 0.007211538461538462 0.002403846153846154
23 0.5637019230769231 0.7944711538461539 0.007211538461538462 0.002403846153846154
23 0.5649038461538461 0.6274038461538461 0.004807692307692308 0.004807692307692308
23 0.5637019230769231 0.8389423076923077 0.007211538461538462 0.004807692307692308
3 0.5649038461538461 0.6971153846153846 0.014423076923076924 0.004807692307692308
3 0.5625 0.7920673076923077 0.004807692307692308 0.002403846153846154
3 0.5625 0.8317307692307693 0.014423076923076924 0.004807692307692308
3 0.5625 0.8353365384615384 0.004807692307692308 0.002403846153846154
23 0.5625 0.7896634615384616 0.009615384615384616 0.002403846153846154
3 0.5625 0.5240384615384616 0.004807692307692308 0.004807692307692308
23 0.5600961538461539 0.7860576923076923 0.009615384615384616 0.004807692307692308
23 0.5600961538461539 0.8269230769230769 0.009615384615384616 0.004807692307692308
23 0.5600961538461539 0.7560096153846154 0.004807692307692308 0.007211538461538462
23 0.5612980769230769 0.8233173076923077 0.007211538461538462 0.002403846153846154
23 0.5600961538461539 0.6298076923076923 0.004807692307692308 0.004807692307692308
23 0.5588942307692307 0.8221153846153846 0.007211538461538462 0.004807692307692308
3 0.5600961538461539 0.8173076923076923 0.004807692307692308 0.004807692307692308
3 0.5588942307692307 0.7259615384615384 0.01201923076923077 0.004807692307692308
3 0.5576923076923077 0.5120192307692307 0.004807692307692308 0.004807692307692308
3 0.5576923076923077 0.5240384615384616 0.004807692307692308 0.004807692307692308
3 0.5576923076923077 0.47596153846153844 0.014423076923076924 0.004807692307692308
14 0.5552884615384616 0.7163461538461539 0.014423076923076924 0.009615384615384616
23 0.5552884615384616 0.6322115384615384 0.004807692307692308 0.004807692307692308
3 0.5564903846153846 0.7980769230769231 0.007211538461538462 0.004807692307692308
23 0.5540865384615384 0.7920673076923077 0.007211538461538462 0.002403846153846154
3 0.5540865384615384 0.7427884615384616 0.01201923076923077 0.004807692307692308
29 0.5528846153846154 0.8149038461538461 0.009615384615384616 0.004807692307692308
29 0.5528846153846154 0.8100961538461539 0.009615384615384616 0.004807692307692308
3 0.5516826923076923 0.5120192307692307 0.007211538461538462 0.009615384615384616
23 0.5528846153846154 0.8221153846153846 0.004807692307692308 0.004807692307692308
3 0.5528846153846154 0.7379807692307693 0.014423076923076924 0.004807692307692308
23 0.5504807692307693 0.6322115384615384 0.004807692307692308 0.004807692307692308
3 0.5504807692307693 0.8016826923076923 0.009615384615384616 0.002403846153846154
29 0.5480769230769231 0.7848557692307693 0.009615384615384616 0.007211538461538462
23 0.5456730769230769 0.6322115384615384 0.004807692307692308 0.004807692307692308
23 0.5456730769230769 0.7980769230769231 0.004807692307692308 0.004807692307692308
3 0.5456730769230769 0.7235576923076923 0.009615384615384616 0.004807692307692308
3 0.5432692307692307 0.4495192307692308 0.004807692307692308 0.004807692307692308
23 0.5432692307692307 0.6322115384615384 0.004807692307692308 0.004807692307692308
3 0.5408653846153846 0.7427884615384616 0.004807692307692308 0.004807692307692308
3 0.5408653846153846 0.7379807692307693 0.004807692307692308 0.004807692307692308
3 0.5408653846153846 0.4519230769230769 0.004807692307692308 0.004807692307692308
3 0.5396634615384616 0.44471153846153844 0.007211538461538462 0.004807692307692308
14 0.5685096153846154 0.6189903846153846 0.5600961538461539 0.5841346153846154
23 0.5384615384615384 0.6322115384615384 0.004807692307692308 0.004807692307692308
3 0.5348557692307693 0.35336538461538464 0.002403846153846154 0.004807692307692308
3 0.5336538461538461 0.34615384615384615 0.004807692307692308 0.004807692307692308
23 0.5336538461538461 0.5793269230769231 0.004807692307692308 0.004807692307692308
23 0.5336538461538461 0.6346153846153846 0.004807692307692308 0.004807692307692308
3 0.5336538461538461 0.7451923076923077 0.009615384615384616 0.004807692307692308
3 0.5336538461538461 0.7403846153846154 0.004807692307692308 0.004807692307692308
3 0.53125 0.734375 0.009615384615384616 0.002403846153846154
3 0.5300480769230769 0.7319711538461539 0.007211538461538462 0.002403846153846154
3 0.53125 0.3557692307692308 0.004807692307692308 0.009615384615384616
3 0.5300480769230769 0.3918269230769231 0.002403846153846154 0.004807692307692308
23 0.5288461538461539 0.6346153846153846 0.004807692307692308 0.004807692307692308
3 0.5264423076923077 0.34375 0.004807692307692308 0.009615384615384616
3 0.5264423076923077 0.3942307692307692 0.004807692307692308 0.004807692307692308
3 0.5252403846153846 0.38221153846153844 0.007211538461538462 0.004807692307692308
23 0.5240384615384616 0.6346153846153846 0.004807692307692308 0.004807692307692308
23 0.5204326923076923 0.35096153846153844 0.007211538461538462 0.004807692307692308
3 0.5192307692307693 0.34375 0.004807692307692308 0.009615384615384616
23 0.5192307692307693 0.6346153846153846 0.004807692307692308 0.004807692307692308
23 0.5168269230769231 0.6298076923076923 0.009615384615384616 0.004807692307692308
23 0.5180288461538461 0.43149038461538464 0.007211538461538462 0.002403846153846154
23 0.5168269230769231 0.6274038461538461 0.004807692307692308 0.004807692307692308
23 0.515625 0.42788461538461536 0.007211538461538462 0.004807692307692308
23 0.515625 0.4254807692307692 0.007211538461538462 0.004807692307692308
23 0.515625 0.4230769230769231 0.007211538461538462 0.004807692307692308
23 0.5132211538461539 0.4182692307692308 0.007211538461538462 0.004807692307692308
23 0.5144230769230769 0.6394230769230769 0.004807692307692308 0.004807692307692308
23 0.5132211538461539 0.41586538461538464 0.007211538461538462 0.004807692307692308
23 0.5132211538461539 0.41346153846153844 0.007211538461538462 0.004807692307692308
23 0.5132211538461539 0.4110576923076923 0.007211538461538462 0.004807692307692308
3 0.5120192307692307 0.32211538461538464 0.004807692307692308 0.004807692307692308
23 0.5132211538461539 0.6442307692307693 0.007211538461538462 0.004807692307692308
23 0.5108173076923077 0.40625 0.007211538461538462 0.004807692307692308
23 0.5108173076923077 0.40384615384615385 0.007211538461538462 0.004807692307692308
23 0.5108173076923077 0.4014423076923077 0.007211538461538462 0.004807692307692308
23 0.5084134615384616 0.4326923076923077 0.007211538461538462 0.004807692307692308
23 0.5096153846153846 0.6358173076923077 0.009615384615384616 0.002403846153846154
23 0.5084134615384616 0.39903846153846156 0.007211538461538462 0.004807692307692308
23 0.5096153846153846 0.6394230769230769 0.004807692307692308 0.004807692307692308
23 0.5096153846153846 0.42788461538461536 0.009615384615384616 0.004807692307692308
23 0.5084134615384616 0.3954326923076923 0.007211538461538462 0.002403846153846154
3 0.5072115384615384 0.32211538461538464 0.004807692307692308 0.004807692307692308
23 0.5084134615384616 0.4266826923076923 0.007211538461538462 0.002403846153846154
23 0.5072115384615384 0.6274038461538461 0.009615384615384616 0.004807692307692308
23 0.5084134615384616 0.39302884615384615 0.007211538461538462 0.002403846153846154
23 0.5084134615384616 0.6262019230769231 0.007211538461538462 0.002403846153846154
23 0.5060096153846154 0.4230769230769231 0.007211538461538462 0.004807692307692308
23 0.5060096153846154 0.3894230769230769 0.007211538461538462 0.004807692307692308
3 0.5060096153846154 0.3137019230769231 0.007211538461538462 0.002403846153846154
23 0.5060096153846154 0.6165865384615384 0.007211538461538462 0.002403846153846154
23 0.5060096153846154 0.41947115384615385 0.007211538461538462 0.002403846153846154
23 0.5060096153846154 0.4182692307692308 0.007211538461538462 0.004807692307692308
23 0.5060096153846154 0.41346153846153844 0.007211538461538462 0.004807692307692308
23 0.5048076923076923 0.3701923076923077 0.004807692307692308 0.004807692307692308
23 0.5060096153846154 0.6153846153846154 0.007211538461538462 0.004807692307692308
3 0.5036057692307693 0.3641826923076923 0.007211538461538462 0.002403846153846154
29 0.5048076923076923 0.37740384615384615 0.009615384615384616 0.004807692307692308
23 0.5036057692307693 0.6129807692307693 0.007211538461538462 0.004807692307692308
3 0.5036057692307693 0.36658653846153844 0.007211538461538462 0.002403846153846154
23 0.5036057692307693 0.41225961538461536 0.007211538461538462 0.002403846153846154
3 0.5048076923076923 0.6069711538461539 0.004807692307692308 0.002403846153846154
23 0.5036057692307693 0.4074519230769231 0.007211538461538462 0.002403846153846154
3 0.5024038461538461 0.6045673076923077 0.004807692307692308 0.002403846153846154
23 0.5036057692307693 0.40384615384615385 0.007211538461538462 0.004807692307692308
23 0.5012019230769231 0.4026442307692308 0.007211538461538462 0.002403846153846154
23 0.5012019230769231 0.39903846153846156 0.007211538461538462 0.004807692307692308
23 0.5 0.5973557692307693 0.009615384615384616 0.002403846153846154
23 0.5 0.39663461538461536 0.004807692307692308 0.004807692307692308
23 0.5012019230769231 0.59375 0.007211538461538462 0.004807692307692308
23 0.5 0.37259615384615385 0.004807692307692308 0.004807692307692308
23 0.4987980769230769 0.3942307692307692 0.007211538461538462 0.004807692307692308
23 0.4987980769230769 0.390625 0.007211538461538462 0.002403846153846154
3 0.4987980769230769 0.328125 0.007211538461538462 0.002403846153846154
23 0.49759615384615385 0.3701923076923077 0.009615384615384616 0.004807692307692308
3 0.4987980769230769 0.3245192307692308 0.007211538461538462 0.004807692307692308
23 0.4963942307692308 0.6057692307692307 0.002403846153846154 0.004807692307692308
23 0.49759615384615385 0.37740384615384615 0.004807692307692308 0.004807692307692308
3 0.4963942307692308 0.32211538461538464 0.007211538461538462 0.004807692307692308
3 0.4963942307692308 0.3173076923076923 0.007211538461538462 0.004807692307692308
3 0.4963942307692308 0.31490384615384615 0.007211538461538462 0.004807692307692308
3 0.4963942307692308 0.25721153846153844 0.002403846153846154 0.004807692307692308
3 0.49399038461538464 0.3125 0.007211538461538462 0.004807692307692308
3 0.4951923076923077 0.31009615384615385 0.009615384615384616 0.004807692307692308
3 0.49278846153846156 0.30528846153846156 0.009615384615384616 0.004807692307692308
3 0.49278846153846156 0.25 0.004807692307692308 0.004807692307692308
3 0.49278846153846156 0.30288461538461536 0.009615384615384616 0.004807692307692308
22 0.49278846153846156 0.2704326923076923 0.009615384615384616 0.007211538461538462
3 0.49158653846153844 0.3004807692307692 0.007211538461538462 0.004807692307692308
3 0.49038461538461536 0.25721153846153844 0.004807692307692308 0.004807692307692308
3 0.49158653846153844 0.296875 0.007211538461538462 0.002403846153846154
23 0.49158653846153844 0.265625 0.007211538461538462 0.002403846153846154
3 0.49038461538461536 0.2932692307692308 0.009615384615384616 0.004807692307692308
23 0.49038461538461536 0.3293269230769231 0.009615384615384616 0.004807692307692308
3 0.49038461538461536 0.2920673076923077 0.009615384615384616 0.002403846153846154
23 0.4891826923076923 0.2608173076923077 0.007211538461538462 0.002403846153846154
23 0.4891826923076923 0.24278846153846154 0.007211538461538462 0.004807692307692308
23 0.4891826923076923 0.3245192307692308 0.007211538461538462 0.004807692307692308
23 0.4891826923076923 0.32211538461538464 0.007211538461538462 0.004807692307692308
3 0.4891826923076923 0.28846153846153844 0.007211538461538462 0.004807692307692308
22 0.4879807692307692 0.23677884615384615 0.009615384615384616 0.007211538461538462
23 0.48677884615384615 0.31971153846153844 0.007211538461538462 0.004807692307692308
23 0.48677884615384615 0.3173076923076923 0.007211538461538462 0.004807692307692308
23 0.48677884615384615 0.3125 0.007211538461538462 0.004807692307692308
23 0.4855769230769231 0.31009615384615385 0.004807692307692308 0.004807692307692308
23 0.484375 0.3076923076923077 0.007211538461538462 0.004807692307692308
23 0.4831730769230769 0.30528846153846156 0.009615384615384616 0.004807692307692308
3 0.484375 0.25 0.01201923076923077 0.004807692307692308
23 0.4831730769230769 0.27283653846153844 0.004807692307692308 0.002403846153846154
23 0.4831730769230769 0.3004807692307692 0.004807692307692308 0.004807692307692308
23 0.4831730769230769 0.2980769230769231 0.004807692307692308 0.004807692307692308
23 0.48197115384615385 0.2956730769230769 0.007211538461538462 0.004807692307692308
23 0.48197115384615385 0.2932692307692308 0.007211538461538462 0.004807692307692308
3 0.47596153846153844 0.25961538461538464 0.4807692307692308 0.2644230769230769
23 0.4795673076923077 0.28846153846153844 0.007211538461538462 0.004807692307692308
23 0.4795673076923077 0.2548076923076923 0.007211538461538462 0.004807692307692308
23 0.47836538461538464 0.28365384615384615 0.004807692307692308 0.004807692307692308
3 0.47716346153846156 0.27283653846153844 0.007211538461538462 0.002403846153846154
23 0.4699519230769231 0.265625 0.007211538461538462 0.002403846153846154