3 0.4651442307692308 0.3016826923076923 0.007211538461538462 0.007211538461538462
3 0.46875 0.32211538461538464 0.009615384615384616 0.009615384615384616
3 0.46634615384615385 0.3137019230769231 0.009615384615384616 0.007211538461538462
3 0.47596153846153844 0.3894230769230769 0.009615384615384616 0.009615384615384616
3 0.4639423076923077 0.29086538461538464 0.004807692307692308 0.009615384615384616
3 0.4891826923076923 0.4879807692307692 0.007211538461538462 0.009615384615384616
3 0.47836538461538464 0.4014423076923077 0.009615384615384616 0.009615384615384616
3 0.4807692307692308 0.41346153846153844 0.009615384615384616 0.009615384615384616
3 0.4807692307692308 0.4206730769230769 0.009615384615384616 0.009615384615384616
3 0.49278846153846156 0.5204326923076923 0.009615384615384616 0.007211538461538462
3 0.49158653846153844 0.5 0.007211538461538462 0.009615384615384616
3 0.49399038461538464 0.5108173076923077 0.007211538461538462 0.007211538461538462
3 0.5024038461538461 0.5865384615384616 0.009615384615384616 0.009615384615384616
3 0.5036057692307693 0.5961538461538461 0.007211538461538462 0.009615384615384616
3 0.5072115384615384 0.6177884615384616 0.009615384615384616 0.009615384615384616
3 0.5060096153846154 0.6081730769230769 0.007211538461538462 0.009615384615384616
3 0.515625 0.6850961538461539 0.007211538461538462 0.009615384615384616
3 0.5276442307692307 0.7848557692307693 0.007211538461538462 0.007211538461538462
3 0.5192307692307693 0.7067307692307693 0.009615384615384616 0.009615384615384616
3 0.5180288461538461 0.6971153846153846 0.007211538461538462 0.009615384615384616
3 0.5300480769230769 0.7944711538461539 0.007211538461538462 0.007211538461538462
3 0.53125 0.8149038461538461 0.009615384615384616 0.009615384615384616
3 0.5192307692307693 0.7163461538461539 0.009615384615384616 0.009615384615384616
3 0.5324519230769231 0.8076923076923077 0.007211538461538462 0.009615384615384616
3 0.47115384615384615 0.2980769230769231 0.004807692307692308 0.009615384615384616
3 0.47115384615384615 0.29086538461538464 0.004807692307692308 0.009615384615384616
3 0.5288461538461539 0.5324519230769231 0.004807692307692308 0.007211538461538462
23 0.5588942307692307 0.7632211538461539 0.01201923076923077 0.007211538461538462
23 0.5024038461538461 0.2860576923076923 0.004807692307692308 0.009615384615384616
23 0.5336538461538461 0.5048076923076923 0.009615384615384616 0.004807692307692308
23 0.5324519230769231 0.5012019230769231 0.007211538461538462 0.002403846153846154
23 0.5072115384615384 0.2848557692307692 0.004807692307692308 0.007211538461538462
23 0.5360576923076923 0.5216346153846154 0.009615384615384616 0.004807692307692308
23 0.5336538461538461 0.5 0.004807692307692308 0.004807692307692308
23 0.5336538461538461 0.5096153846153846 0.009615384615384616 0.004807692307692308
23 0.5360576923076923 0.5072115384615384 0.009615384615384616 0.004807692307692308
23 0.5360576923076923 0.5108173076923077 0.009615384615384616 0.002403846153846154
23 0.5360576923076923 0.5132211538461539 0.009615384615384616 0.002403846153846154
23 0.5360576923076923 0.515625 0.009615384615384616 0.002403846153846154
23 0.5348557692307693 0.4963942307692308 0.007211538461538462 0.002403846153846154
3 0.5240384615384616 0.41466346153846156 0.009615384615384616 0.007211538461538462
23 0.5336538461538461 0.49038461538461536 0.004807692307692308 0.004807692307692308
23 0.5288461538461539 0.43990384615384615 0.004807692307692308 0.004807692307692308
3 0.5096153846153846 0.2980769230769231 0.004807692307692308 0.009615384615384616
23 0.5288461538461539 0.45072115384615385 0.004807692307692308 0.007211538461538462
23 0.5264423076923077 0.4230769230769231 0.004807692307692308 0.004807692307692308
23 0.5288461538461539 0.42788461538461536 0.004807692307692308 0.004807692307692308
15 0.5408653846153846 0.53125 0.004807692307692308 0.009615384615384616
14 0.5132211538461539 0.28725961538461536 0.007211538461538462 0.007211538461538462
14 0.5456730769230769 0.5504807692307693 0.04807692307692308 0.03365384615384615
23 0.5384615384615384 0.4891826923076923 0.004807692307692308 0.007211538461538462
23 0.5336538461538461 0.4362980769230769 0.009615384615384616 0.002403846153846154
23 0.5360576923076923 0.4543269230769231 0.009615384615384616 0.004807692307692308
23 0.5168269230769231 0.30528846153846156 0.009615384615384616 0.004807692307692308
3 0.5444711538461539 0.53125 0.002403846153846154 0.004807692307692308
23 0.5360576923076923 0.43509615384615385 0.009615384615384616 0.004807692307692308
3 0.5348557692307693 0.4411057692307692 0.007211538461538462 0.002403846153846154
23 0.5336538461538461 0.42788461538461536 0.004807692307692308 0.004807692307692308
3 0.5384615384615384 0.4579326923076923 0.009615384615384616 0.002403846153846154
3 0.5372596153846154 0.45072115384615385 0.007211538461538462 0.002403846153846154
3 0.5384615384615384 0.46153846153846156 0.009615384615384616 0.004807692307692308
23 0.5360576923076923 0.44350961538461536 0.009615384615384616 0.002403846153846154
3 0.5360576923076923 0.44591346153846156 0.009615384615384616 0.002403846153846154
23 0.5336538461538461 0.4206730769230769 0.004807692307692308 0.004807692307692308
3 0.5336538461538461 0.41466346153846156 0.004807692307692308 0.007211538461538462
23 0.5180288461538461 0.2920673076923077 0.007211538461538462 0.002403846153846154
3 0.5204326923076923 0.3161057692307692 0.007211538461538462 0.002403846153846154
3 0.5216346153846154 0.31009615384615385 0.009615384615384616 0.004807692307692308
23 0.53125 0.39302884615384615 0.004807692307692308 0.007211538461538462
23 0.5180288461538461 0.296875 0.007211538461538462 0.002403846153846154
3 0.5228365384615384 0.32091346153846156 0.007211538461538462 0.002403846153846154
3 0.5204326923076923 0.3137019230769231 0.007211538461538462 0.002403846153846154
3 0.5240384615384616 0.328125 0.009615384615384616 0.002403846153846154
3 0.5252403846153846 0.3401442307692308 0.007211538461538462 0.002403846153846154
3 0.5264423076923077 0.34975961538461536 0.009615384615384616 0.002403846153846154
3 0.5252403846153846 0.33533653846153844 0.007211538461538462 0.002403846153846154
3 0.5264423076923077 0.34975961538461536 0.009615384615384616 0.002403846153846154
14 0.5444711538461539 0.4951923076923077 0.007211538461538462 0.004807692307692308
23 0.5216346153846154 0.3004807692307692 0.004807692307692308 0.004807692307692308
3 0.5240384615384616 0.33052884615384615 0.009615384615384616 0.002403846153846154
3 0.5252403846153846 0.3329326923076923 0.007211538461538462 0.002403846153846154
3 0.5252403846153846 0.3425480769230769 0.007211538461538462 0.002403846153846154
23 0.546875 0.5180288461538461 0.007211538461538462 0.002403846153846154
23 0.546875 0.5084134615384616 0.007211538461538462 0.002403846153846154
23 0.5480769230769231 0.5132211538461539 0.009615384615384616 0.002403846153846154
3 0.5252403846153846 0.3449519230769231 0.007211538461538462 0.002403846153846154
23 0.546875 0.515625 0.007211538461538462 0.002403846153846154
3 0.5192307692307693 0.2848557692307692 0.004807692307692308 0.007211538461538462
23 0.5480769230769231 0.5204326923076923 0.009615384615384616 0.002403846153846154
23 0.53125 0.3762019230769231 0.009615384615384616 0.002403846153846154
23 0.5336538461538461 0.38461538461538464 0.009615384615384616 0.004807692307692308
23 0.5456730769230769 0.4879807692307692 0.004807692307692308 0.004807692307692308
23 0.53125 0.3786057692307692 0.009615384615384616 0.002403846153846154
3 0.53125 0.38100961538461536 0.009615384615384616 0.002403846153846154
3 0.5456730769230769 0.5024038461538461 0.009615384615384616 0.004807692307692308
3 0.5504807692307693 0.5288461538461539 0.004807692307692308 0.004807692307692308
23 0.5360576923076923 0.40384615384615385 0.009615384615384616 0.004807692307692308
23 0.5216346153846154 0.28365384615384615 0.004807692307692308 0.004807692307692308
3 0.5264423076923077 0.30288461538461536 0.004807692307692308 0.004807692307692308
14 0.5480769230769231 0.47475961538461536 0.014423076923076924 0.01201923076923077
3 0.5480769230769231 0.4831730769230769 0.009615384615384616 0.004807692307692308
3 0.5504807692307693 0.4891826923076923 0.004807692307692308 0.007211538461538462
3 0.5552884615384616 0.5288461538461539 0.004807692307692308 0.004807692307692308
3 0.5480769230769231 0.4639423076923077 0.009615384615384616 0.004807692307692308
14 0.5480769230769231 0.4567307692307692 0.009615384615384616 0.009615384615384616
14 0.5432692307692307 0.4206730769230769 0.009615384615384616 0.004807692307692308
23 0.53125 0.3088942307692308 0.009615384615384616 0.002403846153846154
23 0.5324519230769231 0.3317307692307692 0.007211538461538462 0.004807692307692308
23 0.5360576923076923 0.35216346153846156 0.009615384615384616 0.002403846153846154
23 0.5264423076923077 0.28365384615384615 0.004807692307692308 0.004807692307692308
23 0.53125 0.3125 0.009615384615384616 0.004807692307692308
23 0.5324519230769231 0.32091346153846156 0.007211538461538462 0.002403846153846154
3 0.5456730769230769 0.43028846153846156 0.009615384615384616 0.009615384615384616
23 0.5336538461538461 0.31850961538461536 0.009615384615384616 0.002403846153846154
23 0.5336538461538461 0.33533653846153844 0.009615384615384616 0.002403846153846154
23 0.53125 0.30649038461538464 0.009615384615384616 0.002403846153846154
23 0.5324519230769231 0.32572115384615385 0.007211538461538462 0.002403846153846154
23 0.5348557692307693 0.328125 0.007211538461538462 0.002403846153846154
23 0.5360576923076923 0.33774038461538464 0.009615384615384616 0.002403846153846154
3 0.5480769230769231 0.4411057692307692 0.004807692307692308 0.007211538461538462
23 0.5360576923076923 0.3425480769230769 0.009615384615384616 0.002403846153846154
23 0.5360576923076923 0.3401442307692308 0.009615384615384616 0.002403846153846154
23 0.5360576923076923 0.3473557692307692 0.009615384615384616 0.002403846153846154
3 0.5300480769230769 0.3004807692307692 0.007211538461538462 0.009615384615384616
23 0.5552884615384616 0.49759615384615385 0.004807692307692308 0.004807692307692308
23 0.5420673076923077 0.390625 0.007211538461538462 0.002403846153846154
15 0.5600961538461539 0.5276442307692307 0.004807692307692308 0.007211538461538462
3 0.5552884615384616 0.4879807692307692 0.004807692307692308 0.004807692307692308
23 0.5420673076923077 0.3798076923076923 0.007211538461538462 0.004807692307692308
3 0.5456730769230769 0.40384615384615385 0.009615384615384616 0.004807692307692308
3 0.5456730769230769 0.40384615384615385 0.009615384615384616 0.004807692307692308
3 0.5420673076923077 0.37259615384615385 0.007211538461538462 0.009615384615384616
23 0.5600961538461539 0.5084134615384616 0.009615384615384616 0.002403846153846154
23 0.5600961538461539 0.5192307692307693 0.009615384615384616 0.004807692307692308
23 0.5612980769230769 0.5108173076923077 0.007211538461538462 0.002403846153846154
3 0.5600961538461539 0.5024038461538461 0.009615384615384616 0.004807692307692308
23 0.5625 0.5180288461538461 0.004807692307692308 0.002403846153846154
23 0.5600961538461539 0.49759615384615385 0.004807692307692308 0.004807692307692308
23 0.5600961538461539 0.5060096153846154 0.009615384615384616 0.002403846153846154
3 0.5649038461538461 0.5288461538461539 0.004807692307692308 0.004807692307692308
3 0.5540865384615384 0.42908653846153844 0.007211538461538462 0.007211538461538462
3 0.5528846153846154 0.4206730769230769 0.009615384615384616 0.004807692307692308
3 0.5552884615384616 0.4387019230769231 0.004807692307692308 0.007211538461538462
14 0.5612980769230769 0.4855769230769231 0.01201923076923077 0.014423076923076924
3 0.5600961538461539 0.46634615384615385 0.009615384615384616 0.004807692307692308
3 0.5612980769230769 0.4699519230769231 0.01201923076923077 0.007211538461538462
23 0.5649038461538461 0.49759615384615385 0.004807692307692308 0.004807692307692308
3 0.5625 0.47475961538461536 0.009615384615384616 0.002403846153846154
23 0.5528846153846154 0.40865384615384615 0.004807692307692308 0.004807692307692308
23 0.5552884615384616 0.41586538461538464 0.004807692307692308 0.004807692307692308
23 0.5528846153846154 0.390625 0.009615384615384616 0.002403846153846154
15 0.5697115384615384 0.5276442307692307 0.004807692307692308 0.007211538461538462
23 0.5516826923076923 0.36778846153846156 0.007211538461538462 0.004807692307692308
23 0.5516826923076923 0.3762019230769231 0.007211538461538462 0.002403846153846154
23 0.5528846153846154 0.38221153846153844 0.009615384615384616 0.004807692307692308
23 0.5528846153846154 0.3762019230769231 0.009615384615384616 0.002403846153846154
23 0.5673076923076923 0.4951923076923077 0.004807692307692308 0.004807692307692308
23 0.5769230769230769 0.5697115384615384 0.004807692307692308 0.004807692307692308
3 0.5793269230769231 0.5877403846153846 0.004807692307692308 0.007211538461538462
23 0.5805288461538461 0.5757211538461539 0.007211538461538462 0.002403846153846154
7 0.5625 0.4375 0.004807692307692308 0.009615384615384616
3 0.5805288461538461 0.5733173076923077 0.007211538461538462 0.002403846153846154
14 0.5829326923076923 0.5817307692307693 0.007211538461538462 0.004807692307692308
3 0.5625 0.4182692307692308 0.004807692307692308 0.004807692307692308
23 0.5649038461538461 0.4266826923076923 0.004807692307692308 0.007211538461538462
3 0.5841346153846154 0.5865384615384616 0.004807692307692308 0.004807692307692308
23 0.5745192307692307 0.5048076923076923 0.004807692307692308 0.004807692307692308
3 0.5817307692307693 0.5673076923076923 0.004807692307692308 0.004807692307692308
15 0.5685096153846154 0.453125 0.026442307692307692 0.016826923076923076
15 0.5745192307692307 0.4987980769230769 0.004807692307692308 0.007211538461538462
3 0.5649038461538461 0.4050480769230769 0.004807692307692308 0.007211538461538462
23 0.5649038461538461 0.38100961538461536 0.009615384615384616 0.002403846153846154
23 0.5649038461538461 0.3786057692307692 0.009615384615384616 0.002403846153846154
23 0.5649038461538461 0.3858173076923077 0.009615384615384616 0.002403846153846154
3 0.5673076923076923 0.375 0.009615384615384616 0.004807692307692308
3 0.5793269230769231 0.48677884615384615 0.014423076923076924 0.007211538461538462
3 0.5721153846153846 0.42427884615384615 0.004807692307692308 0.007211538461538462
3 0.5721153846153846 0.4182692307692308 0.004807692307692308 0.004807692307692308
3 0.5841346153846154 0.4807692307692308 0.009615384615384616 0.004807692307692308
23 0.5685096153846154 0.36538461538461536 0.007211538461538462 0.004807692307692308
3 0.5817307692307693 0.47716346153846156 0.009615384615384616 0.002403846153846154
3 0.5829326923076923 0.4723557692307692 0.01201923076923077 0.007211538461538462
6 0.5973557692307693 0.5288461538461539 0.026442307692307692 0.07211538461538461