3 0.33052884615384615 0.8581730769230769 0.007211538461538462 0.004807692307692308
23 0.3389423076923077 0.8605769230769231 0.004807692307692308 0.004807692307692308
23 0.3449519230769231 0.8533653846153846 0.007211538461538462 0.004807692307692308
3 0.3473557692307692 0.8028846153846154 0.016826923076923076 0.009615384615384616
23 0.3473557692307692 0.8425480769230769 0.007211538461538462 0.002403846153846154
3 0.3485576923076923 0.8293269230769231 0.009615384615384616 0.004807692307692308
23 0.3485576923076923 0.8389423076923077 0.004807692307692308 0.004807692307692308
23 0.35336538461538464 0.8221153846153846 0.009615384615384616 0.004807692307692308
3 0.35096153846153844 0.8629807692307693 0.009615384615384616 0.004807692307692308
3 0.35216346153846156 0.8533653846153846 0.007211538461538462 0.004807692307692308
3 0.3545673076923077 0.8461538461538461 0.007211538461538462 0.009615384615384616
3 0.3605769230769231 0.7764423076923077 0.004807692307692308 0.004807692307692308
3 0.36538461538461536 0.7403846153846154 0.014423076923076924 0.009615384615384616
3 0.3581730769230769 0.8629807692307693 0.004807692307692308 0.004807692307692308
3 0.3629807692307692 0.7692307692307693 0.004807692307692308 0.009615384615384616
3 0.3641826923076923 0.7788461538461539 0.007211538461538462 0.004807692307692308
23 0.3605769230769231 0.8533653846153846 0.004807692307692308 0.004807692307692308
3 0.36658653846153844 0.7932692307692307 0.007211538461538462 0.004807692307692308
3 0.36778846153846156 0.7884615384615384 0.004807692307692308 0.004807692307692308
23 0.3641826923076923 0.8641826923076923 0.007211538461538462 0.002403846153846154
23 0.36778846153846156 0.8100961538461539 0.009615384615384616 0.004807692307692308
23 0.36538461538461536 0.8473557692307693 0.009615384615384616 0.002403846153846154
23 0.36538461538461536 0.8557692307692307 0.004807692307692308 0.004807692307692308
3 0.3713942307692308 0.7680288461538461 0.007211538461538462 0.01201923076923077
29 0.3701923076923077 0.8028846153846154 0.009615384615384616 0.004807692307692308
3 0.36778846153846156 0.8401442307692307 0.02403846153846154 0.01201923076923077
23 0.3701923076923077 0.7956730769230769 0.004807692307692308 0.004807692307692308
23 0.37259615384615385 0.7908653846153846 0.004807692307692308 0.004807692307692308
23 0.36899038461538464 0.8557692307692307 0.002403846153846154 0.004807692307692308
23 0.3762019230769231 0.796875 0.007211538461538462 0.007211538461538462
3 0.38221153846153844 0.7091346153846154 0.004807692307692308 0.004807692307692308
23 0.37259615384615385 0.8653846153846154 0.009615384615384616 0.004807692307692308
3 0.3737980769230769 0.8629807692307693 0.007211538461538462 0.004807692307692308
3 0.3737980769230769 0.8329326923076923 0.016826923076923076 0.007211538461538462
3 0.37259615384615385 0.8557692307692307 0.004807692307692308 0.004807692307692308
29 0.3786057692307692 0.8076923076923077 0.007211538461538462 0.004807692307692308
3 0.3798076923076923 0.8257211538461539 0.014423076923076924 0.007211538461538462
29 0.3798076923076923 0.7884615384615384 0.009615384615384616 0.004807692307692308
3 0.38461538461538464 0.7091346153846154 0.004807692307692308 0.004807692307692308
3 0.3858173076923077 0.6995192307692307 0.007211538461538462 0.004807692307692308
29 0.38100961538461536 0.8004807692307693 0.007211538461538462 0.004807692307692308
23 0.37740384615384615 0.8557692307692307 0.004807692307692308 0.004807692307692308
3 0.38461538461538464 0.7836538461538461 0.014423076923076924 0.004807692307692308
3 0.3870192307692308 0.6947115384615384 0.004807692307692308 0.004807692307692308
23 0.3894230769230769 0.6899038461538461 0.004807692307692308 0.004807692307692308
29 0.3858173076923077 0.7644230769230769 0.007211538461538462 0.004807692307692308
3 0.38100961538461536 0.8557692307692307 0.002403846153846154 0.004807692307692308
3 0.3870192307692308 0.7764423076923077 0.014423076923076924 0.004807692307692308
23 0.38221153846153844 0.8653846153846154 0.009615384615384616 0.004807692307692308
23 0.3918269230769231 0.6826923076923077 0.004807692307692308 0.004807692307692308
3 0.3918269230769231 0.6850961538461539 0.009615384615384616 0.004807692307692308
23 0.3918269230769231 0.6778846153846154 0.004807692307692308 0.004807692307692308
23 0.3870192307692308 0.8100961538461539 0.004807692307692308 0.009615384615384616
29 0.3894230769230769 0.7548076923076923 0.009615384615384616 0.004807692307692308
3 0.39663461538461536 0.6081730769230769 0.004807692307692308 0.004807692307692308
23 0.38822115384615385 0.7956730769230769 0.01201923076923077 0.004807692307692308
23 0.3894230769230769 0.7740384615384616 0.009615384615384616 0.004807692307692308
23 0.3942307692307692 0.6923076923076923 0.004807692307692308 0.004807692307692308
23 0.390625 0.7475961538461539 0.007211538461538462 0.004807692307692308
3 0.3894230769230769 0.7992788461538461 0.004807692307692308 0.007211538461538462
3 0.3942307692307692 0.6730769230769231 0.009615384615384616 0.004807692307692308
3 0.3918269230769231 0.7379807692307693 0.009615384615384616 0.009615384615384616
3 0.3870192307692308 0.8581730769230769 0.004807692307692308 0.004807692307692308
23 0.39663461538461536 0.6826923076923077 0.004807692307692308 0.004807692307692308
23 0.3894230769230769 0.8245192307692307 0.009615384615384616 0.004807692307692308
7 0.38822115384615385 0.8461538461538461 0.01201923076923077 0.004807692307692308
3 0.39903846153846156 0.6490384615384616 0.004807692307692308 0.004807692307692308
23 0.3918269230769231 0.7932692307692307 0.009615384615384616 0.004807692307692308
23 0.39903846153846156 0.6778846153846154 0.004807692307692308 0.004807692307692308
3 0.4014423076923077 0.6105769230769231 0.004807692307692308 0.009615384615384616
23 0.3918269230769231 0.8197115384615384 0.009615384615384616 0.004807692307692308
23 0.3942307692307692 0.765625 0.004807692307692308 0.007211538461538462
3 0.3918269230769231 0.8413461538461539 0.014423076923076924 0.004807692307692308
3 0.3918269230769231 0.8149038461538461 0.009615384615384616 0.004807692307692308
3 0.3918269230769231 0.8365384615384616 0.014423076923076924 0.009615384615384616
3 0.4026442307692308 0.6490384615384616 0.002403846153846154 0.004807692307692308
23 0.3942307692307692 0.8125 0.009615384615384616 0.004807692307692308
3 0.40384615384615385 0.6418269230769231 0.009615384615384616 0.004807692307692308
29 0.39783653846153844 0.7548076923076923 0.007211538461538462 0.004807692307692308
23 0.39903846153846156 0.7475961538461539 0.009615384615384616 0.004807692307692308
3 0.39903846153846156 0.7788461538461539 0.004807692307692308 0.009615384615384616
3 0.39903846153846156 0.7680288461538461 0.004807692307692308 0.007211538461538462
3 0.40024038461538464 0.7403846153846154 0.007211538461538462 0.009615384615384616
23 0.40024038461538464 0.7728365384615384 0.007211538461538462 0.002403846153846154
23 0.4014423076923077 0.7620192307692307 0.009615384615384616 0.004807692307692308
23 0.4014423076923077 0.7728365384615384 0.009615384615384616 0.002403846153846154
3 0.39903846153846156 0.8197115384615384 0.004807692307692308 0.004807692307692308
3 0.39903846153846156 0.8257211538461539 0.009615384615384616 0.002403846153846154
23 0.40024038461538464 0.8149038461538461 0.002403846153846154 0.004807692307692308
23 0.4014423076923077 0.7980769230769231 0.009615384615384616 0.004807692307692308
3 0.40384615384615385 0.7956730769230769 0.009615384615384616 0.004807692307692308
3 0.4098557692307692 0.6971153846153846 0.002403846153846154 0.004807692307692308
23 0.41346153846153844 0.6081730769230769 0.004807692307692308 0.004807692307692308
3 0.40865384615384615 0.7572115384615384 0.004807692307692308 0.009615384615384616
3 0.4050480769230769 0.8221153846153846 0.002403846153846154 0.004807692307692308
23 0.40384615384615385 0.8149038461538461 0.004807692307692308 0.004807692307692308
3 0.41225961538461536 0.6875 0.002403846153846154 0.004807692307692308
3 0.4110576923076923 0.7427884615384616 0.004807692307692308 0.009615384615384616
23 0.40865384615384615 0.7884615384615384 0.004807692307692308 0.004807692307692308
3 0.4206730769230769 0.5793269230769231 0.004807692307692308 0.004807692307692308
23 0.41225961538461536 0.75 0.01201923076923077 0.004807692307692308
23 0.40865384615384615 0.8245192307692307 0.004807692307692308 0.004807692307692308
23 0.40865384615384615 0.7860576923076923 0.004807692307692308 0.004807692307692308
3 0.41586538461538464 0.6935096153846154 0.004807692307692308 0.002403846153846154
23 0.4110576923076923 0.7920673076923077 0.009615384615384616 0.002403846153846154
23 0.4206730769230769 0.6081730769230769 0.009615384615384616 0.004807692307692308
23 0.421875 0.6045673076923077 0.007211538461538462 0.002403846153846154
3 0.4230769230769231 0.5793269230769231 0.004807692307692308 0.004807692307692308
23 0.4110576923076923 0.8173076923076923 0.004807692307692308 0.004807692307692308
23 0.4110576923076923 0.8209134615384616 0.009615384615384616 0.002403846153846154
23 0.42427884615384615 0.6021634615384616 0.007211538461538462 0.002403846153846154
3 0.42427884615384615 0.5721153846153846 0.007211538461538462 0.004807692307692308
23 0.41586538461538464 0.7848557692307693 0.009615384615384616 0.002403846153846154
23 0.4254807692307692 0.5997596153846154 0.009615384615384616 0.002403846153846154
23 0.4110576923076923 0.8341346153846154 0.009615384615384616 0.004807692307692308
3 0.41346153846153844 0.7908653846153846 0.004807692307692308 0.004807692307692308
3 0.41586538461538464 0.7716346153846154 0.014423076923076924 0.004807692307692308
23 0.4254807692307692 0.5961538461538461 0.009615384615384616 0.004807692307692308
3 0.41586538461538464 0.78125 0.004807692307692308 0.004807692307692308
23 0.4266826923076923 0.59375 0.007211538461538462 0.004807692307692308
23 0.4254807692307692 0.6225961538461539 0.004807692307692308 0.004807692307692308
14 0.41586538461538464 0.8052884615384616 0.014423076923076924 0.014423076923076924
3 0.4182692307692308 0.7668269230769231 0.014423076923076924 0.004807692307692308
3 0.41947115384615385 0.7427884615384616 0.007211538461538462 0.009615384615384616
23 0.42788461538461536 0.5841346153846154 0.004807692307692308 0.004807692307692308
3 0.4254807692307692 0.6274038461538461 0.009615384615384616 0.004807692307692308
23 0.41466346153846156 0.8173076923076923 0.002403846153846154 0.004807692307692308
3 0.4182692307692308 0.7620192307692307 0.014423076923076924 0.004807692307692308
3 0.4230769230769231 0.6899038461538461 0.004807692307692308 0.004807692307692308
3 0.4266826923076923 0.6189903846153846 0.007211538461538462 0.002403846153846154
3 0.421875 0.7572115384615384 0.01201923076923077 0.004807692307692308
3 0.421875 0.75 0.007211538461538462 0.004807692307692308
3 0.42788461538461536 0.6165865384615384 0.004807692307692308 0.002403846153846154
3 0.42427884615384615 0.6995192307692307 0.01201923076923077 0.004807692307692308
23 0.43028846153846156 0.5841346153846154 0.004807692307692308 0.004807692307692308
23 0.421875 0.7944711538461539 0.007211538461538462 0.002403846153846154
23 0.421875 0.7920673076923077 0.007211538461538462 0.002403846153846154
23 0.43028846153846156 0.625 0.004807692307692308 0.004807692307692308
23 0.41947115384615385 0.8365384615384616 0.007211538461538462 0.004807692307692308
3 0.4254807692307692 0.6947115384615384 0.014423076923076924 0.004807692307692308
3 0.4230769230769231 0.7896634615384616 0.004807692307692308 0.002403846153846154
3 0.4206730769230769 0.8269230769230769 0.014423076923076924 0.004807692307692308
3 0.4206730769230769 0.8329326923076923 0.004807692307692308 0.002403846153846154
23 0.4254807692307692 0.7848557692307693 0.009615384615384616 0.002403846153846154
3 0.4375 0.5192307692307693 0.004807692307692308 0.004807692307692308
23 0.4254807692307692 0.78125 0.009615384615384616 0.004807692307692308
23 0.4230769230769231 0.8245192307692307 0.009615384615384616 0.004807692307692308
23 0.42788461538461536 0.7512019230769231 0.004807692307692308 0.007211538461538462
23 0.42427884615384615 0.8209134615384616 0.007211538461538462 0.002403846153846154
23 0.43509615384615385 0.6274038461538461 0.004807692307692308 0.004807692307692308
23 0.42427884615384615 0.8173076923076923 0.007211538461538462 0.004807692307692308
3 0.4254807692307692 0.8149038461538461 0.004807692307692308 0.004807692307692308
3 0.42908653846153844 0.7235576923076923 0.01201923076923077 0.004807692307692308
3 0.4423076923076923 0.5096153846153846 0.004807692307692308 0.004807692307692308
3 0.4423076923076923 0.5216346153846154 0.004807692307692308 0.004807692307692308
3 0.44471153846153844 0.4735576923076923 0.014423076923076924 0.004807692307692308
14 0.43509615384615385 0.7139423076923077 0.014423076923076924 0.009615384615384616
23 0.4375 0.6274038461538461 0.004807692307692308 0.004807692307692308
3 0.42908653846153844 0.7956730769230769 0.007211538461538462 0.004807692307692308
23 0.43149038461538464 0.7872596153846154 0.007211538461538462 0.002403846153846154
3 0.4362980769230769 0.7379807692307693 0.01201923076923077 0.004807692307692308
29 0.4326923076923077 0.8100961538461539 0.009615384615384616 0.004807692307692308
29 0.4326923076923077 0.8076923076923077 0.009615384615384616 0.004807692307692308
3 0.4483173076923077 0.5096153846153846 0.007211538461538462 0.009615384615384616
23 0.4326923076923077 0.8173076923076923 0.004807692307692308 0.004807692307692308
3 0.4375 0.7331730769230769 0.014423076923076924 0.004807692307692308
23 0.4423076923076923 0.6298076923076923 0.004807692307692308 0.004807692307692308
3 0.43509615384615385 0.7992788461538461 0.009615384615384616 0.002403846153846154
29 0.43990384615384615 0.7824519230769231 0.009615384615384616 0.007211538461538462
23 0.44711538461538464 0.6298076923076923 0.004807692307692308 0.004807692307692308
23 0.43990384615384615 0.7956730769230769 0.004807692307692308 0.004807692307692308
3 0.44471153846153844 0.7211538461538461 0.009615384615384616 0.004807692307692308
3 0.45913461538461536 0.44711538461538464 0.004807692307692308 0.004807692307692308
23 0.4519230769230769 0.6298076923076923 0.004807692307692308 0.004807692307692308
3 0.44711538461538464 0.7403846153846154 0.004807692307692308 0.004807692307692308
3 0.4495192307692308 0.7355769230769231 0.004807692307692308 0.004807692307692308
3 0.4639423076923077 0.4495192307692308 0.004807692307692308 0.004807692307692308
3 0.4651442307692308 0.4423076923076923 0.007211538461538462 0.004807692307692308
14 0.47836538461538464 0.6213942307692307 0.4855769230769231 0.5889423076923077
23 0.4567307692307692 0.6298076923076923 0.004807692307692308 0.004807692307692308
3 0.4723557692307692 0.35096153846153844 0.002403846153846154 0.004807692307692308
3 0.47596153846153844 0.34375 0.004807692307692308 0.004807692307692308
23 0.4639423076923077 0.5769230769230769 0.004807692307692308 0.004807692307692308
23 0.46153846153846156 0.6322115384615384 0.004807692307692308 0.004807692307692308
3 0.4543269230769231 0.7427884615384616 0.009615384615384616 0.004807692307692308
3 0.4567307692307692 0.7379807692307693 0.004807692307692308 0.004807692307692308
3 0.4567307692307692 0.7319711538461539 0.009615384615384616 0.002403846153846154
3 0.4579326923076923 0.7295673076923077 0.007211538461538462 0.002403846153846154
3 0.47836538461538464 0.35336538461538464 0.004807692307692308 0.009615384615384616
3 0.47716346153846156 0.3918269230769231 0.002403846153846154 0.004807692307692308
23 0.46634615384615385 0.6322115384615384 0.004807692307692308 0.004807692307692308
3 0.4831730769230769 0.34134615384615385 0.004807692307692308 0.009615384615384616
3 0.4807692307692308 0.3918269230769231 0.004807692307692308 0.004807692307692308
3 0.48197115384615385 0.38221153846153844 0.007211538461538462 0.004807692307692308
23 0.47115384615384615 0.6346153846153846 0.004807692307692308 0.004807692307692308
23 0.4891826923076923 0.3485576923076923 0.007211538461538462 0.004807692307692308
3 0.49038461538461536 0.34375 0.004807692307692308 0.009615384615384616
23 0.4735576923076923 0.6346153846153846 0.004807692307692308 0.004807692307692308
23 0.47596153846153844 0.6274038461538461 0.009615384615384616 0.004807692307692308
23 0.48677884615384615 0.42908653846153844 0.007211538461538462 0.002403846153846154
23 0.47836538461538464 0.625 0.004807692307692308 0.004807692307692308
23 0.4891826923076923 0.42788461538461536 0.007211538461538462 0.004807692307692308
23 0.4891826923076923 0.4230769230769231 0.007211538461538462 0.004807692307692308
23 0.4891826923076923 0.4206730769230769 0.007211538461538462 0.004807692307692308
23 0.49158653846153844 0.4182692307692308 0.007211538461538462 0.004807692307692308
23 0.4807692307692308 0.6370192307692307 0.004807692307692308 0.004807692307692308
23 0.49158653846153844 0.41586538461538464 0.007211538461538462 0.004807692307692308
23 0.49399038461538464 0.41346153846153844 0.007211538461538462 0.004807692307692308
23 0.49399038461538464 0.4110576923076923 0.007211538461538462 0.004807692307692308
3 0.49759615384615385 0.32211538461538464 0.004807692307692308 0.004807692307692308
23 0.48197115384615385 0.6418269230769231 0.007211538461538462 0.004807692307692308
23 0.49399038461538464 0.40625 0.007211538461538462 0.004807692307692308
23 0.4963942307692308 0.40384615384615385 0.007211538461538462 0.004807692307692308
23 0.4963942307692308 0.4014423076923077 0.007211538461538462 0.004807692307692308
23 0.4963942307692308 0.4326923076923077 0.007211538461538462 0.004807692307692308
23 0.4855769230769231 0.6334134615384616 0.009615384615384616 0.002403846153846154
23 0.4963942307692308 0.39903846153846156 0.007211538461538462 0.004807692307692308
23 0.4855769230769231 0.6370192307692307 0.004807692307692308 0.004807692307692308
23 0.4951923076923077 0.42788461538461536 0.009615384615384616 0.004807692307692308
23 0.4987980769230769 0.3954326923076923 0.007211538461538462 0.002403846153846154
3 0.5024038461538461 0.32211538461538464 0.004807692307692308 0.004807692307692308
23 0.4963942307692308 0.4266826923076923 0.007211538461538462 0.002403846153846154
23 0.4855769230769231 0.6274038461538461 0.009615384615384616 0.004807692307692308
23 0.4987980769230769 0.39302884615384615 0.007211538461538462 0.002403846153846154
23 0.48677884615384615 0.6262019230769231 0.007211538461538462 0.002403846153846154
23 0.4987980769230769 0.4230769230769231 0.007211538461538462 0.004807692307692308
23 0.5012019230769231 0.3894230769230769 0.007211538461538462 0.004807692307692308
3 0.5036057692307693 0.3137019230769231 0.007211538461538462 0.002403846153846154
23 0.4891826923076923 0.6165865384615384 0.007211538461538462 0.002403846153846154
23 0.4987980769230769 0.41947115384615385 0.007211538461538462 0.002403846153846154
23 0.5012019230769231 0.4182692307692308 0.007211538461538462 0.004807692307692308
23 0.5012019230769231 0.41346153846153844 0.007211538461538462 0.004807692307692308
23 0.5024038461538461 0.3701923076923077 0.004807692307692308 0.004807692307692308
23 0.4891826923076923 0.6153846153846154 0.007211538461538462 0.004807692307692308
3 0.5036057692307693 0.3641826923076923 0.007211538461538462 0.002403846153846154
29 0.5024038461538461 0.37740384615384615 0.009615384615384616 0.004807692307692308
23 0.49158653846153844 0.6129807692307693 0.007211538461538462 0.004807692307692308
3 0.5036057692307693 0.36658653846153844 0.007211538461538462 0.002403846153846154
23 0.5012019230769231 0.41225961538461536 0.007211538461538462 0.002403846153846154
3 0.49038461538461536 0.6069711538461539 0.004807692307692308 0.002403846153846154
23 0.5012019230769231 0.4074519230769231 0.007211538461538462 0.002403846153846154
3 0.49278846153846156 0.6045673076923077 0.004807692307692308 0.002403846153846154
23 0.5036057692307693 0.40384615384615385 0.007211538461538462 0.004807692307692308
23 0.5036057692307693 0.4026442307692308 0.007211538461538462 0.002403846153846154
23 0.5036057692307693 0.39903846153846156 0.007211538461538462 0.004807692307692308
23 0.4951923076923077 0.5973557692307693 0.009615384615384616 0.002403846153846154
23 0.5072115384615384 0.39663461538461536 0.004807692307692308 0.004807692307692308
23 0.4963942307692308 0.59375 0.007211538461538462 0.004807692307692308
23 0.5096153846153846 0.37259615384615385 0.004807692307692308 0.004807692307692308
23 0.5084134615384616 0.3942307692307692 0.007211538461538462 0.004807692307692308
23 0.5084134615384616 0.390625 0.007211538461538462 0.002403846153846154
3 0.5132211538461539 0.328125 0.007211538461538462 0.002403846153846154
23 0.5096153846153846 0.3701923076923077 0.009615384615384616 0.004807692307692308
3 0.5132211538461539 0.3245192307692308 0.007211538461538462 0.004807692307692308
23 0.4987980769230769 0.6057692307692307 0.002403846153846154 0.004807692307692308
23 0.5096153846153846 0.37740384615384615 0.004807692307692308 0.004807692307692308
3 0.5132211538461539 0.32211538461538464 0.007211538461538462 0.004807692307692308
3 0.515625 0.3173076923076923 0.007211538461538462 0.004807692307692308
3 0.515625 0.31490384615384615 0.007211538461538462 0.004807692307692308
3 0.5180288461538461 0.25721153846153844 0.002403846153846154 0.004807692307692308
3 0.515625 0.3125 0.007211538461538462 0.004807692307692308
3 0.5168269230769231 0.31009615384615385 0.009615384615384616 0.004807692307692308
3 0.5168269230769231 0.3076923076923077 0.009615384615384616 0.004807692307692308
3 0.5216346153846154 0.25 0.004807692307692308 0.004807692307692308
3 0.5192307692307693 0.30528846153846156 0.009615384615384616 0.004807692307692308
22 0.5216346153846154 0.2704326923076923 0.009615384615384616 0.007211538461538462
3 0.5204326923076923 0.3004807692307692 0.007211538461538462 0.004807692307692308
3 0.5240384615384616 0.25961538461538464 0.004807692307692308 0.004807692307692308
3 0.5204326923076923 0.29927884615384615 0.007211538461538462 0.002403846153846154
23 0.5228365384615384 0.265625 0.007211538461538462 0.002403846153846154
3 0.5216346153846154 0.2956730769230769 0.009615384615384616 0.004807692307692308
23 0.5192307692307693 0.3293269230769231 0.009615384615384616 0.004807692307692308
3 0.5216346153846154 0.2920673076923077 0.009615384615384616 0.002403846153846154
23 0.5228365384615384 0.26322115384615385 0.007211538461538462 0.002403846153846154
23 0.5252403846153846 0.24278846153846154 0.007211538461538462 0.004807692307692308
23 0.5228365384615384 0.3269230769230769 0.007211538461538462 0.004807692307692308
23 0.5228365384615384 0.3245192307692308 0.007211538461538462 0.004807692307692308
3 0.5228365384615384 0.28846153846153844 0.007211538461538462 0.004807692307692308
22 0.5264423076923077 0.23677884615384615 0.009615384615384616 0.007211538461538462
23 0.5228365384615384 0.31971153846153844 0.007211538461538462 0.004807692307692308
23 0.5228365384615384 0.3173076923076923 0.007211538461538462 0.004807692307692308
23 0.5252403846153846 0.31490384615384615 0.007211538461538462 0.004807692307692308
23 0.5240384615384616 0.3125 0.004807692307692308 0.004807692307692308
23 0.5252403846153846 0.3076923076923077 0.007211538461538462 0.004807692307692308
23 0.5288461538461539 0.30528846153846156 0.009615384615384616 0.004807692307692308
3 0.5300480769230769 0.25240384615384615 0.01201923076923077 0.004807692307692308
23 0.5288461538461539 0.27524038461538464 0.004807692307692308 0.002403846153846154
23 0.5288461538461539 0.30288461538461536 0.004807692307692308 0.004807692307692308
23 0.5288461538461539 0.3004807692307692 0.004807692307692308 0.004807692307692308
23 0.5300480769230769 0.2956730769230769 0.007211538461538462 0.004807692307692308
23 0.5300480769230769 0.2932692307692308 0.007211538461538462 0.004807692307692308
3 0.5288461538461539 0.265625 0.5336538461538461 0.2668269230769231
23 0.5324519230769231 0.29086538461538464 0.007211538461538462 0.004807692307692308
23 0.5348557692307693 0.25721153846153844 0.007211538461538462 0.004807692307692308
23 0.5336538461538461 0.2860576923076923 0.004807692307692308 0.004807692307692308
3 0.5372596153846154 0.27524038461538464 0.007211538461538462 0.002403846153846154
23 0.5420673076923077 0.26802884615384615 0.007211538461538462 0.002403846153846154