3 0.7463942307692307 0.4735576923076923 0.002403846153846154 0.004807692307692308
3 0.765625 0.4723557692307692 0.002403846153846154 0.007211538461538462
3 0.7151442307692307 0.47836538461538464 0.002403846153846154 0.004807692307692308
3 0.7007211538461539 0.47716346153846156 0.002403846153846154 0.007211538461538462
3 0.640625 0.4795673076923077 0.002403846153846154 0.007211538461538462
3 0.7295673076923077 0.47596153846153844 0.002403846153846154 0.004807692307692308
3 0.6237980769230769 0.48197115384615385 0.002403846153846154 0.007211538461538462
3 0.5925480769230769 0.4831730769230769 0.002403846153846154 0.004807692307692308
3 0.5757211538461539 0.48677884615384615 0.002403846153846154 0.007211538461538462
3 0.4987980769230769 0.4879807692307692 0.002403846153846154 0.004807692307692308
3 0.5180288461538461 0.4891826923076923 0.002403846153846154 0.007211538461538462
3 0.45072115384615385 0.49158653846153844 0.002403846153846154 0.007211538461538462
3 0.39302884615384615 0.4951923076923077 0.002403846153846154 0.004807692307692308
3 0.3737980769230769 0.49759615384615385 0.002403846153846154 0.004807692307692308
3 0.4795673076923077 0.4951923076923077 0.002403846153846154 0.004807692307692308
3 0.3425480769230769 0.5 0.002403846153846154 0.004807692307692308
3 0.3269230769230769 0.5 0.004807692307692308 0.004807692307692308
3 0.26802884615384615 0.5024038461538461 0.002403846153846154 0.004807692307692308
3 0.24879807692307693 0.5048076923076923 0.002403846153846154 0.004807692307692308
3 0.35697115384615385 0.5 0.002403846153846154 0.004807692307692308
3 0.21995192307692307 0.5072115384615384 0.002403846153846154 0.004807692307692308
3 0.23197115384615385 0.5072115384615384 0.002403846153846154 0.004807692307692308
3 0.19951923076923078 0.5108173076923077 0.004807692307692308 0.007211538461538462
3 0.6454326923076923 0.4987980769230769 0.002403846153846154 0.007211538461538462
23 0.4891826923076923 0.5132211538461539 0.002403846153846154 0.007211538461538462
23 0.48677884615384615 0.5132211538461539 0.002403846153846154 0.007211538461538462
23 0.49158653846153844 0.5132211538461539 0.002403846153846154 0.007211538461538462
23 0.4963942307692308 0.5132211538461539 0.002403846153846154 0.007211538461538462
23 0.4795673076923077 0.5144230769230769 0.002403846153846154 0.004807692307692308
23 0.47716346153846156 0.5144230769230769 0.002403846153846154 0.004807692307692308
23 0.47475961538461536 0.5144230769230769 0.002403846153846154 0.004807692307692308
23 0.46875 0.5132211538461539 0.004807692307692308 0.007211538461538462
23 0.48197115384615385 0.5132211538461539 0.002403846153846154 0.007211538461538462
23 0.484375 0.5120192307692307 0.002403846153846154 0.004807692307692308
23 0.4699519230769231 0.5144230769230769 0.002403846153846154 0.004807692307692308
6 0.7355769230769231 0.5060096153846154 0.04807692307692308 0.021634615384615384
6 0.6634615384615384 0.5108173076923077 0.052884615384615384 0.021634615384615384
23 0.26322115384615385 0.5288461538461539 0.002403846153846154 0.004807692307692308
23 0.25841346153846156 0.5288461538461539 0.002403846153846154 0.004807692307692308
23 0.25600961538461536 0.5300480769230769 0.002403846153846154 0.007211538461538462
23 0.2536057692307692 0.5300480769230769 0.002403846153846154 0.007211538461538462
23 0.2512019230769231 0.5300480769230769 0.002403846153846154 0.007211538461538462
23 0.24639423076923078 0.5300480769230769 0.002403846153846154 0.007211538461538462
23 0.2439903846153846 0.5300480769230769 0.002403846153846154 0.007211538461538462
23 0.23918269230769232 0.53125 0.002403846153846154 0.009615384615384616
23 0.234375 0.53125 0.002403846153846154 0.004807692307692308
23 0.2247596153846154 0.53125 0.002403846153846154 0.004807692307692308
23 0.23677884615384615 0.53125 0.002403846153846154 0.004807692307692308
6 0.28725961538461536 0.5324519230769231 0.036057692307692304 0.021634615384615384