3 0.6129807692307693 0.42788461538461536 0.004807692307692308 0.004807692307692308
3 0.6129807692307693 0.41586538461538464 0.004807692307692308 0.009615384615384616
3 0.6129807692307693 0.40865384615384615 0.004807692307692308 0.004807692307692308
3 0.6129807692307693 0.40384615384615385 0.004807692307692308 0.004807692307692308
3 0.6153846153846154 0.3894230769230769 0.004807692307692308 0.004807692307692308
23 0.6129807692307693 0.39663461538461536 0.004807692307692308 0.004807692307692308
3 0.6105769230769231 0.4230769230769231 0.014423076923076924 0.004807692307692308
23 0.6081730769230769 0.42788461538461536 0.004807692307692308 0.004807692307692308
6 0.6021634615384616 0.49399038461538464 0.026442307692307692 0.03125
23 0.6081730769230769 0.40865384615384615 0.004807692307692308 0.004807692307692308
3 0.6081730769230769 0.40384615384615385 0.004807692307692308 0.004807692307692308
23 0.6081730769230769 0.39663461538461536 0.004807692307692308 0.004807692307692308
3 0.6081730769230769 0.3918269230769231 0.004807692307692308 0.004807692307692308
23 0.6045673076923077 0.41466346153846156 0.007211538461538462 0.002403846153846154
3 0.6033653846153846 0.42788461538461536 0.004807692307692308 0.004807692307692308
3 0.6033653846153846 0.4182692307692308 0.004807692307692308 0.004807692307692308
3 0.6033653846153846 0.4375 0.004807692307692308 0.009615384615384616
3 0.6033653846153846 0.40865384615384615 0.004807692307692308 0.004807692307692308
23 0.6033653846153846 0.40384615384615385 0.004807692307692308 0.004807692307692308
23 0.6033653846153846 0.39663461538461536 0.004807692307692308 0.004807692307692308
3 0.6033653846153846 0.3894230769230769 0.004807692307692308 0.004807692307692308
23 0.5961538461538461 0.43509615384615385 0.004807692307692308 0.004807692307692308
23 0.5973557692307693 0.42908653846153844 0.007211538461538462 0.002403846153846154
3 0.5985576923076923 0.4110576923076923 0.004807692307692308 0.004807692307692308
23 0.5985576923076923 0.39663461538461536 0.004807692307692308 0.004807692307692308
14 0.5961538461538461 0.4206730769230769 0.009615384615384616 0.014423076923076924
3 0.5961538461538461 0.4050480769230769 0.009615384615384616 0.007211538461538462
3 0.5961538461538461 0.390625 0.004807692307692308 0.007211538461538462
23 0.59375 0.4110576923076923 0.004807692307692308 0.004807692307692308
23 0.59375 0.39663461538461536 0.004807692307692308 0.004807692307692308
23 0.5889423076923077 0.4182692307692308 0.004807692307692308 0.004807692307692308
3 0.5865384615384616 0.42908653846153844 0.009615384615384616 0.002403846153846154
23 0.5889423076923077 0.4110576923076923 0.004807692307692308 0.004807692307692308
3 0.5877403846153846 0.4266826923076923 0.007211538461538462 0.002403846153846154
23 0.5877403846153846 0.42427884615384615 0.007211538461538462 0.002403846153846154
3 0.5913461538461539 0.3894230769230769 0.004807692307692308 0.004807692307692308
23 0.5889423076923077 0.39663461538461536 0.004807692307692308 0.004807692307692308
23 0.5841346153846154 0.4182692307692308 0.004807692307692308 0.004807692307692308
3 0.5841346153846154 0.39663461538461536 0.004807692307692308 0.004807692307692308
3 0.5841346153846154 0.40384615384615385 0.004807692307692308 0.004807692307692308
3 0.5817307692307693 0.4110576923076923 0.004807692307692308 0.004807692307692308
3 0.5841346153846154 0.3894230769230769 0.004807692307692308 0.004807692307692308
23 0.5793269230769231 0.3942307692307692 0.004807692307692308 0.004807692307692308
3 0.5793269230769231 0.4182692307692308 0.004807692307692308 0.004807692307692308
29 0.5769230769230769 0.4254807692307692 0.009615384615384616 0.004807692307692308
3 0.5793269230769231 0.38822115384615385 0.004807692307692308 0.007211538461538462
3 0.5757211538461539 0.421875 0.007211538461538462 0.002403846153846154
3 0.5745192307692307 0.43509615384615385 0.004807692307692308 0.009615384615384616
23 0.5745192307692307 0.39663461538461536 0.004807692307692308 0.004807692307692308
3 0.5745192307692307 0.4182692307692308 0.004807692307692308 0.004807692307692308
3 0.5721153846153846 0.38822115384615385 0.004807692307692308 0.007211538461538462
3 0.5673076923076923 0.42788461538461536 0.004807692307692308 0.004807692307692308
23 0.5697115384615384 0.3942307692307692 0.004807692307692308 0.004807692307692308
3 0.5697115384615384 0.4182692307692308 0.004807692307692308 0.004807692307692308
3 0.5673076923076923 0.4110576923076923 0.004807692307692308 0.004807692307692308
3 0.5697115384615384 0.40384615384615385 0.004807692307692308 0.004807692307692308
3 0.5673076923076923 0.4230769230769231 0.009615384615384616 0.004807692307692308
3 0.5673076923076923 0.3894230769230769 0.004807692307692308 0.004807692307692308
3 0.5649038461538461 0.43509615384615385 0.004807692307692308 0.004807692307692308
23 0.5649038461538461 0.39663461538461536 0.004807692307692308 0.004807692307692308
3 0.5649038461538461 0.4182692307692308 0.004807692307692308 0.004807692307692308
3 0.5625 0.4110576923076923 0.004807692307692308 0.004807692307692308
3 0.5649038461538461 0.4014423076923077 0.004807692307692308 0.004807692307692308
23 0.5625 0.3942307692307692 0.004807692307692308 0.004807692307692308
3 0.5625 0.3894230769230769 0.004807692307692308 0.004807692307692308
3 0.5600961538461539 0.4182692307692308 0.004807692307692308 0.004807692307692308
3 0.5552884615384616 0.4110576923076923 0.004807692307692308 0.004807692307692308
23 0.5552884615384616 0.4182692307692308 0.004807692307692308 0.004807692307692308
6 0.5576923076923077 0.37259615384615385 0.08173076923076923 0.019230769230769232
23 0.5576923076923077 0.3870192307692308 0.004807692307692308 0.004807692307692308
3 0.5564903846153846 0.39302884615384615 0.007211538461538462 0.002403846153846154
23 0.5552884615384616 0.3870192307692308 0.004807692307692308 0.004807692307692308
14 0.5552884615384616 0.40024038461538464 0.009615384615384616 0.01201923076923077
3 0.5504807692307693 0.4338942307692308 0.009615384615384616 0.007211538461538462
3 0.5528846153846154 0.42427884615384615 0.009615384615384616 0.007211538461538462
6 0.5456730769230769 0.4987980769230769 0.04326923076923077 0.06009615384615385
23 0.5504807692307693 0.4182692307692308 0.004807692307692308 0.004807692307692308
23 0.5504807692307693 0.4110576923076923 0.004807692307692308 0.004807692307692308
23 0.5528846153846154 0.3870192307692308 0.004807692307692308 0.004807692307692308
3 0.5456730769230769 0.40625 0.004807692307692308 0.004807692307692308
23 0.5480769230769231 0.3870192307692308 0.004807692307692308 0.004807692307692308
3 0.5432692307692307 0.4326923076923077 0.009615384615384616 0.009615384615384616
3 0.5432692307692307 0.4230769230769231 0.009615384615384616 0.009615384615384616
23 0.5432692307692307 0.4170673076923077 0.009615384615384616 0.002403846153846154
23 0.5432692307692307 0.4170673076923077 0.009615384615384616 0.002403846153846154
3 0.5432692307692307 0.4014423076923077 0.004807692307692308 0.004807692307692308
3 0.5396634615384616 0.39302884615384615 0.007211538461538462 0.002403846153846154
3 0.5408653846153846 0.3858173076923077 0.009615384615384616 0.002403846153846154
3 0.5396634615384616 0.3954326923076923 0.007211538461538462 0.002403846153846154
3 0.5408653846153846 0.3894230769230769 0.009615384615384616 0.004807692307692308
3 0.5384615384615384 0.4110576923076923 0.009615384615384616 0.009615384615384616
3 0.5348557692307693 0.4050480769230769 0.007211538461538462 0.002403846153846154
3 0.5348557692307693 0.39783653846153844 0.007211538461538462 0.002403846153846154
3 0.5348557692307693 0.4026442307692308 0.007211538461538462 0.002403846153846154
3 0.5336538461538461 0.4338942307692308 0.009615384615384616 0.007211538461538462
3 0.5336538461538461 0.4230769230769231 0.009615384615384616 0.009615384615384616
7 0.5204326923076923 0.43149038461538464 0.01201923076923077 0.002403846153846154
7 0.5204326923076923 0.43149038461538464 0.01201923076923077 0.002403846153846154
3 0.5240384615384616 0.3870192307692308 0.004807692307692308 0.004807692307692308
3 0.5216346153846154 0.3942307692307692 0.004807692307692308 0.004807692307692308
29 0.5180288461538461 0.4254807692307692 0.016826923076923076 0.009615384615384616
29 0.5180288461538461 0.41586538461538464 0.016826923076923076 0.009615384615384616
29 0.5192307692307693 0.4074519230769231 0.019230769230769232 0.01201923076923077
3 0.5192307692307693 0.3870192307692308 0.004807692307692308 0.004807692307692308
3 0.5144230769230769 0.39302884615384615 0.009615384615384616 0.002403846153846154
3 0.5144230769230769 0.3870192307692308 0.004807692307692308 0.004807692307692308
3 0.5048076923076923 0.3942307692307692 0.004807692307692308 0.004807692307692308
23 0.4831730769230769 0.5432692307692307 0.004807692307692308 0.004807692307692308
3 0.4807692307692308 0.5240384615384616 0.004807692307692308 0.009615384615384616
23 0.4855769230769231 0.46634615384615385 0.004807692307692308 0.004807692307692308
23 0.4831730769230769 0.47836538461538464 0.004807692307692308 0.004807692307692308
23 0.4807692307692308 0.4735576923076923 0.004807692307692308 0.004807692307692308
23 0.47596153846153844 0.5372596153846154 0.009615384615384616 0.002403846153846154
23 0.47596153846153844 0.5240384615384616 0.004807692307692308 0.004807692307692308
29 0.47836538461538464 0.4651442307692308 0.004807692307692308 0.002403846153846154
14 0.4723557692307692 0.5432692307692307 0.01201923076923077 0.004807692307692308
15 0.47836538461538464 0.4098557692307692 0.019230769230769232 0.016826923076923076
23 0.47475961538461536 0.4579326923076923 0.007211538461538462 0.002403846153846154
15 0.4795673076923077 0.3954326923076923 0.021634615384615384 0.016826923076923076
23 0.47716346153846156 0.45552884615384615 0.007211538461538462 0.002403846153846154
23 0.47596153846153844 0.453125 0.009615384615384616 0.002403846153846154
23 0.47596153846153844 0.4483173076923077 0.009615384615384616 0.002403846153846154
3 0.47596153846153844 0.44471153846153844 0.004807692307692308 0.004807692307692308
29 0.47115384615384615 0.46274038461538464 0.009615384615384616 0.002403846153846154
29 0.4699519230769231 0.4651442307692308 0.007211538461538462 0.002403846153846154
23 0.46875 0.4855769230769231 0.004807692307692308 0.004807692307692308
23 0.46875 0.46875 0.004807692307692308 0.004807692307692308
23 0.46875 0.4807692307692308 0.004807692307692308 0.004807692307692308
3 0.46875 0.47716346153846156 0.009615384615384616 0.002403846153846154
3 0.46875 0.4723557692307692 0.009615384615384616 0.002403846153846154
29 0.4639423076923077 0.5240384615384616 0.014423076923076924 0.009615384615384616
14 0.46033653846153844 0.5432692307692307 0.01201923076923077 0.004807692307692308
23 0.4723557692307692 0.3858173076923077 0.007211538461538462 0.002403846153846154
3 0.46875 0.4230769230769231 0.004807692307692308 0.004807692307692308
23 0.4723557692307692 0.38341346153846156 0.007211538461538462 0.002403846153846154
3 0.46153846153846156 0.49278846153846156 0.009615384615384616 0.004807692307692308
3 0.46153846153846156 0.4891826923076923 0.009615384615384616 0.002403846153846154
3 0.4651442307692308 0.44591346153846156 0.007211538461538462 0.002403846153846154
3 0.4651442307692308 0.4483173076923077 0.007211538461538462 0.002403846153846154
23 0.4639423076923077 0.4375 0.009615384615384616 0.004807692307692308
15 0.4639423076923077 0.43028846153846156 0.009615384615384616 0.004807692307692308
3 0.45552884615384615 0.5336538461538461 0.007211538461538462 0.009615384615384616
3 0.46153846153846156 0.4098557692307692 0.009615384615384616 0.002403846153846154
3 0.46153846153846156 0.4098557692307692 0.009615384615384616 0.002403846153846154
23 0.46274038461538464 0.39302884615384615 0.007211538461538462 0.002403846153846154
3 0.46274038461538464 0.3858173076923077 0.007211538461538462 0.002403846153846154
3 0.46274038461538464 0.38341346153846156 0.007211538461538462 0.002403846153846154
3 0.4519230769230769 0.5216346153846154 0.004807692307692308 0.004807692307692308
7 0.4483173076923077 0.5420673076923077 0.007211538461538462 0.007211538461538462
23 0.4495192307692308 0.5336538461538461 0.004807692307692308 0.004807692307692308
3 0.4543269230769231 0.4338942307692308 0.009615384615384616 0.002403846153846154
3 0.4543269230769231 0.4362980769230769 0.009615384615384616 0.002403846153846154
3 0.45552884615384615 0.42908653846153844 0.007211538461538462 0.002403846153846154
23 0.4495192307692308 0.49278846153846156 0.004807692307692308 0.004807692307692308
3 0.453125 0.44350961538461536 0.007211538461538462 0.002403846153846154
23 0.44711538461538464 0.5216346153846154 0.004807692307692308 0.004807692307692308
3 0.45552884615384615 0.3894230769230769 0.002403846153846154 0.004807692307692308
23 0.4543269230769231 0.3858173076923077 0.009615384615384616 0.002403846153846154
14 0.453125 0.39903846153846156 0.021634615384615384 0.014423076923076924
3 0.4519230769230769 0.4110576923076923 0.004807692307692308 0.004807692307692308
23 0.4411057692307692 0.546875 0.007211538461538462 0.002403846153846154
23 0.4495192307692308 0.4375 0.004807692307692308 0.004807692307692308
23 0.4495192307692308 0.4326923076923077 0.004807692307692308 0.004807692307692308
23 0.4423076923076923 0.49278846153846156 0.004807692307692308 0.004807692307692308
23 0.4495192307692308 0.3894230769230769 0.004807692307692308 0.004807692307692308
23 0.44711538461538464 0.4423076923076923 0.004807692307692308 0.004807692307692308
23 0.44711538461538464 0.4110576923076923 0.004807692307692308 0.004807692307692308
14 0.4387019230769231 0.5216346153846154 0.01201923076923077 0.004807692307692308
23 0.44471153846153844 0.3894230769230769 0.004807692307692308 0.004807692307692308
23 0.4375 0.49278846153846156 0.004807692307692308 0.004807692307692308
23 0.44471153846153844 0.3858173076923077 0.009615384615384616 0.002403846153846154
23 0.43990384615384615 0.4326923076923077 0.009615384615384616 0.004807692307692308
23 0.4423076923076923 0.40865384615384615 0.004807692307692308 0.004807692307692308
15 0.43990384615384615 0.4254807692307692 0.009615384615384616 0.004807692307692308
3 0.4423076923076923 0.3894230769230769 0.004807692307692308 0.004807692307692308
23 0.42908653846153844 0.546875 0.007211538461538462 0.002403846153846154
6 0.4423076923076923 0.36538461538461536 0.052884615384615384 0.019230769230769232
23 0.43028846153846156 0.49158653846153844 0.004807692307692308 0.002403846153846154
23 0.4375 0.38461538461538464 0.004807692307692308 0.004807692307692308
3 0.42788461538461536 0.5216346153846154 0.004807692307692308 0.009615384615384616
14 0.4266826923076923 0.5336538461538461 0.021634615384615384 0.009615384615384616
3 0.43509615384615385 0.3918269230769231 0.004807692307692308 0.004807692307692308
14 0.43149038461538464 0.4651442307692308 0.06490384615384616 0.04567307692307692
3 0.4338942307692308 0.4050480769230769 0.007211538461538462 0.002403846153846154
23 0.43509615384615385 0.4026442307692308 0.009615384615384616 0.002403846153846154
3 0.43028846153846156 0.4411057692307692 0.009615384615384616 0.002403846153846154
23 0.43509615384615385 0.3954326923076923 0.009615384615384616 0.002403846153846154
23 0.43509615384615385 0.40024038461538464 0.009615384615384616 0.002403846153846154
3 0.43028846153846156 0.4387019230769231 0.009615384615384616 0.002403846153846154
23 0.43028846153846156 0.4326923076923077 0.009615384615384616 0.004807692307692308
15 0.43028846153846156 0.4254807692307692 0.009615384615384616 0.004807692307692308
23 0.4230769230769231 0.49278846153846156 0.004807692307692308 0.004807692307692308
23 0.43028846153846156 0.3918269230769231 0.004807692307692308 0.004807692307692308
23 0.4206730769230769 0.5096153846153846 0.004807692307692308 0.004807692307692308
23 0.4230769230769231 0.5048076923076923 0.004807692307692308 0.004807692307692308
3 0.4206730769230769 0.5276442307692307 0.009615384615384616 0.002403846153846154
23 0.4182692307692308 0.5096153846153846 0.004807692307692308 0.004807692307692308
3 0.4254807692307692 0.3918269230769231 0.004807692307692308 0.004807692307692308
23 0.4182692307692308 0.5048076923076923 0.004807692307692308 0.004807692307692308
23 0.4182692307692308 0.49038461538461536 0.004807692307692308 0.004807692307692308
15 0.4206730769230769 0.4254807692307692 0.009615384615384616 0.004807692307692308
23 0.4206730769230769 0.43028846153846156 0.009615384615384616 0.004807692307692308
23 0.41346153846153844 0.5096153846153846 0.004807692307692308 0.004807692307692308
23 0.41346153846153844 0.5048076923076923 0.004807692307692308 0.004807692307692308
23 0.40865384615384615 0.5288461538461539 0.004807692307692308 0.004807692307692308
23 0.4110576923076923 0.5192307692307693 0.004807692307692308 0.004807692307692308
23 0.40625 0.5432692307692307 0.009615384615384616 0.004807692307692308
23 0.40625 0.546875 0.009615384615384616 0.002403846153846154
23 0.40865384615384615 0.5360576923076923 0.009615384615384616 0.004807692307692308
23 0.40865384615384615 0.5048076923076923 0.004807692307692308 0.004807692307692308
23 0.40625 0.5096153846153846 0.004807692307692308 0.004807692307692308
23 0.40865384615384615 0.4951923076923077 0.004807692307692308 0.004807692307692308
23 0.40625 0.4879807692307692 0.004807692307692308 0.004807692307692308
23 0.4110576923076923 0.43028846153846156 0.009615384615384616 0.004807692307692308
15 0.40865384615384615 0.4254807692307692 0.009615384615384616 0.004807692307692308
23 0.40384615384615385 0.5024038461538461 0.004807692307692308 0.004807692307692308
23 0.40384615384615385 0.5096153846153846 0.004807692307692308 0.004807692307692308
23 0.4014423076923077 0.4951923076923077 0.004807692307692308 0.004807692307692308
23 0.4014423076923077 0.4879807692307692 0.004807692307692308 0.004807692307692308
23 0.39663461538461536 0.4951923076923077 0.004807692307692308 0.004807692307692308
3 0.39783653846153844 0.4879807692307692 0.002403846153846154 0.004807692307692308
23 0.39903846153846156 0.43028846153846156 0.009615384615384616 0.004807692307692308
3 0.39903846153846156 0.44350961538461536 0.009615384615384616 0.002403846153846154
3 0.39903846153846156 0.4411057692307692 0.004807692307692308 0.002403846153846154
15 0.39903846153846156 0.4230769230769231 0.009615384615384616 0.004807692307692308
3 0.3942307692307692 0.4951923076923077 0.004807692307692308 0.004807692307692308
3 0.3942307692307692 0.4639423076923077 0.004807692307692308 0.004807692307692308
23 0.3894230769230769 0.4567307692307692 0.009615384615384616 0.004807692307692308
23 0.3894230769230769 0.4495192307692308 0.009615384615384616 0.004807692307692308
3 0.3870192307692308 0.46153846153846156 0.004807692307692308 0.004807692307692308
23 0.3894230769230769 0.44350961538461536 0.009615384615384616 0.002403846153846154
23 0.3870192307692308 0.4411057692307692 0.009615384615384616 0.002403846153846154
23 0.38461538461538464 0.47596153846153844 0.009615384615384616 0.004807692307692308
23 0.3870192307692308 0.46875 0.009615384615384616 0.004807692307692308
23 0.3894230769230769 0.43028846153846156 0.009615384615384616 0.004807692307692308
15 0.3894230769230769 0.4230769230769231 0.009615384615384616 0.004807692307692308
23 0.38461538461538464 0.49038461538461536 0.009615384615384616 0.004807692307692308
23 0.38461538461538464 0.48197115384615385 0.009615384615384616 0.007211538461538462
15 0.3798076923076923 0.4567307692307692 0.009615384615384616 0.004807692307692308
15 0.38221153846153844 0.4495192307692308 0.009615384615384616 0.004807692307692308
15 0.375 0.47596153846153844 0.009615384615384616 0.004807692307692308
15 0.375 0.49038461538461536 0.009615384615384616 0.004807692307692308
15 0.37740384615384615 0.46875 0.009615384615384616 0.004807692307692308
15 0.375 0.4831730769230769 0.009615384615384616 0.004807692307692308