2 0.8670921266233765 0.3492728658536585 0.0052881493506493505 0.007082317073170732
22 0.8684446022727272 0.35787347560975613 0.004340503246753247 0.006600609756097561
22 0.8598133116883117 0.3623155487804878 0.0033116883116883116 0.0075579268292682925
2 0.8104159902597403 0.3624634146341464 0.010036525974025974 0.016999999999999998
22 0.8485967938311689 0.3639115853658537 0.002388392857142857 0.007091463414634147
2 0.8366710633116883 0.36434451219512193 0.00572849025974026 0.009786585365853659
22 0.845809659090909 0.36484603658536585 0.0033076298701298704 0.006521341463414635
22 0.8289762581168831 0.36895274390243904 0.003731737012987013 0.008637195121951219
2 0.868992491883117 0.3708765243902439 0.005030438311688311 0.010045731707317073
2 0.860367288961039 0.3708765243902439 0.0032021103896103893 0.006996951219512195
2 0.8540178571428572 0.3730121951219512 0.009983766233766234 0.007
2 0.784072646103896 0.3740198170731708 0.0064569805194805195 0.00413719512195122
2 0.7474979707792208 0.37723475609756096 0.007982954545454547 0.016054878048780488
2 0.8696601055194806 0.37761585365853656 0.006365665584415585 0.003402439024390244
2 0.775294237012987 0.37765548780487807 0.007974837662337662 0.005310975609756098
2 0.7844866071428571 0.3781158536585366 0.005661525974025973 0.006841463414634146
22 0.8604687500000001 0.3789878048780488 0.005840097402597403 0.0030975609756097562
2 0.8007345779220779 0.3805762195121951 0.004472402597402597 0.006884146341463414
2 0.7949279626623377 0.381890243902439 0.0058461850649350645 0.00524390243902439
22 0.8708695211038961 0.38327896341463413 0.0026968344155844154 0.007411585365853658
22 0.8151207386363636 0.3834740853658537 0.004835633116883117 0.010240853658536586
22 0.8524076704545455 0.38357317073170727 0.0022991071428571427 0.008609756097560975
22 0.8603206168831169 0.3837560975609756 0.0047321428571428575 0.0034878048780487805
2 0.7738423295454545 0.38434146341463415 0.011564529220779222 0.007097560975609756
29 0.8081889204545455 0.3849878048780488 0.004364853896103896 0.010829268292682928
2 0.8454880275974025 0.3853307926829268 0.011187094155844157 0.02432012195121951
22 0.8014762581168832 0.38634756097560974 0.006361607142857143 0.006231707317073171
22 0.7953571428571429 0.38727286585365855 0.006298701298701298 0.0038140243902439024
22 0.8609222808441559 0.3879435975609756 0.005123782467532468 0.0027164634146341466
22 0.8020748782467533 0.3911509146341463 0.006747159090909091 0.0073018292682926825
2 0.7136312905844157 0.39173018292682926 0.003967126623376623 0.003582317073170732
22 0.8717157061688311 0.3916951219512195 0.003171672077922078 0.008390243902439025
2 0.8689224837662338 0.39190853658536584 0.004484577922077923 0.006987804878048781
2 0.8386181006493506 0.3920335365853658 0.006781655844155844 0.01699390243902439
2 0.8611515827922078 0.3923048780487805 0.005176542207792208 0.0035121951219512196
29 0.8139387175324676 0.3935533536585366 0.0057183441558441555 0.006618902439024391
2 0.8312428977272727 0.394859756097561 0.00664163961038961 0.015939024390243903
29 0.795023336038961 0.3952774390243902 0.006036931818181818 0.00823780487804878
2 0.7142989042207792 0.395469512195122 0.004084821428571428 0.0031341463414634144
2 0.7059182224025974 0.3959618902439025 0.00315137987012987 0.007167682926829269
29 0.8057832792207792 0.3959588414634146 0.004829545454545454 0.007771341463414633
22 0.8614559659090909 0.39658384146341463 0.005379464285714286 0.0035335365853658538
2 0.7887205762987013 0.39811890243902437 0.006012581168831169 0.014530487804878048
2 0.6994358766233767 0.39840548780487806 0.00398538961038961 0.006567073170731707
22 0.6952546672077923 0.39850304878048776 0.0053632305194805194 0.0037134146341463413
29 0.7700933441558442 0.3993048780487805 0.004878246753246753 0.007756097560975611
2 0.8621732954545455 0.40001981707317075 0.006408279220779221 0.002478658536585366
2 0.7826288555194806 0.40078658536585365 0.006004464285714286 0.013158536585365853
22 0.8696316964285714 0.40060060975609757 0.0030620941558441557 0.009128048780487806
22 0.6875811688311688 0.40122560975609756 0.005438311688311688 0.004890243902439024
2 0.691580762987013 0.4013353658536586 0.004508928571428571 0.008158536585365854
22 0.6823275162337663 0.4020640243902439 0.006294642857142857 0.004128048780487804
22 0.8145698051948052 0.4019283536585366 0.00900974025974026 0.005076219512195121
29 0.7592471590909091 0.4027530487804878 0.005507305194805195 0.008554878048780487
2 0.6114914772727272 0.4026051829268293 0.004638798701298701 0.0033810975609756097
22 0.8004464285714286 0.4032850609756098 0.003084415584415584 0.011448170731707317
22 0.7789519074675325 0.4035045731707317 0.003114853896103896 0.010057926829268293
22 0.6960450487012987 0.4038841463414634 0.005320616883116883 0.004719512195121951
22 0.7514366883116883 0.40409603658536586 0.005714285714285714 0.007582317073170732
2 0.8057051542207792 0.40409908536585365 0.00710836038961039 0.003929878048780488
2 0.678161525974026 0.40427591463414636 0.004862012987012988 0.007942073170731707
2 0.7430377435064935 0.40428353658536587 0.010020292207792209 0.007957317073170732
2 0.8624908685064934 0.4050625 0.006231737012987014 0.00463719512195122
22 0.6876176948051947 0.40576829268292686 0.00510551948051948 0.004829268292682927
22 0.8286089691558443 0.4058932926829268 0.005838068181818182 0.00995731707317073
7 0.8510785308441557 0.40652286585365854 0.004510957792207792 0.011826219512195122
2 0.6526146509740259 0.4068368902439024 0.004092938311688312 0.0033079268292682926
22 0.7968476055194805 0.40689786585365856 0.004003652597402598 0.01013719512195122
22 0.6827404626623377 0.40710670731707316 0.005497159090909091 0.004457317073170731
2 0.6141122159090908 0.4072164634146342 0.008662743506493506 0.005896341463414634
22 0.8247909902597403 0.407407012195122 0.0034780844155844156 0.010545731707317074
22 0.7707883522727274 0.40805335365853657 0.007079951298701299 0.0039115853658536585
2 0.8455691964285714 0.4086935975609756 0.0044500811688311685 0.01616768292682927
2 0.8200639204545455 0.4088841463414635 0.004981737012987013 0.009841463414634146
2 0.8400811688311689 0.41013719512195124 0.00849025974025974 0.014786585365853658
2 0.6532122564935066 0.41051219512195125 0.0044764610389610385 0.002731707317073171
22 0.8155854301948052 0.4104679878048781 0.00414163961038961 0.00813109756097561
2 0.6448518668831169 0.41154115853658535 0.0031777597402597403 0.007838414634146341
29 0.7597930194805195 0.4115853658536585 0.006193181818181818 0.007317073170731708
22 0.7524279626623377 0.4119893292682927 0.006073457792207792 0.008125
2 0.783814935064935 0.413172256097561 0.010405844155844156 0.005003048780487805
2 0.7712784090909092 0.41326676829268294 0.006842532467532468 0.003972560975609756
2 0.7443405032467533 0.4132560975609756 0.009784902597402598 0.007609756097560976
22 0.7765056818181818 0.4136067073170732 0.002280844155844156 0.007701219512195123
22 0.7664417613636364 0.4142012195121951 0.004880275974025974 0.00828048780487805
22 0.7764458198051948 0.4143185975609756 0.0029728084415584417 0.010344512195121952
2 0.8251521915584416 0.41553353658536585 0.004606331168831169 0.0030182926829268293
2 0.830325689935065 0.4154649390243902 0.0027780032467532466 0.009588414634146341
22 0.8198924512987013 0.4166371951219512 0.005856331168831169 0.002786585365853659
22 0.8021530032467533 0.4170487804878049 0.0040625 0.010926829268292684
2 0.799268465909091 0.41887804878048784 0.00559862012987013 0.008487804878048781
2 0.7013768262987014 0.4193948170731707 0.004214691558441558 0.0028140243902439028
22 0.6125760957792208 0.41995426829268295 0.005996347402597402 0.003932926829268293
2 0.7608218344155844 0.4203643292682927 0.009874188311688311 0.0065823170731707315
2 0.8259709821428571 0.420625 0.004214691558441558 0.002835365853658537
22 0.8197047483766234 0.420952743902439 0.005886769480519481 0.004100609756097561
2 0.6927648133116884 0.4214329268292683 0.004847808441558442 0.002621951219512195
2 0.7459831574675324 0.42324237804878045 0.008605925324675323 0.0056310975609756096
22 0.7915432224025973 0.42428506097560975 0.005976055194805195 0.004667682926829268
2 0.5826795860389611 0.42437652439024387 0.004239042207792208 0.0030213414634146342
22 0.7538788555194805 0.42428810975609754 0.003699269480519481 0.01260060975609756
22 0.8292867288961039 0.4245076219512195 0.005570211038961039 0.006332317073170731
22 0.7912794237012988 0.42477743902439025 0.004636769480519481 0.005652439024390244
2 0.6973122970779221 0.4251509146341463 0.0025791396103896106 0.006399390243902439
22 0.7964001623376623 0.42634908536585364 0.002702922077922078 0.008795731707317074
22 0.6118120941558443 0.426625 0.003250811688311688 0.008128048780487805
22 0.6080976055194806 0.4275929878048781 0.002721185064935065 0.007625000000000001
2 0.5831209415584415 0.42764024390243904 0.003904220779220779 0.003451219512195122
22 0.8205864448051948 0.4279435975609756 0.0060267857142857146 0.004057926829268293
22 0.8253997564935065 0.42793292682926826 0.002666396103896104 0.008304878048780487
22 0.604945211038961 0.4280579268292683 0.0029099025974025972 0.007335365853658536
2 0.5751187094155844 0.42823780487804874 0.003321834415584416 0.007695121951219512
22 0.7872595373376623 0.42853201219512194 0.0022788149350649353 0.009503048780487805
22 0.6019237012987013 0.42892073170731704 0.0029545454545454545 0.009060975609756097
22 0.8365310470779221 0.428859756097561 0.0038250811688311692 0.008939024390243902
2 0.792611607142857 0.42897560975609755 0.006083603896103896 0.003073170731707317
2 0.774981737012987 0.4292637195121951 0.004914772727272727 0.012795731707317072
22 0.5987956574675324 0.4295655487804878 0.003191964285714286 0.007911585365853659
2 0.7846530032467532 0.42970426829268293 0.0035592532467532464 0.00575
2 0.8342288961038961 0.42992682926829273 0.00125 0.005585365853658536
22 0.5957274756493506 0.4304085365853659 0.003143262987012987 0.007768292682926829
22 0.6262571022727274 0.43092835365853654 0.005760957792207792 0.0033201219512195125
14 0.8081016639610389 0.431217987804878 0.015148133116883119 0.014265243902439025
2 0.7699391233766234 0.4312682926829268 0.004569805194805195 0.01375609756097561
2 0.7463778409090909 0.4314405487804878 0.00898944805194805 0.006783536585365854
22 0.5864174107142857 0.4316036585365854 0.004815340909090909 0.003451219512195122
2 0.6304758522727273 0.43164634146341463 0.00364650974025974 0.008414634146341464
22 0.821461038961039 0.43200152439024386 0.005340909090909091 0.0018079268292682926
2 0.764596185064935 0.43197408536585363 0.005247564935064935 0.013948170731707317
2 0.6917806412337661 0.4330335365853658 0.005314529220779221 0.0032621951219512194
2 0.622104301948052 0.43322256097560974 0.002731331168831169 0.006689024390243903
2 0.759278612012987 0.43374237804878046 0.005164366883116883 0.012606707317073172
2 0.7539194399350649 0.43402896341463415 0.004592126623376623 0.007082317073170732
2 0.6197747564935064 0.4341189024390244 0.002536525974025974 0.0060426829268292685
2 0.7027962662337662 0.4353963414634146 0.00502435064935065 0.011646341463414636
22 0.5871337256493506 0.4356051829268293 0.004624594155844155 0.004746951219512195
22 0.7976653814935065 0.4360381097560975 0.0027982954545454543 0.007442073170731707
22 0.7942380275974026 0.436342987804878 0.0024370941558441556 0.006832317073170732
22 0.6271235795454546 0.4365807926829268 0.00627637987012987 0.004259146341463415
22 0.8383340097402598 0.43667682926829265 0.004590097402597403 0.0068902439024390244
2 0.6976542207792208 0.4369161585365854 0.005292207792207792 0.01590548780487805
2 0.7916761363636364 0.43722256097560974 0.00299512987012987 0.005542682926829268
2 0.8308948863636364 0.43702439024390244 0.006351461038961039 0.014292682926829269
2 0.8351501623376623 0.43818445121951216 0.0018750000000000001 0.005637195121951219
22 0.7881726866883116 0.4381615853658537 0.0020758928571428573 0.008030487804878049
2 0.5232142857142857 0.43884908536585365 0.004220779220779221 0.0033079268292682926
22 0.7847696834415584 0.4394512195121951 0.003386769480519481 0.008170731707317073
22 0.826999797077922 0.4393932926829268 0.0038372564935064937 0.008664634146341464
22 0.7545008116883116 0.43974085365853655 0.006972402597402597 0.00448170731707317
22 0.8237997159090908 0.44017835365853664 0.002307224025974026 0.007795731707317073
22 0.6302627840909091 0.44058993902439025 0.00484375 0.0037408536585365852
22 0.8209040178571428 0.44108231707317075 0.0030093344155844156 0.007164634146341464
2 0.8176846590909091 0.4414329268292683 0.0034699675324675328 0.006036585365853659
2 0.7260379464285714 0.4416219512195122 0.005241477272727273 0.011902439024390244
2 0.5125446428571429 0.4421143292682927 0.005608766233766234 0.0037408536585365852
2 0.5236201298701298 0.4427408536585366 0.004220779220779221 0.0031646341463414636
2 0.4765300324675325 0.4442057926829268 0.0054139610389610385 0.012801829268292684
14 0.7165300324675324 0.44462195121951215 0.010576298701298701 0.013024390243902438
22 0.6310521509740259 0.44500152439024393 0.005610795454545454 0.004027439024390244
2 0.7983634334415585 0.44526829268292684 0.0037885551948051953 0.007609756097560976
22 0.7909811282467533 0.44573780487804876 0.0024168019480519482 0.006719512195121951
2 0.7414853896103896 0.44773475609756097 0.006103896103896104 0.012542682926829269
29 0.813971185064935 0.44784908536585366 0.004565746753246753 0.009722560975609756
29 0.8100760957792208 0.4483079268292683 0.006515827922077922 0.010030487804878049
2 0.5117745535714285 0.4483246951219513 0.009344561688311688 0.007625000000000001
22 0.8204312094155845 0.44863567073170735 0.005716314935064935 0.004588414634146342
2 0.7367217938311689 0.44840853658536584 0.005505275974025974 0.012670731707317074
22 0.6312073863636364 0.4493246951219512 0.0055154220779220775 0.004746951219512195
2 0.8020048701298702 0.4509115853658537 0.0029545454545454545 0.00853048780487805
29 0.7834902597402598 0.4536326219512195 0.007727272727272727 0.009704268292682927
22 0.6318526785714286 0.45427286585365856 0.005994318181818181 0.003667682926829268
22 0.7973802759740259 0.4543125 0.005880681818181818 0.005576219512195122
2 0.7237023133116883 0.4556356707317073 0.005034496753246753 0.009442073170731707
2 0.4498559253246753 0.45710670731707315 0.004013798701298701 0.0032378048780487803
22 0.6321864853896104 0.45771798780487805 0.005850243506493506 0.004460365853658537
2 0.7429251217532468 0.4589314024390244 0.004519074675324675 0.0038384146341463414
2 0.7378612012987013 0.46013414634146343 0.004131493506493506 0.004414634146341464
2 0.4502506087662338 0.46065701219512195 0.004397321428571429 0.0030213414634146342
2 0.44394379058441563 0.46082469512195123 0.0031473214285714286 0.007625000000000001
14 0.5842462513694595 0.44094354374619293 0.6175166986074071 0.4331761480874342 0.6175166986074071 0.4331761480874343 0.6221154592433259 0.4848149539314819 0.6221154592433259 0.4848149539314818 0.5897325139177709 0.49128778364711406
22 0.6328074269480519 0.4630442073170732 0.00546875 0.004746951219512195
2 0.35216416396103895 0.4651585365853659 0.0046530032467532465 0.002878048780487805
2 0.34440239448051946 0.46734603658536583 0.0045515422077922075 0.003594512195121951
22 0.5791345373376623 0.4673292682926829 0.005671672077922078 0.004170731707317073
22 0.633153409090909 0.46770579268292684 0.00575487012987013 0.004314024390243903
2 0.7438808847402597 0.46775152439024387 0.005213068181818182 0.008673780487804877
2 0.7389194399350649 0.46815701219512196 0.004218749999999999 0.0046067073170731705
2 0.7343557224025974 0.46824695121951215 0.002802353896103896 0.008445121951219513
2 0.7314823457792208 0.46940548780487806 0.0023315746753246754 0.007103658536585366
2 0.3548346185064935 0.4702728658536585 0.009588068181818182 0.006399390243902439
2 0.3917765827922078 0.4717926829268293 0.00473823051948052 0.002731707317073171
22 0.6337023133116884 0.47236890243902435 0.005229301948051948 0.0038841463414634146
2 0.3427840909090909 0.47337500000000005 0.00862012987012987 0.005896341463414634
2 0.3925294237012987 0.47522103658536585 0.00502637987012987 0.004100609756097561
2 0.38249695616883117 0.4764451219512195 0.003630275974025974 0.007768292682926829
22 0.6340969967532467 0.4768521341463415 0.005612824675324675 0.004314024390243903
22 0.34955965909090914 0.4791524390243902 0.003502435064935065 0.007695121951219512
2 0.3437286931818182 0.4808536585365854 0.009291801948051948 0.005609756097560975
22 0.6350273944805195 0.4810655487804878 0.005038555194805195 0.003594512195121951
22 0.6286363636363637 0.48274085365853664 0.0032142857142857142 0.00877439024390244
22 0.43043831168831165 0.48333079268292684 0.002922077922077922 0.006905487804878048
22 0.6255793425324675 0.4834512195121951 0.00359375 0.005926829268292683
22 0.427692775974026 0.4839954268292683 0.0031128246753246752 0.007625000000000001
22 0.42451603084415584 0.4848368902439025 0.0032528409090909092 0.007478658536585366
22 0.42126826298701303 0.4856798780487805 0.003250811688311688 0.007335365853658536
22 0.41853388798701296 0.48620121951219514 0.0030580357142857145 0.007768292682926829
22 0.6380478896103896 0.4870030487804878 0.004991883116883117 0.0038841463414634146
22 0.41517857142857145 0.48718597560975613 0.003246753246753247 0.006689024390243903
22 0.4125162337662338 0.4874740853658536 0.003198051948051948 0.007265243902439024
22 0.4093394886363636 0.48826371951219516 0.0033380681818181816 0.007625000000000001
2 0.322086038961039 0.4884009146341463 0.004561688311688312 0.0030213414634146342
22 0.642440137987013 0.48833536585365855 0.003224431818181818 0.007768292682926829
22 0.4064742288961039 0.4891051829268293 0.003289366883116883 0.007478658536585366
22 0.4035359172077922 0.4900929878048781 0.0030945616883116885 0.007625000000000001
22 0.40055194805194805 0.4907911585365854 0.00362012987012987 0.007192073170731708
22 0.4317999188311688 0.49104268292682923 0.0032102272727272726 0.007695121951219512
22 0.6343557224025974 0.49111585365853655 0.0028835227272727276 0.009060975609756097
22 0.39748275162337665 0.49143749999999997 0.0035693993506493507 0.007265243902439024
22 0.6384415584415584 0.4915045731707317 0.004561688311688312 0.0037408536585365852
22 0.42839691558441556 0.4915990853658536 0.0033035714285714287 0.008198170731707317
22 0.3943536931818182 0.4922439024390244 0.0029931006493506495 0.007048780487804878
2 0.32253956980519477 0.49238262195121957 0.0046570616883116886 0.003667682926829268
22 0.4257457386363636 0.49285365853658536 0.0028713474025974027 0.007048780487804878
22 0.6277536525974027 0.49281859756097557 0.0038839285714285716 0.008198170731707317
22 0.39151176948051947 0.4932667682926829 0.0029910714285714284 0.007265243902439024
22 0.6252445211038961 0.49321341463414636 0.002924107142857143 0.007768292682926829
22 0.42266538149350646 0.49344664634146346 0.0032041396103896103 0.007625000000000001
22 0.3884070616883117 0.49351829268292685 0.0032751623376623376 0.007768292682926829
2 0.31276988636363634 0.49375152439024395 0.0029748376623376623 0.007625000000000001
22 0.6171448863636364 0.4943003048780488 0.0021469155844155846 0.007503048780487805
22 0.4195008116883117 0.4945579268292683 0.0029626623376623378 0.007408536585365854
22 0.41645698051948055 0.4947378048780488 0.0037743506493506497 0.007768292682926829
22 0.41326806006493505 0.49561585365853655 0.0034841720779220783 0.007695121951219512
22 0.3694774756493507 0.4956112804878049 0.0055945616883116885 0.004027439024390244
22 0.6141314935064935 0.49584908536585365 0.0030194805194805195 0.006942073170731707
2 0.36272625811688314 0.49590243902439024 0.0022382305194805193 0.007048780487804878
29 0.3771793831168831 0.4957439024390244 0.005170454545454546 0.009780487804878049
22 0.6113372564935065 0.4959314024390244 0.003924512987012987 0.00710670731707317
2 0.36542613636363636 0.49611737804878053 0.002767857142857143 0.007478658536585366
22 0.4104017857142857 0.49615396341463414 0.002621753246753247 0.007551829268292683
2 0.6053236607142857 0.4967789634146341 0.0020434253246753246 0.005753048780487805
22 0.4076552353896104 0.49685213414634144 0.0028104707792207793 0.0071189024390243905
22 0.6080275974025974 0.4971875 0.0017694805194805195 0.012057926829268291
2 0.6029484577922077 0.4971920731707317 0.0025689935064935063 0.0059695121951219504
22 0.4045160308441558 0.4976951219512195 0.0034314123376623378 0.006975609756097561
22 0.4014579951298701 0.49834146341463414 0.0029971590909090907 0.007048780487804878
22 0.3985085227272727 0.4992560975609756 0.003185876623376623 0.007048780487804878
22 0.5964214691558442 0.4994542682926829 0.0029078733766233766 0.008054878048780488
22 0.39526075487012985 0.5001158536585366 0.0031838474025974025 0.006329268292682927
22 0.5936992694805194 0.5001539634146341 0.003145292207792208 0.007625000000000001
22 0.3722737418831169 0.5009588414634146 0.003070211038961039 0.006185975609756097
22 0.39246753246753247 0.5009405487804878 0.0032792207792207793 0.006759146341463415
22 0.38938514610389613 0.5018750000000001 0.0027962662337662337 0.007408536585365854
2 0.32711038961038963 0.5021798780487805 0.002840909090909091 0.007408536585365854
22 0.36898538961038957 0.5024314024390244 0.0033928571428571428 0.007911585365853659
2 0.3235531655844156 0.5030396341463415 0.003843344155844156 0.006689024390243903
22 0.604242086038961 0.5036082317073171 0.005967938311688311 0.002948170731707317
22 0.37778916396103895 0.5035015243902439 0.005984172077922078 0.003954268292682927
2 0.32080661525974025 0.503579268292683 0.0032203733766233765 0.007768292682926829
2 0.3177374188311688 0.5042057926829269 0.003169642857142857 0.007192073170731708
2 0.3148122970779221 0.5051036585365853 0.0034070616883116883 0.007768292682926829
2 0.256309862012987 0.5052942073170732 0.0040969967532467535 0.0026615853658536587
2 0.3119226866883117 0.5060350609756098 0.0033096590909090905 0.007192073170731708
2 0.3087702922077922 0.5063948170731707 0.003498376623376623 0.007911585365853659
2 0.3058319805194805 0.5068079268292682 0.0033035714285714287 0.008128048780487805
2 0.2491345373376623 0.507842987804878 0.004762581168831169 0.004100609756097561
2 0.3028114853896104 0.5076859756097561 0.003350243506493507 0.008054878048780488
24 0.2693780438311688 0.508672256097561 0.007506087662337663 0.008198170731707317
2 0.29968344155844157 0.5085457317073171 0.0035876623376623375 0.007335365853658536
2 0.2568952922077922 0.5092591463414634 0.004050324675324676 0.0038841463414634146
2 0.2966132305194805 0.5093719512195122 0.002723214285714286 0.007768292682926829
22 0.26409293831168834 0.5098018292682928 0.002617694805194805 0.007408536585365854
2 0.2937246347402597 0.5099634146341464 0.0034395292207792206 0.008341463414634147
22 0.327541599025974 0.5103216463414634 0.003703327922077922 0.007838414634146341
2 0.2908329951298701 0.5104664634146341 0.00252637987012987 0.008128048780487805
22 0.26078632305194804 0.5109131097560976 0.002903814935064935 0.007192073170731708
22 0.24127536525974028 0.5115060975609756 0.0036546266233766236 0.007768292682926829
22 0.3248305600649351 0.5115060975609756 0.003557224025974026 0.007768292682926829
22 0.3218212256493506 0.5117911585365853 0.0032203733766233765 0.0071189024390243905
2 0.28784902597402595 0.5120792682926829 0.003051948051948052 0.007695121951219512
24 0.2355255681818182 0.5127073170731707 0.007577110389610391 0.008341463414634147
22 0.3189549512987013 0.5129039634146342 0.003169642857142857 0.006905487804878048
22 0.3156716720779221 0.5135137195121952 0.003502435064935065 0.006905487804878048
22 0.3128175730519481 0.5141234756097561 0.003070211038961039 0.006905487804878048
22 0.3097483766233766 0.5144801829268293 0.0030194805194805195 0.006399390243902439
22 0.30653713474025973 0.5155579268292683 0.003496347402597403 0.007335365853658536
22 0.3037905844155844 0.5165274390243902 0.0036850649350649353 0.008054878048780488
2 0.25037642045454545 0.5165685975609756 0.004811282467532468 0.011795731707317073
22 0.27236810064935063 0.5168125 0.002528409090909091 0.006185975609756097
22 0.30070921266233763 0.5168841463414634 0.0032041396103896103 0.006329268292682927
22 0.2977364042207792 0.5176905487804878 0.0033461850649350645 0.006112804878048781
22 0.2945241477272727 0.5183185975609756 0.0030093344155844156 0.006759146341463415
22 0.2917299107142857 0.5194496951219513 0.0031026785714285713 0.007192073170731708
2 0.2585257899503023 0.5184017393432585 0.2646574737220073 0.5159564525070215 0.26532812046711896 0.5204155107829561 0.2590048245927306 0.5237238481657802 0.258334177847619 0.5188332613243007
22 0.28855418019480517 0.5200426829268293 0.003244724025974026 0.007768292682926829
22 0.25480418019480516 0.5204009146341463 0.0035206980519480523 0.007265243902439024
22 0.283262987012987 0.5229954268292683 0.00564935064935065 0.0033079268292682926
2 0.2729768668831169 0.5239344512195122 0.002528409090909091 0.007625000000000001
22 0.26566964285714284 0.5298155487804879 0.002524350649350649 0.007192073170731708