14 0.5288461538461539 0.2920673076923077 0.028846153846153848 0.05048076923076923
15 0.5721153846153846 0.2800480769230769 0.014423076923076924 0.026442307692307692
23 0.4423076923076923 0.33052884615384615 0.028846153846153848 0.016826923076923076
23 0.5096153846153846 0.3125 0.014423076923076924 0.038461538461538464
23 0.5072115384615384 0.3137019230769231 0.014423076923076924 0.036057692307692304
23 0.5 0.3173076923076923 0.014423076923076924 0.038461538461538464
23 0.49278846153846156 0.31971153846153844 0.014423076923076924 0.038461538461538464
23 0.49759615384615385 0.3161057692307692 0.014423076923076924 0.036057692307692304
23 0.5144230769230769 0.3137019230769231 0.014423076923076924 0.036057692307692304
23 0.44350961538461536 0.33653846153846156 0.026442307692307692 0.014423076923076924
23 0.44471153846153844 0.3425480769230769 0.02403846153846154 0.01201923076923077
15 0.4651442307692308 0.3389423076923077 0.016826923076923076 0.028846153846153848
14 0.48197115384615385 0.33533653846153844 0.03125 0.05048076923076923
15 0.6850961538461539 0.28125 0.02403846153846154 0.019230769230769232
15 0.5612980769230769 0.3161057692307692 0.016826923076923076 0.016826923076923076
23 0.44591346153846156 0.3485576923076923 0.016826923076923076 0.009615384615384616
23 0.4230769230769231 0.35697115384615385 0.028846153846153848 0.016826923076923076
23 0.3954326923076923 0.3641826923076923 0.021634615384615384 0.01201923076923077
14 0.6201923076923077 0.30408653846153844 0.0673076923076923 0.14182692307692307
15 0.6598557692307693 0.2956730769230769 0.021634615384615384 0.019230769230769232
23 0.4483173076923077 0.35336538461538464 0.016826923076923076 0.009615384615384616
14 0.7223557692307693 0.2824519230769231 0.026442307692307692 0.055288461538461536
23 0.42427884615384615 0.36177884615384615 0.03125 0.016826923076923076
23 0.6875 0.2956730769230769 0.02403846153846154 0.014423076923076924
15 0.5072115384615384 0.34615384615384615 0.019230769230769232 0.019230769230769232
3 0.39663461538461536 0.37740384615384615 0.019230769230769232 0.009615384615384616
23 0.4266826923076923 0.36899038461538464 0.03125 0.016826923076923076
23 0.6923076923076923 0.3004807692307692 0.019230769230769232 0.009615384615384616
3 0.42788461538461536 0.375 0.02403846153846154 0.014423076923076924
23 0.6935096153846154 0.31009615384615385 0.021634615384615384 0.014423076923076924
23 0.4266826923076923 0.38221153846153844 0.016826923076923076 0.009615384615384616
23 0.40024038461538464 0.390625 0.021634615384615384 0.01201923076923077
15 0.453125 0.37740384615384615 0.01201923076923077 0.02403846153846154
23 0.6971153846153846 0.3173076923076923 0.019230769230769232 0.009615384615384616
3 0.47475961538461536 0.375 0.01201923076923077 0.028846153846153848
23 0.5120192307692307 0.36658653846153844 0.028846153846153848 0.016826923076923076
23 0.4723557692307692 0.3786057692307692 0.01201923076923077 0.03125
23 0.6971153846153846 0.3233173076923077 0.02403846153846154 0.01201923076923077
23 0.7283653846153846 0.32211538461538464 0.019230769230769232 0.009615384615384616
23 0.6995192307692307 0.328125 0.019230769230769232 0.01201923076923077
3 0.4987980769230769 0.38341346153846156 0.021634615384615384 0.016826923076923076
3 0.42908653846153844 0.40384615384615385 0.026442307692307692 0.014423076923076924
14 0.6646634615384616 0.3401442307692308 0.03125 0.06009615384615385
14 0.5492788461538461 0.37259615384615385 0.05048076923076923 0.09134615384615384
23 0.5829326923076923 0.36658653846153844 0.03125 0.016826923076923076
23 0.7307692307692307 0.3269230769230769 0.019230769230769232 0.014423076923076924
23 0.6995192307692307 0.33413461538461536 0.019230769230769232 0.014423076923076924
23 0.7019230769230769 0.3401442307692308 0.019230769230769232 0.01201923076923077
23 0.5841346153846154 0.3737980769230769 0.02403846153846154 0.01201923076923077
23 0.7331730769230769 0.33413461538461536 0.019230769230769232 0.014423076923076924
23 0.49759615384615385 0.39783653846153844 0.028846153846153848 0.016826923076923076
23 0.703125 0.3485576923076923 0.016826923076923076 0.009615384615384616
23 0.5865384615384616 0.38100961538461536 0.02403846153846154 0.01201923076923077
23 0.4987980769230769 0.40384615384615385 0.026442307692307692 0.014423076923076924
23 0.7055288461538461 0.3557692307692308 0.016826923076923076 0.009615384615384616
23 0.5024038461538461 0.41225961538461536 0.02403846153846154 0.01201923076923077
15 0.6382211538461539 0.3798076923076923 0.021634615384615384 0.019230769230769232
23 0.7079326923076923 0.36177884615384615 0.021634615384615384 0.01201923076923077
14 0.453125 0.43028846153846156 0.03125 0.04807692307692308
14 0.4735576923076923 0.4266826923076923 0.02403846153846154 0.040865384615384616
14 0.41225961538461536 0.4423076923076923 0.026442307692307692 0.052884615384615384
15 0.5612980769230769 0.4230769230769231 0.021634615384615384 0.019230769230769232
23 0.5300480769230769 0.43149038461538464 0.026442307692307692 0.016826923076923076
14 0.5024038461538461 0.44471153846153844 0.02403846153846154 0.028846153846153848
23 0.46033653846153844 0.4639423076923077 0.026442307692307692 0.014423076923076924
23 0.42788461538461536 0.4735576923076923 0.028846153846153848 0.014423076923076924
23 0.42788461538461536 0.4795673076923077 0.028846153846153848 0.016826923076923076
15 0.6334134615384616 0.43028846153846156 0.021634615384615384 0.019230769230769232
23 0.484375 0.4699519230769231 0.03125 0.016826923076923076
23 0.43028846153846156 0.48677884615384615 0.028846153846153848 0.016826923076923076
15 0.453125 0.47836538461538464 0.021634615384615384 0.019230769230769232
15 0.5180288461538461 0.49038461538461536 0.021634615384615384 0.019230769230769232
23 0.5048076923076923 0.5120192307692307 0.019230769230769232 0.038461538461538464
28 0.6394230769230769 0.484375 0.0673076923076923 0.08413461538461539
28 0.5685096153846154 0.5048076923076923 0.06971153846153846 0.08653846153846154
28 0.46153846153846156 0.5360576923076923 0.0673076923076923 0.08653846153846154
14 0.5300480769230769 0.546875 0.026442307692307692 0.05048076923076923
23 0.5168269230769231 0.5564903846153846 0.014423076923076924 0.036057692307692304
15 0.46274038461538464 0.5889423076923077 0.021634615384615384 0.014423076923076924
15 0.4891826923076923 0.5829326923076923 0.021634615384615384 0.016826923076923076
23 0.5901442307692307 0.5625 0.026442307692307692 0.014423076923076924
23 0.5625 0.5685096153846154 0.028846153846153848 0.016826923076923076
15 0.5180288461538461 0.5961538461538461 0.021634615384615384 0.019230769230769232
15 0.59375 0.5769230769230769 0.019230769230769232 0.019230769230769232
15 0.5661057692307693 0.5829326923076923 0.021634615384615384 0.016826923076923076
15 0.5420673076923077 0.5925480769230769 0.021634615384615384 0.016826923076923076
14 0.6742788461538461 0.5757211538461539 0.07451923076923077 0.06009615384615385
15 0.7115384615384616 0.5673076923076923 0.014423076923076924 0.028846153846153848
14 0.49759615384615385 0.6237980769230769 0.028846153846153848 0.05048076923076923
14 0.4723557692307692 0.6310096153846154 0.03125 0.055288461538461536
14 0.6286057692307693 0.5949519230769231 0.026442307692307692 0.055288461538461536
23 0.6165865384615384 0.6009615384615384 0.016826923076923076 0.038461538461538464
23 0.5456730769230769 0.6225961538461539 0.014423076923076924 0.03365384615384615
14 0.5252403846153846 0.6286057692307693 0.03125 0.05048076923076923
14 0.6021634615384616 0.6117788461538461 0.026442307692307692 0.05048076923076923
14 0.5769230769230769 0.6177884615384616 0.028846153846153848 0.052884615384615384
23 0.6694711538461539 0.6189903846153846 0.03125 0.016826923076923076
23 0.7235576923076923 0.609375 0.028846153846153848 0.016826923076923076
23 0.7848557692307693 0.5925480769230769 0.03125 0.016826923076923076
23 0.4891826923076923 0.2620192307692308 0.026442307692307692 0.014423076923076924
23 0.46274038461538464 0.27283653846153844 0.021634615384615384 0.01201923076923077
15 0.3786057692307692 0.30288461538461536 0.021634615384615384 0.019230769230769232
23 0.4651442307692308 0.2800480769230769 0.021634615384615384 0.01201923076923077
23 0.421875 0.29447115384615385 0.021634615384615384 0.04567307692307692
23 0.4170673076923077 0.2956730769230769 0.016826923076923076 0.04326923076923077
23 0.40865384615384615 0.2980769230769231 0.014423076923076924 0.03365384615384615
23 0.41225961538461536 0.2980769230769231 0.016826923076923076 0.04326923076923077
23 0.4675480769230769 0.2860576923076923 0.016826923076923076 0.009615384615384616
23 0.49158653846153844 0.2800480769230769 0.01201923076923077 0.007211538461538462
23 0.40625 0.30408653846153844 0.014423076923076924 0.036057692307692304
3 0.4951923076923077 0.28725961538461536 0.009615384615384616 0.007211538461538462
15 0.4699519230769231 0.2980769230769231 0.021634615384615384 0.019230769230769232
14 0.6754807692307693 0.2439903846153846 0.03365384615384615 0.06009615384615385
23 0.578125 0.27163461538461536 0.016826923076923076 0.038461538461538464
14 0.6466346153846154 0.25240384615384615 0.03365384615384615 0.057692307692307696
14 0.5492788461538461 0.28125 0.03125 0.052884615384615384