2 0.2589468344155844 0.42946798780487805 0.0057183441558441555 0.004667682926829268
2 0.2651237824675325 0.429484756097561 0.00630275974025974 0.004701219512195122
22 0.32151075487012987 0.4294786585365854 0.0062520292207792205 0.004689024390243902
22 0.3104515016233766 0.43179268292682926 0.003208198051948052 0.009317073170731707
2 0.4488413149350649 0.43206707317073173 0.006043019480519481 0.004378048780487804
22 0.3137834821428572 0.4318871951219512 0.0029728084415584417 0.00950609756097561
2 0.4613382711038961 0.43200457317073165 0.005874594155844156 0.004253048780487804
2 0.4554261363636364 0.4322256097560976 0.0058198051948051945 0.004085365853658537
2 0.3608674918831169 0.43255640243902443 0.0029849837662337666 0.009015243902439024
2 0.35784293831168834 0.43272256097560974 0.002617694805194805 0.009347560975609756
2 0.364158887987013 0.43293445121951224 0.0030742694805194807 0.008551829268292684
2 0.37982954545454545 0.4334496951219512 0.00275974025974026 0.008972560975609755
22 0.37601968344155845 0.43348170731707314 0.002851055194805195 0.009646341463414634
2 0.5668618100649351 0.43410975609756103 0.005882711038961039 0.0041951219512195125
2 0.5606412337662338 0.43408231707317074 0.0056168831168831165 0.004140243902439025
2 0.5546154626623376 0.43429115853658534 0.00614650974025974 0.004557926829268292
22 0.4875040584415585 0.4350396341463415 0.0026055194805194807 0.00849390243902439
22 0.48318486201298705 0.4354939024390244 0.002489853896103896 0.008792682926829267
22 0.7847849025974026 0.4366875 0.006258116883116883 0.0038628048780487804
2 0.6488849431818182 0.43698170731707314 0.0023153409090909093 0.008719512195121952
2 0.6516142451298702 0.4369893292682927 0.0020921266233766235 0.007515243902439024
2 0.6459232954545455 0.4372667682926829 0.0024797077922077923 0.008070121951219512
22 0.5848650568181818 0.43771341463414637 0.0025223214285714285 0.00774390243902439
22 0.5882660308441559 0.4377057926829268 0.002424918831168831 0.008338414634146342
22 0.3121306818181818 0.43812042682926833 0.006160714285714286 0.004289634146341464
2 0.721020698051948 0.43824542682926826 0.006164772727272727 0.003929878048780488
2 0.7545373376623377 0.43915853658536586 0.0021753246753246753 0.008195121951219513
2 0.751705560064935 0.4392560975609756 0.003005275974025974 0.009609756097560975
2 0.7576349431818182 0.43938109756097565 0.0022828733766233765 0.008640243902439025
2 0.8135582386363637 0.43988871951219516 0.0029281655844155844 0.009655487804878049
2 0.8105762987012987 0.43977743902439026 0.003051948051948052 0.008213414634146342
22 0.7213808847402597 0.4428612804878049 0.006479301948051948 0.0040152439024390245
22 0.3768557224025974 0.4431143292682927 0.0028997564935064933 0.008789634146341463
22 0.37976055194805197 0.44352743902439024 0.002621753246753247 0.009006097560975609
14 0.7292339691558442 0.4453719512195122 0.007980925324675325 0.018792682926829268
2 0.5739539366883117 0.4460533536585366 0.006268262987012987 0.004301829268292682
22 0.8013676948051948 0.44597560975609757 0.005738636363636364 0.004146341463414634
22 0.8082112418831169 0.4462942073170732 0.006032873376623377 0.004173780487804878
22 0.6293060064935064 0.4469115853658536 0.0053652597402597405 0.0029695121951219513
22 0.7210004058441559 0.44748018292682923 0.0057183441558441555 0.003496951219512195
2 0.5882558847402598 0.4475914634146341 0.0019987824675324673 0.008597560975609755
2 0.487637987012987 0.447890243902439 0.004090909090909091 0.011024390243902438
22 0.7707173295454545 0.44868902439024394 0.006532061688311688 0.004695121951219512
22 0.7640117694805195 0.4485868902439024 0.006107954545454546 0.004490853658536586
2 0.6807721185064934 0.44890091463414633 0.0027780032467532466 0.008777439024390243
2 0.6866801948051948 0.4487439024390244 0.0032305194805194804 0.009682926829268293
22 0.6898914366883117 0.4488246951219512 0.0019419642857142858 0.008015243902439025
22 0.7775192775974026 0.44882621951219515 0.006337256493506494 0.004359756097560976
22 0.6833370535714286 0.44903201219512195 0.0022260551948051948 0.007820121951219512
2 0.574237012987013 0.4500411585365854 0.0064285714285714285 0.0031310975609756095
22 0.6295627029220779 0.4504573170731707 0.005066964285714286 0.00274390243902439
2 0.6576176948051947 0.4508307926829268 0.002329545454545455 0.00836890243902439
14 0.647937297077922 0.4511143292682927 0.008536931818181819 0.011984756097560976
26 0.420463676948052 0.4511448170731708 0.006105925324675325 0.004728658536585366
22 0.6359375 0.45159756097560977 0.00523538961038961 0.0025853658536585367
2 0.5848285308441559 0.45153963414634146 0.0028551136363636365 0.008567073170731708
2 0.4828287337662338 0.4527012195121951 0.005836038961038961 0.004792682926829268
22 0.8012408685064935 0.45396036585365857 0.006296672077922078 0.00426219512195122
2 0.7833989448051948 0.45417835365853654 0.0018628246753246752 0.008356707317073171
22 0.8079312094155845 0.4540716463414634 0.005878652597402597 0.0032652439024390247
22 0.6666152597402597 0.45432317073170736 0.0020616883116883118 0.006817073170731707
22 0.6610206980519481 0.45409603658536585 0.0022362012987012987 0.007582317073170732
2 0.5741254058441558 0.45428963414634144 0.006205357142857143 0.003701219512195122
22 0.6638453733766233 0.45432317073170736 0.002203733766233766 0.007426829268292683
2 0.4665980113636364 0.45439786585365854 0.0025953733766233764 0.009405487804878048
22 0.6296935876623377 0.45436585365853654 0.005328733766233767 0.002634146341463415
22 0.6693709415584416 0.45436585365853654 0.0018912337662337663 0.008121951219512195
2 0.46341010551948053 0.4546234756097561 0.0031189123376623375 0.00985670731707317
2 0.4726450892857143 0.4547317073170732 0.0029200487012987016 0.008853658536585365
2 0.44011160714285713 0.45478658536585365 0.002382305194805195 0.00896341463414634
2 0.46969967532467527 0.45482164634146344 0.002711038961038961 0.009033536585365853
2 0.443961038961039 0.4547576219512195 0.002775974025974026 0.00890548780487805
2 0.44750507305194803 0.45487347560975605 0.0029646915584415584 0.009746951219512195
22 0.45091416396103895 0.45485518292682925 0.0020718344155844157 0.008490853658536586
22 0.47536931818181816 0.45490091463414634 0.0018750000000000001 0.00736280487804878
26 0.42041091720779217 0.45508079268292684 0.0055945616883116885 0.004064024390243903
22 0.6792329545454546 0.4553353658536585 0.005381493506493506 0.003353658536585366
22 0.6359293831168832 0.4555091463414634 0.005219155844155844 0.0024817073170731708
22 0.764388189935065 0.4567728658536585 0.006860795454545455 0.004399390243902439
22 0.5023538961038961 0.4569984756097561 0.0059253246753246756 0.00363109756097561
22 0.7708999594155844 0.45703353658536583 0.006491477272727272 0.003701219512195122
22 0.7772493912337662 0.45702743902439025 0.0057974837662337665 0.0042987804878048775
2 0.48308441558441556 0.4574466463414634 0.005941558441558442 0.004527439024390244
22 0.629559659090909 0.45767530487804875 0.0050608766233766235 0.0025457317073170733
7 0.7192644074675324 0.4580579268292683 0.007116477272727273 0.003920731707317073
22 0.27221793831168833 0.4583445121951219 0.006286525974025974 0.005103658536585365
2 0.5741832386363636 0.4585975609756098 0.005915178571428571 0.004999999999999999
22 0.2791507711038961 0.4584192073170732 0.0055418019480519476 0.004643292682926829
22 0.28633015422077923 0.4588384146341463 0.0061018668831168835 0.00426219512195122
22 0.6359050324675324 0.45875152439024386 0.005170454545454546 0.0022591463414634145
2 0.6718100649350649 0.45898323170731703 0.002305194805194805 0.008210365853658537
22 0.6791964285714286 0.4591234756097561 0.005308441558441558 0.003003048780487805
22 0.4066883116883117 0.45974847560975607 0.005746753246753247 0.004253048780487804
22 0.7920951704545455 0.4604405487804878 0.005456574675324675 0.0031981707317073173
2 0.39380174512987015 0.4607682926829268 0.0063534902597402595 0.0038536585365853662
2 0.49594764610389613 0.46083993902439024 0.0056939935064935065 0.003996951219512195
22 0.5022930194805195 0.4610106707317073 0.006209415584415585 0.003728658536585366
22 0.2978206168831169 0.4613993902439025 0.0018912337662337663 0.0075548780487804884
22 0.30063108766233765 0.46155487804878054 0.0022362012987012987 0.007865853658536585
22 0.29526075487012987 0.46167073170731704 0.0020474837662337662 0.00748780487804878
22 0.2924259334415584 0.46166463414634146 0.002059659090909091 0.008085365853658537
2 0.6871682224025973 0.46196951219512195 0.005424107142857143 0.0032073170731707315
7 0.7192836850649351 0.462295731707317 0.006343344155844156 0.0038597560975609756
22 0.32064123376623377 0.4623185975609756 0.006542207792207793 0.004515243902439025
2 0.7871844561688311 0.4621661585365854 0.0017228084415584417 0.00786890243902439
2 0.5743242694805195 0.4623841463414634 0.006197240259740259 0.004036585365853659
22 0.6579829545454545 0.46323018292682927 0.0018425324675324676 0.00938719512195122
2 0.8066000405844156 0.46348932926829267 0.006463068181818182 0.005027439024390243
22 0.41329849837662336 0.46340548780487806 0.005980113636363636 0.003640243902439024
22 0.406351461038961 0.46366463414634146 0.00588474025974026 0.003548780487804878
2 0.420625 0.46402743902439025 0.0056168831168831165 0.0042743902439024385
22 0.3108938717532468 0.4643231707317073 0.006528003246753247 0.004865853658536585
22 0.4883015422077922 0.46465396341463416 0.006229707792207792 0.0036981707317073173
22 0.7920738636363637 0.46456554878048784 0.0054139610389610385 0.002911585365853659
26 0.7544328327922077 0.464890243902439 0.0056189123376623375 0.004170731707317073
26 0.6663859577922078 0.46490548780487806 0.002414772727272727 0.007859756097560976
26 0.6637459415584416 0.46513719512195123 0.002410714285714286 0.008323170731707318
22 0.7668496347402597 0.4649253048780488 0.0048843344155844156 0.0030213414634146342
26 0.6608715503246754 0.4650655487804878 0.0023437500000000003 0.008789634146341463
26 0.6691467126623376 0.46508689024390243 0.0022544642857142854 0.00761280487804878
2 0.6764853896103896 0.46519969512195125 0.002727272727272727 0.008448170731707318
2 0.6794693587662338 0.46534298780487804 0.0026075487012987013 0.008734756097560975
2 0.7966700487012986 0.4654618902439024 0.002431006493506494 0.007753048780487805
22 0.39092938311688313 0.46579115853658537 0.00588474025974026 0.0041432926829268295
22 0.5383705357142857 0.46569512195121954 0.0061241883116883115 0.0033414634146341467
2 0.7995647321428572 0.46603048780487805 0.002132711038961039 0.008890243902439024
2 0.5739661120129871 0.46609298780487807 0.005480925324675325 0.00413719512195122
22 0.38457386363636364 0.46594054878048785 0.006160714285714286 0.004442073170731708
22 0.5196134334415585 0.46611280487804874 0.0059476461038961035 0.005396341463414634
26 0.7760704139610389 0.46659603658536586 0.00546875 0.0033140243902439023
22 0.5259953327922078 0.4675045731707317 0.0024776785714285716 0.008789634146341463
22 0.5075487012987012 0.4677423780487805 0.002516233766233766 0.00865548780487805
22 0.27897828733766233 0.4679496951219512 0.006414366883116883 0.004801829268292683
2 0.5926856737012988 0.4679756097560976 0.002335633116883117 0.00851219512195122
22 0.2719358766233766 0.4681935975609756 0.0065340909090909095 0.004679878048780488
2 0.5898802759740259 0.46802286585365854 0.0028125 0.008606707317073171
2 0.5845474837662338 0.4680548780487805 0.0026988636363636364 0.008060975609756098
2 0.5953743912337662 0.46817987804878053 0.0024370941558441556 0.008920731707317074
2 0.5873559253246753 0.4682149390243902 0.0026339285714285714 0.008381097560975609
2 0.5983299512987014 0.4682530487804878 0.002666396103896104 0.009067073170731707
29 0.5312175324675324 0.46830640243902444 0.0068344155844155844 0.009783536585365855
29 0.5127790178571429 0.46828658536585366 0.0068892045454545464 0.009134146341463414
22 0.4132711038961039 0.46834756097560976 0.00551948051948052 0.003768292682926829
2 0.42035409902597404 0.46828353658536587 0.005886769480519481 0.003640243902439024
7 0.40609476461038957 0.4683765243902439 0.00658887987012987 0.0038262195121951223
22 0.28623275162337664 0.46845579268292686 0.006312905844155844 0.004594512195121951
22 0.6848944805194805 0.4686143292682927 0.002094155844155844 0.0073506097560975606
22 0.6902191558441558 0.4685137195121951 0.0017857142857142859 0.0071493902439024384
2 0.782302150974026 0.4685899390243902 0.005351055194805195 0.014618902439024391
2 0.6875263798701299 0.46872256097560977 0.0020819805194805196 0.007567073170731707
2 0.6428388798701299 0.4687164634146342 0.006051136363636364 0.004506097560975609
2 0.6360501217532467 0.46894817073170736 0.006272321428571428 0.004359756097560976
22 0.31748782467532466 0.4693490853658536 0.005917207792207792 0.004551829268292683
22 0.324085836038961 0.4696951219512195 0.0057203733766233765 0.004024390243902439
13 0.2617288961038961 0.4698414634146341 0.002353896103896104 0.008585365853658537
13 0.2644186282467533 0.47006402439024386 0.0024573863636363634 0.008420731707317074
2 0.5739681412337662 0.47015396341463417 0.005484983766233766 0.0037225609756097564
2 0.3902617694805195 0.4704344512195122 0.005767045454545455 0.004893292682926829
22 0.519489650974026 0.4705625 0.006105925324675325 0.003929878048780488
2 0.3841913555194805 0.47063414634146344 0.005801542207792208 0.004073170731707317
22 0.5381686282467532 0.4706448170731707 0.0061262175324675325 0.002875
22 0.7686576704545455 0.47188262195121955 0.0020068993506493506 0.007179878048780488
7 0.7634730113636363 0.4720396341463414 0.006653814935064935 0.008103658536585366
22 0.8050324675324675 0.47220884146341463 0.0021103896103896107 0.007832317073170732
22 0.8021387987012987 0.47211128048780493 0.00200487012987013 0.007637195121951219
22 0.4133806818181818 0.4726631097560976 0.00614448051948052 0.0032530487804878047
22 0.39885349025974026 0.47271646341463414 0.005905032467532468 0.003969512195121951
2 0.289025974025974 0.4728490853658536 0.0005357142857142857 0.0005762195121951219
7 0.4059983766233766 0.4730289634146342 0.006396103896103896 0.004594512195121951
22 0.2922940340909091 0.4730091463414634 0.0030133928571428573 0.008823170731707318
22 0.29529626623376626 0.4731051829268293 0.002524350649350649 0.009015243902439024
2 0.49836749188311685 0.4732301829268292 0.012562905844155843 0.01719207317073171
2 0.42021509740259744 0.4732149390243902 0.00601461038961039 0.003746951219512195
22 0.30077008928571425 0.4732469512195122 0.0025142045454545456 0.008079268292682927
22 0.2977242288961039 0.4734466463414634 0.002510146103896104 0.008478658536585365
22 0.720942573051948 0.4746875 0.0027617694805194804 0.008521341463414635
2 0.7181128246753247 0.47480792682926826 0.0027840909090909092 0.009371951219512195
2 0.791218547077922 0.4748567073170732 0.005732548701298701 0.003371951219512195
22 0.6905691964285714 0.4750548780487805 0.005326704545454545 0.0031585365853658534
2 0.4866284496753247 0.4750640243902439 0.0028835227272727276 0.008664634146341464
22 0.5194622564935064 0.4753018292682927 0.006051136363636364 0.004871951219512195
22 0.5380996347402598 0.4752545731707317 0.005582386363636364 0.002948170731707317
14 0.7093577516233767 0.4767560975609756 0.01327719155844156 0.012658536585365854
22 0.5072656249999999 0.47714024390243903 0.0023559253246753244 0.007939024390243903
29 0.5125517451298701 0.4776082317073171 0.006840503246753247 0.008875
29 0.5313494318181817 0.47787804878048784 0.007098214285714285 0.009414634146341463
22 0.5258127029220779 0.4777682926829268 0.0025182629870129872 0.008585365853658537
2 0.791158685064935 0.47885823170731706 0.005206980519480519 0.002838414634146342
22 0.7586038961038961 0.47920884146341464 0.002191558441558442 0.007807926829268293
22 0.6906371753246753 0.4795701219512195 0.005056818181818182 0.0030426829268292684
22 0.5195211038961038 0.48004878048780486 0.006168831168831168 0.004
22 0.5381158685064935 0.4804314024390244 0.005614853896103896 0.0035457317073170733
22 0.6341964285714285 0.4810838414634146 0.002564935064935065 0.008509146341463415
2 0.6372098214285714 0.4812911585365854 0.0029099025974025972 0.008923780487804877
2 0.7685460633116883 0.4812591463414634 0.002189529220779221 0.00825
22 0.7226704545454545 0.48171646341463414 0.006217532467532468 0.0030670731707317074
22 0.7715848214285714 0.4817240853658537 0.0017735389610389612 0.0073506097560975606
7 0.763424310064935 0.4816859756097561 0.006556412337662338 0.0072743902439024385
13 0.6959669237012986 0.48220579268292685 0.002729301948051948 0.008314024390243903
2 0.6904606331168831 0.4833048780487805 0.0059212662337662335 0.003804878048780488
2 0.6311830357142857 0.4843338414634146 0.0022199675324675325 0.00891158536585366
2 0.6285917207792208 0.4846006097560976 0.002313311688311688 0.008225609756097561
22 0.7227800324675325 0.48546341463414633 0.005625 0.0032439024390243905
2 0.700601663961039 0.4863003048780488 0.005505275974025974 0.0030884146341463416
2 0.7852110389610389 0.48718140243902436 0.005081168831168831 0.00363109756097561
22 0.8147250405844156 0.4874786585365854 0.005667613636363636 0.0030060975609756094
2 0.8278997564935064 0.4874969512195122 0.0027962662337662337 0.009140243902439024
2 0.8250111607142857 0.4875853658536585 0.0022950487012987015 0.008097560975609756
22 0.6356321022727273 0.4876326219512195 0.005436282467532467 0.0020945121951219513
22 0.7760805600649351 0.4878567073170732 0.005894886363636363 0.0025426829268292684
2 0.6905245535714286 0.4880076219512195 0.0056432629870129866 0.004064024390243903
29 0.8212885551948051 0.4881310975609756 0.00580762987012987 0.008579268292682928
22 0.714416599025974 0.48884298780487806 0.0018851461038961038 0.007564024390243902
2 0.7999939123376623 0.48882774390243905 0.009484577922077922 0.006314024390243903
2 0.7116061282467533 0.48888871951219515 0.002351866883116883 0.007655487804878049
22 0.7229443993506494 0.4900274390243902 0.005547889610389611 0.003225609756097561
2 0.7007010957792208 0.4906707317073171 0.004892451298701299 0.002682926829268293
29 0.7302181412337662 0.4911875 0.006296672077922078 0.008594512195121952
22 0.756942978896104 0.49150304878048784 0.0021164772727272725 0.007396341463414635
22 0.8147402597402598 0.49149695121951215 0.005292207792207792 0.0031158536585365855
22 0.7600253652597403 0.4918109756097561 0.0021935876623376625 0.006792682926829268
14 0.7639732142857143 0.4931920731707317 0.004407467532467532 0.01077439024390244
2 0.7005925324675325 0.49473018292682924 0.004675324675324675 0.002875
22 0.8145535714285714 0.495530487804878 0.005324675324675324 0.0032560975609756096
22 0.7781767451298701 0.4959009146341464 0.0019703733766233767 0.007045731707317073
22 0.7809202516233766 0.4959314024390244 0.0017755681818181818 0.007716463414634146
22 0.7757700892857142 0.49584298780487807 0.0024330357142857144 0.00814939024390244
14 0.7855671672077922 0.49660823170731705 0.0057934253246753244 0.007240853658536586
29 0.8213108766233767 0.49656707317073173 0.005040584415584416 0.00898780487804878
22 0.8248843344155845 0.49698323170731706 0.002041396103896104 0.006771341463414634
2 0.7904565746753247 0.4971265243902439 0.0029910714285714284 0.008887195121951219
2 0.63359375 0.49740548780487803 0.006229707792207792 0.004567073170731707
2 0.7005671672077922 0.49889176829268295 0.005030438311688311 0.0026615853658536587
22 0.7144510957792208 0.4987454268292683 0.0015482954545454545 0.007246951219512195
2 0.7116994724025975 0.49901067073170735 0.002132711038961039 0.007167682926829269
14 0.6621976461038961 0.4992987804878049 0.0423336038961039 0.047378048780487805
2 0.566833400974026 0.5010594512195121 0.006637581168831169 0.004557926829268292
2 0.6336556412337663 0.5020731707317073 0.0063534902597402595 0.0035365853658536586
2 0.7786556412337663 0.5025548780487805 0.0053632305194805194 0.002670731707317073
2 0.700289163961039 0.5028521341463414 0.00528612012987013 0.002655487804878049
22 0.7584547483766234 0.503108231707317 0.0022991071428571427 0.00865548780487805
2 0.8173325892857143 0.5030487804878049 0.002765827922077922 0.007926829268292683
2 0.8140696022727273 0.5030914634146342 0.0023275162337662338 0.008621951219512196
22 0.8047544642857143 0.5031432926829268 0.0019602272727272728 0.008115853658536586
2 0.5988524756493506 0.5031920731707317 0.009393262987012986 0.00699390243902439
2 0.8108898133116883 0.5033353658536586 0.0020556006493506495 0.009109756097560975
22 0.7625010146103897 0.50325 0.0026806006493506496 0.008329268292682927
7 0.7414600243506494 0.5033856707317074 0.005647321428571429 0.010429878048780488
22 0.8078865665584415 0.5034512195121951 0.0021367694805194803 0.008121951219512195
2 0.6921002435064936 0.5037865853658536 0.005953733766233766 0.0033048780487804877
2 0.7654981737012987 0.504047256097561 0.0021814123376623375 0.008704268292682928
2 0.7506422483766234 0.5039466463414634 0.0025020292207792207 0.008503048780487805
2 0.7476237824675325 0.5043506097560976 0.002958603896103896 0.008091463414634147
22 0.7707974837662337 0.5046798780487805 0.005880681818181818 0.00448170731707317
2 0.8208380681818183 0.5059908536585366 0.003283279220779221 0.008932926829268294
2 0.7003875811688313 0.5069984756097561 0.004671266233766234 0.0024115853658536585
2 0.7785602678571428 0.5070198170731708 0.005984172077922078 0.0036737804878048783
7 0.6054657061688312 0.5074847560975609 0.0035450487012987013 0.010091463414634147
7 0.6091396103896104 0.5077896341463415 0.0035876623376623375 0.010091463414634147
2 0.6862124594155845 0.508390243902439 0.0035125811688311685 0.009463414634146341
2 0.7117593344155845 0.5090655487804878 0.001846590909090909 0.007765243902439024
13 0.692122564935065 0.5091996951219512 0.0059983766233766235 0.0037652439024390243
22 0.7145058847402598 0.5094298780487805 0.0016578733766233766 0.0072743902439024385
22 0.8061698457792208 0.510015243902439 0.00479099025974026 0.0029573170731707313
2 0.7004342532467532 0.5109832317073171 0.005170454545454546 0.0030640243902439026
2 0.7956412337662337 0.5134009146341463 0.014172077922077923 0.02009451219512195
13 0.7206808035714285 0.5133201219512196 0.0022382305194805193 0.008347560975609757
7 0.5655306412337662 0.5135503048780488 0.006467126623376624 0.021612804878048782
13 0.7304180194805194 0.5135884146341463 0.002232142857142857 0.00827439024390244
13 0.7405144074675325 0.5139131097560976 0.0025385551948051946 0.008923780487804877
2 0.743533887987013 0.5138109756097561 0.002489853896103896 0.009329268292682926
2 0.7466061282467533 0.5139649390243902 0.002546672077922078 0.008417682926829269
22 0.7523366477272727 0.5140655487804878 0.0018323863636363635 0.007399390243902439
14 0.5792461444805195 0.5141768292682927 0.02091112012987013 0.018597560975609755
2 0.7551755275974026 0.5144237804878049 0.002234172077922078 0.008115853658536586
22 0.7492217938311688 0.514233231707317 0.0016903409090909091 0.0077347560975609755
13 0.6921276379870129 0.5146570121951219 0.005602678571428571 0.004314024390243903
2 0.784958400974026 0.5149603658536586 0.005387581168831169 0.013457317073170732
14 0.8146682224025974 0.5157835365853658 0.010829951298701299 0.007176829268292682
2 0.8211556412337663 0.5156905487804878 0.0022950487012987015 0.007600609756097561
29 0.8250253652597402 0.5157256097560975 0.004352678571428572 0.007060975609756098
22 0.8049147727272727 0.5167256097560975 0.002280844155844156 0.006621951219512195
22 0.8078459821428572 0.5166006097560976 0.0020556006493506495 0.00698170731707317
2 0.6139498782467533 0.5168521341463415 0.00955560064935065 0.007484756097560976
2 0.6861160714285715 0.5172957317073171 0.003319805194805195 0.008371951219512196
13 0.6920150162337663 0.5203948170731707 0.005783279220779221 0.004204268292682926
2 0.7633492288961039 0.5212896341463414 0.0060004058441558445 0.003554878048780488
7 0.7520799512987013 0.521422256097561 0.007000811688311688 0.0032103658536585364
13 0.5522412743506494 0.5226935975609756 0.0026156655844155846 0.008801829268292684
13 0.5552597402597403 0.5229222560975609 0.002564935064935065 0.00864939024390244
2 0.7233350243506493 0.5230381097560975 0.0026765422077922076 0.007661585365853658
7 0.7382741477272727 0.5232576219512195 0.006580762987012987 0.008100609756097561
7 0.7183147321428571 0.5232896341463414 0.006840503246753247 0.00877439024390244
7 0.7281178977272728 0.5231280487804878 0.006560470779220779 0.00845121951219512
2 0.733184862012987 0.5232393292682926 0.00208400974025974 0.0074542682926829265
2 0.6016659902597403 0.5233963414634146 0.011367694805194806 0.018134146341463413
2 0.5920068993506493 0.5237881097560976 0.003007305194805195 0.008551829268292684
2 0.8058928571428572 0.5236692073170731 0.00586038961038961 0.004655487804878049
7 0.746411323051948 0.5239801829268292 0.0025629058441558445 0.010155487804878049
7 0.7436130275974027 0.5240670731707318 0.002648133116883117 0.009719512195121951
2 0.6919622564935064 0.5256844512195121 0.006083603896103896 0.0038079268292682926
22 0.8219642857142857 0.525672256097561 0.001883116883116883 0.008051829268292683
22 0.8272666396103896 0.5259329268292683 0.0019358766233766231 0.007353658536585366
22 0.8243810876623378 0.5259314024390244 0.001846590909090909 0.0073506097560975606
2 0.8189377029220779 0.5261265243902439 0.002323457792207792 0.008350609756097561
13 0.6112713068181818 0.5263475609756098 0.0037926136363636365 0.009402439024390244
2 0.7635196834415584 0.5265015243902439 0.005935470779220779 0.004222560975609756
7 0.7522057629870129 0.5266966463414634 0.006440746753246753 0.0033932926829268297
2 0.7921164772727273 0.527452743902439 0.0034699675324675328 0.008564024390243903
2 0.5663159496753246 0.5304070121951219 0.0023559253246753244 0.008984756097560975
22 0.6894521103896104 0.5306814024390244 0.005121753246753246 0.002826219512195122
22 0.6832538555194805 0.5307408536585365 0.005306412337662337 0.002945121951219512
13 0.7513534902597403 0.5310655487804878 0.005142045454545455 0.0029847560975609752
22 0.6719206574675325 0.5317835365853658 0.0017146915584415584 0.007469512195121951
22 0.6693354301948052 0.5319542682926829 0.001820211038961039 0.0078109756097560976
2 0.6444784902597402 0.5333765243902439 0.006083603896103896 0.004557926829268292
2 0.5918912337662338 0.533483231707317 0.002775974025974026 0.009039634146341463
2 0.6941659902597402 0.5338094512195122 0.0019683441558441556 0.007253048780487804
2 0.7806371753246754 0.5351600609756098 0.002021103896103896 0.007515243902439024
2 0.683367491883117 0.5353551829268293 0.005127840909090909 0.003027439024390244
22 0.6897148944805195 0.5355228658536586 0.005241477272727273 0.0027530487804878047
2 0.6515655438311688 0.5355076219512195 0.0028064123376623376 0.007600609756097561
2 0.6546022727272728 0.5357134146341463 0.002386363636363636 0.008621951219512196
2 0.7776674107142857 0.5359618902439024 0.0029809253246753245 0.008509146341463415
14 0.5789782873376623 0.5358887195121951 0.021998782467532466 0.020557926829268294
2 0.807885551948052 0.5361631097560976 0.002946428571428571 0.00891158536585366
26 0.6611363636363636 0.5362911585365854 0.0020616883116883118 0.007338414634146342
26 0.6639691558441558 0.5366493902439025 0.0016396103896103896 0.007445121951219513
26 0.6668090503246753 0.5369466463414634 0.0016375811688311688 0.007429878048780488
7 0.6177759740259741 0.5370762195121951 0.0066558441558441555 0.003420731707317073
14 0.7631057224025974 0.5376204268292682 0.007948457792207793 0.006338414634146341
13 0.8124299918831169 0.5378490853658536 0.0018892045454545455 0.007405487804878048
2 0.7994571834415585 0.5388795731707318 0.002729301948051948 0.008856707317073172
22 0.6125507305194805 0.5390365853658536 0.002293019480519481 0.008560975609756096
29 0.8033603896103896 0.539265243902439 0.004448051948051948 0.008408536585365852
22 0.5663798701298701 0.5409283536585365 0.0028896103896103894 0.008685975609756097
2 0.6014945211038961 0.5419131097560975 0.011430600649350649 0.017362804878048782
2 0.6171651785714285 0.5421676829268293 0.005434253246753247 0.003847560975609756
14 0.6240533685064935 0.5439481707317073 0.005411931818181818 0.01045731707317073
22 0.6427709009740259 0.5464634146341464 0.005509334415584415 0.0039024390243902443
22 0.8078236607142857 0.5467362804878049 0.0032284902597402598 0.008716463414634147
22 0.8078216314935065 0.5471905487804878 0.0028185876623376626 0.009015243902439024
29 0.8033482142857143 0.5471768292682927 0.006452922077922078 0.008378048780487805
13 0.8125162337662337 0.5475381097560975 0.0020616883116883118 0.00788109756097561
2 0.6288514610389611 0.5474740853658536 0.002426948051948052 0.008972560975609755
22 0.631640625 0.5476951219512195 0.0019176136363636361 0.007585365853658536
2 0.6151258116883117 0.5491478658536585 0.009472402597402597 0.007442073170731707
6 0.72578125 0.5493445121951219 0.06235795454545455 0.02856707317073171
2 0.7751826298701299 0.5495975609756097 0.012215909090909092 0.019317073170731707
2 0.7635420048701299 0.5502408536585366 0.0035450487012987013 0.009018292682926829
2 0.7598569399350649 0.5505015243902439 0.0026684253246753247 0.008929878048780487
26 0.650487012987013 0.5504939024390244 0.0022727272727272726 0.007695121951219512
2 0.6561525974025973 0.550672256097561 0.00224025974025974 0.008051829268292683
7 0.6627333603896104 0.550733231707317 0.0020089285714285717 0.007564024390243902
22 0.6429484577922078 0.5508795731707317 0.005864448051948051 0.003588414634146341
26 0.653492288961039 0.5506890243902439 0.0017897727272727273 0.007475609756097561
7 0.6656635551948051 0.5508384146341463 0.0021874999999999998 0.007774390243902439
7 0.6600558035714286 0.550952743902439 0.001929788961038961 0.007393292682926829