3 0.7463942307692307 0.5432692307692307 0.002403846153846154 0.004807692307692308
3 0.7644230769230769 0.546875 0.004807692307692308 0.007211538461538462
3 0.7151442307692307 0.5384615384615384 0.002403846153846154 0.004807692307692308
3 0.6995192307692307 0.5348557692307693 0.004807692307692308 0.007211538461538462
3 0.6418269230769231 0.5204326923076923 0.004807692307692308 0.007211538461538462
3 0.7271634615384616 0.5408653846153846 0.002403846153846154 0.004807692307692308
3 0.6225961538461539 0.515625 0.004807692307692308 0.007211538461538462
3 0.5925480769230769 0.5096153846153846 0.002403846153846154 0.004807692307692308
3 0.5769230769230769 0.5084134615384616 0.004807692307692308 0.007211538461538462
3 0.5012019230769231 0.4879807692307692 0.002403846153846154 0.004807692307692308
3 0.5192307692307693 0.49399038461538464 0.004807692307692308 0.007211538461538462
3 0.4543269230769231 0.4795673076923077 0.004807692307692308 0.007211538461538462
3 0.39783653846153844 0.46634615384615385 0.002403846153846154 0.004807692307692308
3 0.38100961538461536 0.46153846153846156 0.002403846153846154 0.004807692307692308
3 0.48197115384615385 0.4879807692307692 0.002403846153846154 0.004807692307692308
3 0.34975961538461536 0.4543269230769231 0.002403846153846154 0.004807692307692308
3 0.33413461538461536 0.4519230769230769 0.004807692307692308 0.004807692307692308
3 0.2776442307692308 0.4375 0.002403846153846154 0.004807692307692308
3 0.25841346153846156 0.43509615384615385 0.002403846153846154 0.004807692307692308
3 0.36177884615384615 0.46153846153846156 0.002403846153846154 0.004807692307692308
3 0.22956730769230768 0.42788461538461536 0.002403846153846154 0.004807692307692308
3 0.24158653846153846 0.4326923076923077 0.002403846153846154 0.004807692307692308
3 0.20793269230769232 0.42908653846153844 0.007211538461538462 0.007211538461538462
3 0.6418269230769231 0.5396634615384616 0.004807692307692308 0.007211538461538462
23 0.4879807692307692 0.5108173076923077 0.004807692307692308 0.007211538461538462
23 0.4855769230769231 0.5084134615384616 0.004807692307692308 0.007211538461538462
23 0.49038461538461536 0.5108173076923077 0.004807692307692308 0.007211538461538462
23 0.49278846153846156 0.5108173076923077 0.004807692307692308 0.007211538461538462
23 0.47716346153846156 0.5072115384615384 0.002403846153846154 0.004807692307692308
23 0.47475961538461536 0.5072115384615384 0.002403846153846154 0.004807692307692308
23 0.4723557692307692 0.5048076923076923 0.002403846153846154 0.004807692307692308
23 0.4651442307692308 0.5036057692307693 0.007211538461538462 0.007211538461538462
23 0.47836538461538464 0.5084134615384616 0.004807692307692308 0.007211538461538462
23 0.48197115384615385 0.5096153846153846 0.002403846153846154 0.004807692307692308
23 0.4675480769230769 0.5048076923076923 0.002403846153846154 0.004807692307692308
6 0.7247596153846154 0.5709134615384616 0.05048076923076923 0.03125
6 0.6550480769230769 0.5564903846153846 0.055288461538461536 0.03125
23 0.26322115384615385 0.46153846153846156 0.002403846153846154 0.004807692307692308
23 0.2608173076923077 0.46153846153846156 0.002403846153846154 0.004807692307692308
23 0.25721153846153844 0.46033653846153844 0.004807692307692308 0.007211538461538462
23 0.2548076923076923 0.46033653846153844 0.004807692307692308 0.007211538461538462
23 0.25240384615384615 0.46033653846153844 0.004807692307692308 0.007211538461538462
23 0.24759615384615385 0.4579326923076923 0.004807692307692308 0.007211538461538462
23 0.24519230769230768 0.4579326923076923 0.004807692307692308 0.007211538461538462
23 0.2403846153846154 0.45913461538461536 0.004807692307692308 0.009615384615384616
23 0.234375 0.4567307692307692 0.002403846153846154 0.004807692307692308
23 0.22716346153846154 0.4543269230769231 0.002403846153846154 0.004807692307692308
23 0.23918269230769232 0.4567307692307692 0.002403846153846154 0.004807692307692308
6 0.2860576923076923 0.4723557692307692 0.038461538461538464 0.026442307692307692