3 0.7223557692307693 0.4050480769230769 0.002403846153846154 0.007211538461538462
23 0.7259615384615384 0.40384615384615385 0.004807692307692308 0.009615384615384616
23 0.7283653846153846 0.40384615384615385 0.004807692307692308 0.009615384615384616
3 0.7331730769230769 0.4026442307692308 0.004807692307692308 0.007211538461538462
3 0.6430288461538461 0.421875 0.007211538461538462 0.01201923076923077
3 0.6358173076923077 0.42427884615384615 0.007211538461538462 0.01201923076923077
12 0.33413461538461536 0.4735576923076923 0.009615384615384616 0.009615384615384616
12 0.3401442307692308 0.4735576923076923 0.007211538461538462 0.009615384615384616
3 0.7247596153846154 0.41225961538461536 0.002403846153846154 0.007211538461538462
23 0.7295673076923077 0.41225961538461536 0.002403846153846154 0.007211538461538462
12 0.3137019230769231 0.47836538461538464 0.007211538461538462 0.009615384615384616
12 0.3269230769230769 0.47596153846153844 0.009615384615384616 0.009615384615384616
23 0.30288461538461536 0.4807692307692308 0.004807692307692308 0.009615384615384616
23 0.30528846153846156 0.47836538461538464 0.004807692307692308 0.009615384615384616
12 0.32091346153846156 0.47596153846153844 0.007211538461538462 0.009615384615384616
23 0.7271634615384616 0.41225961538461536 0.002403846153846154 0.007211538461538462
3 0.41466346153846156 0.4639423076923077 0.007211538461538462 0.009615384615384616
3 0.41947115384615385 0.4639423076923077 0.007211538461538462 0.009615384615384616
3 0.4098557692307692 0.46875 0.002403846153846154 0.004807692307692308
3 0.4074519230769231 0.4699519230769231 0.002403846153846154 0.007211538461538462
3 0.41225961538461536 0.4675480769230769 0.002403846153846154 0.007211538461538462
23 0.6502403846153846 0.43028846153846156 0.002403846153846154 0.004807692307692308
3 0.7055288461538461 0.4230769230769231 0.007211538461538462 0.009615384615384616
23 0.65625 0.43028846153846156 0.004807692307692308 0.009615384615384616
3 0.7103365384615384 0.4230769230769231 0.007211538461538462 0.009615384615384616
3 0.3293269230769231 0.4831730769230769 0.004807692307692308 0.004807692307692308
3 0.7920673076923077 0.40865384615384615 0.007211538461538462 0.009615384615384616
23 0.3125 0.4855769230769231 0.004807692307692308 0.004807692307692308
3 0.7259615384615384 0.4206730769230769 0.004807692307692308 0.009615384615384616
3 0.7872596153846154 0.4110576923076923 0.007211538461538462 0.009615384615384616
23 0.30288461538461536 0.4879807692307692 0.004807692307692308 0.004807692307692308
23 0.6334134615384616 0.43509615384615385 0.007211538461538462 0.009615384615384616
23 0.7283653846153846 0.4206730769230769 0.004807692307692308 0.009615384615384616
3 0.33653846153846156 0.4831730769230769 0.004807692307692308 0.004807692307692308
3 0.7019230769230769 0.4254807692307692 0.004807692307692308 0.009615384615384616
3 0.6995192307692307 0.4254807692307692 0.004807692307692308 0.009615384615384616
3 0.7824519230769231 0.41466346153846156 0.002403846153846154 0.007211538461538462
3 0.7860576923076923 0.41346153846153844 0.004807692307692308 0.009615384615384616
3 0.3293269230769231 0.484375 0.004807692307692308 0.002403846153846154
23 0.3125 0.4891826923076923 0.004807692307692308 0.002403846153846154
23 0.7163461538461539 0.4254807692307692 0.004807692307692308 0.004807692307692308
3 0.33653846153846156 0.4855769230769231 0.004807692307692308 0.004807692307692308
23 0.30528846153846156 0.49038461538461536 0.004807692307692308 0.004807692307692308
3 0.3293269230769231 0.4891826923076923 0.004807692307692308 0.002403846153846154
23 0.6947115384615384 0.43149038461538464 0.004807692307692308 0.002403846153846154
3 0.36538461538461536 0.484375 0.004807692307692308 0.002403846153846154
23 0.3485576923076923 0.4879807692307692 0.004807692307692308 0.004807692307692308
23 0.3125 0.49278846153846156 0.004807692307692308 0.004807692307692308
3 0.7259615384615384 0.42788461538461536 0.004807692307692308 0.009615384615384616
23 0.30528846153846156 0.4951923076923077 0.004807692307692308 0.004807692307692308
3 0.65625 0.43990384615384615 0.004807692307692308 0.009615384615384616
23 0.7295673076923077 0.4266826923076923 0.002403846153846154 0.007211538461538462
23 0.6526442307692307 0.4411057692307692 0.002403846153846154 0.007211538461538462
23 0.6358173076923077 0.44350961538461536 0.002403846153846154 0.007211538461538462
3 0.36778846153846156 0.4855769230769231 0.004807692307692308 0.004807692307692308
23 0.6310096153846154 0.44350961538461536 0.002403846153846154 0.007211538461538462
23 0.3485576923076923 0.49038461538461536 0.004807692307692308 0.004807692307692308
12 0.36177884615384615 0.4879807692307692 0.007211538461538462 0.009615384615384616
23 0.31490384615384615 0.4951923076923077 0.004807692307692308 0.004807692307692308
3 0.36778846153846156 0.4891826923076923 0.004807692307692308 0.002403846153846154
23 0.3737980769230769 0.4879807692307692 0.002403846153846154 0.004807692307692308
23 0.30528846153846156 0.49759615384615385 0.004807692307692308 0.004807692307692308
23 0.6959134615384616 0.4362980769230769 0.002403846153846154 0.007211538461538462
23 0.6971153846153846 0.4375 0.004807692307692308 0.009615384615384616
23 0.3713942307692308 0.4891826923076923 0.002403846153846154 0.007211538461538462
23 0.71875 0.43509615384615385 0.004807692307692308 0.009615384615384616
23 0.7163461538461539 0.43509615384615385 0.004807692307692308 0.009615384615384616
23 0.7980769230769231 0.4206730769230769 0.004807692307692308 0.009615384615384616
13 0.4170673076923077 0.4831730769230769 0.007211538461538462 0.009615384615384616
23 0.7776442307692307 0.42427884615384615 0.002403846153846154 0.007211538461538462
23 0.7800480769230769 0.42427884615384615 0.002403846153846154 0.007211538461538462
23 0.8004807692307693 0.4206730769230769 0.004807692307692308 0.009615384615384616
23 0.4026442307692308 0.48677884615384615 0.002403846153846154 0.007211538461538462
3 0.6911057692307693 0.4387019230769231 0.007211538461538462 0.01201923076923077
3 0.7223557692307693 0.43509615384615385 0.007211538461538462 0.009615384615384616
3 0.40024038461538464 0.48677884615384615 0.002403846153846154 0.007211538461538462
3 0.36778846153846156 0.49278846153846156 0.004807692307692308 0.004807692307692308
3 0.8040865384615384 0.4230769230769231 0.007211538461538462 0.009615384615384616
3 0.7752403846153846 0.42908653846153844 0.007211538461538462 0.01201923076923077
3 0.7283653846153846 0.4375 0.004807692307692308 0.009615384615384616
23 0.30528846153846156 0.5024038461538461 0.004807692307692308 0.004807692307692308
14 0.390625 0.4891826923076923 0.01201923076923077 0.016826923076923076
23 0.7307692307692307 0.43509615384615385 0.004807692307692308 0.009615384615384616
3 0.36778846153846156 0.49399038461538464 0.004807692307692308 0.002403846153846154
3 0.7367788461538461 0.4375 0.007211538461538462 0.014423076923076924
3 0.41466346153846156 0.4891826923076923 0.002403846153846154 0.007211538461538462
23 0.3076923076923077 0.5072115384615384 0.004807692307692308 0.004807692307692308
3 0.36778846153846156 0.4963942307692308 0.004807692307692308 0.002403846153846154
3 0.3161057692307692 0.5048076923076923 0.002403846153846154 0.004807692307692308
3 0.3161057692307692 0.5048076923076923 0.002403846153846154 0.004807692307692308
14 0.7079326923076923 0.44471153846153844 0.01201923076923077 0.02403846153846154
12 0.6322115384615384 0.4567307692307692 0.004807692307692308 0.009615384615384616
3 0.6298076923076923 0.4567307692307692 0.004807692307692308 0.009615384615384616
3 0.6370192307692307 0.4567307692307692 0.004807692307692308 0.009615384615384616
3 0.625 0.45913461538461536 0.004807692307692308 0.009615384615384616
12 0.3641826923076923 0.5 0.007211538461538462 0.009615384615384616
12 0.6274038461538461 0.45913461538461536 0.004807692307692308 0.009615384615384616
12 0.6213942307692307 0.45913461538461536 0.007211538461538462 0.009615384615384616
23 0.37259615384615385 0.5 0.004807692307692308 0.009615384615384616
3 0.3762019230769231 0.4987980769230769 0.002403846153846154 0.007211538461538462
23 0.38100961538461536 0.4987980769230769 0.002403846153846154 0.007211538461538462
3 0.38341346153846156 0.4987980769230769 0.002403846153846154 0.007211538461538462
3 0.3701923076923077 0.5012019230769231 0.004807692307692308 0.002403846153846154
3 0.6117788461538461 0.46274038461538464 0.007211538461538462 0.01201923076923077
3 0.6165865384615384 0.46153846153846156 0.007211538461538462 0.009615384615384616
3 0.7283653846153846 0.44471153846153844 0.004807692307692308 0.009615384615384616
23 0.7331730769230769 0.44471153846153844 0.004807692307692308 0.009615384615384616
23 0.3076923076923077 0.5120192307692307 0.004807692307692308 0.004807692307692308
3 0.3701923076923077 0.5036057692307693 0.004807692307692308 0.002403846153846154
23 0.3173076923076923 0.5120192307692307 0.004807692307692308 0.004807692307692308
3 0.4326923076923077 0.4951923076923077 0.004807692307692308 0.009615384615384616
3 0.4423076923076923 0.49278846153846156 0.004807692307692308 0.009615384615384616
23 0.6971153846153846 0.4543269230769231 0.004807692307692308 0.009615384615384616
23 0.7007211538461539 0.453125 0.002403846153846154 0.007211538461538462
23 0.7211538461538461 0.4495192307692308 0.004807692307692308 0.009615384615384616
23 0.71875 0.4495192307692308 0.004807692307692308 0.009615384615384616
23 0.7836538461538461 0.43990384615384615 0.004807692307692308 0.009615384615384616
23 0.8004807692307693 0.4375 0.004807692307692308 0.009615384615384616
23 0.3076923076923077 0.5168269230769231 0.004807692307692308 0.004807692307692308
23 0.8028846153846154 0.4375 0.004807692307692308 0.009615384615384616
3 0.3701923076923077 0.5072115384615384 0.004807692307692308 0.004807692307692308
13 0.4375 0.4951923076923077 0.004807692307692308 0.009615384615384616
23 0.3173076923076923 0.5144230769230769 0.004807692307692308 0.004807692307692308
3 0.4266826923076923 0.49759615384615385 0.002403846153846154 0.004807692307692308
3 0.43149038461538464 0.49759615384615385 0.002403846153846154 0.004807692307692308
3 0.42908653846153844 0.4987980769230769 0.002403846153846154 0.007211538461538462
3 0.6935096153846154 0.4567307692307692 0.007211538461538462 0.009615384615384616
3 0.4411057692307692 0.4963942307692308 0.002403846153846154 0.007211538461538462
3 0.8064903846153846 0.4387019230769231 0.007211538461538462 0.01201923076923077
3 0.7247596153846154 0.45072115384615385 0.007211538461538462 0.01201923076923077
3 0.7391826923076923 0.4495192307692308 0.007211538461538462 0.014423076923076924
14 0.33653846153846156 0.5144230769230769 0.028846153846153848 0.038461538461538464
3 0.7776442307692307 0.44471153846153844 0.007211538461538462 0.009615384615384616
3 0.3701923076923077 0.5084134615384616 0.004807692307692308 0.002403846153846154
3 0.7307692307692307 0.4543269230769231 0.004807692307692308 0.009615384615384616
12 0.3641826923076923 0.5120192307692307 0.007211538461538462 0.009615384615384616
23 0.7331730769230769 0.4519230769230769 0.004807692307692308 0.009615384615384616
23 0.31009615384615385 0.5192307692307693 0.004807692307692308 0.004807692307692308
23 0.71875 0.4567307692307692 0.004807692307692308 0.004807692307692308
3 0.3161057692307692 0.5192307692307693 0.002403846153846154 0.004807692307692308
3 0.31850961538461536 0.5192307692307693 0.002403846153846154 0.004807692307692308
3 0.3701923076923077 0.5108173076923077 0.004807692307692308 0.002403846153846154
3 0.3701923076923077 0.5144230769230769 0.004807692307692308 0.004807692307692308
23 0.31009615384615385 0.5240384615384616 0.004807692307692308 0.004807692307692308
3 0.3701923076923077 0.5180288461538461 0.004807692307692308 0.002403846153846154
23 0.3173076923076923 0.5264423076923077 0.004807692307692308 0.004807692307692308
3 0.43509615384615385 0.5072115384615384 0.004807692307692308 0.009615384615384616
3 0.4326923076923077 0.5096153846153846 0.004807692307692308 0.009615384615384616
23 0.31009615384615385 0.5288461538461539 0.004807692307692308 0.004807692307692308
3 0.3701923076923077 0.5204326923076923 0.004807692307692308 0.002403846153846154
3 0.4387019230769231 0.5096153846153846 0.007211538461538462 0.009615384615384616
12 0.3641826923076923 0.5216346153846154 0.007211538461538462 0.009615384615384616
3 0.3701923076923077 0.5228365384615384 0.004807692307692308 0.002403846153846154
23 0.31009615384615385 0.5336538461538461 0.004807692307692308 0.004807692307692308
23 0.31971153846153844 0.53125 0.004807692307692308 0.004807692307692308
3 0.3701923076923077 0.5240384615384616 0.004807692307692308 0.004807692307692308
3 0.3125 0.5360576923076923 0.004807692307692308 0.004807692307692308
23 0.31971153846153844 0.5360576923076923 0.004807692307692308 0.004807692307692308
3 0.3701923076923077 0.5276442307692307 0.004807692307692308 0.002403846153846154
23 0.31971153846153844 0.5396634615384616 0.004807692307692308 0.002403846153846154
23 0.3125 0.5408653846153846 0.004807692307692308 0.004807692307692308
3 0.37259615384615385 0.53125 0.004807692307692308 0.004807692307692308
12 0.36658653846153844 0.5336538461538461 0.007211538461538462 0.009615384615384616
3 0.37259615384615385 0.5348557692307693 0.004807692307692308 0.002403846153846154
3 0.3762019230769231 0.5348557692307693 0.002403846153846154 0.007211538461538462
23 0.38100961538461536 0.5324519230769231 0.002403846153846154 0.007211538461538462
3 0.3786057692307692 0.5324519230769231 0.002403846153846154 0.007211538461538462
23 0.3125 0.5432692307692307 0.004807692307692308 0.004807692307692308
3 0.33774038461538464 0.5408653846153846 0.002403846153846154 0.004807692307692308
3 0.37259615384615385 0.5372596153846154 0.004807692307692308 0.002403846153846154
23 0.3125 0.5480769230769231 0.004807692307692308 0.004807692307692308
3 0.37259615384615385 0.5396634615384616 0.004807692307692308 0.002403846153846154
3 0.37259615384615385 0.5432692307692307 0.004807692307692308 0.004807692307692308
12 0.34134615384615385 0.546875 0.004807692307692308 0.007211538461538462
12 0.35096153846153844 0.546875 0.004807692307692308 0.007211538461538462
12 0.33413461538461536 0.5492788461538461 0.004807692307692308 0.007211538461538462
12 0.36658653846153844 0.5456730769230769 0.007211538461538462 0.009615384615384616
23 0.3173076923076923 0.5528846153846154 0.004807692307692308 0.004807692307692308
3 0.37259615384615385 0.5444711538461539 0.004807692307692308 0.002403846153846154
3 0.3245192307692308 0.5528846153846154 0.004807692307692308 0.009615384615384616
23 0.328125 0.5540865384615384 0.002403846153846154 0.007211538461538462
3 0.31971153846153844 0.5576923076923077 0.004807692307692308 0.004807692307692308
3 0.375 0.5492788461538461 0.004807692307692308 0.002403846153846154
3 0.359375 0.5516826923076923 0.002403846153846154 0.007211538461538462
3 0.33774038461538464 0.5576923076923077 0.002403846153846154 0.004807692307692308
3 0.33533653846153844 0.5576923076923077 0.002403846153846154 0.004807692307692308
3 0.35216346153846156 0.5552884615384616 0.002403846153846154 0.004807692307692308
3 0.3329326923076923 0.5576923076923077 0.002403846153846154 0.004807692307692308
3 0.3329326923076923 0.5576923076923077 0.002403846153846154 0.004807692307692308
3 0.34975961538461536 0.5552884615384616 0.002403846153846154 0.004807692307692308
3 0.3449519230769231 0.5576923076923077 0.002403846153846154 0.004807692307692308
3 0.3449519230769231 0.5576923076923077 0.002403846153846154 0.004807692307692308
3 0.3425480769230769 0.5576923076923077 0.002403846153846154 0.004807692307692308
3 0.5877403846153846 0.5228365384615384 0.002403846153846154 0.007211538461538462
23 0.5925480769230769 0.5228365384615384 0.002403846153846154 0.007211538461538462
3 0.30528846153846156 0.5673076923076923 0.004807692307692308 0.009615384615384616
3 0.3125 0.5673076923076923 0.004807692307692308 0.009615384615384616
23 0.31490384615384615 0.5673076923076923 0.004807692307692308 0.009615384615384616
3 0.5901442307692307 0.5228365384615384 0.002403846153846154 0.007211538461538462
23 0.3076923076923077 0.5673076923076923 0.004807692307692308 0.009615384615384616
3 0.31009615384615385 0.5673076923076923 0.004807692307692308 0.009615384615384616
23 0.5216346153846154 0.5360576923076923 0.004807692307692308 0.009615384615384616
3 0.5180288461538461 0.5348557692307693 0.002403846153846154 0.007211538461538462
3 0.5096153846153846 0.5360576923076923 0.004807692307692308 0.009615384615384616
23 0.5120192307692307 0.5360576923076923 0.004807692307692308 0.009615384615384616
3 0.5144230769230769 0.5360576923076923 0.004807692307692308 0.009615384615384616
3 0.3245192307692308 0.5673076923076923 0.004807692307692308 0.009615384615384616
3 0.7740384615384616 0.4951923076923077 0.004807692307692308 0.004807692307692308
3 0.3293269230769231 0.5673076923076923 0.004807692307692308 0.009615384615384616
3 0.7163461538461539 0.5048076923076923 0.004807692307692308 0.009615384615384616
12 0.3269230769230769 0.5673076923076923 0.004807692307692308 0.009615384615384616
3 0.71875 0.5048076923076923 0.004807692307692308 0.009615384615384616
23 0.7223557692307693 0.5036057692307693 0.002403846153846154 0.007211538461538462
23 0.31971153846153844 0.5673076923076923 0.004807692307692308 0.009615384615384616
23 0.3173076923076923 0.5673076923076923 0.004807692307692308 0.009615384615384616
3 0.7019230769230769 0.5072115384615384 0.004807692307692308 0.004807692307692308
3 0.4495192307692308 0.5480769230769231 0.004807692307692308 0.009615384615384616
3 0.45072115384615385 0.5492788461538461 0.002403846153846154 0.007211538461538462
3 0.7824519230769231 0.4963942307692308 0.002403846153846154 0.007211538461538462
23 0.453125 0.5492788461538461 0.002403846153846154 0.007211538461538462
3 0.6526442307692307 0.5180288461538461 0.002403846153846154 0.007211538461538462
23 0.6550480769230769 0.515625 0.002403846153846154 0.007211538461538462
3 0.6514423076923077 0.5168269230769231 0.004807692307692308 0.009615384615384616
3 0.7848557692307693 0.4963942307692308 0.002403846153846154 0.007211538461538462
23 0.7872596153846154 0.4963942307692308 0.002403846153846154 0.007211538461538462
23 0.7944711538461539 0.49399038461538464 0.002403846153846154 0.007211538461538462
3 0.7908653846153846 0.4951923076923077 0.004807692307692308 0.009615384615384616
3 0.41586538461538464 0.5552884615384616 0.004807692307692308 0.004807692307692308
3 0.4206730769230769 0.5528846153846154 0.004807692307692308 0.004807692307692308
3 0.6177884615384616 0.5216346153846154 0.004807692307692308 0.004807692307692308
23 0.8040865384615384 0.49278846153846156 0.002403846153846154 0.004807692307692308
23 0.8064903846153846 0.49158653846153844 0.002403846153846154 0.007211538461538462
3 0.6225961538461539 0.5216346153846154 0.004807692307692308 0.004807692307692308
3 0.8016826923076923 0.49399038461538464 0.002403846153846154 0.007211538461538462
3 0.4831730769230769 0.5456730769230769 0.004807692307692308 0.004807692307692308
3 0.4879807692307692 0.5432692307692307 0.004807692307692308 0.004807692307692308
3 0.5504807692307693 0.5336538461538461 0.004807692307692308 0.004807692307692308
3 0.5552884615384616 0.5336538461538461 0.004807692307692308 0.004807692307692308
3 0.7740384615384616 0.5 0.004807692307692308 0.004807692307692308
3 0.8173076923076923 0.49278846153846156 0.004807692307692308 0.004807692307692308
3 0.8245192307692307 0.49158653846153844 0.004807692307692308 0.002403846153846154
3 0.7019230769230769 0.5108173076923077 0.004807692307692308 0.002403846153846154