14 0.30528846153846156 0.42427884615384615 0.04807692307692308 0.016826923076923076
15 0.30528846153846156 0.37740384615384615 0.02403846153846154 0.009615384615384616
23 0.31971153846153844 0.5180288461538461 0.009615384615384616 0.026442307692307692
23 0.31971153846153844 0.44711538461538464 0.038461538461538464 0.004807692307692308
23 0.32091346153846156 0.4495192307692308 0.036057692307692304 0.004807692307692308
23 0.32211538461538464 0.4567307692307692 0.038461538461538464 0.004807692307692308
23 0.32211538461538464 0.4639423076923077 0.038461538461538464 0.004807692307692308
23 0.32091346153846156 0.45913461538461536 0.036057692307692304 0.004807692307692308
23 0.32091346153846156 0.4423076923076923 0.036057692307692304 0.004807692307692308
23 0.32572115384615385 0.515625 0.007211538461538462 0.026442307692307692
23 0.3329326923076923 0.5144230769230769 0.007211538461538462 0.02403846153846154
15 0.33533653846153844 0.4951923076923077 0.026442307692307692 0.009615384615384616
14 0.33653846153846156 0.47836538461538464 0.04807692307692308 0.019230769230769232
15 0.33413461538461536 0.26802884615384615 0.014423076923076924 0.021634615384615384
15 0.33653846153846156 0.39663461538461536 0.014423076923076924 0.014423076923076924
23 0.3401442307692308 0.5168269230769231 0.007211538461538462 0.014423076923076924
23 0.34134615384615385 0.5420673076923077 0.009615384615384616 0.026442307692307692
23 0.3425480769230769 0.5697115384615384 0.007211538461538462 0.019230769230769232
14 0.3401442307692308 0.33533653846153844 0.13701923076923078 0.036057692307692304
15 0.34134615384615385 0.2980769230769231 0.014423076923076924 0.019230769230769232
23 0.3449519230769231 0.5144230769230769 0.007211538461538462 0.014423076923076924
14 0.34134615384615385 0.23076923076923078 0.052884615384615384 0.014423076923076924
23 0.3485576923076923 0.5408653846153846 0.009615384615384616 0.028846153846153848
23 0.3485576923076923 0.26802884615384615 0.009615384615384616 0.021634615384615384
15 0.35096153846153844 0.45552884615384615 0.014423076923076924 0.016826923076923076
3 0.3557692307692308 0.5697115384615384 0.004807692307692308 0.019230769230769232
23 0.3557692307692308 0.5408653846153846 0.009615384615384616 0.028846153846153848
23 0.35336538461538464 0.2668269230769231 0.004807692307692308 0.019230769230769232
3 0.3605769230769231 0.5396634615384616 0.009615384615384616 0.021634615384615384
23 0.3629807692307692 0.2668269230769231 0.009615384615384616 0.019230769230769232
23 0.36899038461538464 0.5432692307692307 0.007211538461538462 0.014423076923076924
23 0.36899038461538464 0.5709134615384616 0.007211538461538462 0.021634615384615384
15 0.36778846153846156 0.515625 0.02403846153846154 0.007211538461538462
23 0.3701923076923077 0.2668269230769231 0.004807692307692308 0.019230769230769232
3 0.37259615384615385 0.4951923076923077 0.028846153846153848 0.004807692307692308
23 0.37259615384615385 0.4579326923076923 0.009615384615384616 0.026442307692307692
23 0.3762019230769231 0.5 0.03125 0.004807692307692308
23 0.37740384615384615 0.2668269230769231 0.004807692307692308 0.02403846153846154
23 0.38221153846153844 0.23557692307692307 0.004807692307692308 0.019230769230769232
23 0.38341346153846156 0.265625 0.007211538461538462 0.016826923076923076
3 0.3858173076923077 0.47596153846153844 0.01201923076923077 0.019230769230769232
3 0.3894230769230769 0.5456730769230769 0.009615384615384616 0.02403846153846154
14 0.38461538461538464 0.30408653846153844 0.057692307692307696 0.016826923076923076
14 0.3894230769230769 0.42427884615384615 0.08653846153846154 0.03125
23 0.3894230769230769 0.3894230769230769 0.009615384615384616 0.028846153846153848
23 0.3870192307692308 0.23677884615384615 0.009615384615384616 0.016826923076923076
23 0.3894230769230769 0.26802884615384615 0.009615384615384616 0.016826923076923076
23 0.3954326923076923 0.26802884615384615 0.007211538461538462 0.016826923076923076
23 0.39663461538461536 0.3894230769230769 0.004807692307692308 0.02403846153846154
23 0.39663461538461536 0.234375 0.009615384615384616 0.016826923076923076
23 0.4014423076923077 0.47716346153846156 0.009615384615384616 0.026442307692307692
23 0.4026442307692308 0.2668269230769231 0.007211538461538462 0.014423076923076924
23 0.4050480769230769 0.3870192307692308 0.007211538461538462 0.02403846153846154
23 0.4074519230769231 0.47716346153846156 0.007211538461538462 0.026442307692307692
23 0.4098557692307692 0.2668269230769231 0.007211538461538462 0.014423076923076924
23 0.41466346153846156 0.47836538461538464 0.007211538461538462 0.02403846153846154
15 0.4182692307692308 0.3389423076923077 0.014423076923076924 0.019230769230769232
23 0.4170673076923077 0.2644230769230769 0.007211538461538462 0.019230769230769232
14 0.421875 0.53125 0.04567307692307692 0.019230769230769232
14 0.4206730769230769 0.5096153846153846 0.038461538461538464 0.014423076923076924
14 0.42427884615384615 0.5721153846153846 0.05048076923076923 0.014423076923076924
15 0.43990384615384615 0.4230769230769231 0.014423076923076924 0.019230769230769232
23 0.4411057692307692 0.4543269230769231 0.01201923076923077 0.02403846153846154
14 0.44711538461538464 0.4855769230769231 0.02403846153846154 0.019230769230769232
23 0.4543269230769231 0.53125 0.009615384615384616 0.02403846153846154
23 0.4579326923076923 0.5649038461538461 0.007211538461538462 0.028846153846153848
23 0.4639423076923077 0.5661057692307693 0.009615384615384616 0.026442307692307692
15 0.46634615384615385 0.35336538461538464 0.014423076923076924 0.019230769230769232
23 0.46875 0.5072115384615384 0.009615384615384616 0.028846153846153848
23 0.46875 0.5661057692307693 0.009615384615384616 0.026442307692307692
15 0.46875 0.5408653846153846 0.014423076923076924 0.019230769230769232
15 0.4951923076923077 0.4807692307692308 0.014423076923076924 0.019230769230769232
23 0.5132211538461539 0.5 0.036057692307692304 0.009615384615384616
28 0.5180288461538461 0.3605769230769231 0.07451923076923077 0.052884615384615384
28 0.5216346153846154 0.4375 0.07692307692307693 0.052884615384615384
28 0.5264423076923077 0.546875 0.07692307692307693 0.05048076923076923
14 0.5528846153846154 0.4831730769230769 0.04807692307692308 0.014423076923076924
23 0.5588942307692307 0.5 0.036057692307692304 0.004807692307692308
15 0.5769230769230769 0.5600961538461539 0.009615384615384616 0.019230769230769232
15 0.578125 0.5336538461538461 0.01201923076923077 0.019230769230769232
23 0.5817307692307693 0.43028846153846156 0.009615384615384616 0.02403846153846154
23 0.5817307692307693 0.4579326923076923 0.009615384615384616 0.026442307692307692
15 0.5961538461538461 0.5072115384615384 0.014423076923076924 0.019230769230769232
15 0.5961538461538461 0.42908653846153844 0.014423076923076924 0.016826923076923076
15 0.5973557692307693 0.4567307692307692 0.01201923076923077 0.019230769230769232
15 0.5997596153846154 0.4831730769230769 0.01201923076923077 0.019230769230769232
14 0.6141826923076923 0.34975961538461536 0.04567307692307692 0.06490384615384616
15 0.6153846153846154 0.3112980769230769 0.028846153846153848 0.007211538461538462
14 0.6201923076923077 0.5324519230769231 0.04807692307692308 0.016826923076923076
14 0.6201923076923077 0.5600961538461539 0.052884615384615384 0.019230769230769232
14 0.625 0.39903846153846156 0.052884615384615384 0.014423076923076924
23 0.625 0.41225961538461536 0.038461538461538464 0.007211538461538462
23 0.6298076923076923 0.4855769230769231 0.03365384615384615 0.004807692307692308
14 0.6322115384615384 0.5072115384615384 0.04807692307692308 0.019230769230769232
14 0.6322115384615384 0.42788461538461536 0.04807692307692308 0.014423076923076924
14 0.6334134615384616 0.45552884615384615 0.05048076923076923 0.016826923076923076
23 0.65625 0.36538461538461536 0.009615384615384616 0.028846153846153848
23 0.6586538461538461 0.3112980769230769 0.009615384615384616 0.026442307692307692
23 0.6586538461538461 0.24759615384615385 0.009615384615384616 0.028846153846153848
23 0.2644230769230769 0.4543269230769231 0.009615384615384616 0.02403846153846154
23 0.2704326923076923 0.4807692307692308 0.007211538461538462 0.019230769230769232
15 0.27884615384615385 0.5721153846153846 0.014423076923076924 0.019230769230769232
23 0.2800480769230769 0.48197115384615385 0.007211538461538462 0.021634615384615384
23 0.2824519230769231 0.5264423076923077 0.04567307692307692 0.009615384615384616
23 0.28125 0.53125 0.04326923076923077 0.004807692307692308
23 0.28365384615384615 0.5408653846153846 0.03365384615384615 0.004807692307692308
23 0.28365384615384615 0.5360576923076923 0.04326923076923077 0.004807692307692308
23 0.2860576923076923 0.48197115384615385 0.004807692307692308 0.016826923076923076
23 0.28365384615384615 0.45552884615384615 0.004807692307692308 0.01201923076923077
23 0.28725961538461536 0.5456730769230769 0.036057692307692304 0.004807692307692308
3 0.29086538461538464 0.4543269230769231 0.004807692307692308 0.009615384615384616
15 0.2956730769230769 0.4807692307692308 0.014423076923076924 0.019230769230769232
14 0.2956730769230769 0.2692307692307692 0.057692307692307696 0.019230769230769232
23 0.2980769230769231 0.36899038461538464 0.038461538461538464 0.007211538461538462
14 0.296875 0.2980769230769231 0.055288461538461536 0.019230769230769232
14 0.3016826923076923 0.39903846153846156 0.05048076923076923 0.019230769230769232