3 0.7463942307692307 0.46153846153846156 0.002403846153846154 0.004807692307692308
3 0.765625 0.46033653846153844 0.002403846153846154 0.007211538461538462
3 0.7151442307692307 0.46634615384615385 0.002403846153846154 0.004807692307692308
3 0.6983173076923077 0.4675480769230769 0.002403846153846154 0.007211538461538462
3 0.640625 0.4723557692307692 0.002403846153846154 0.007211538461538462
3 0.7295673076923077 0.4639423076923077 0.002403846153846154 0.004807692307692308
3 0.6213942307692307 0.47475961538461536 0.002403846153846154 0.007211538461538462
3 0.5925480769230769 0.47836538461538464 0.002403846153846154 0.004807692307692308
3 0.5757211538461539 0.48197115384615385 0.002403846153846154 0.007211538461538462
3 0.4963942307692308 0.4879807692307692 0.002403846153846154 0.004807692307692308
3 0.515625 0.48677884615384615 0.002403846153846154 0.007211538461538462
3 0.45072115384615385 0.4963942307692308 0.002403846153846154 0.007211538461538462
3 0.39302884615384615 0.5024038461538461 0.002403846153846154 0.004807692307692308
3 0.3737980769230769 0.5024038461538461 0.002403846153846154 0.004807692307692308
3 0.4795673076923077 0.4951923076923077 0.002403846153846154 0.004807692307692308
3 0.3425480769230769 0.5072115384615384 0.002403846153846154 0.004807692307692308
3 0.3269230769230769 0.5096153846153846 0.004807692307692308 0.004807692307692308
3 0.26802884615384615 0.5144230769230769 0.002403846153846154 0.004807692307692308
3 0.24879807692307693 0.5168269230769231 0.002403846153846154 0.004807692307692308
3 0.35697115384615385 0.5072115384615384 0.002403846153846154 0.004807692307692308
3 0.21995192307692307 0.5216346153846154 0.002403846153846154 0.004807692307692308
3 0.234375 0.5216346153846154 0.002403846153846154 0.004807692307692308
3 0.20192307692307693 0.5276442307692307 0.004807692307692308 0.007211538461538462
3 0.6454326923076923 0.49158653846153844 0.002403846153846154 0.007211538461538462
23 0.49158653846153844 0.5132211538461539 0.002403846153846154 0.007211538461538462
23 0.4891826923076923 0.5132211538461539 0.002403846153846154 0.007211538461538462
23 0.49399038461538464 0.5132211538461539 0.002403846153846154 0.007211538461538462
23 0.4963942307692308 0.5132211538461539 0.002403846153846154 0.007211538461538462
23 0.4795673076923077 0.5144230769230769 0.002403846153846154 0.004807692307692308
23 0.47716346153846156 0.5144230769230769 0.002403846153846154 0.004807692307692308
23 0.47475961538461536 0.5144230769230769 0.002403846153846154 0.004807692307692308
23 0.46875 0.515625 0.004807692307692308 0.007211538461538462
23 0.48197115384615385 0.5132211538461539 0.002403846153846154 0.007211538461538462
23 0.48677884615384615 0.5144230769230769 0.002403846153846154 0.004807692307692308
23 0.4723557692307692 0.5144230769230769 0.002403846153846154 0.004807692307692308
6 0.7367788461538461 0.4951923076923077 0.05048076923076923 0.02403846153846154
6 0.6646634615384616 0.5024038461538461 0.055288461538461536 0.02403846153846154
23 0.26322115384615385 0.5408653846153846 0.002403846153846154 0.004807692307692308
23 0.2608173076923077 0.5432692307692307 0.002403846153846154 0.004807692307692308
23 0.25841346153846156 0.5420673076923077 0.002403846153846154 0.007211538461538462
23 0.2536057692307692 0.5420673076923077 0.002403846153846154 0.007211538461538462
23 0.2512019230769231 0.5420673076923077 0.002403846153846154 0.007211538461538462
23 0.24879807692307693 0.5420673076923077 0.002403846153846154 0.007211538461538462
23 0.2439903846153846 0.5444711538461539 0.002403846153846154 0.007211538461538462
23 0.24158653846153846 0.5456730769230769 0.002403846153846154 0.009615384615384616
23 0.234375 0.5456730769230769 0.002403846153846154 0.004807692307692308
23 0.22716346153846154 0.5456730769230769 0.002403846153846154 0.004807692307692308
23 0.23918269230769232 0.5456730769230769 0.002403846153846154 0.004807692307692308
6 0.28846153846153844 0.5444711538461539 0.038461538461538464 0.021634615384615384