2 0.734375 0.43978658536585363 0.002029220779220779 0.007621951219512195
22 0.7377232142857143 0.43978658536585363 0.002232142857142857 0.008231707317073171
22 0.7406655844155844 0.4400914634146341 0.002435064935064935 0.008231707317073171
2 0.7434050324675324 0.4402439024390244 0.003043831168831169 0.007317073170731708
2 0.653510551948052 0.4452743902439024 0.005478896103896104 0.0125
2 0.6471185064935064 0.4455792682926829 0.005275974025974026 0.011890243902439025
12 0.338575487012987 0.4478658536585366 0.006696428571428571 0.009146341463414634
12 0.3450689935064935 0.4478658536585366 0.006290584415584416 0.009146341463414634
2 0.734476461038961 0.4478658536585366 0.002232142857142857 0.007317073170731708
22 0.7407670454545454 0.4480182926829268 0.002637987012987013 0.00701219512195122
12 0.31929788961038963 0.4481707317073171 0.006290584415584416 0.009146341463414634
12 0.3320819805194805 0.4481707317073171 0.006696428571428571 0.009146341463414634
22 0.30823863636363635 0.4483231707317073 0.002435064935064935 0.008841463414634146
22 0.31077516233766234 0.44847560975609757 0.002232142857142857 0.00853658536585366
22 0.31290584415584416 0.44847560975609757 0.0016233766233766235 0.007317073170731708
12 0.32589285714285715 0.44847560975609757 0.006493506493506494 0.00975609756097561
22 0.7375202922077922 0.44847560975609757 0.002637987012987013 0.007317073170731708
2 0.42096185064935066 0.45121951219512196 0.0034496753246753245 0.01097560975609756
2 0.42562905844155846 0.45182926829268294 0.0034496753246753245 0.01097560975609756
2 0.41497564935064934 0.4535060975609756 0.002435064935064935 0.0064024390243902435
2 0.4120332792207792 0.4538109756097561 0.002637987012987013 0.00701219512195122
2 0.4174107142857143 0.4538109756097561 0.002435064935064935 0.007621951219512195
22 0.6599025974025974 0.4548780487804878 0.002029220779220779 0.006097560975609756
2 0.7138798701298701 0.45503048780487804 0.0036525974025974025 0.011280487804878048
22 0.6629464285714286 0.4551829268292683 0.002029220779220779 0.007926829268292683
2 0.718648538961039 0.4551829268292683 0.003043831168831169 0.01097560975609756
2 0.3325892857142857 0.4554878048780488 0.00487012987012987 0.003048780487804878
2 0.802252435064935 0.455640243902439 0.0038555194805194805 0.011280487804878048
22 0.3158482142857143 0.4557926829268293 0.005073051948051948 0.00426829268292683
2 0.734577922077922 0.4557926829268293 0.002840909090909091 0.00853658536585366
2 0.7976866883116883 0.4560975609756098 0.003246753246753247 0.01097560975609756
22 0.30773133116883117 0.45640243902439026 0.005073051948051948 0.003658536585365854
22 0.6415381493506493 0.45640243902439026 0.0034496753246753245 0.00853658536585366
22 0.7375202922077922 0.4565548780487805 0.002637987012987013 0.008231707317073171
2 0.3405032467532468 0.45670731707317075 0.0036525974025974025 0.003048780487804878
2 0.7102272727272727 0.45701219512195124 0.002029220779220779 0.00853658536585366
2 0.7076907467532467 0.4576219512195122 0.002232142857142857 0.007926829268292683
2 0.7913961038961039 0.45777439024390243 0.002840909090909091 0.007621951219512195
2 0.7940340909090909 0.4579268292682927 0.002435064935064935 0.007926829268292683
2 0.3324878246753247 0.4583841463414634 0.004261363636363636 0.00274390243902439
22 0.3157467532467532 0.45929878048780487 0.005275974025974026 0.00274390243902439
22 0.7242288961038961 0.45960365853658536 0.00487012987012987 0.0039634146341463415
2 0.3404017857142857 0.45975609756097563 0.004261363636363636 0.003048780487804878
22 0.30773133116883117 0.45990853658536585 0.005478896103896104 0.003353658536585366
2 0.33238636363636365 0.4611280487804878 0.0036525974025974025 0.00274390243902439
22 0.703226461038961 0.4614329268292683 0.004667207792207792 0.00274390243902439
2 0.36992694805194803 0.46234756097560975 0.004058441558441558 0.00274390243902439
22 0.35247564935064934 0.46265243902439024 0.005681818181818182 0.0039634146341463415
22 0.3157467532467532 0.4632621951219512 0.005275974025974026 0.003353658536585366
2 0.734577922077922 0.4638719512195122 0.002435064935064935 0.008231707317073171
22 0.30773133116883117 0.46432926829268295 0.005073051948051948 0.00426829268292683
2 0.6627435064935064 0.46432926829268295 0.002029220779220779 0.007926829268292683
22 0.7375202922077922 0.46432926829268295 0.002637987012987013 0.007317073170731708
22 0.6598011363636364 0.46463414634146344 0.002232142857142857 0.006707317073170732
22 0.6415381493506493 0.46478658536585366 0.002232142857142857 0.00701219512195122
2 0.3700284090909091 0.4649390243902439 0.0038555194805194805 0.003048780487804878
22 0.6384943181818182 0.4649390243902439 0.002232142857142857 0.006707317073170732
22 0.3523741883116883 0.46646341463414637 0.005478896103896104 0.00426829268292683
12 0.36424512987012986 0.4666158536585366 0.004464285714285714 0.009451219512195122
22 0.3157467532467532 0.46676829268292686 0.005275974025974026 0.00426829268292683
2 0.37023133116883117 0.46783536585365854 0.0038555194805194805 0.00274390243902439
22 0.3769277597402597 0.46783536585365854 0.002232142857142857 0.0064024390243902435
22 0.3078327922077922 0.4679878048780488 0.005275974025974026 0.003658536585365854
22 0.7018060064935064 0.4679878048780488 0.002232142857142857 0.007317073170731708
22 0.7046469155844156 0.468140243902439 0.002637987012987013 0.008231707317073171
22 0.3743912337662338 0.4682926829268293 0.002029220779220779 0.007317073170731708
22 0.7254464285714286 0.4685975609756098 0.002029220779220779 0.00853658536585366
22 0.7230113636363636 0.46875 0.002840909090909091 0.008841463414634146
22 0.8065137987012987 0.4689024390243902 0.0018262987012987013 0.00853658536585366
13 0.4195413961038961 0.4690548780487805 0.0034496753246753245 0.009451219512195122
22 0.7859172077922078 0.4690548780487805 0.002029220779220779 0.00701219512195122
22 0.7885551948051948 0.4692073170731707 0.002435064935064935 0.006707317073170732
22 0.8092532467532467 0.4692073170731707 0.002029220779220779 0.007926829268292683
22 0.40645292207792205 0.4698170731707317 0.002435064935064935 0.006707317073170732
2 0.6984577922077922 0.46996951219512195 0.0036525974025974025 0.0125
2 0.729200487012987 0.46996951219512195 0.0038555194805194805 0.010670731707317074
2 0.40381493506493504 0.47012195121951217 0.002840909090909091 0.007317073170731708
2 0.3700284090909091 0.47057926829268293 0.004261363636363636 0.003353658536585366
2 0.8128043831168831 0.47103658536585363 0.0038555194805194805 0.01097560975609756
2 0.7824675324675324 0.4714939024390244 0.004058441558441558 0.011890243902439025
2 0.7346793831168831 0.47210365853658537 0.002637987012987013 0.008231707317073171
22 0.3079342532467532 0.47271341463414634 0.00588474025974026 0.0039634146341463415
14 0.3937702922077922 0.47286585365853656 0.00872564935064935 0.014634146341463415
22 0.7375202922077922 0.47286585365853656 0.002637987012987013 0.007926829268292683
2 0.3700284090909091 0.47347560975609754 0.004261363636363636 0.0024390243902439024
2 0.7435064935064936 0.4739329268292683 0.006087662337662338 0.013109756097560975
2 0.4152800324675325 0.47484756097560976 0.002232142857142857 0.007621951219512195
22 0.3079342532467532 0.47621951219512193 0.00588474025974026 0.003048780487804878
2 0.3700284090909091 0.4763719512195122 0.004261363636363636 0.00274390243902439
2 0.31554383116883117 0.4765243902439024 0.002029220779220779 0.00548780487804878
2 0.31726866883116883 0.4765243902439024 0.0018262987012987013 0.006097560975609756
14 0.7139813311688312 0.4768292682926829 0.007102272727272727 0.02378048780487805
12 0.6375811688311688 0.47759146341463415 0.002840909090909091 0.009451219512195122
2 0.6347402597402597 0.47774390243902437 0.002029220779220779 0.00975609756097561
2 0.640422077922078 0.47774390243902437 0.002840909090909091 0.009146341463414634
2 0.6285511363636364 0.47789634146341464 0.002232142857142857 0.008841463414634146
12 0.3643465909090909 0.47820121951219513 0.004667207792207792 0.009451219512195122
12 0.6312905844155844 0.47820121951219513 0.002840909090909091 0.008841463414634146
12 0.6255073051948052 0.47835365853658535 0.003043831168831169 0.007926829268292683
22 0.3742897727272727 0.4789634146341463 0.002232142857142857 0.007926829268292683
2 0.37662337662337664 0.4791158536585366 0.002435064935064935 0.00701219512195122
22 0.3804788961038961 0.4791158536585366 0.002435064935064935 0.00701219512195122
2 0.38301542207792205 0.4791158536585366 0.002232142857142857 0.00701219512195122
2 0.3700284090909091 0.4792682926829268 0.004667207792207792 0.0024390243902439024
2 0.6167816558441559 0.4801829268292683 0.0034496753246753245 0.012195121951219513
2 0.6210430194805194 0.48033536585365855 0.0034496753246753245 0.011280487804878048
2 0.7347808441558441 0.48079268292682925 0.002840909090909091 0.00853658536585366
22 0.7374188311688312 0.48079268292682925 0.002840909090909091 0.00853658536585366
22 0.3081371753246753 0.4817073170731707 0.00588474025974026 0.00426829268292683
2 0.37023133116883117 0.481859756097561 0.004261363636363636 0.00274390243902439
22 0.3158482142857143 0.4820121951219512 0.005478896103896104 0.003658536585365854
2 0.43506493506493504 0.4836890243902439 0.002840909090909091 0.011280487804878048
2 0.4447037337662338 0.4836890243902439 0.002637987012987013 0.010670731707317074
22 0.7021103896103896 0.48384146341463413 0.002840909090909091 0.00853658536585366
22 0.7048498376623377 0.4839939024390244 0.002232142857142857 0.007621951219512195
22 0.7256493506493507 0.4841463414634146 0.002435064935064935 0.009146341463414634
22 0.7228084415584416 0.4842987804878049 0.002029220779220779 0.008231707317073171
22 0.7883522727272727 0.4842987804878049 0.002029220779220779 0.008231707317073171
22 0.7855113636363636 0.4844512195121951 0.0016233766233766235 0.007317073170731708
22 0.8067167207792207 0.4847560975609756 0.002232142857142857 0.009146341463414634
22 0.3080357142857143 0.4850609756097561 0.006087662337662338 0.00426829268292683
22 0.8093547077922078 0.48521341463414636 0.002232142857142857 0.008231707317073171
2 0.37012987012987014 0.4853658536585366 0.00487012987012987 0.003658536585365854
13 0.43841314935064934 0.48567073170731706 0.002232142857142857 0.00853658536585366
22 0.3158482142857143 0.48582317073170733 0.005478896103896104 0.003353658536585366
2 0.4264407467532468 0.48597560975609755 0.0018262987012987013 0.006097560975609756
2 0.43141233766233766 0.4861280487804878 0.002840909090909091 0.0064024390243902435
2 0.42877435064935066 0.4865853658536585 0.002435064935064935 0.007317073170731708
2 0.6984577922077922 0.4865853658536585 0.003246753246753247 0.01097560975609756
2 0.4411525974025974 0.486890243902439 0.002435064935064935 0.007317073170731708
2 0.8129058441558441 0.486890243902439 0.004058441558441558 0.012195121951219513
2 0.729099025974026 0.4870426829268293 0.0036525974025974025 0.0125
2 0.7438108766233766 0.4873475609756098 0.00588474025974026 0.013109756097560975
14 0.3352272727272727 0.48765243902439026 0.024756493506493508 0.036280487804878046
2 0.7824675324675324 0.48765243902439026 0.0036525974025974025 0.011280487804878048
2 0.37012987012987014 0.48826219512195124 0.00487012987012987 0.00274390243902439
2 0.7348823051948052 0.4888719512195122 0.002637987012987013 0.008841463414634146
12 0.3640422077922078 0.4893292682926829 0.004464285714285714 0.00975609756097561
22 0.7375202922077922 0.4893292682926829 0.002637987012987013 0.007926829268292683
22 0.3080357142857143 0.4896341463414634 0.005681818181818182 0.00426829268292683
22 0.723823051948052 0.49039634146341465 0.005275974025974026 0.003353658536585366
2 0.3153409090909091 0.49054878048780487 0.002029220779220779 0.004878048780487805
2 0.3171672077922078 0.49054878048780487 0.002029220779220779 0.00426829268292683
2 0.37012987012987014 0.49070121951219514 0.004058441558441558 0.00274390243902439
2 0.37012987012987014 0.49314024390243905 0.004058441558441558 0.003353658536585366
22 0.30762987012987014 0.49359756097560975 0.005275974025974026 0.003658536585365854
2 0.3676948051948052 0.49588414634146344 0.003246753246753247 0.002134146341463415
22 0.3157467532467532 0.4969512195121951 0.00487012987012987 0.003048780487804878
2 0.43506493506493504 0.49801829268292686 0.002029220779220779 0.008231707317073171
2 0.43242694805194803 0.49817073170731707 0.002840909090909091 0.007926829268292683
22 0.30762987012987014 0.49847560975609756 0.005681818181818182 0.003658536585365854
2 0.3676948051948052 0.49862804878048783 0.003246753246753247 0.00274390243902439
2 0.4388189935064935 0.4992378048780488 0.004261363636363636 0.011280487804878048
12 0.36181006493506496 0.5 0.004464285714285714 0.00975609756097561
2 0.36759334415584416 0.5010670731707317 0.0038555194805194805 0.002134146341463415
22 0.3080357142857143 0.5021341463414634 0.005681818181818182 0.003658536585365854
22 0.3156452922077922 0.5021341463414634 0.005478896103896104 0.003658536585365854
2 0.36749188311688313 0.5038109756097561 0.003246753246753247 0.003353658536585366
2 0.3083400974025974 0.5057926829268292 0.00588474025974026 0.003658536585365854
22 0.3159496753246753 0.5057926829268292 0.005275974025974026 0.003048780487804878
2 0.367288961038961 0.5076219512195121 0.0036525974025974025 0.0024390243902439024
22 0.3159496753246753 0.5094512195121951 0.00487012987012987 0.0024390243902439024
22 0.30773133116883117 0.5099085365853658 0.005478896103896104 0.003353658536585366
2 0.3676948051948052 0.510060975609756 0.0036525974025974025 0.003048780487804878
12 0.3614042207792208 0.5117378048780488 0.004464285714285714 0.009451219512195122
2 0.36739042207792205 0.5126524390243903 0.0034496753246753245 0.002134146341463415
2 0.3715503246753247 0.5128048780487805 0.002435064935064935 0.007317073170731708
22 0.3765219155844156 0.5128048780487805 0.002232142857142857 0.007317073170731708
2 0.37408685064935066 0.5129573170731707 0.002232142857142857 0.007621951219512195
22 0.3080357142857143 0.5135670731707317 0.005681818181818182 0.0039634146341463415
2 0.33299512987012986 0.5143292682926829 0.0016233766233766235 0.00548780487804878
2 0.3346185064935065 0.5144817073170732 0.0016233766233766235 0.005182926829268293
2 0.3312702922077922 0.5146341463414634 0.0018262987012987013 0.006097560975609756
2 0.36759334415584416 0.5153963414634146 0.003043831168831169 0.00274390243902439
22 0.3080357142857143 0.5175304878048781 0.00487012987012987 0.003353658536585366
2 0.3679991883116883 0.5189024390243903 0.004667207792207792 0.0024390243902439024
2 0.3678977272727273 0.5216463414634146 0.00487012987012987 0.003048780487804878
12 0.33705357142857145 0.5219512195121951 0.006087662337662338 0.007317073170731708
12 0.3455762987012987 0.5221036585365854 0.006493506493506494 0.007621951219512195
12 0.3269074675324675 0.5222560975609756 0.005681818181818182 0.007317073170731708
12 0.36160714285714285 0.5230182926829269 0.00487012987012987 0.009451219512195122
22 0.3111810064935065 0.5231707317073171 0.005478896103896104 0.003658536585365854
2 0.3677962662337662 0.5245426829268293 0.0034496753246753245 0.002134146341463415
2 0.3184862012987013 0.5254573170731708 0.002637987012987013 0.008231707317073171
22 0.3208198051948052 0.525609756097561 0.002435064935064935 0.007317073170731708
2 0.3111810064935065 0.5271341463414634 0.005478896103896104 0.00426829268292683
2 0.3678977272727273 0.5272865853658537 0.0036525974025974025 0.00274390243902439
2 0.35247564935064934 0.5294207317073171 0.002029220779220779 0.00701219512195122
2 0.32984983766233766 0.5303353658536586 0.002232142857142857 0.005182926829268293
2 0.328023538961039 0.5304878048780488 0.0018262987012987013 0.004878048780487805
2 0.34476461038961037 0.5304878048780488 0.002029220779220779 0.00426829268292683
2 0.32437094155844154 0.530640243902439 0.0018262987012987013 0.005182926829268293
2 0.3261972402597403 0.530640243902439 0.0018262987012987013 0.005182926829268293
2 0.34273538961038963 0.530640243902439 0.002029220779220779 0.004573170731707317
2 0.3398944805194805 0.5307926829268292 0.0016233766233766235 0.004878048780487805
2 0.33614042207792205 0.5309451219512196 0.0018262987012987013 0.005182926829268293
2 0.3380681818181818 0.5309451219512196 0.002029220779220779 0.005182926829268293
2 0.34801136363636365 0.5309451219512196 0.0016233766233766235 0.005182926829268293
2 0.3344155844155844 0.5310975609756098 0.002029220779220779 0.006097560975609756
2 0.346286525974026 0.53125 0.0014204545454545455 0.005182926829268293
2 0.5815746753246753 0.5359756097560976 0.002840909090909091 0.007317073170731708
22 0.5864448051948052 0.5361280487804878 0.002029220779220779 0.00701219512195122
2 0.2960633116883117 0.5364329268292682 0.002840909090909091 0.008231707317073171
2 0.3040787337662338 0.5364329268292682 0.002637987012987013 0.008231707317073171
22 0.3065137987012987 0.5364329268292682 0.002232142857142857 0.010060975609756098
2 0.5841112012987013 0.5364329268292682 0.002232142857142857 0.007621951219512195
22 0.2987012987012987 0.5365853658536586 0.002029220779220779 0.009146341463414634
2 0.3013392857142857 0.5367378048780488 0.002435064935064935 0.008231707317073171
22 0.5142045454545454 0.5375 0.002435064935064935 0.009146341463414634
2 0.5117694805194806 0.5376524390243902 0.002840909090909091 0.007621951219512195
2 0.5038555194805194 0.5378048780487805 0.002435064935064935 0.00975609756097561
22 0.5060876623376623 0.5378048780487805 0.002435064935064935 0.009146341463414634
2 0.5089285714285714 0.5378048780487805 0.002435064935064935 0.00853658536585366
2 0.31554383116883117 0.538109756097561 0.002435064935064935 0.00853658536585366
2 0.7698863636363636 0.538109756097561 0.006087662337662338 0.003048780487804878
2 0.3210227272727273 0.5382621951219512 0.002029220779220779 0.008231707317073171
2 0.7125608766233766 0.5382621951219512 0.002232142857142857 0.008231707317073171
12 0.31808035714285715 0.5384146341463415 0.002637987012987013 0.009146341463414634
2 0.7150974025974026 0.5384146341463415 0.002029220779220779 0.007926829268292683
22 0.7173295454545454 0.5384146341463415 0.002029220779220779 0.007317073170731708
22 0.31158685064935066 0.5385670731707317 0.002637987012987013 0.009451219512195122
22 0.30894886363636365 0.5387195121951219 0.0018262987012987013 0.009146341463414634
2 0.6983563311688312 0.5387195121951219 0.004667207792207792 0.003658536585365854
2 0.44125405844155846 0.5391768292682927 0.002637987012987013 0.008231707317073171
2 0.44368912337662336 0.5391768292682927 0.002637987012987013 0.007621951219512195
2 0.7801339285714286 0.5393292682926829 0.002232142857142857 0.007317073170731708
22 0.44622564935064934 0.5394817073170731 0.002840909090909091 0.007621951219512195
2 0.6472199675324676 0.5394817073170731 0.002232142857142857 0.00701219512195122
22 0.6496550324675324 0.5394817073170731 0.002232142857142857 0.007621951219512195
2 0.6448863636363636 0.5396341463414634 0.002029220779220779 0.007926829268292683
2 0.7825689935064936 0.5396341463414634 0.002232142857142857 0.007317073170731708
22 0.7852069805194806 0.5396341463414634 0.002232142857142857 0.007317073170731708
22 0.7910917207792207 0.5397865853658537 0.002232142857142857 0.00701219512195122
2 0.7884537337662337 0.5399390243902439 0.002232142857142857 0.007926829268292683
2 0.4077719155844156 0.5400914634146341 0.006290584415584416 0.005182926829268293
2 0.41314935064935066 0.5400914634146341 0.00487012987012987 0.005182926829268293
2 0.611810064935065 0.5400914634146341 0.00487012987012987 0.0039634146341463415
22 0.8014407467532467 0.5402439024390244 0.0018262987012987013 0.006097560975609756
22 0.8040787337662337 0.5402439024390244 0.002637987012987013 0.007317073170731708
2 0.6168831168831169 0.5403963414634146 0.005681818181818182 0.004573170731707317
2 0.799310064935065 0.5405487804878049 0.002435064935064935 0.007317073170731708
2 0.4753449675324675 0.5407012195121951 0.00588474025974026 0.0039634146341463415
2 0.48082386363636365 0.5407012195121951 0.005478896103896104 0.0039634146341463415
2 0.5437297077922078 0.5410060975609756 0.005478896103896104 0.0039634146341463415
2 0.549411525974026 0.5411585365853658 0.005073051948051948 0.00426829268292683
2 0.7697849025974026 0.5417682926829268 0.00588474025974026 0.003658536585365854
2 0.8154423701298701 0.541920731707317 0.004667207792207792 0.003353658536585366
2 0.8208198051948052 0.541920731707317 0.005275974025974026 0.00274390243902439
2 0.6982548701298701 0.5422256097560976 0.004464285714285714 0.00274390243902439