3 0.5480769230769231 0.8064903846153846 0.014423076923076924 0.007211538461538462
3 0.5480769230769231 0.8389423076923077 0.004807692307692308 0.004807692307692308
3 0.5360576923076923 0.7427884615384616 0.009615384615384616 0.004807692307692308
23 0.5480769230769231 0.8641826923076923 0.004807692307692308 0.002403846153846154
3 0.5444711538461539 0.8341346153846154 0.007211538461538462 0.004807692307692308
3 0.5168269230769231 0.6081730769230769 0.004807692307692308 0.004807692307692308
3 0.5444711538461539 0.8389423076923077 0.002403846153846154 0.004807692307692308
3 0.5360576923076923 0.78125 0.004807692307692308 0.004807692307692308
3 0.5336538461538461 0.7716346153846154 0.004807692307692308 0.004807692307692308
23 0.5432692307692307 0.8425480769230769 0.009615384615384616 0.002403846153846154
23 0.5432692307692307 0.8473557692307693 0.009615384615384616 0.002403846153846154
23 0.5396634615384616 0.8257211538461539 0.007211538461538462 0.002403846153846154
3 0.5336538461538461 0.78125 0.004807692307692308 0.004807692307692308
3 0.5408653846153846 0.8653846153846154 0.004807692307692308 0.004807692307692308
3 0.5096153846153846 0.6105769230769231 0.004807692307692308 0.009615384615384616
3 0.5216346153846154 0.7115384615384616 0.004807692307692308 0.004807692307692308
3 0.5288461538461539 0.7716346153846154 0.004807692307692308 0.009615384615384616
3 0.5180288461538461 0.703125 0.007211538461538462 0.002403846153846154
3 0.5192307692307693 0.7115384615384616 0.004807692307692308 0.004807692307692308
23 0.5168269230769231 0.6923076923076923 0.004807692307692308 0.004807692307692308
3 0.5360576923076923 0.8569711538461539 0.009615384615384616 0.002403846153846154
23 0.5144230769230769 0.6850961538461539 0.004807692307692308 0.004807692307692308
3 0.5096153846153846 0.6490384615384616 0.004807692307692308 0.004807692307692308
3 0.5288461538461539 0.7980769230769231 0.004807692307692308 0.004807692307692308
3 0.5276442307692307 0.7908653846153846 0.002403846153846154 0.004807692307692308
23 0.5120192307692307 0.6802884615384616 0.004807692307692308 0.004807692307692308
3 0.5144230769230769 0.6959134615384616 0.004807692307692308 0.002403846153846154
3 0.5144230769230769 0.6887019230769231 0.004807692307692308 0.002403846153846154
3 0.5336538461538461 0.8509615384615384 0.004807692307692308 0.009615384615384616
3 0.5360576923076923 0.8653846153846154 0.009615384615384616 0.004807692307692308
3 0.5120192307692307 0.6742788461538461 0.004807692307692308 0.002403846153846154
3 0.5060096153846154 0.640625 0.007211538461538462 0.002403846153846154
23 0.5120192307692307 0.6923076923076923 0.004807692307692308 0.004807692307692308
3 0.5072115384615384 0.6490384615384616 0.004807692307692308 0.004807692307692308
23 0.5240384615384616 0.7980769230769231 0.004807692307692308 0.004807692307692308
23 0.5096153846153846 0.6850961538461539 0.004807692307692308 0.004807692307692308
23 0.5240384615384616 0.7932692307692307 0.004807692307692308 0.004807692307692308
23 0.5264423076923077 0.8112980769230769 0.009615384615384616 0.002403846153846154
23 0.5096153846153846 0.6802884615384616 0.004807692307692308 0.004807692307692308
29 0.5228365384615384 0.8052884615384616 0.007211538461538462 0.004807692307692308
3 0.4963942307692308 0.5793269230769231 0.002403846153846154 0.004807692307692308
3 0.49759615384615385 0.5973557692307693 0.004807692307692308 0.002403846153846154
3 0.49759615384615385 0.6021634615384616 0.004807692307692308 0.002403846153846154
3 0.48197115384615385 0.47475961538461536 0.01201923076923077 0.007211538461538462
3 0.4639423076923077 0.34375 0.004807692307692308 0.004807692307692308
3 0.5288461538461539 0.8677884615384616 0.004807692307692308 0.004807692307692308
3 0.49158653846153844 0.5709134615384616 0.007211538461538462 0.002403846153846154
3 0.49158653846153844 0.5793269230769231 0.002403846153846154 0.004807692307692308
3 0.484375 0.5216346153846154 0.002403846153846154 0.004807692307692308
23 0.5168269230769231 0.8004807692307693 0.004807692307692308 0.004807692307692308
3 0.5240384615384616 0.8449519230769231 0.02403846153846154 0.01201923076923077
3 0.4807692307692308 0.5096153846153846 0.004807692307692308 0.004807692307692308
29 0.5168269230769231 0.7932692307692307 0.009615384615384616 0.004807692307692308
3 0.46153846153846156 0.35336538461538464 0.004807692307692308 0.009615384615384616
23 0.49278846153846156 0.609375 0.004807692307692308 0.002403846153846154
23 0.49158653846153844 0.6069711538461539 0.007211538461538462 0.002403846153846154
23 0.49158653846153844 0.6021634615384616 0.007211538461538462 0.002403846153846154
23 0.4879807692307692 0.5841346153846154 0.004807692307692308 0.004807692307692308
23 0.49038461538461536 0.5997596153846154 0.004807692307692308 0.002403846153846154
3 0.45913461538461536 0.34134615384615385 0.004807692307692308 0.009615384615384616
23 0.49038461538461536 0.5973557692307693 0.004807692307692308 0.002403846153846154
23 0.5072115384615384 0.75 0.004807692307692308 0.004807692307692308
23 0.4879807692307692 0.5925480769230769 0.004807692307692308 0.002403846153846154
3 0.4807692307692308 0.5216346153846154 0.004807692307692308 0.004807692307692308
3 0.5072115384615384 0.7403846153846154 0.004807692307692308 0.009615384615384616
23 0.5228365384615384 0.8689903846153846 0.007211538461538462 0.002403846153846154
29 0.5168269230769231 0.8100961538461539 0.009615384615384616 0.004807692307692308
3 0.5120192307692307 0.7860576923076923 0.009615384615384616 0.004807692307692308
3 0.5096153846153846 0.78125 0.009615384615384616 0.004807692307692308
3 0.4699519230769231 0.44711538461538464 0.002403846153846154 0.004807692307692308
29 0.5144230769230769 0.8028846153846154 0.004807692307692308 0.004807692307692308
3 0.47475961538461536 0.5108173076923077 0.007211538461538462 0.007211538461538462
3 0.515625 0.8377403846153846 0.01201923076923077 0.007211538461538462
23 0.484375 0.5841346153846154 0.002403846153846154 0.004807692307692308
23 0.5084134615384616 0.7776442307692307 0.007211538461538462 0.002403846153846154
3 0.5132211538461539 0.8305288461538461 0.01201923076923077 0.007211538461538462
3 0.4651442307692308 0.4423076923076923 0.007211538461538462 0.004807692307692308
3 0.46634615384615385 0.4495192307692308 0.004807692307692308 0.004807692307692308
23 0.48677884615384615 0.6225961538461539 0.002403846153846154 0.004807692307692308
3 0.4579326923076923 0.3894230769230769 0.002403846153846154 0.004807692307692308
3 0.4519230769230769 0.34134615384615385 0.004807692307692308 0.009615384615384616
23 0.48677884615384615 0.6310096153846154 0.007211538461538462 0.002403846153846154
3 0.48677884615384615 0.6286057692307693 0.007211538461538462 0.002403846153846154
3 0.4855769230769231 0.6189903846153846 0.004807692307692308 0.002403846153846154
3 0.49399038461538464 0.6995192307692307 0.002403846153846154 0.004807692307692308
23 0.5 0.75 0.004807692307692308 0.004807692307692308
3 0.515625 0.8605769230769231 0.002403846153846154 0.004807692307692308
3 0.4855769230769231 0.6165865384615384 0.004807692307692308 0.002403846153846154
3 0.49399038461538464 0.6923076923076923 0.002403846153846154 0.004807692307692308
23 0.5024038461538461 0.7692307692307693 0.004807692307692308 0.004807692307692308
3 0.5 0.7427884615384616 0.004807692307692308 0.009615384615384616
3 0.5048076923076923 0.796875 0.009615384615384616 0.002403846153846154
23 0.5132211538461539 0.8689903846153846 0.007211538461538462 0.002403846153846154
23 0.5072115384615384 0.8125 0.004807692307692308 0.004807692307692308
3 0.453125 0.3798076923076923 0.007211538461538462 0.004807692307692308
3 0.45552884615384615 0.3918269230769231 0.002403846153846154 0.004807692307692308
3 0.5048076923076923 0.8028846153846154 0.004807692307692308 0.004807692307692308
23 0.484375 0.625 0.002403846153846154 0.004807692307692308
7 0.5036057692307693 0.7932692307692307 0.01201923076923077 0.004807692307692308
7 0.5024038461538461 0.7944711538461539 0.009615384615384616 0.002403846153846154
3 0.44471153846153844 0.32211538461538464 0.004807692307692308 0.004807692307692308
7 0.49038461538461536 0.6995192307692307 0.004807692307692308 0.004807692307692308
3 0.49038461538461536 0.6959134615384616 0.004807692307692308 0.002403846153846154
7 0.4879807692307692 0.6899038461538461 0.004807692307692308 0.004807692307692308
23 0.4987980769230769 0.765625 0.007211538461538462 0.002403846153846154
3 0.49759615384615385 0.7692307692307693 0.004807692307692308 0.004807692307692308
23 0.4987980769230769 0.7752403846153846 0.007211538461538462 0.002403846153846154
3 0.49759615384615385 0.78125 0.004807692307692308 0.009615384615384616
3 0.4387019230769231 0.3125 0.007211538461538462 0.004807692307692308
3 0.43990384615384615 0.32211538461538464 0.004807692307692308 0.004807692307692308
3 0.5072115384615384 0.8605769230769231 0.004807692307692308 0.004807692307692308
23 0.47836538461538464 0.6274038461538461 0.004807692307692308 0.004807692307692308
3 0.5 0.8173076923076923 0.009615384615384616 0.004807692307692308
23 0.5012019230769231 0.8233173076923077 0.007211538461538462 0.002403846153846154
23 0.5012019230769231 0.828125 0.007211538461538462 0.002403846153846154
3 0.43149038461538464 0.2548076923076923 0.002403846153846154 0.004807692307692308
23 0.5048076923076923 0.8677884615384616 0.009615384615384616 0.004807692307692308
23 0.5 0.8149038461538461 0.009615384615384616 0.004807692307692308
3 0.43028846153846156 0.24759615384615385 0.004807692307692308 0.004807692307692308
3 0.49038461538461536 0.7596153846153846 0.004807692307692308 0.009615384615384616
3 0.4831730769230769 0.6899038461538461 0.004807692307692308 0.004807692307692308
3 0.49038461538461536 0.7451923076923077 0.004807692307692308 0.009615384615384616
23 0.4266826923076923 0.23918269230769232 0.007211538461538462 0.002403846153846154
3 0.5012019230769231 0.8449519230769231 0.01201923076923077 0.007211538461538462
3 0.4266826923076923 0.2548076923076923 0.002403846153846154 0.004807692307692308
23 0.4735576923076923 0.6298076923076923 0.004807692307692308 0.004807692307692308
3 0.49759615384615385 0.8389423076923077 0.009615384615384616 0.004807692307692308
23 0.4266826923076923 0.26322115384615385 0.007211538461538462 0.002403846153846154
23 0.49278846153846156 0.8016826923076923 0.009615384615384616 0.002403846153846154
23 0.4254807692307692 0.2608173076923077 0.004807692307692308 0.002403846153846154
3 0.4795673076923077 0.7007211538461539 0.01201923076923077 0.007211538461538462
3 0.49158653846153844 0.796875 0.007211538461538462 0.002403846153846154
3 0.4795673076923077 0.6959134615384616 0.01201923076923077 0.007211538461538462
23 0.49278846153846156 0.8197115384615384 0.004807692307692308 0.004807692307692308
23 0.44471153846153844 0.4266826923076923 0.004807692307692308 0.002403846153846154
23 0.44350961538461536 0.42908653846153844 0.007211538461538462 0.002403846153846154
3 0.49278846153846156 0.8245192307692307 0.004807692307692308 0.004807692307692308
13 0.4795673076923077 0.7079326923076923 0.007211538461538462 0.002403846153846154
23 0.44350961538461536 0.42427884615384615 0.007211538461538462 0.002403846153846154
3 0.43509615384615385 0.3641826923076923 0.004807692307692308 0.002403846153846154
23 0.4423076923076923 0.41947115384615385 0.004807692307692308 0.002403846153846154
23 0.46875 0.6298076923076923 0.004807692307692308 0.004807692307692308
23 0.4411057692307692 0.4170673076923077 0.007211538461538462 0.002403846153846154
3 0.43509615384615385 0.36177884615384615 0.004807692307692308 0.002403846153846154
23 0.4423076923076923 0.41466346153846156 0.004807692307692308 0.002403846153846154
3 0.43149038461538464 0.32572115384615385 0.007211538461538462 0.002403846153846154
23 0.4411057692307692 0.41225961538461536 0.007211538461538462 0.002403846153846154
23 0.49158653846153844 0.8293269230769231 0.007211538461538462 0.004807692307692308
3 0.42908653846153844 0.32091346153846156 0.007211538461538462 0.002403846153846154
3 0.42908653846153844 0.32211538461538464 0.007211538461538462 0.004807692307692308
23 0.43509615384615385 0.3701923076923077 0.004807692307692308 0.004807692307692308
23 0.4387019230769231 0.4074519230769231 0.007211538461538462 0.002403846153846154
23 0.43990384615384615 0.4098557692307692 0.004807692307692308 0.002403846153846154
3 0.41947115384615385 0.24879807692307693 0.01201923076923077 0.007211538461538462
3 0.42908653846153844 0.3137019230769231 0.007211538461538462 0.002403846153846154
23 0.4387019230769231 0.4026442307692308 0.007211538461538462 0.002403846153846154
3 0.42908653846153844 0.3161057692307692 0.007211538461538462 0.002403846153846154
3 0.42788461538461536 0.3112980769230769 0.004807692307692308 0.002403846153846154
23 0.4387019230769231 0.39783653846153844 0.007211538461538462 0.002403846153846154
23 0.4387019230769231 0.40024038461538464 0.007211538461538462 0.002403846153846154
3 0.4807692307692308 0.7451923076923077 0.004807692307692308 0.009615384615384616
3 0.42788461538461536 0.30408653846153844 0.004807692307692308 0.002403846153846154
14 0.43149038461538464 0.34975961538461536 0.026442307692307692 0.021634615384615384
3 0.42788461538461536 0.3088942307692308 0.004807692307692308 0.002403846153846154
23 0.4362980769230769 0.38822115384615385 0.007211538461538462 0.002403846153846154
23 0.4362980769230769 0.39302884615384615 0.007211538461538462 0.002403846153846154
23 0.4855769230769231 0.7908653846153846 0.004807692307692308 0.004807692307692308
23 0.4362980769230769 0.390625 0.007211538461538462 0.002403846153846154
3 0.42427884615384615 0.3016826923076923 0.007211538461538462 0.002403846153846154
29 0.43509615384615385 0.37740384615384615 0.009615384615384616 0.004807692307692308
3 0.42427884615384615 0.29927884615384615 0.007211538461538462 0.002403846153846154
3 0.42427884615384615 0.2920673076923077 0.007211538461538462 0.002403846153846154
3 0.42427884615384615 0.29447115384615385 0.007211538461538462 0.002403846153846154
3 0.42427884615384615 0.28966346153846156 0.007211538461538462 0.002403846153846154
3 0.4230769230769231 0.28725961538461536 0.004807692307692308 0.002403846153846154
3 0.42788461538461536 0.33653846153846156 0.004807692307692308 0.004807692307692308
3 0.4879807692307692 0.8245192307692307 0.004807692307692308 0.004807692307692308
23 0.46274038461538464 0.6322115384615384 0.002403846153846154 0.004807692307692308
3 0.4807692307692308 0.7752403846153846 0.014423076923076924 0.007211538461538462
3 0.4795673076923077 0.7704326923076923 0.01201923076923077 0.007211538461538462
3 0.47836538461538464 0.7524038461538461 0.004807692307692308 0.004807692307692308
23 0.484375 0.796875 0.007211538461538462 0.002403846153846154
3 0.4807692307692308 0.7644230769230769 0.009615384615384616 0.004807692307692308
29 0.4879807692307692 0.8341346153846154 0.004807692307692308 0.004807692307692308
23 0.48197115384615385 0.7872596153846154 0.007211538461538462 0.002403846153846154
3 0.47836538461538464 0.7596153846153846 0.009615384615384616 0.004807692307692308
23 0.41586538461538464 0.2536057692307692 0.004807692307692308 0.002403846153846154
3 0.41586538461538464 0.25961538461538464 0.004807692307692308 0.009615384615384616
3 0.46153846153846156 0.6237980769230769 0.004807692307692308 0.002403846153846154
3 0.4807692307692308 0.7848557692307693 0.004807692307692308 0.002403846153846154
23 0.42908653846153844 0.3701923076923077 0.007211538461538462 0.004807692307692308
3 0.4807692307692308 0.7908653846153846 0.004807692307692308 0.004807692307692308
3 0.4254807692307692 0.33653846153846156 0.004807692307692308 0.004807692307692308
3 0.45913461538461536 0.6213942307692307 0.004807692307692308 0.002403846153846154
23 0.42908653846153844 0.36899038461538464 0.007211538461538462 0.002403846153846154
23 0.4362980769230769 0.43149038461538464 0.007211538461538462 0.002403846153846154
23 0.4362980769230769 0.42908653846153844 0.007211538461538462 0.002403846153846154
14 0.4567307692307692 0.6033653846153846 0.04807692307692308 0.03365384615384615
23 0.4362980769230769 0.42427884615384615 0.007211538461538462 0.002403846153846154
23 0.4338942307692308 0.41947115384615385 0.007211538461538462 0.002403846153846154
3 0.4723557692307692 0.7247596153846154 0.01201923076923077 0.007211538461538462
23 0.4338942307692308 0.421875 0.007211538461538462 0.002403846153846154
23 0.4230769230769231 0.328125 0.004807692307692308 0.002403846153846154
23 0.4326923076923077 0.41466346153846156 0.004807692307692308 0.002403846153846154
23 0.4326923076923077 0.41225961538461536 0.004807692307692308 0.002403846153846154
23 0.4543269230769231 0.5793269230769231 0.004807692307692308 0.004807692307692308
23 0.4230769230769231 0.32572115384615385 0.004807692307692308 0.002403846153846154
23 0.4326923076923077 0.4098557692307692 0.004807692307692308 0.002403846153846154
23 0.4326923076923077 0.4074519230769231 0.004807692307692308 0.002403846153846154
23 0.421875 0.32091346153846156 0.007211538461538462 0.002403846153846154
23 0.45913461538461536 0.6322115384615384 0.004807692307692308 0.004807692307692308
14 0.47115384615384615 0.7151442307692307 0.014423076923076924 0.01201923076923077
23 0.421875 0.31850961538461536 0.007211538461538462 0.002403846153846154
23 0.43028846153846156 0.4026442307692308 0.004807692307692308 0.002403846153846154
23 0.43028846153846156 0.4026442307692308 0.004807692307692308 0.002403846153846154
23 0.43028846153846156 0.3954326923076923 0.004807692307692308 0.002403846153846154
23 0.42908653846153844 0.39783653846153844 0.007211538461538462 0.002403846153846154
23 0.41947115384615385 0.3112980769230769 0.007211538461538462 0.002403846153846154
23 0.41947115384615385 0.3161057692307692 0.007211538461538462 0.002403846153846154
23 0.4831730769230769 0.8293269230769231 0.004807692307692308 0.004807692307692308
23 0.4182692307692308 0.3088942307692308 0.004807692307692308 0.002403846153846154
23 0.42908653846153844 0.39302884615384615 0.007211538461538462 0.002403846153846154
23 0.4735576923076923 0.7524038461538461 0.004807692307692308 0.004807692307692308
23 0.4807692307692308 0.8197115384615384 0.004807692307692308 0.004807692307692308
23 0.41947115384615385 0.30649038461538464 0.007211538461538462 0.002403846153846154
23 0.42788461538461536 0.390625 0.004807692307692308 0.002403846153846154
23 0.4170673076923077 0.30408653846153844 0.007211538461538462 0.002403846153846154
23 0.41586538461538464 0.29447115384615385 0.004807692307692308 0.002403846153846154
23 0.4170673076923077 0.296875 0.007211538461538462 0.002403846153846154
23 0.4170673076923077 0.29927884615384615 0.007211538461538462 0.002403846153846154
23 0.4254807692307692 0.37740384615384615 0.004807692307692308 0.004807692307692308
23 0.41586538461538464 0.2920673076923077 0.004807692307692308 0.002403846153846154
14 0.4795673076923077 0.8064903846153846 0.016826923076923076 0.016826923076923076
23 0.41466346153846156 0.28725961538461536 0.007211538461538462 0.002403846153846154
23 0.4795673076923077 0.8257211538461539 0.007211538461538462 0.002403846153846154
7 0.4735576923076923 0.7776442307692307 0.014423076923076924 0.007211538461538462
23 0.4543269230769231 0.6322115384615384 0.004807692307692308 0.004807692307692308
3 0.4735576923076923 0.7920673076923077 0.004807692307692308 0.002403846153846154
23 0.4795673076923077 0.8353365384615384 0.007211538461538462 0.002403846153846154
23 0.47596153846153844 0.8197115384615384 0.004807692307692308 0.004807692307692308
15 0.4795673076923077 0.8473557692307693 0.021634615384615384 0.016826923076923076
23 0.47475961538461536 0.7944711538461539 0.007211538461538462 0.002403846153846154
23 0.47475961538461536 0.796875 0.007211538461538462 0.002403846153846154
3 0.47836538461538464 0.8329326923076923 0.004807692307692308 0.002403846153846154
23 0.4723557692307692 0.7884615384615384 0.007211538461538462 0.004807692307692308
23 0.46153846153846156 0.703125 0.004807692307692308 0.002403846153846154
23 0.4723557692307692 0.7848557692307693 0.007211538461538462 0.002403846153846154
3 0.4639423076923077 0.7415865384615384 0.014423076923076924 0.007211538461538462
3 0.4651442307692308 0.7367788461538461 0.01201923076923077 0.007211538461538462
23 0.4074519230769231 0.265625 0.007211538461538462 0.002403846153846154
23 0.4495192307692308 0.6322115384615384 0.004807692307692308 0.004807692307692308
3 0.4723557692307692 0.8305288461538461 0.01201923076923077 0.007211538461538462
3 0.4579326923076923 0.7247596153846154 0.007211538461538462 0.002403846153846154
23 0.4699519230769231 0.8389423076923077 0.007211538461538462 0.004807692307692308
23 0.44471153846153844 0.6322115384615384 0.004807692307692308 0.004807692307692308
3 0.43990384615384615 0.5805288461538461 0.004807692307692308 0.002403846153846154
3 0.43990384615384615 0.5829326923076923 0.004807692307692308 0.002403846153846154
23 0.4651442307692308 0.7896634615384616 0.007211538461538462 0.002403846153846154
23 0.4651442307692308 0.7944711538461539 0.007211538461538462 0.002403846153846154
3 0.46875 0.8185096153846154 0.004807692307692308 0.002403846153846154
3 0.4699519230769231 0.8353365384615384 0.007211538461538462 0.002403846153846154
23 0.46875 0.8209134615384616 0.004807692307692308 0.002403846153846154
3 0.4639423076923077 0.7980769230769231 0.009615384615384616 0.004807692307692308
23 0.4675480769230769 0.8233173076923077 0.007211538461538462 0.002403846153846154
23 0.4675480769230769 0.8257211538461539 0.007211538461538462 0.002403846153846154
15 0.46033653846153844 0.7704326923076923 0.021634615384615384 0.016826923076923076
15 0.4579326923076923 0.7560096153846154 0.021634615384615384 0.016826923076923076
23 0.43990384615384615 0.6346153846153846 0.004807692307692308 0.004807692307692308
29 0.46153846153846156 0.8149038461538461 0.009615384615384616 0.004807692307692308
29 0.46153846153846156 0.8100961538461539 0.009615384615384616 0.004807692307692308
23 0.46033653846153844 0.8064903846153846 0.007211538461538462 0.002403846153846154
29 0.4567307692307692 0.7836538461538461 0.009615384615384616 0.004807692307692308
23 0.46153846153846156 0.8197115384615384 0.004807692307692308 0.004807692307692308
23 0.4375 0.6346153846153846 0.004807692307692308 0.004807692307692308
23 0.4362980769230769 0.6286057692307693 0.007211538461538462 0.002403846153846154
3 0.4483173076923077 0.7439903846153846 0.01201923076923077 0.007211538461538462
23 0.4567307692307692 0.7980769230769231 0.004807692307692308 0.004807692307692308
3 0.4495192307692308 0.7391826923076923 0.014423076923076924 0.007211538461538462
3 0.44471153846153844 0.7319711538461539 0.004807692307692308 0.002403846153846154
3 0.44471153846153844 0.734375 0.004807692307692308 0.002403846153846154
23 0.4326923076923077 0.6394230769230769 0.004807692307692308 0.004807692307692308
23 0.42908653846153844 0.6430288461538461 0.007211538461538462 0.002403846153846154
23 0.4266826923076923 0.6358173076923077 0.007211538461538462 0.002403846153846154
23 0.4230769230769231 0.6069711538461539 0.004807692307692308 0.002403846153846154
23 0.4254807692307692 0.6213942307692307 0.004807692307692308 0.002403846153846154
3 0.42427884615384615 0.6141826923076923 0.007211538461538462 0.002403846153846154
3 0.42427884615384615 0.6165865384615384 0.007211538461538462 0.002403846153846154
23 0.4266826923076923 0.6286057692307693 0.007211538461538462 0.002403846153846154
3 0.421875 0.609375 0.007211538461538462 0.002403846153846154
23 0.4230769230769231 0.6045673076923077 0.004807692307692308 0.002403846153846154
3 0.42427884615384615 0.6117788461538461 0.007211538461538462 0.002403846153846154
23 0.42788461538461536 0.6394230769230769 0.004807692307692308 0.004807692307692308
3 0.4206730769230769 0.6225961538461539 0.004807692307692308 0.004807692307692308
3 0.4170673076923077 0.6105769230769231 0.002403846153846154 0.004807692307692308
23 0.41586538461538464 0.6057692307692307 0.004807692307692308 0.004807692307692308