3 0.43149038461538464 0.7584134615384616 0.007211538461538462 0.002403846153846154
23 0.43149038461538464 0.7560096153846154 0.007211538461538462 0.002403846153846154
3 0.43149038461538464 0.7512019230769231 0.007211538461538462 0.002403846153846154
23 0.43149038461538464 0.7487980769230769 0.007211538461538462 0.002403846153846154
23 0.43149038461538464 0.7319711538461539 0.007211538461538462 0.002403846153846154
23 0.43149038461538464 0.7295673076923077 0.007211538461538462 0.002403846153846154
23 0.43028846153846156 0.7247596153846154 0.004807692307692308 0.002403846153846154
3 0.43149038461538464 0.7223557692307693 0.007211538461538462 0.002403846153846154
23 0.43028846153846156 0.6670673076923077 0.004807692307692308 0.002403846153846154
23 0.42908653846153844 0.6622596153846154 0.007211538461538462 0.002403846153846154
23 0.43028846153846156 0.6646634615384616 0.004807692307692308 0.002403846153846154
3 0.43028846153846156 0.671875 0.004807692307692308 0.002403846153846154
14 0.4375 0.7391826923076923 0.019230769230769232 0.01201923076923077
23 0.42908653846153844 0.6574519230769231 0.007211538461538462 0.002403846153846154
23 0.43028846153846156 0.6526442307692307 0.004807692307692308 0.002403846153846154
23 0.42908653846153844 0.6478365384615384 0.007211538461538462 0.002403846153846154
23 0.43028846153846156 0.6502403846153846 0.004807692307692308 0.002403846153846154
23 0.43990384615384615 0.7475961538461539 0.004807692307692308 0.004807692307692308
3 0.4411057692307692 0.7584134615384616 0.007211538461538462 0.002403846153846154
23 0.4423076923076923 0.7271634615384616 0.004807692307692308 0.002403846153846154
14 0.44711538461538464 0.7524038461538461 0.009615384615384616 0.004807692307692308
3 0.42788461538461536 0.5120192307692307 0.004807692307692308 0.004807692307692308
3 0.42788461538461536 0.5024038461538461 0.004807692307692308 0.004807692307692308
23 0.45072115384615385 0.7463942307692307 0.007211538461538462 0.002403846153846154
23 0.4519230769230769 0.7247596153846154 0.004807692307692308 0.002403846153846154
3 0.4519230769230769 0.7223557692307693 0.004807692307692308 0.002403846153846154
23 0.4543269230769231 0.734375 0.004807692307692308 0.002403846153846154
3 0.43509615384615385 0.53125 0.004807692307692308 0.004807692307692308
23 0.4543269230769231 0.7415865384615384 0.004807692307692308 0.002403846153846154
23 0.4543269230769231 0.7391826923076923 0.004807692307692308 0.002403846153846154
23 0.4519230769230769 0.7175480769230769 0.004807692307692308 0.002403846153846154
3 0.44471153846153844 0.625 0.009615384615384616 0.004807692307692308
23 0.4543269230769231 0.7319711538461539 0.004807692307692308 0.002403846153846154
3 0.44471153846153844 0.6141826923076923 0.014423076923076924 0.007211538461538462
23 0.4519230769230769 0.7079326923076923 0.004807692307692308 0.002403846153846154
3 0.45072115384615385 0.6959134615384616 0.007211538461538462 0.002403846153846154
14 0.4495192307692308 0.6478365384615384 0.014423076923076924 0.007211538461538462
23 0.453125 0.6935096153846154 0.007211538461538462 0.002403846153846154
3 0.4495192307692308 0.6706730769230769 0.009615384615384616 0.004807692307692308
7 0.4519230769230769 0.6875 0.009615384615384616 0.004807692307692308
3 0.45072115384615385 0.6754807692307693 0.01201923076923077 0.004807692307692308
3 0.4519230769230769 0.6838942307692307 0.009615384615384616 0.002403846153846154
3 0.45072115384615385 0.6634615384615384 0.01201923076923077 0.004807692307692308
3 0.45913461538461536 0.7487980769230769 0.004807692307692308 0.002403846153846154
3 0.46033653846153844 0.7572115384615384 0.007211538461538462 0.004807692307692308
23 0.45913461538461536 0.7536057692307693 0.004807692307692308 0.002403846153846154
23 0.46033653846153844 0.7463942307692307 0.007211538461538462 0.002403846153846154
3 0.4375 0.4879807692307692 0.004807692307692308 0.004807692307692308
3 0.4519230769230769 0.6538461538461539 0.009615384615384616 0.004807692307692308
3 0.4639423076923077 0.7367788461538461 0.004807692307692308 0.002403846153846154
3 0.4639423076923077 0.734375 0.004807692307692308 0.002403846153846154
23 0.46274038461538464 0.7295673076923077 0.007211538461538462 0.002403846153846154
3 0.46274038461538464 0.7199519230769231 0.007211538461538462 0.002403846153846154
23 0.46274038461538464 0.7175480769230769 0.007211538461538462 0.002403846153846154
23 0.46153846153846156 0.7127403846153846 0.004807692307692308 0.002403846153846154
23 0.46153846153846156 0.7055288461538461 0.004807692307692308 0.002403846153846154
23 0.4639423076923077 0.7103365384615384 0.004807692307692308 0.002403846153846154
3 0.46274038461538464 0.6959134615384616 0.007211538461538462 0.002403846153846154
7 0.46153846153846156 0.6875 0.009615384615384616 0.004807692307692308
23 0.46153846153846156 0.6935096153846154 0.004807692307692308 0.002403846153846154
3 0.46153846153846156 0.6814903846153846 0.004807692307692308 0.002403846153846154
15 0.46033653846153844 0.6358173076923077 0.036057692307692304 0.016826923076923076
3 0.4723557692307692 0.765625 0.007211538461538462 0.002403846153846154
14 0.46033653846153844 0.5997596153846154 0.016826923076923076 0.016826923076923076
3 0.4735576923076923 0.7415865384615384 0.004807692307692308 0.002403846153846154
23 0.47475961538461536 0.7463942307692307 0.007211538461538462 0.002403846153846154
14 0.4543269230769231 0.5072115384615384 0.04326923076923077 0.03365384615384615
3 0.4675480769230769 0.6706730769230769 0.01201923076923077 0.004807692307692308
3 0.4699519230769231 0.6634615384615384 0.01201923076923077 0.004807692307692308
3 0.46875 0.6574519230769231 0.014423076923076924 0.007211538461538462
23 0.4723557692307692 0.7007211538461539 0.007211538461538462 0.002403846153846154
3 0.47475961538461536 0.703125 0.007211538461538462 0.002403846153846154
3 0.4735576923076923 0.6959134615384616 0.004807692307692308 0.002403846153846154
23 0.4723557692307692 0.6887019230769231 0.007211538461538462 0.002403846153846154
3 0.4735576923076923 0.6862980769230769 0.004807692307692308 0.002403846153846154
3 0.4567307692307692 0.4855769230769231 0.004807692307692308 0.004807692307692308
3 0.4699519230769231 0.5889423076923077 0.01201923076923077 0.004807692307692308
23 0.46153846153846156 0.4855769230769231 0.004807692307692308 0.004807692307692308
3 0.4699519230769231 0.5444711538461539 0.007211538461538462 0.002403846153846154
23 0.47115384615384615 0.5492788461538461 0.009615384615384616 0.002403846153846154
3 0.48197115384615385 0.6466346153846154 0.007211538461538462 0.004807692307692308
3 0.4807692307692308 0.625 0.009615384615384616 0.004807692307692308
3 0.47716346153846156 0.5276442307692307 0.007211538461538462 0.002403846153846154
3 0.47115384615384615 0.38822115384615385 0.004807692307692308 0.002403846153846154
3 0.4699519230769231 0.38341346153846156 0.007211538461538462 0.002403846153846154
3 0.484375 0.5420673076923077 0.007211538461538462 0.002403846153846154
3 0.4831730769230769 0.5096153846153846 0.004807692307692308 0.004807692307692308
3 0.484375 0.5372596153846154 0.007211538461538462 0.002403846153846154
3 0.4831730769230769 0.49759615384615385 0.004807692307692308 0.004807692307692308
23 0.46875 0.3545673076923077 0.004807692307692308 0.002403846153846154
23 0.47115384615384615 0.35697115384615385 0.004807692307692308 0.002403846153846154
3 0.47115384615384615 0.36177884615384615 0.004807692307692308 0.002403846153846154
23 0.46875 0.3473557692307692 0.004807692307692308 0.002403846153846154
23 0.4699519230769231 0.34975961538461536 0.007211538461538462 0.002403846153846154
23 0.4699519230769231 0.3401442307692308 0.007211538461538462 0.002403846153846154
23 0.4699519230769231 0.3425480769230769 0.007211538461538462 0.002403846153846154
23 0.4699519230769231 0.33533653846153844 0.007211538461538462 0.002403846153846154
23 0.4699519230769231 0.3137019230769231 0.007211538461538462 0.002403846153846154
3 0.4699519230769231 0.3088942307692308 0.007211538461538462 0.002403846153846154
23 0.46875 0.30649038461538464 0.004807692307692308 0.002403846153846154
3 0.4675480769230769 0.3016826923076923 0.007211538461538462 0.002403846153846154
23 0.46875 0.29927884615384615 0.004807692307692308 0.002403846153846154
23 0.4699519230769231 0.29447115384615385 0.007211538461538462 0.002403846153846154
23 0.46875 0.2920673076923077 0.004807692307692308 0.002403846153846154
23 0.46875 0.28725961538461536 0.004807692307692308 0.002403846153846154
23 0.46875 0.2848557692307692 0.004807692307692308 0.002403846153846154
23 0.46875 0.2800480769230769 0.004807692307692308 0.002403846153846154
23 0.4675480769230769 0.2776442307692308 0.007211538461538462 0.002403846153846154
3 0.4675480769230769 0.27283653846153844 0.007211538461538462 0.002403846153846154
23 0.4675480769230769 0.265625 0.007211538461538462 0.002403846153846154
23 0.4675480769230769 0.2704326923076923 0.007211538461538462 0.002403846153846154