2 0.6091954139610389 0.480672256097561 0.003699269480519481 0.002198170731707317
2 0.3368364448051948 0.48454878048780486 0.00768262987012987 0.005073170731707317
2 0.34882812500000004 0.48447713414634147 0.0077211850649350645 0.005539634146341464
2 0.6113413149350649 0.48606707317073167 0.007585227272727273 0.005670731707317074
2 0.7462063717532467 0.48836890243902437 0.004182224025974026 0.012103658536585366
2 0.809195413961039 0.48828201219512196 0.003942775974025974 0.012539634146341464
2 0.4713423295454546 0.48859756097560975 0.003561282467532468 0.011341463414634148
22 0.8677090097402597 0.4909573170731707 0.00205762987012987 0.006304878048780487
2 0.3367045454545454 0.4918368902439024 0.007824675324675325 0.0050152439024390245
22 0.34278612012987014 0.49244207317073174 0.002130681818181818 0.0068353658536585375
2 0.7112642045454546 0.49483384146341464 0.0036972402597402593 0.002472560975609756
2 0.5785115665584416 0.4949314024390244 0.003208198051948052 0.0020579268292682928
2 0.7823325892857143 0.49488719512195123 0.0033827110389610393 0.002579268292682927
2 0.8413027597402597 0.4948216463414635 0.0032224025974025975 0.002448170731707317
2 0.6493770292207792 0.49476676829268296 0.0032995129870129875 0.0023384146341463414
2 0.38534192370129866 0.4949496951219512 0.0032325487012987014 0.0020945121951219513
2 0.5181767451298701 0.49496646341463413 0.0034801136363636362 0.002128048780487805
2 0.44404525162337666 0.4950198170731707 0.003350243506493507 0.0022347560975609754
2 0.31418628246753244 0.49501676829268293 0.0033725649350649354 0.0022286585365853657
2 0.5072595373376624 0.49543445121951224 0.003967126623376623 0.0030640243902439026
22 0.2475172483766234 0.49541768292682925 0.00315137987012987 0.0018109756097560977
2 0.7726826298701299 0.4955350609756098 0.003969155844155844 0.002655487804878049
2 0.24058948863636365 0.4955533536585366 0.004312094155844156 0.003301829268292683
2 0.7031929788961039 0.49638414634146344 0.0021651785714285714 0.005573170731707318
2 0.5965655438311688 0.496657012195122 0.001572646103896104 0.004899390243902439
22 0.590684862012987 0.4967987804878049 0.001580762987012987 0.005792682926829268
2 0.6000740665584415 0.49683689024390243 0.0016903409090909091 0.005259146341463415
2 0.8361495535714286 0.49683841463414635 0.0018445616883116882 0.007091463414634147
2 0.30447138798701295 0.4972545731707317 0.001799918831168831 0.006704268292682927
2 0.5705438311688311 0.49715396341463414 0.0022889610389610388 0.006503048780487805
2 0.37518161525974025 0.4973353658536585 0.0023924512987012984 0.006256097560975609
22 0.684158887987013 0.49709603658536583 0.004275568181818182 0.0027286585365853657
2 0.6412885551948052 0.4972515243902439 0.0021387987012987013 0.006088414634146341
22 0.692224025974026 0.49723323170731704 0.0041720779220779216 0.003003048780487805
2 0.4375710227272727 0.49724237804878046 0.0021712662337662336 0.006679878048780488
22 0.6787317370129871 0.4973887195121951 0.003973214285714286 0.0027042682926829266
22 0.23224025974025975 0.49737804878048786 0.0018181818181818184 0.006341463414634147
22 0.6080671672077922 0.4979375 0.004283685064935065 0.0031920731707317076
22 0.6081960227272727 0.49811890243902435 0.004541396103896104 0.003554878048780488
2 0.5787226055194805 0.49805182926829267 0.003224431818181818 0.0022012195121951217
2 0.8412489853896105 0.4981051829268293 0.003114853896103896 0.0023079268292682926
2 0.6490280032467532 0.49808536585365853 0.0034131493506493506 0.0022682926829268295
2 0.6880681818181819 0.4982560975609756 0.001542207792207792 0.005048780487804877
2 0.7112144886363636 0.498265243902439 0.003191964285714286 0.0020182926829268293
2 0.782242288961039 0.49820884146341465 0.0032021103896103893 0.0019054878048780487
2 0.696080560064935 0.49846036585365855 0.0017390422077922078 0.005457317073170731
2 0.38498883928571426 0.4983628048780488 0.0033380681818181816 0.0022134146341463413
2 0.674820413961039 0.49830640243902435 0.0014265422077922077 0.005149390243902439
2 0.5182355925324675 0.4984253048780488 0.003597808441558442 0.0023384146341463414
2 0.44389813311688314 0.49868140243902437 0.003461850649350649 0.002240853658536585
2 0.31435267857142857 0.49873475609756096 0.0032995129870129875 0.002347560975609756
22 0.24749797077922078 0.49883384146341464 0.003518668831168831 0.0019359756097560975
22 0.8674208603896103 0.4989298780487805 0.0018871753246753249 0.0057865853658536585
22 0.8448772321428571 0.500407012195122 0.0018486201298701297 0.006301829268292683
22 0.8269592126623377 0.500594512195122 0.002132711038961039 0.006676829268292683
22 0.847965706168831 0.5005243902439025 0.0019379058441558444 0.006536585365853659
2 0.5057224025974025 0.5010670731707317 0.007792207792207792 0.005792682926829268
2 0.7713656655844155 0.5011859756097561 0.007828733766233767 0.005420731707317074
22 0.2544926948051948 0.5012713414634147 0.001680194805194805 0.006201219512195122
22 0.2512773944805195 0.5013795731707318 0.0017431006493506492 0.005807926829268293
22 0.8585815746753247 0.5018353658536585 0.002065746753246753 0.006109756097560975
22 0.6840361201298701 0.5019115853658537 0.004030032467532468 0.0032134146341463413
22 0.6790300324675325 0.5017698170731707 0.004163961038961039 0.002929878048780488
2 0.6920900974025974 0.501858231707317 0.004310064935064935 0.0031067073170731705
22 0.5814813311688312 0.5027256097560976 0.004277597402597403 0.0030121951219512196
22 0.6028480113636364 0.5035518292682927 0.0019622564935064934 0.007103658536585366
22 0.6001237824675324 0.5037576219512195 0.002195616883116883 0.006905487804878048
22 0.6098954951298702 0.5038658536585366 0.0022585227272727275 0.007121951219512195
22 0.5967126623376623 0.5037164634146342 0.0022727272727272726 0.006823170731707317
22 0.606911525974026 0.5040198170731707 0.0019724025974025977 0.006210365853658537
22 0.5906980519480519 0.5040106707317074 0.002012987012987013 0.006192073170731707
22 0.5937236201298701 0.5039969512195122 0.001976461038961039 0.006774390243902439
2 0.24021814123376625 0.5044862804878049 0.0035693993506493507 0.010801829268292682
2 0.8670170454545454 0.504689024390244 0.0039204545454545455 0.0020609756097560977
2 0.7921793831168832 0.5053536585365853 0.0035957792207792208 0.0021707317073170734
2 0.7981168831168831 0.5055167682926829 0.003295454545454545 0.002496951219512195
22 0.5813271103896104 0.5065625 0.003969155844155844 0.002759146341463415
2 0.2961394074675325 0.508952743902439 0.0017755681818181818 0.006320121951219513
2 0.3025953733766234 0.5089862804878048 0.0017004870129870132 0.006387195121951219
2 0.3115685876623377 0.5092713414634147 0.0017897727272727273 0.0063475609756097565
2 0.30848011363636363 0.5093551829268292 0.0017004870129870132 0.005905487804878049
2 0.2840198863636364 0.5092149390243902 0.0018871753246753249 0.006234756097560975
2 0.27778104707792206 0.5094481707317073 0.0019906655844155845 0.0060914634146341465
2 0.2901917613636364 0.5093460365853658 0.0016497564935064938 0.0058871951219512195
2 0.28703429383116885 0.5094984756097561 0.001828327922077922 0.006192073170731707
2 0.28081676136363637 0.5093399390243902 0.0015685876623376623 0.006484756097560975
2 0.29307731331168835 0.5093079268292683 0.0017390422077922078 0.0058109756097560975
2 0.3146306818181818 0.5095228658536585 0.0018262987012987013 0.006240853658536585
2 0.30566659902597404 0.5094664634146341 0.0017552759740259742 0.006128048780487805
2 0.2993547077922078 0.5094969512195122 0.0017126623376623375 0.0055792682926829274
2 0.3177932224025974 0.5094878048780488 0.0020637175324675324 0.006170731707317073
22 0.7923133116883117 0.5098094512195122 0.004269480519480519 0.0031554878048780485
22 0.24452414772727274 0.5100548780487805 0.0020353084415584413 0.006085365853658537
22 0.7980783279220779 0.5100960365853658 0.004435876623376623 0.0031189024390243904
2 0.25103997564935066 0.510498475609756 0.007355925324675325 0.0051432926829268295
2 0.8588920454545454 0.5104969512195122 0.002686688311688312 0.007579268292682927
2 0.8522534496753246 0.5106966463414634 0.008078327922077922 0.006149390243902439
22 0.8118364448051948 0.5116920731707317 0.002325487012987013 0.006920731707317073
2 0.8666426542207791 0.5116951219512195 0.003171672077922078 0.007536585365853658
14 0.3407609577922078 0.511640243902439 0.016749188311688312 0.02571951219512195
29 0.8050091314935065 0.5118475609756097 0.006933847402597403 0.009060975609756097
2 0.6200740665584416 0.5121478658536586 0.005164366883116883 0.003564024390243902
2 0.3540117694805195 0.5119969512195122 0.0014488636363636364 0.0050914634146341465
2 0.3563372564935065 0.512594512195122 0.0016355519480519482 0.005676829268292684
2 0.32675730519480517 0.5127713414634146 0.004163961038961039 0.002371951219512195
2 0.6141730925324675 0.5131554878048781 0.001479301948051948 0.004969512195121951
22 0.360192775974026 0.5133567073170732 0.0040706168831168826 0.003542682926829268
2 0.616364650974026 0.5135259146341463 0.0013981331168831169 0.005100609756097561
22 0.6253885957792208 0.5134176829268292 0.0024005681818181817 0.007323170731707317
22 0.628119926948052 0.5137469512195122 0.0025872564935064935 0.007371951219512195
22 0.7472443181818182 0.5152987804878049 0.004228896103896104 0.0031585365853658534
2 0.7394997970779221 0.5155259146341463 0.008220373376623376 0.006051829268292683
22 0.4131777597402598 0.5154664634146342 0.0020860389610389608 0.006542682926829269
22 0.3854393262987013 0.5157789634146341 0.0018039772727272729 0.005948170731707317
22 0.38858766233766234 0.5156036585365854 0.002012987012987013 0.006207317073170731
29 0.3677404626623376 0.5156326219512195 0.0065848214285714295 0.008704268292682928
22 0.4160734577922078 0.515797256097561 0.0017897727272727273 0.005984756097560976
22 0.419153814935065 0.5158018292682927 0.0018628246753246752 0.00599390243902439
22 0.39161627435064933 0.5158170731707318 0.001982548701298701 0.006024390243902439
22 0.3946438717532468 0.5156417682926829 0.0019500811688311687 0.006283536585365853
22 0.38234882305194806 0.5158414634146341 0.001710633116883117 0.006073170731707317
22 0.3976349431818182 0.5157149390243903 0.0018445616883116882 0.005820121951219512
22 0.7611404220779221 0.5158201219512195 0.0032061688311688314 0.007859756097560976
22 0.40069196428571424 0.5158551829268293 0.0014650974025974025 0.006100609756097561
22 0.7980204951298702 0.5157423780487805 0.004320211038961038 0.002826219512195122
22 0.4067674512987013 0.5159283536585365 0.001846590909090909 0.005637195121951219
22 0.4039346590909091 0.5159100609756098 0.0018628246753246752 0.006210365853658537
22 0.41004768668831165 0.5158201219512195 0.0019135551948051947 0.006030487804878049
22 0.379471387987013 0.5159878048780489 0.0020434253246753246 0.006365853658536585
22 0.42222098214285714 0.516030487804878 0.0019094967532467533 0.006451219512195122
7 0.7657792207792208 0.5162210365853658 0.004366883116883117 0.00866158536585366
7 0.7542867288961039 0.5164298780487805 0.006950081168831169 0.008469512195121952
2 0.3269247159090909 0.5164984756097561 0.0036870941558441563 0.0025091463414634147
2 0.6201400162337662 0.5166021341463415 0.004890422077922078 0.003935975609756098
22 0.3147585227272727 0.5173429878048781 0.0020819805194805196 0.006637195121951219
22 0.30252840909090906 0.5175182926829268 0.0023782467532467533 0.00576829268292683
22 0.28705560064935065 0.5174009146341464 0.0018709415584415585 0.006143292682926829
22 0.29022017045454546 0.5175640243902438 0.0021124188311688313 0.006469512195121951
22 0.29623782467532467 0.5175807926829268 0.0019724025974025977 0.006503048780487805
22 0.280836038961039 0.5174512195121951 0.002012987012987013 0.006243902439024391
22 0.2778317775974026 0.517609756097561 0.0020921266233766235 0.006560975609756097
22 0.2993394886363636 0.5176615853658537 0.002088068181818182 0.006054878048780488
22 0.3117167207792208 0.5175243902439024 0.001680194805194805 0.006390243902439025
22 0.29325487012987017 0.5175746951219512 0.0016883116883116883 0.00588109756097561
22 0.30859172077922076 0.5177118902439024 0.0019237012987012988 0.006155487804878049
22 0.28392146915584415 0.5175884146341464 0.002096185064935065 0.005908536585365854
22 0.30563920454545457 0.5175929878048781 0.0017004870129870132 0.005917682926829268
22 0.3177617694805195 0.5177881097560976 0.0020008116883116884 0.006307926829268293
29 0.7907254464285715 0.5177134146341463 0.006775568181818182 0.00798780487804878
22 0.8575984172077922 0.5177576219512194 0.004157873376623376 0.0025884146341463416
2 0.8665036525974026 0.5186006097560976 0.003705357142857143 0.002445121951219512
2 0.6957700892857143 0.5189557926829268 0.0031473214285714286 0.0019359756097560975
2 0.6876359577922078 0.5190685975609757 0.0031128246753246752 0.0021615853658536583
2 0.8428561282467533 0.5192454268292683 0.007546672077922078 0.02385670731707317
22 0.36240462662337664 0.5192881097560976 0.0020008116883116884 0.006259146341463415
22 0.35926034902597404 0.5194435975609757 0.002205762987012987 0.006570121951219513
2 0.784153814935065 0.5195731707317073 0.004590097402597403 0.012317073170731706
2 0.7785318587662338 0.5196356707317074 0.004303977272727273 0.012442073170731708
2 0.37669338474025976 0.5209176829268293 0.001763392857142857 0.006469512195121951
22 0.8492877435064935 0.5208155487804879 0.00255275974025974 0.007484756097560976
29 0.8097199675324676 0.5208246951219513 0.005803571428571429 0.007503048780487805
22 0.2539772727272727 0.5216234756097561 0.0018668831168831166 0.006661585365853659
2 0.2565513392857143 0.5220823170731708 0.0017390422077922078 0.005140243902439025
22 0.7744094967532468 0.522217987804878 0.0021469155844155846 0.00663109756097561
22 0.7711089691558441 0.5221524390243902 0.002445211038961039 0.0065
22 0.6237256493506493 0.5224298780487805 0.0043506493506493505 0.002786585365853659
29 0.8013382711038961 0.5227057926829268 0.005679788961038961 0.008826219512195121
2 0.7394855925324675 0.5233079268292683 0.008191964285714285 0.005152439024390243
22 0.7475334821428571 0.5232911585365854 0.0044013798701298705 0.0032896341463414633
22 0.36763088474025973 0.523172256097561 0.004336444805194805 0.003051829268292683
22 0.4160957792207792 0.5237347560975609 0.0018344155844155843 0.00600609756097561
22 0.3884517045454545 0.5238201219512195 0.0017410714285714286 0.005567073170731708
22 0.41317877435064937 0.5237728658536585 0.002088068181818182 0.006082317073170732
22 0.4223265016233766 0.5238338414634146 0.0017146915584415584 0.005594512195121952
22 0.3825152191558442 0.5237408536585365 0.0020434253246753246 0.0060182926829268285
22 0.3916812094155844 0.5239207317073171 0.0017065746753246753 0.00576829268292683
22 0.3945505275974026 0.5238978658536585 0.001763392857142857 0.006332317073170731
22 0.4191761363636363 0.5239634146341463 0.0019074675324675325 0.005853658536585366
22 0.40075689935064934 0.5239710365853658 0.0020008116883116884 0.00586890243902439
22 0.39775365259740264 0.523859756097561 0.0016761363636363636 0.005646341463414634
22 0.4099604301948052 0.5238399390243902 0.0021448863636363636 0.006216463414634147
22 0.3795018262987013 0.5240137195121951 0.001698457792207792 0.005954268292682927
22 0.4067704951298701 0.5239801829268292 0.0022585227272727275 0.006496951219512195
2 0.691851663961039 0.5240076219512195 0.0013981331168831169 0.004722560975609756
22 0.3856077516233766 0.5239862804878048 0.0017349837662337664 0.005899390243902439
7 0.6868100649350649 0.5240807926829268 0.00551948051948052 0.0054786585365853655
22 0.4038565340909091 0.5241219512195122 0.0021124188311688313 0.006780487804878049
7 0.696908482142857 0.5242774390243903 0.005829951298701299 0.00526219512195122
22 0.7660967938311688 0.5245045731707317 0.004596185064935064 0.0032774390243902438
22 0.8673833198051948 0.5252881097560975 0.0018120941558441557 0.006064024390243903
7 0.7543039772727272 0.5254298780487805 0.006984577922077922 0.00878658536585366
2 0.8339833603896104 0.5260945121951219 0.005629058441558441 0.013164634146341463
2 0.8273376623376623 0.5260975609756098 0.004918831168831169 0.013170731707317074
22 0.8567441152597403 0.526295731707317 0.004072646103896104 0.0038109756097560975
22 0.6239082792207792 0.5270564024390244 0.004310064935064935 0.0028932926829268292
22 0.7953317775974026 0.5276463414634146 0.002189529220779221 0.006512195121951219
22 0.8091477272727273 0.5289329268292683 0.005064935064935065 0.004207317073170732
22 0.7609101055194805 0.529467987804878 0.0019338474025974025 0.006496951219512195
7 0.7881250000000001 0.5298506097560975 0.002386363636363636 0.010310975609756098
2 0.6855346996753247 0.5301722560975609 0.0033745941558441556 0.0018079268292682926
7 0.7917055600649351 0.5303033536585365 0.0022422889610389614 0.01060670731707317
2 0.7659019886363636 0.5301875 0.005829951298701299 0.0048871951219512195
2 0.857046469155844 0.5311600609756097 0.003459821428571429 0.001954268292682927
22 0.7708816964285715 0.5316006097560976 0.0019906655844155845 0.006493902439024391
2 0.777679586038961 0.5317042682926829 0.008687094155844156 0.0060914634146341465
22 0.62390625 0.5319908536585366 0.004306006493506493 0.0030060975609756094
2 0.8642765827922078 0.5326539634146341 0.0024979707792207794 0.006161585365853659
22 0.8672859172077921 0.5332484756097561 0.002023133116883117 0.006740853658536585
2 0.7396753246753247 0.5340807926829269 0.008165584415584416 0.0059664634146341464
2 0.7542157061688312 0.5341143292682927 0.00802556818181818 0.005423780487804878
2 0.6960267857142857 0.5347759146341463 0.0036607142857142854 0.011625
22 0.856570616883117 0.5354435975609756 0.004537337662337662 0.0025945121951219514
22 0.623966112012987 0.5364100609756097 0.0040198863636363635 0.002698170731707317
14 0.5941497564935064 0.5363170731707316 0.03245535714285714 0.045804878048780494
22 0.5705397727272727 0.5367728658536586 0.004310064935064935 0.003423780487804878
22 0.7466314935064935 0.5366234756097561 0.003814935064935065 0.011051829268292682
2 0.8139630681818182 0.5371219512195122 0.002926136363636364 0.007780487804878049
13 0.7003743912337662 0.5372057926829269 0.0026156655844155846 0.007338414634146342
22 0.8098498376623376 0.5373902439024391 0.00200487012987013 0.006487804878048781
22 0.8228693181818182 0.5375853658536586 0.0024756493506493506 0.006878048780487805
22 0.8192775974025974 0.5381539634146342 0.0025974025974025974 0.006795731707317073
2 0.6165919237012987 0.5384451219512195 0.0018526785714285715 0.005548780487804878
2 0.6142106331168831 0.5386859756097562 0.001554383116883117 0.005420731707317074
2 0.8571509740259741 0.5394481707317074 0.0032629870129870127 0.0026768292682926827
22 0.6238189935064935 0.5408140243902438 0.004131493506493506 0.0029695121951219513
22 0.7955133928571428 0.5417865853658537 0.0021469155844155846 0.006134146341463415
2 0.7394186282467532 0.5417500000000001 0.008058035714285714 0.005451219512195122
22 0.8641456980519481 0.5417987804878048 0.0018303571428571427 0.006768292682926829
7 0.8453175730519481 0.5420213414634146 0.002323457792207792 0.012091463414634145
2 0.792356939935065 0.5421935975609756 0.001515827922077922 0.00511890243902439
2 0.8396895292207792 0.5425335365853658 0.004460227272727273 0.011896341463414634
2 0.8334456168831169 0.5427545731707317 0.004147727272727273 0.011728658536585366
22 0.8133624188311688 0.544454268292683 0.004159902597402597 0.0029329268292682923
2 0.8183999594155844 0.5448353658536585 0.003683035714285714 0.0024756097560975606
22 0.6238504464285715 0.5454557926829269 0.004194399350649351 0.002496951219512195
2 0.7466061282467533 0.5458125 0.00335836038961039 0.0019908536585365854
22 0.7847909902597402 0.5460259146341463 0.004241071428571428 0.003027439024390244
14 0.708525771103896 0.5465975609756097 0.009178165584415584 0.01270731707317073
2 0.7627566964285714 0.5469969512195122 0.003597808441558442 0.01045731707317073
2 0.7521296672077922 0.5470746951219512 0.0038534902597402595 0.011222560975609757
2 0.7673944805194804 0.5470106707317073 0.003538961038961039 0.010484756097560976
2 0.7182366071428571 0.5473201219512195 0.0034375000000000005 0.011713414634146341
2 0.7572453327922077 0.5473643292682927 0.003938717532467532 0.010582317073170732
22 0.823028612012987 0.5475365853658537 0.001982548701298701 0.0066585365853658535
22 0.7891720779220779 0.5493079268292683 0.0020454545454545456 0.005932926829268293
22 0.7798457792207792 0.5493643292682927 0.0020616883116883118 0.0060457317073170725
22 0.8132244318181818 0.5495137195121951 0.004289772727272727 0.0026859756097560978
2 0.8185470779220779 0.5497454268292683 0.0035714285714285718 0.0025396341463414635
2 0.7772443181818183 0.5497347560975611 0.001728896103896104 0.004957317073170732
22 0.6237814529220779 0.5501890243902439 0.004462256493506493 0.003426829268292683
2 0.7220261769480519 0.5502469512195122 0.0016822240259740258 0.005981707317073171
2 0.7850304383116883 0.5507164634146341 0.004719967532467533 0.0026524390243902437
2 0.5707548701298701 0.5508003048780488 0.0014935064935064936 0.005259146341463415
22 0.7463210227272727 0.5510838414634146 0.004411525974025974 0.003996951219512195
2 0.572908887987013 0.5510853658536585 0.0017431006493506492 0.0052195121951219515
22 0.6944957386363636 0.5524771341463415 0.002627840909090909 0.006783536585365854
29 0.8288768262987013 0.5526631097560976 0.005967938311688311 0.006545731707317073
7 0.6975060876623377 0.5538551829268292 0.002560876623376623 0.010759146341463414
22 0.6238545048701298 0.5547423780487805 0.004202516233766234 0.0027774390243902438
7 0.7716578733766234 0.5551722560975609 0.0031371753246753247 0.012173780487804878
14 0.7996651785714286 0.555515243902439 0.014103084415584416 0.014689024390243902
2 0.7330215097402597 0.5562057926829268 0.00419237012987013 0.011801829268292683
22 0.8130793425324675 0.5564085365853658 0.004405438311688312 0.0030609756097560972
2 0.7279443993506494 0.5563125 0.004184253246753247 0.012015243902439023
2 0.7830326704545454 0.5579710365853658 0.00153612012987013 0.004966463414634146
22 0.7893090503246754 0.558358231707317 0.0019135551948051947 0.0063506097560975605
22 0.7767684659090909 0.5585320121951219 0.001994724025974026 0.006088414634146341
22 0.7858167613636364 0.5585884146341463 0.002234172077922078 0.006201219512195122
22 0.7797433035714285 0.558935975609756 0.001856737012987013 0.006286585365853659
22 0.6238971185064935 0.5592759146341463 0.004287743506493506 0.002698170731707317
2 0.7143049918831168 0.559484756097561 0.002067775974025974 0.006164634146341463
13 0.7084760551948052 0.5598170731707317 0.005020292207792208 0.003780487804878049
22 0.8130458603896104 0.5599939024390244 0.003526785714285714 0.0023048780487804877
2 0.8263768262987014 0.5619847560975609 0.0013737824675324674 0.0050670731707317075
15 0.8397544642857143 0.563282012195122 0.013518668831168833 0.020466463414634144
22 0.6148782467532468 0.5635655487804878 0.002077922077922078 0.006399390243902439
22 0.6176116071428571 0.5636753048780487 0.0018628246753246752 0.006618902439024391
22 0.6239864042207792 0.5638780487804878 0.00406047077922078 0.0027560975609756096
22 0.7852871347402597 0.5668094512195122 0.001986607142857143 0.006179878048780488
22 0.7821864853896103 0.567032012195122 0.0018729707792207793 0.006625
2 0.8228409090909091 0.567155487804878 0.0032305194805194804 0.011140243902439024
2 0.7887723214285715 0.5675121951219513 0.0032751623376623376 0.008195121951219513
15 0.7600689935064935 0.5678079268292683 0.013644480519480518 0.02098170731707317
15 0.7452364042207792 0.567983231707317 0.013605925324675324 0.02011280487804878
15 0.7201684253246753 0.5680457317073171 0.008112824675324674 0.006213414634146341
22 0.8148163555194805 0.5696234756097561 0.0017918019480519481 0.006320121951219513
22 0.8116112012987012 0.5696920731707317 0.0018750000000000001 0.006457317073170731
22 0.818010349025974 0.5699466463414634 0.0020921266233766235 0.005746951219512196
2 0.826244926948052 0.5701585365853659 0.001515827922077922 0.004951219512195121
22 0.6261678165584416 0.5703353658536585 0.003959009740259741 0.0028658536585365853
2 0.5906077516233766 0.5720045731707317 0.0018323863636363635 0.004984756097560976
2 0.5927637987012987 0.572219512195122 0.001680194805194805 0.005414634146341464
2 0.7280762987012988 0.5721829268292683 0.004042207792207792 0.012048780487804878
29 0.7733076298701299 0.5724923780487805 0.006436688311688312 0.010228658536585365
22 0.6047676542207793 0.5722469512195122 0.0017431006493506492 0.006079268292682927
2 0.7330631087662337 0.5725746951219512 0.004681412337662338 0.013442073170731709
22 0.6090036525974026 0.5725655487804878 0.0020982142857142857 0.006106707317073171
22 0.5987713068181818 0.5724512195121951 0.0019257305194805194 0.006487804878048781
22 0.6019226866883117 0.5725731707317073 0.0017349837662337664 0.006731707317073171
22 0.5956097808441558 0.572704268292683 0.002096185064935065 0.006384146341463415
22 0.630684862012987 0.5730274390243902 0.0020353084415584413 0.006420731707317073
22 0.6223265016233765 0.5732393292682927 0.001958198051948052 0.006234756097560975
22 0.619025974025974 0.5733094512195122 0.0018506493506493505 0.0063750000000000005
29 0.8047960633116883 0.5734740853658536 0.0048843344155844156 0.007314024390243902
29 0.7999198457792208 0.5733978658536585 0.005278003246753247 0.007771341463414633
22 0.6160967938311688 0.5733460365853659 0.0020799512987012985 0.006448170731707317
22 0.6129829545454546 0.5735868902439024 0.001939935064935065 0.006320121951219513
22 0.7954687500000001 0.5746768292682927 0.00205762987012987 0.006060975609756097
22 0.626382913961039 0.5747469512195122 0.004389204545454545 0.0025426829268292684
2 0.7232893668831168 0.5750838414634146 0.0013676948051948052 0.005045731707317073
2 0.7206838474025974 0.5754405487804878 0.00143262987012987 0.005149390243902439
22 0.8108350243506494 0.5759878048780488 0.003975243506493507 0.0031951219512195124
22 0.7873133116883118 0.5761524390243903 0.004415584415584416 0.0029146341463414634
2 0.6081858766233766 0.5780457317073171 0.0037094155844155847 0.0024329268292682927
22 0.5912256493506494 0.5780167682926829 0.004285714285714286 0.0029847560975609752
2 0.5959953327922078 0.5783506097560975 0.0036789772727272726 0.0024329268292682927