23 0.5036057692307693 0.7872596153846154 0.007211538461538462 0.002403846153846154
3 0.5024038461538461 0.7932692307692307 0.009615384615384616 0.004807692307692308
23 0.5024038461538461 0.8112980769230769 0.009615384615384616 0.002403846153846154
23 0.5024038461538461 0.7848557692307693 0.009615384615384616 0.002403846153846154
23 0.5 0.8064903846153846 0.009615384615384616 0.002403846153846154
23 0.5024038461538461 0.7824519230769231 0.009615384615384616 0.002403846153846154
23 0.5 0.8040865384615384 0.009615384615384616 0.002403846153846154
23 0.5024038461538461 0.7788461538461539 0.009615384615384616 0.004807692307692308
23 0.5 0.7740384615384616 0.009615384615384616 0.004807692307692308
3 0.5036057692307693 0.7475961538461539 0.007211538461538462 0.004807692307692308
23 0.5 0.7716346153846154 0.009615384615384616 0.004807692307692308
23 0.4951923076923077 0.8004807692307693 0.009615384615384616 0.004807692307692308
3 0.4951923076923077 0.7932692307692307 0.004807692307692308 0.004807692307692308
3 0.49399038461538464 0.7668269230769231 0.007211538461538462 0.004807692307692308
3 0.49038461538461536 0.7884615384615384 0.004807692307692308 0.004807692307692308
23 0.4879807692307692 0.7584134615384616 0.004807692307692308 0.007211538461538462
3 0.4879807692307692 0.7451923076923077 0.009615384615384616 0.004807692307692308
3 0.4879807692307692 0.7139423076923077 0.009615384615384616 0.004807692307692308
3 0.4855769230769231 0.7415865384615384 0.004807692307692308 0.002403846153846154
3 0.4831730769230769 0.7379807692307693 0.004807692307692308 0.004807692307692308
3 0.4795673076923077 0.6875 0.01201923076923077 0.004807692307692308
3 0.4795673076923077 0.6814903846153846 0.007211538461538462 0.002403846153846154
3 0.47836538461538464 0.6790865384615384 0.009615384615384616 0.002403846153846154
3 0.47596153846153844 0.6466346153846154 0.009615384615384616 0.004807692307692308
6 0.47115384615384615 0.5985576923076923 0.009615384615384616 0.004807692307692308
3 0.46875 0.6274038461538461 0.009615384615384616 0.004807692307692308
3 0.47115384615384615 0.59375 0.009615384615384616 0.004807692307692308
3 0.4675480769230769 0.6237980769230769 0.007211538461538462 0.002403846153846154
3 0.46875 0.5889423076923077 0.009615384615384616 0.004807692307692308
6 0.46875 0.5576923076923077 0.03365384615384615 0.04807692307692308
3 0.45913461538461536 0.6177884615384616 0.009615384615384616 0.004807692307692308
3 0.4567307692307692 0.5985576923076923 0.004807692307692308 0.004807692307692308
3 0.45552884615384615 0.5853365384615384 0.007211538461538462 0.002403846153846154
3 0.4543269230769231 0.5817307692307693 0.009615384615384616 0.004807692307692308
6 0.4567307692307692 0.48677884615384615 0.03365384615384615 0.05048076923076923
3 0.4519230769230769 0.5564903846153846 0.004807692307692308 0.002403846153846154
3 0.4495192307692308 0.5360576923076923 0.009615384615384616 0.004807692307692308
3 0.44591346153846156 0.5120192307692307 0.007211538461538462 0.004807692307692308
3 0.44711538461538464 0.4495192307692308 0.009615384615384616 0.004807692307692308
15 0.44711538461538464 0.44471153846153844 0.009615384615384616 0.004807692307692308
3 0.4387019230769231 0.49759615384615385 0.007211538461538462 0.004807692307692308
3 0.4411057692307692 0.4543269230769231 0.007211538461538462 0.004807692307692308
3 0.4411057692307692 0.42788461538461536 0.007211538461538462 0.009615384615384616
3 0.4326923076923077 0.42788461538461536 0.004807692307692308 0.004807692307692308
3 0.4326923076923077 0.43990384615384615 0.009615384615384616 0.009615384615384616
3 0.43028846153846156 0.4495192307692308 0.004807692307692308 0.004807692307692308
3 0.43028846153846156 0.41346153846153844 0.004807692307692308 0.004807692307692308
3 0.4326923076923077 0.3701923076923077 0.004807692307692308 0.004807692307692308
3 0.43149038461538464 0.36538461538461536 0.01201923076923077 0.004807692307692308
3 0.4254807692307692 0.4014423076923077 0.009615384615384616 0.004807692307692308
3 0.4254807692307692 0.359375 0.004807692307692308 0.002403846153846154
23 0.4254807692307692 0.3245192307692308 0.009615384615384616 0.004807692307692308
23 0.4254807692307692 0.32211538461538464 0.009615384615384616 0.004807692307692308
23 0.4230769230769231 0.31850961538461536 0.009615384615384616 0.002403846153846154
23 0.4230769230769231 0.3161057692307692 0.009615384615384616 0.002403846153846154
23 0.4206730769230769 0.3125 0.009615384615384616 0.004807692307692308
23 0.4230769230769231 0.3076923076923077 0.009615384615384616 0.004807692307692308
23 0.4254807692307692 0.28365384615384615 0.004807692307692308 0.004807692307692308
23 0.4206730769230769 0.30528846153846156 0.009615384615384616 0.004807692307692308
3 0.41586538461538464 0.35336538461538464 0.004807692307692308 0.004807692307692308
23 0.4206730769230769 0.3004807692307692 0.009615384615384616 0.004807692307692308
23 0.4182692307692308 0.2980769230769231 0.009615384615384616 0.004807692307692308
23 0.4206730769230769 0.27884615384615385 0.009615384615384616 0.004807692307692308
23 0.4206730769230769 0.2932692307692308 0.009615384615384616 0.004807692307692308
23 0.4206730769230769 0.27403846153846156 0.009615384615384616 0.004807692307692308
23 0.4182692307692308 0.29086538461538464 0.009615384615384616 0.004807692307692308
23 0.4206730769230769 0.26322115384615385 0.004807692307692308 0.007211538461538462
23 0.4182692307692308 0.28846153846153844 0.009615384615384616 0.004807692307692308
23 0.41586538461538464 0.28365384615384615 0.009615384615384616 0.004807692307692308
23 0.4182692307692308 0.28125 0.009615384615384616 0.004807692307692308
23 0.41586538461538464 0.25721153846153844 0.009615384615384616 0.004807692307692308
3 0.4110576923076923 0.31490384615384615 0.009615384615384616 0.004807692307692308
23 0.41586538461538464 0.2548076923076923 0.009615384615384616 0.004807692307692308
23 0.41586538461538464 0.25 0.009615384615384616 0.004807692307692308
3 0.40865384615384615 0.3112980769230769 0.004807692307692308 0.002403846153846154
23 0.41346153846153844 0.24759615384615385 0.009615384615384616 0.004807692307692308
23 0.40625 0.2860576923076923 0.009615384615384616 0.004807692307692308
23 0.40625 0.28365384615384615 0.009615384615384616 0.004807692307692308
23 0.40625 0.27884615384615385 0.009615384615384616 0.004807692307692308
23 0.40625 0.27524038461538464 0.009615384615384616 0.002403846153846154
3 0.4014423076923077 0.3125 0.004807692307692308 0.004807692307692308
3 0.40625 0.2644230769230769 0.009615384615384616 0.004807692307692308
23 0.40384615384615385 0.27163461538461536 0.009615384615384616 0.004807692307692308
23 0.40384615384615385 0.2692307692307692 0.009615384615384616 0.004807692307692308
23 0.4014423076923077 0.25721153846153844 0.009615384615384616 0.004807692307692308
23 0.40384615384615385 0.25240384615384615 0.009615384615384616 0.004807692307692308
23 0.4014423076923077 0.25 0.009615384615384616 0.004807692307692308
23 0.4014423076923077 0.24759615384615385 0.009615384615384616 0.004807692307692308
23 0.39903846153846156 0.24278846153846154 0.009615384615384616 0.004807692307692308
23 0.39903846153846156 0.2403846153846154 0.009615384615384616 0.004807692307692308
3 0.3942307692307692 0.2644230769230769 0.004807692307692308 0.004807692307692308
3 0.3942307692307692 0.25600961538461536 0.004807692307692308 0.002403846153846154
3 0.3942307692307692 0.22355769230769232 0.009615384615384616 0.009615384615384616