23 0.5841346153846154 0.5168269230769231 0.004807692307692308 0.004807692307692308
3 0.5841346153846154 0.5228365384615384 0.004807692307692308 0.002403846153846154
3 0.5805288461538461 0.5192307692307693 0.002403846153846154 0.004807692307692308
3 0.5829326923076923 0.53125 0.002403846153846154 0.004807692307692308
3 0.578125 0.5168269230769231 0.002403846153846154 0.004807692307692308
23 0.5889423076923077 0.5721153846153846 0.004807692307692308 0.004807692307692308
23 0.5901442307692307 0.5793269230769231 0.002403846153846154 0.004807692307692308
23 0.5625 0.4675480769230769 0.004807692307692308 0.002403846153846154
23 0.5853365384615384 0.5697115384615384 0.007211538461538462 0.004807692307692308
3 0.5649038461538461 0.47716346153846156 0.009615384615384616 0.007211538461538462
23 0.5709134615384616 0.5144230769230769 0.002403846153846154 0.004807692307692308
23 0.5841346153846154 0.5745192307692307 0.004807692307692308 0.004807692307692308
23 0.5805288461538461 0.5625 0.002403846153846154 0.004807692307692308
23 0.5853365384615384 0.5793269230769231 0.002403846153846154 0.004807692307692308
14 0.5480769230769231 0.421875 0.009615384615384616 0.007211538461538462
23 0.4891826923076923 0.17067307692307693 0.002403846153846154 0.004807692307692308
23 0.578125 0.5649038461538461 0.002403846153846154 0.004807692307692308
3 0.5456730769230769 0.42908653846153844 0.009615384615384616 0.007211538461538462
23 0.5805288461538461 0.5793269230769231 0.002403846153846154 0.004807692307692308
3 0.5480769230769231 0.4338942307692308 0.009615384615384616 0.007211538461538462
3 0.5949519230769231 0.6490384615384616 0.002403846153846154 0.004807692307692308
23 0.5913461538461539 0.6298076923076923 0.004807692307692308 0.004807692307692308
23 0.4855769230769231 0.17067307692307693 0.004807692307692308 0.004807692307692308
23 0.5757211538461539 0.5649038461538461 0.002403846153846154 0.004807692307692308
23 0.49278846153846156 0.2091346153846154 0.004807692307692308 0.004807692307692308
3 0.5949519230769231 0.65625 0.002403846153846154 0.004807692307692308
3 0.5709134615384616 0.5504807692307693 0.002403846153846154 0.004807692307692308
3 0.6045673076923077 0.6923076923076923 0.002403846153846154 0.004807692307692308
15 0.5853365384615384 0.6129807692307693 0.021634615384615384 0.019230769230769232
23 0.5600961538461539 0.5 0.004807692307692308 0.004807692307692308
3 0.5576923076923077 0.49278846153846156 0.004807692307692308 0.004807692307692308
23 0.5564903846153846 0.4807692307692308 0.007211538461538462 0.004807692307692308
7 0.5889423076923077 0.6213942307692307 0.014423076923076924 0.007211538461538462
23 0.5612980769230769 0.5168269230769231 0.002403846153846154 0.004807692307692308
23 0.5757211538461539 0.5817307692307693 0.002403846153846154 0.004807692307692308
23 0.5709134615384616 0.5649038461538461 0.002403846153846154 0.004807692307692308
3 0.5961538461538461 0.6682692307692307 0.004807692307692308 0.004807692307692308
23 0.5865384615384616 0.6298076923076923 0.004807692307692308 0.004807692307692308
23 0.5901442307692307 0.6514423076923077 0.002403846153846154 0.004807692307692308
7 0.5973557692307693 0.6754807692307693 0.007211538461538462 0.004807692307692308
3 0.5793269230769231 0.6045673076923077 0.009615384615384616 0.007211538461538462
23 0.5588942307692307 0.5168269230769231 0.002403846153846154 0.004807692307692308
23 0.5901442307692307 0.65625 0.002403846153846154 0.004807692307692308
23 0.4879807692307692 0.21153846153846154 0.004807692307692308 0.004807692307692308
3 0.5973557692307693 0.6802884615384616 0.007211538461538462 0.004807692307692308
3 0.6009615384615384 0.703125 0.004807692307692308 0.002403846153846154
3 0.5685096153846154 0.5649038461538461 0.002403846153846154 0.004807692307692308
23 0.5733173076923077 0.5817307692307693 0.002403846153846154 0.004807692307692308
23 0.5949519230769231 0.6862980769230769 0.01201923076923077 0.007211538461538462
3 0.5973557692307693 0.6899038461538461 0.007211538461538462 0.004807692307692308
23 0.5564903846153846 0.5192307692307693 0.002403846153846154 0.004807692307692308
3 0.5877403846153846 0.6586538461538461 0.002403846153846154 0.004807692307692308
14 0.5600961538461539 0.5360576923076923 0.03365384615384615 0.028846153846153848
23 0.5853365384615384 0.6514423076923077 0.002403846153846154 0.004807692307692308
14 0.5829326923076923 0.640625 0.016826923076923076 0.01201923076923077
3 0.5817307692307693 0.6322115384615384 0.004807692307692308 0.004807692307692308
3 0.5673076923076923 0.5745192307692307 0.004807692307692308 0.004807692307692308
3 0.5360576923076923 0.4387019230769231 0.004807692307692308 0.002403846153846154
3 0.5348557692307693 0.43509615384615385 0.007211538461538462 0.004807692307692308
23 0.5685096153846154 0.5817307692307693 0.002403846153846154 0.004807692307692308
3 0.53125 0.42788461538461536 0.004807692307692308 0.004807692307692308
3 0.5865384615384616 0.6682692307692307 0.004807692307692308 0.004807692307692308
3 0.4735576923076923 0.18269230769230768 0.004807692307692308 0.004807692307692308
3 0.5360576923076923 0.44591346153846156 0.009615384615384616 0.007211538461538462
3 0.47596153846153844 0.18990384615384615 0.004807692307692308 0.004807692307692308
23 0.5817307692307693 0.6538461538461539 0.004807692307692308 0.004807692307692308
23 0.5817307692307693 0.6586538461538461 0.004807692307692308 0.004807692307692308
3 0.59375 0.7115384615384616 0.004807692307692308 0.004807692307692308
23 0.5588942307692307 0.5552884615384616 0.002403846153846154 0.004807692307692308
23 0.5492788461538461 0.5192307692307693 0.002403846153846154 0.004807692307692308
23 0.5649038461538461 0.5841346153846154 0.004807692307692308 0.004807692307692308
3 0.46274038461538464 0.15504807692307693 0.007211538461538462 0.007211538461538462
23 0.578125 0.6538461538461539 0.002403846153846154 0.004807692307692308
23 0.5540865384615384 0.5552884615384616 0.002403846153846154 0.004807692307692308
7 0.5829326923076923 0.6754807692307693 0.007211538461538462 0.004807692307692308
3 0.4795673076923077 0.22956730769230768 0.007211538461538462 0.007211538461538462
3 0.5841346153846154 0.6826923076923077 0.009615384615384616 0.004807692307692308
3 0.5685096153846154 0.6153846153846154 0.007211538461538462 0.004807692307692308
7 0.5841346153846154 0.6911057692307693 0.004807692307692308 0.002403846153846154
3 0.5661057692307693 0.6177884615384616 0.007211538461538462 0.004807692307692308
3 0.5685096153846154 0.6225961538461539 0.007211538461538462 0.004807692307692308
3 0.5865384615384616 0.7115384615384616 0.004807692307692308 0.004807692307692308
23 0.5444711538461539 0.5192307692307693 0.002403846153846154 0.004807692307692308
23 0.5733173076923077 0.6538461538461539 0.002403846153846154 0.004807692307692308
23 0.5733173076923077 0.6586538461538461 0.007211538461538462 0.004807692307692308
3 0.5396634615384616 0.5168269230769231 0.002403846153846154 0.004807692307692308
23 0.5685096153846154 0.6502403846153846 0.007211538461538462 0.007211538461538462
3 0.4879807692307692 0.3004807692307692 0.004807692307692308 0.004807692307692308
3 0.5709134615384616 0.6538461538461539 0.002403846153846154 0.004807692307692308
3 0.46153846153846156 0.18990384615384615 0.004807692307692308 0.004807692307692308
23 0.5721153846153846 0.6658653846153846 0.004807692307692308 0.004807692307692308
3 0.5817307692307693 0.7139423076923077 0.004807692307692308 0.004807692307692308
3 0.5492788461538461 0.5793269230769231 0.002403846153846154 0.004807692307692308
3 0.5504807692307693 0.5841346153846154 0.004807692307692308 0.004807692307692308
23 0.5372596153846154 0.5240384615384616 0.002403846153846154 0.004807692307692308
3 0.5721153846153846 0.6826923076923077 0.009615384615384616 0.004807692307692308
3 0.5504807692307693 0.5889423076923077 0.004807692307692308 0.004807692307692308
3 0.5733173076923077 0.6875 0.007211538461538462 0.004807692307692308
3 0.5733173076923077 0.6923076923076923 0.007211538461538462 0.004807692307692308
3 0.5516826923076923 0.59375 0.002403846153846154 0.004807692307692308
3 0.5733173076923077 0.6971153846153846 0.007211538461538462 0.004807692307692308
3 0.5516826923076923 0.6009615384615384 0.002403846153846154 0.004807692307692308
3 0.5769230769230769 0.7055288461538461 0.004807692307692308 0.002403846153846154
3 0.4675480769230769 0.23798076923076922 0.002403846153846154 0.004807692307692308
3 0.5733173076923077 0.7019230769230769 0.007211538461538462 0.004807692307692308
3 0.5516826923076923 0.6057692307692307 0.002403846153846154 0.004807692307692308
23 0.5324519230769231 0.5240384615384616 0.002403846153846154 0.004807692307692308
3 0.5516826923076923 0.6105769230769231 0.002403846153846154 0.004807692307692308
3 0.47115384615384615 0.2548076923076923 0.004807692307692308 0.004807692307692308
3 0.5540865384615384 0.6153846153846154 0.002403846153846154 0.004807692307692308
3 0.5793269230769231 0.71875 0.009615384615384616 0.004807692307692308
23 0.5444711538461539 0.5793269230769231 0.002403846153846154 0.004807692307692308
3 0.5540865384615384 0.6201923076923077 0.002403846153846154 0.004807692307692308
3 0.47596153846153844 0.2800480769230769 0.009615384615384616 0.007211538461538462
23 0.546875 0.5865384615384616 0.002403846153846154 0.004807692307692308
3 0.5540865384615384 0.625 0.002403846153846154 0.004807692307692308
23 0.5384615384615384 0.5564903846153846 0.004807692307692308 0.002403846153846154
23 0.546875 0.5889423076923077 0.002403846153846154 0.004807692307692308
3 0.5540865384615384 0.6298076923076923 0.002403846153846154 0.004807692307692308
23 0.546875 0.5961538461538461 0.002403846153846154 0.004807692307692308
23 0.5552884615384616 0.6346153846153846 0.004807692307692308 0.004807692307692308
3 0.48197115384615385 0.31009615384615385 0.002403846153846154 0.004807692307692308
23 0.546875 0.6009615384615384 0.002403846153846154 0.004807692307692308
23 0.5564903846153846 0.6394230769230769 0.002403846153846154 0.004807692307692308
23 0.5492788461538461 0.6057692307692307 0.002403846153846154 0.004807692307692308
23 0.5492788461538461 0.6105769230769231 0.002403846153846154 0.004807692307692308
3 0.5576923076923077 0.6442307692307693 0.004807692307692308 0.004807692307692308
3 0.5576923076923077 0.6514423076923077 0.004807692307692308 0.004807692307692308
23 0.5480769230769231 0.6153846153846154 0.004807692307692308 0.004807692307692308
3 0.5408653846153846 0.5769230769230769 0.004807692307692308 0.004807692307692308
3 0.5576923076923077 0.6538461538461539 0.004807692307692308 0.004807692307692308
23 0.5408653846153846 0.5817307692307693 0.004807692307692308 0.004807692307692308
23 0.5516826923076923 0.6201923076923077 0.002403846153846154 0.004807692307692308
23 0.5420673076923077 0.5865384615384616 0.002403846153846154 0.004807692307692308
3 0.5600961538461539 0.6658653846153846 0.004807692307692308 0.004807692307692308
3 0.5588942307692307 0.6610576923076923 0.002403846153846154 0.004807692307692308
23 0.5516826923076923 0.625 0.002403846153846154 0.004807692307692308
23 0.5516826923076923 0.6298076923076923 0.002403846153846154 0.004807692307692308
23 0.5420673076923077 0.5913461538461539 0.002403846153846154 0.004807692307692308
23 0.5432692307692307 0.5961538461538461 0.004807692307692308 0.004807692307692308
3 0.5024038461538461 0.4206730769230769 0.004807692307692308 0.004807692307692308
3 0.47596153846153844 0.31009615384615385 0.004807692307692308 0.004807692307692308
23 0.5516826923076923 0.6346153846153846 0.002403846153846154 0.004807692307692308
23 0.5432692307692307 0.6009615384615384 0.004807692307692308 0.004807692307692308
23 0.5516826923076923 0.6394230769230769 0.002403846153846154 0.004807692307692308
23 0.5444711538461539 0.6057692307692307 0.002403846153846154 0.004807692307692308
23 0.5516826923076923 0.6466346153846154 0.002403846153846154 0.004807692307692308
23 0.5456730769230769 0.6105769230769231 0.004807692307692308 0.004807692307692308
23 0.5540865384615384 0.6514423076923077 0.002403846153846154 0.004807692307692308
23 0.5540865384615384 0.65625 0.002403846153846154 0.004807692307692308
23 0.546875 0.6153846153846154 0.002403846153846154 0.004807692307692308
23 0.5444711538461539 0.6201923076923077 0.002403846153846154 0.004807692307692308
23 0.546875 0.6274038461538461 0.002403846153846154 0.004807692307692308
23 0.5540865384615384 0.6610576923076923 0.002403846153846154 0.004807692307692308
23 0.5552884615384616 0.6658653846153846 0.004807692307692308 0.004807692307692308
23 0.546875 0.6322115384615384 0.002403846153846154 0.004807692307692308
3 0.5072115384615384 0.46875 0.004807692307692308 0.004807692307692308
23 0.546875 0.6418269230769231 0.002403846153846154 0.004807692307692308
23 0.5456730769230769 0.6370192307692307 0.004807692307692308 0.004807692307692308
23 0.5492788461538461 0.6466346153846154 0.002403846153846154 0.004807692307692308
3 0.4879807692307692 0.3762019230769231 0.009615384615384616 0.007211538461538462
3 0.4807692307692308 0.3581730769230769 0.004807692307692308 0.004807692307692308
23 0.5480769230769231 0.6514423076923077 0.004807692307692308 0.004807692307692308
23 0.5504807692307693 0.65625 0.004807692307692308 0.004807692307692308
23 0.5504807692307693 0.6610576923076923 0.004807692307692308 0.004807692307692308
3 0.4891826923076923 0.40024038461538464 0.007211538461538462 0.007211538461538462
23 0.5516826923076923 0.6658653846153846 0.002403846153846154 0.004807692307692308
3 0.4891826923076923 0.4206730769230769 0.002403846153846154 0.004807692307692308
3 0.49038461538461536 0.42788461538461536 0.004807692307692308 0.004807692307692308
3 0.5144230769230769 0.5384615384615384 0.004807692307692308 0.004807692307692308
3 0.5552884615384616 0.7271634615384616 0.004807692307692308 0.002403846153846154
3 0.5216346153846154 0.5889423076923077 0.004807692307692308 0.004807692307692308
3 0.5564903846153846 0.734375 0.007211538461538462 0.007211538461538462
3 0.4951923076923077 0.47596153846153844 0.004807692307692308 0.004807692307692308
3 0.5432692307692307 0.6887019230769231 0.004807692307692308 0.002403846153846154
3 0.5432692307692307 0.6862980769230769 0.004807692307692308 0.002403846153846154
3 0.5432692307692307 0.6911057692307693 0.004807692307692308 0.002403846153846154
3 0.49759615384615385 0.4951923076923077 0.004807692307692308 0.004807692307692308
3 0.53125 0.65625 0.004807692307692308 0.004807692307692308
3 0.5012019230769231 0.5408653846153846 0.002403846153846154 0.004807692307692308
3 0.5036057692307693 0.5480769230769231 0.002403846153846154 0.004807692307692308
3 0.5384615384615384 0.7019230769230769 0.004807692307692308 0.004807692307692308
3 0.5432692307692307 0.7391826923076923 0.004807692307692308 0.002403846153846154
3 0.5072115384615384 0.5961538461538461 0.004807692307692308 0.004807692307692308
3 0.5120192307692307 0.6129807692307693 0.004807692307692308 0.004807692307692308
3 0.5324519230769231 0.7307692307692307 0.007211538461538462 0.004807692307692308
3 0.5348557692307693 0.7355769230769231 0.007211538461538462 0.004807692307692308
3 0.5324519230769231 0.7331730769230769 0.007211538461538462 0.004807692307692308
3 0.5216346153846154 0.6875 0.009615384615384616 0.004807692307692308
3 0.53125 0.7271634615384616 0.009615384615384616 0.007211538461538462
3 0.5348557692307693 0.7451923076923077 0.007211538461538462 0.004807692307692308
3 0.5324519230769231 0.7379807692307693 0.007211538461538462 0.004807692307692308
3 0.515625 0.6586538461538461 0.002403846153846154 0.004807692307692308
3 0.5348557692307693 0.7403846153846154 0.007211538461538462 0.004807692307692308
3 0.515625 0.6658653846153846 0.002403846153846154 0.004807692307692308
3 0.5216346153846154 0.7163461538461539 0.004807692307692308 0.004807692307692308