23 0.4519230769230769 0.43028846153846156 0.004807692307692308 0.004807692307692308
3 0.4483173076923077 0.4326923076923077 0.002403846153846154 0.004807692307692308
3 0.4519230769230769 0.4338942307692308 0.004807692307692308 0.002403846153846154
3 0.43990384615384615 0.4387019230769231 0.004807692307692308 0.002403846153846154
3 0.4543269230769231 0.4362980769230769 0.004807692307692308 0.002403846153846154
23 0.39903846153846156 0.44711538461538464 0.004807692307692308 0.004807692307692308
23 0.3942307692307692 0.45072115384615385 0.004807692307692308 0.002403846153846154
23 0.5084134615384616 0.43028846153846156 0.002403846153846154 0.004807692307692308
23 0.40384615384615385 0.4483173076923077 0.004807692307692308 0.007211538461538462
3 0.4987980769230769 0.4326923076923077 0.007211538461538462 0.009615384615384616
23 0.45913461538461536 0.4411057692307692 0.004807692307692308 0.002403846153846154
23 0.4014423076923077 0.4519230769230769 0.004807692307692308 0.004807692307692308
23 0.4110576923076923 0.45072115384615385 0.004807692307692308 0.002403846153846154
23 0.39663461538461536 0.453125 0.004807692307692308 0.002403846153846154
14 0.5564903846153846 0.4254807692307692 0.007211538461538462 0.009615384615384616
23 0.8100961538461539 0.38341346153846156 0.004807692307692308 0.002403846153846154
23 0.4110576923076923 0.453125 0.004807692307692308 0.002403846153846154
3 0.5492788461538461 0.43028846153846156 0.007211538461538462 0.009615384615384616
23 0.39663461538461536 0.4579326923076923 0.004807692307692308 0.002403846153846154
3 0.5444711538461539 0.4326923076923077 0.007211538461538462 0.009615384615384616
3 0.3269230769230769 0.4723557692307692 0.004807692307692308 0.002403846153846154
23 0.34615384615384615 0.46875 0.004807692307692308 0.004807692307692308
23 0.8100961538461539 0.3870192307692308 0.004807692307692308 0.004807692307692308
23 0.4110576923076923 0.45552884615384615 0.004807692307692308 0.002403846153846154
23 0.7716346153846154 0.3942307692307692 0.004807692307692308 0.004807692307692308
3 0.31971153846153844 0.47475961538461536 0.004807692307692308 0.002403846153846154
3 0.4254807692307692 0.45552884615384615 0.004807692307692308 0.002403846153846154
3 0.28365384615384615 0.4795673076923077 0.004807692307692308 0.002403846153846154
15 0.3641826923076923 0.4651442307692308 0.016826923076923076 0.021634615384615384
23 0.47836538461538464 0.44711538461538464 0.004807692307692308 0.004807692307692308
3 0.4855769230769231 0.44471153846153844 0.004807692307692308 0.004807692307692308
23 0.49759615384615385 0.44350961538461536 0.004807692307692308 0.007211538461538462
7 0.3545673076923077 0.46875 0.007211538461538462 0.014423076923076924
23 0.46153846153846156 0.45072115384615385 0.004807692307692308 0.002403846153846154
23 0.39663461538461536 0.46274038461538464 0.004807692307692308 0.002403846153846154
23 0.41346153846153844 0.46033653846153844 0.004807692307692308 0.002403846153846154
3 0.31009615384615385 0.47836538461538464 0.004807692307692308 0.004807692307692308
23 0.3485576923076923 0.4735576923076923 0.004807692307692308 0.004807692307692308
23 0.3269230769230769 0.47716346153846156 0.004807692307692308 0.002403846153846154
7 0.30288461538461536 0.4795673076923077 0.004807692307692308 0.007211538461538462
3 0.3737980769230769 0.46875 0.007211538461538462 0.009615384615384616
23 0.46153846153846156 0.453125 0.004807692307692308 0.002403846153846154
23 0.32211538461538464 0.4795673076923077 0.004807692307692308 0.002403846153846154
23 0.7716346153846154 0.39903846153846156 0.004807692307692308 0.004807692307692308
3 0.2980769230769231 0.48197115384615385 0.004807692307692308 0.007211538461538462
3 0.27524038461538464 0.4879807692307692 0.002403846153846154 0.004807692307692308
3 0.41586538461538464 0.46274038461538464 0.004807692307692308 0.002403846153846154
23 0.39903846153846156 0.4651442307692308 0.004807692307692308 0.002403846153846154
23 0.2920673076923077 0.48677884615384615 0.007211538461538462 0.01201923076923077
3 0.28846153846153844 0.48677884615384615 0.004807692307692308 0.007211538461538462
23 0.46153846153846156 0.45552884615384615 0.004807692307692308 0.002403846153846154
3 0.32211538461538464 0.48197115384615385 0.004807692307692308 0.002403846153846154
14 0.44471153846153844 0.46153846153846156 0.028846153846153848 0.03365384615384615
23 0.3269230769230769 0.48197115384615385 0.004807692307692308 0.002403846153846154
14 0.3401442307692308 0.4795673076923077 0.01201923076923077 0.016826923076923076
3 0.3485576923076923 0.47836538461538464 0.004807692307692308 0.004807692307692308
3 0.40625 0.46634615384615385 0.004807692307692308 0.004807692307692308
3 0.5420673076923077 0.4423076923076923 0.002403846153846154 0.004807692307692308
3 0.5456730769230769 0.44350961538461536 0.004807692307692308 0.007211538461538462
23 0.39903846153846156 0.4699519230769231 0.004807692307692308 0.002403846153846154
3 0.5552884615384616 0.4423076923076923 0.004807692307692308 0.004807692307692308
3 0.3125 0.4855769230769231 0.004807692307692308 0.004807692307692308
3 0.8028846153846154 0.4014423076923077 0.004807692307692308 0.004807692307692308
3 0.5372596153846154 0.44711538461538464 0.007211538461538462 0.009615384615384616
3 0.7956730769230769 0.4014423076923077 0.004807692307692308 0.004807692307692308
23 0.3293269230769231 0.4855769230769231 0.004807692307692308 0.004807692307692308
23 0.32211538461538464 0.4879807692307692 0.004807692307692308 0.004807692307692308
3 0.2692307692307692 0.4951923076923077 0.004807692307692308 0.004807692307692308
23 0.42788461538461536 0.4675480769230769 0.004807692307692308 0.002403846153846154
23 0.4639423076923077 0.46274038461538464 0.004807692307692308 0.002403846153846154
23 0.39903846153846156 0.4735576923076923 0.004807692307692308 0.004807692307692308
3 0.8341346153846154 0.40024038461538464 0.004807692307692308 0.007211538461538462
23 0.3293269230769231 0.4891826923076923 0.004807692307692308 0.002403846153846154
23 0.43028846153846156 0.4723557692307692 0.004807692307692308 0.002403846153846154
7 0.30528846153846156 0.49399038461538464 0.004807692307692308 0.007211538461538462
3 0.7584134615384616 0.41346153846153844 0.007211538461538462 0.004807692307692308
3 0.3004807692307692 0.4951923076923077 0.004807692307692308 0.009615384615384616
3 0.3701923076923077 0.484375 0.004807692307692308 0.007211538461538462
7 0.2920673076923077 0.49759615384615385 0.002403846153846154 0.004807692307692308
3 0.36538461538461536 0.484375 0.004807692307692308 0.007211538461538462
3 0.3605769230769231 0.48677884615384615 0.004807692307692308 0.007211538461538462
3 0.27163461538461536 0.5024038461538461 0.004807692307692308 0.004807692307692308
23 0.46634615384615385 0.4699519230769231 0.004807692307692308 0.002403846153846154
23 0.3317307692307692 0.49158653846153844 0.004807692307692308 0.002403846153846154
23 0.3269230769230769 0.4963942307692308 0.004807692307692308 0.007211538461538462
3 0.47115384615384615 0.4723557692307692 0.004807692307692308 0.002403846153846154
23 0.33653846153846156 0.4963942307692308 0.004807692307692308 0.007211538461538462
3 0.6899038461538461 0.4326923076923077 0.004807692307692308 0.004807692307692308
3 0.3317307692307692 0.4963942307692308 0.004807692307692308 0.002403846153846154
3 0.8004807692307693 0.41346153846153844 0.004807692307692308 0.004807692307692308
23 0.32211538461538464 0.5 0.004807692307692308 0.004807692307692308
3 0.27163461538461536 0.5096153846153846 0.004807692307692308 0.004807692307692308
3 0.40865384615384615 0.48677884615384615 0.004807692307692308 0.002403846153846154
3 0.40384615384615385 0.4879807692307692 0.004807692307692308 0.004807692307692308
23 0.4639423076923077 0.47716346153846156 0.004807692307692308 0.002403846153846154
3 0.30528846153846156 0.5048076923076923 0.004807692307692308 0.009615384615384616
3 0.39903846153846156 0.49038461538461536 0.004807692307692308 0.004807692307692308
3 0.3004807692307692 0.5060096153846154 0.004807692307692308 0.007211538461538462
3 0.2956730769230769 0.5084134615384616 0.004807692307692308 0.007211538461538462
3 0.3942307692307692 0.4891826923076923 0.004807692307692308 0.002403846153846154
3 0.29086538461538464 0.5084134615384616 0.004807692307692308 0.007211538461538462
3 0.3894230769230769 0.49158653846153844 0.004807692307692308 0.002403846153846154
3 0.2824519230769231 0.5120192307692307 0.002403846153846154 0.004807692307692308
3 0.7548076923076923 0.4266826923076923 0.004807692307692308 0.002403846153846154
3 0.28846153846153844 0.5108173076923077 0.004807692307692308 0.007211538461538462
3 0.38461538461538464 0.49399038461538464 0.004807692307692308 0.002403846153846154
23 0.46634615384615385 0.4795673076923077 0.004807692307692308 0.002403846153846154
3 0.3798076923076923 0.49399038461538464 0.004807692307692308 0.002403846153846154
3 0.7379807692307693 0.4326923076923077 0.004807692307692308 0.004807692307692308
3 0.375 0.4963942307692308 0.004807692307692308 0.002403846153846154
3 0.2692307692307692 0.5144230769230769 0.004807692307692308 0.009615384615384616
23 0.40865384615384615 0.49158653846153844 0.004807692307692308 0.002403846153846154
3 0.3701923076923077 0.4987980769230769 0.004807692307692308 0.002403846153846154
3 0.7151442307692307 0.4375 0.007211538461538462 0.009615384615384616
23 0.40384615384615385 0.49158653846153844 0.004807692307692308 0.002403846153846154
3 0.36538461538461536 0.4987980769230769 0.004807692307692308 0.002403846153846154
23 0.4338942307692308 0.4879807692307692 0.002403846153846154 0.004807692307692308
23 0.4014423076923077 0.49399038461538464 0.004807692307692308 0.002403846153846154
3 0.3605769230769231 0.5012019230769231 0.004807692307692308 0.002403846153846154
23 0.3942307692307692 0.49399038461538464 0.004807692307692308 0.002403846153846154
23 0.3557692307692308 0.5024038461538461 0.004807692307692308 0.004807692307692308
3 0.6826923076923077 0.44350961538461536 0.004807692307692308 0.002403846153846154
23 0.3894230769230769 0.4963942307692308 0.004807692307692308 0.002403846153846154
23 0.35096153846153844 0.5036057692307693 0.004807692307692308 0.002403846153846154
23 0.38461538461538464 0.4987980769230769 0.004807692307692308 0.002403846153846154
23 0.3798076923076923 0.4987980769230769 0.004807692307692308 0.002403846153846154
3 0.34615384615384615 0.5048076923076923 0.004807692307692308 0.004807692307692308
3 0.34134615384615385 0.5072115384615384 0.004807692307692308 0.004807692307692308
23 0.375 0.5 0.004807692307692308 0.004807692307692308
3 0.41586538461538464 0.49278846153846156 0.004807692307692308 0.004807692307692308
3 0.33653846153846156 0.5072115384615384 0.004807692307692308 0.004807692307692308
23 0.4110576923076923 0.4951923076923077 0.004807692307692308 0.004807692307692308
23 0.3701923076923077 0.5012019230769231 0.004807692307692308 0.002403846153846154
23 0.40625 0.4963942307692308 0.004807692307692308 0.002403846153846154
3 0.3245192307692308 0.5096153846153846 0.004807692307692308 0.004807692307692308
3 0.3293269230769231 0.5108173076923077 0.004807692307692308 0.002403846153846154
23 0.36538461538461536 0.5036057692307693 0.004807692307692308 0.002403846153846154
23 0.3605769230769231 0.5036057692307693 0.004807692307692308 0.002403846153846154
23 0.4014423076923077 0.4963942307692308 0.004807692307692308 0.002403846153846154
23 0.39663461538461536 0.49759615384615385 0.004807692307692308 0.004807692307692308
3 0.5745192307692307 0.46875 0.004807692307692308 0.004807692307692308
3 0.6850961538461539 0.4495192307692308 0.004807692307692308 0.004807692307692308
23 0.3557692307692308 0.5060096153846154 0.004807692307692308 0.002403846153846154
23 0.3918269230769231 0.5 0.004807692307692308 0.004807692307692308
23 0.35096153846153844 0.5084134615384616 0.004807692307692308 0.002403846153846154
23 0.3870192307692308 0.5036057692307693 0.004807692307692308 0.002403846153846154
23 0.34615384615384615 0.5084134615384616 0.004807692307692308 0.002403846153846154
23 0.38221153846153844 0.5024038461538461 0.004807692307692308 0.004807692307692308
23 0.34134615384615385 0.5108173076923077 0.004807692307692308 0.002403846153846154
23 0.33653846153846156 0.5108173076923077 0.004807692307692308 0.002403846153846154
23 0.37740384615384615 0.5036057692307693 0.004807692307692308 0.002403846153846154
23 0.37259615384615385 0.5060096153846154 0.004807692307692308 0.002403846153846154
23 0.36538461538461536 0.5060096153846154 0.004807692307692308 0.002403846153846154
23 0.3317307692307692 0.5132211538461539 0.004807692307692308 0.002403846153846154
23 0.3269230769230769 0.5144230769230769 0.004807692307692308 0.004807692307692308
23 0.3605769230769231 0.5084134615384616 0.004807692307692308 0.002403846153846154
3 0.5264423076923077 0.4807692307692308 0.004807692307692308 0.004807692307692308
23 0.35336538461538464 0.5132211538461539 0.004807692307692308 0.002403846153846154
23 0.3581730769230769 0.5120192307692307 0.004807692307692308 0.004807692307692308
23 0.34615384615384615 0.5132211538461539 0.004807692307692308 0.002403846153846154
3 0.6189903846153846 0.4639423076923077 0.007211538461538462 0.009615384615384616
3 0.6394230769230769 0.46153846153846156 0.004807692307692308 0.004807692307692308
23 0.34134615384615385 0.5144230769230769 0.004807692307692308 0.004807692307692308
23 0.33653846153846156 0.5168269230769231 0.004807692307692308 0.004807692307692308
23 0.3317307692307692 0.5168269230769231 0.004807692307692308 0.004807692307692308
3 0.5985576923076923 0.4723557692307692 0.004807692307692308 0.007211538461538462
23 0.3269230769230769 0.5180288461538461 0.004807692307692308 0.002403846153846154
3 0.5793269230769231 0.4795673076923077 0.004807692307692308 0.002403846153846154
3 0.5721153846153846 0.4807692307692308 0.004807692307692308 0.004807692307692308
3 0.45913461538461536 0.5024038461538461 0.004807692307692308 0.004807692307692308
3 0.27283653846153844 0.5384615384615384 0.002403846153846154 0.004807692307692308
3 0.4110576923076923 0.5144230769230769 0.004807692307692308 0.004807692307692308
3 0.2644230769230769 0.5420673076923077 0.004807692307692308 0.007211538461538462
3 0.5264423076923077 0.4951923076923077 0.004807692307692308 0.004807692307692308
3 0.3112980769230769 0.5336538461538461 0.002403846153846154 0.004807692307692308
3 0.3137019230769231 0.5336538461538461 0.002403846153846154 0.004807692307692308
3 0.3088942307692308 0.5360576923076923 0.002403846153846154 0.004807692307692308
3 0.5048076923076923 0.5 0.004807692307692308 0.004807692307692308
3 0.34615384615384615 0.5336538461538461 0.004807692307692308 0.004807692307692308
3 0.4639423076923077 0.5132211538461539 0.004807692307692308 0.002403846153846154
3 0.4567307692307692 0.515625 0.004807692307692308 0.002403846153846154
3 0.3004807692307692 0.5432692307692307 0.004807692307692308 0.004807692307692308
3 0.26322115384615385 0.5552884615384616 0.002403846153846154 0.004807692307692308
3 0.4110576923076923 0.53125 0.004807692307692308 0.004807692307692308
3 0.3918269230769231 0.5336538461538461 0.004807692307692308 0.004807692307692308
3 0.2764423076923077 0.5612980769230769 0.004807692307692308 0.007211538461538462
3 0.27163461538461536 0.5612980769230769 0.004807692307692308 0.007211538461538462
3 0.27403846153846156 0.5612980769230769 0.004807692307692308 0.007211538461538462
3 0.31971153846153844 0.5552884615384616 0.004807692307692308 0.009615384615384616
3 0.2800480769230769 0.5625 0.007211538461538462 0.009615384615384616
3 0.2620192307692308 0.5637019230769231 0.004807692307692308 0.007211538461538462
3 0.2692307692307692 0.5637019230769231 0.004807692307692308 0.007211538461538462
3 0.3485576923076923 0.5492788461538461 0.004807692307692308 0.002403846153846154
3 0.2668269230769231 0.5637019230769231 0.004807692307692308 0.007211538461538462
3 0.34134615384615385 0.5516826923076923 0.004807692307692308 0.002403846153846154
3 0.2956730769230769 0.5649038461538461 0.004807692307692308 0.004807692307692308