3 0.35216346153846156 0.40384615384615385 0.007211538461538462 0.009615384615384616
3 0.25240384615384615 0.3894230769230769 0.004807692307692308 0.009615384615384616
3 0.41586538461538464 0.4182692307692308 0.004807692307692308 0.009615384615384616
3 0.4254807692307692 0.4206730769230769 0.004807692307692308 0.009615384615384616
3 0.2776442307692308 0.39903846153846156 0.007211538461538462 0.009615384615384616
3 0.2824519230769231 0.4014423076923077 0.007211538461538462 0.009615384615384616
3 0.46274038461538464 0.42788461538461536 0.007211538461538462 0.009615384615384616
3 0.4879807692307692 0.4326923076923077 0.004807692307692308 0.009615384615384616
3 0.4963942307692308 0.43509615384615385 0.007211538461538462 0.009615384615384616
23 0.2704326923076923 0.40625 0.007211538461538462 0.009615384615384616
23 0.27283653846153844 0.40625 0.007211538461538462 0.009615384615384616
3 0.5600961538461539 0.4495192307692308 0.004807692307692308 0.009615384615384616
3 0.5709134615384616 0.4519230769230769 0.007211538461538462 0.009615384615384616
3 0.578125 0.4543269230769231 0.007211538461538462 0.009615384615384616
3 0.6346153846153846 0.46634615384615385 0.004807692307692308 0.009615384615384616
3 0.6454326923076923 0.46634615384615385 0.007211538461538462 0.009615384615384616
3 0.7079326923076923 0.4807692307692308 0.007211538461538462 0.009615384615384616
3 0.5096153846153846 0.4543269230769231 0.004807692307692308 0.004807692307692308
3 0.7175480769230769 0.4831730769230769 0.007211538461538462 0.009615384615384616
3 0.5144230769230769 0.4567307692307692 0.004807692307692308 0.004807692307692308
3 0.5216346153846154 0.4567307692307692 0.004807692307692308 0.004807692307692308
3 0.5264423076923077 0.45913461538461536 0.004807692307692308 0.004807692307692308
3 0.53125 0.45913461538461536 0.004807692307692308 0.004807692307692308
3 0.5 0.46634615384615385 0.004807692307692308 0.004807692307692308
14 0.5576923076923077 0.47475961538461536 0.014423076923076924 0.01201923076923077
3 0.625 0.4855769230769231 0.004807692307692308 0.004807692307692308
3 0.6081730769230769 0.4855769230769231 0.004807692307692308 0.009615384615384616
3 0.6141826923076923 0.4855769230769231 0.007211538461538462 0.009615384615384616
3 0.6105769230769231 0.4855769230769231 0.004807692307692308 0.009615384615384616
3 0.6370192307692307 0.49038461538461536 0.004807692307692308 0.004807692307692308
3 0.5709134615384616 0.48197115384615385 0.01201923076923077 0.01201923076923077
23 0.5985576923076923 0.4855769230769231 0.004807692307692308 0.009615384615384616
3 0.6009615384615384 0.4855769230769231 0.004807692307692308 0.009615384615384616
23 0.6045673076923077 0.4879807692307692 0.007211538461538462 0.009615384615384616
3 0.7884615384615384 0.5144230769230769 0.004807692307692308 0.009615384615384616
3 0.4879807692307692 0.47115384615384615 0.004807692307692308 0.004807692307692308
3 0.5408653846153846 0.4807692307692308 0.004807692307692308 0.004807692307692308
3 0.7908653846153846 0.5144230769230769 0.004807692307692308 0.009615384615384616
3 0.49278846153846156 0.4735576923076923 0.004807692307692308 0.004807692307692308
3 0.5913461538461539 0.4855769230769231 0.004807692307692308 0.004807692307692308
3 0.5 0.4735576923076923 0.004807692307692308 0.004807692307692308
3 0.7800480769230769 0.5144230769230769 0.007211538461538462 0.009615384615384616
23 0.6081730769230769 0.49038461538461536 0.004807692307692308 0.004807692307692308
23 0.6502403846153846 0.49759615384615385 0.007211538461538462 0.009615384615384616
23 0.6346153846153846 0.4951923076923077 0.004807692307692308 0.009615384615384616
23 0.4855769230769231 0.47596153846153844 0.004807692307692308 0.004807692307692308
23 0.5757211538461539 0.4879807692307692 0.007211538461538462 0.009615384615384616
3 0.5408653846153846 0.4831730769230769 0.004807692307692308 0.004807692307692308
23 0.5793269230769231 0.4879807692307692 0.004807692307692308 0.009615384615384616
23 0.5480769230769231 0.4855769230769231 0.004807692307692308 0.009615384615384616
23 0.49278846153846156 0.47836538461538464 0.004807692307692308 0.004807692307692308
23 0.5528846153846154 0.4855769230769231 0.004807692307692308 0.009615384615384616
23 0.5564903846153846 0.4855769230769231 0.007211538461538462 0.009615384615384616
23 0.5588942307692307 0.4879807692307692 0.007211538461538462 0.009615384615384616
3 0.5817307692307693 0.49038461538461536 0.004807692307692308 0.009615384615384616
3 0.5 0.47836538461538464 0.004807692307692308 0.004807692307692308
3 0.5985576923076923 0.49278846153846156 0.004807692307692308 0.004807692307692308
14 0.6237980769230769 0.4963942307692308 0.01201923076923077 0.01201923076923077
23 0.5612980769230769 0.4879807692307692 0.007211538461538462 0.009615384615384616
3 0.6394230769230769 0.5 0.009615384615384616 0.014423076923076924
3 0.6442307692307693 0.5024038461538461 0.009615384615384616 0.014423076923076924
3 0.65625 0.5024038461538461 0.009615384615384616 0.014423076923076924
3 0.6622596153846154 0.5048076923076923 0.007211538461538462 0.014423076923076924
3 0.5685096153846154 0.49158653846153844 0.01201923076923077 0.01201923076923077
3 0.5877403846153846 0.49399038461538464 0.01201923076923077 0.01201923076923077
3 0.5408653846153846 0.4879807692307692 0.004807692307692308 0.004807692307692308
3 0.49759615384615385 0.4831730769230769 0.004807692307692308 0.004807692307692308
29 0.6081730769230769 0.5 0.004807692307692308 0.004807692307692308
14 0.5168269230769231 0.48677884615384615 0.03365384615384615 0.04567307692307692
23 0.6334134615384616 0.5024038461538461 0.007211538461538462 0.009615384615384616
7 0.5769230769230769 0.4963942307692308 0.009615384615384616 0.007211538461538462
23 0.6490384615384616 0.5072115384615384 0.004807692307692308 0.009615384615384616
3 0.4855769230769231 0.4855769230769231 0.004807692307692308 0.004807692307692308
3 0.49038461538461536 0.4855769230769231 0.004807692307692308 0.004807692307692308
3 0.5384615384615384 0.49278846153846156 0.004807692307692308 0.004807692307692308
3 0.6706730769230769 0.5120192307692307 0.004807692307692308 0.009615384615384616
3 0.5997596153846154 0.5012019230769231 0.01201923076923077 0.01201923076923077
23 0.49759615384615385 0.4855769230769231 0.004807692307692308 0.004807692307692308
23 0.6742788461538461 0.5120192307692307 0.007211538461538462 0.009615384615384616
23 0.6778846153846154 0.5120192307692307 0.004807692307692308 0.009615384615384616
3 0.6814903846153846 0.5144230769230769 0.007211538461538462 0.009615384615384616
23 0.6995192307692307 0.5168269230769231 0.004807692307692308 0.004807692307692308
29 0.6081730769230769 0.5048076923076923 0.004807692307692308 0.004807692307692308
23 0.4831730769230769 0.4879807692307692 0.004807692307692308 0.004807692307692308
23 0.49038461538461536 0.49038461538461536 0.004807692307692308 0.004807692307692308
3 0.5384615384615384 0.49759615384615385 0.004807692307692308 0.004807692307692308
7 0.5877403846153846 0.5036057692307693 0.01201923076923077 0.01201923076923077
3 0.6995192307692307 0.5216346153846154 0.004807692307692308 0.004807692307692308
14 0.6862980769230769 0.5204326923076923 0.01201923076923077 0.01201923076923077
7 0.6358173076923077 0.5132211538461539 0.007211538461538462 0.01201923076923077
3 0.6394230769230769 0.5144230769230769 0.009615384615384616 0.014423076923076924
3 0.6454326923076923 0.5144230769230769 0.007211538461538462 0.009615384615384616
7 0.6502403846153846 0.515625 0.01201923076923077 0.01201923076923077
3 0.6598557692307693 0.5168269230769231 0.007211538461538462 0.014423076923076924
3 0.4951923076923077 0.4951923076923077 0.004807692307692308 0.004807692307692308
3 0.6634615384615384 0.5192307692307693 0.009615384615384616 0.014423076923076924
3 0.5384615384615384 0.5 0.004807692307692308 0.004807692307692308
23 0.8125 0.5384615384615384 0.004807692307692308 0.009615384615384616
23 0.8149038461538461 0.5408653846153846 0.004807692307692308 0.009615384615384616
7 0.5973557692307693 0.5108173076923077 0.01201923076923077 0.01201923076923077
23 0.6057692307692307 0.5120192307692307 0.004807692307692308 0.009615384615384616
3 0.671875 0.5216346153846154 0.007211538461538462 0.009615384615384616
23 0.6706730769230769 0.5216346153846154 0.004807692307692308 0.009615384615384616
14 0.5685096153846154 0.5084134615384616 0.016826923076923076 0.021634615384615384
23 0.6069711538461539 0.5144230769230769 0.007211538461538462 0.009615384615384616
15 0.6189903846153846 0.5144230769230769 0.016826923076923076 0.02403846153846154
23 0.8197115384615384 0.5432692307692307 0.004807692307692308 0.004807692307692308
23 0.6971153846153846 0.5264423076923077 0.004807692307692308 0.009615384615384616
3 0.7367788461538461 0.5336538461538461 0.007211538461538462 0.009615384615384616
23 0.6995192307692307 0.5264423076923077 0.004807692307692308 0.009615384615384616
3 0.734375 0.53125 0.007211538461538462 0.009615384615384616
3 0.7415865384615384 0.5336538461538461 0.007211538461538462 0.009615384615384616
3 0.7439903846153846 0.5360576923076923 0.007211538461538462 0.009615384615384616
3 0.7463942307692307 0.5360576923076923 0.007211538461538462 0.009615384615384616
23 0.5360576923076923 0.5048076923076923 0.004807692307692308 0.004807692307692308
3 0.7560096153846154 0.5384615384615384 0.007211538461538462 0.009615384615384616
3 0.7536057692307693 0.5384615384615384 0.007211538461538462 0.009615384615384616
13 0.5829326923076923 0.5144230769230769 0.01201923076923077 0.014423076923076924
3 0.7608173076923077 0.5384615384615384 0.007211538461538462 0.009615384615384616
3 0.765625 0.5384615384615384 0.007211538461538462 0.009615384615384616
3 0.7704326923076923 0.5408653846153846 0.007211538461538462 0.009615384615384616
3 0.7752403846153846 0.5408653846153846 0.007211538461538462 0.009615384615384616
3 0.7728365384615384 0.5408653846153846 0.007211538461538462 0.009615384615384616
23 0.8173076923076923 0.5480769230769231 0.004807692307692308 0.004807692307692308
3 0.7776442307692307 0.5432692307692307 0.007211538461538462 0.009615384615384616
3 0.6862980769230769 0.5336538461538461 0.007211538461538462 0.014423076923076924
7 0.6814903846153846 0.5324519230769231 0.007211538461538462 0.01201923076923077
3 0.6346153846153846 0.5264423076923077 0.004807692307692308 0.004807692307692308
23 0.6911057692307693 0.5336538461538461 0.007211538461538462 0.009615384615384616
23 0.7295673076923077 0.5408653846153846 0.007211538461538462 0.009615384615384616
7 0.6430288461538461 0.5276442307692307 0.01201923076923077 0.01201923076923077
23 0.734375 0.5408653846153846 0.007211538461538462 0.009615384615384616
23 0.7367788461538461 0.5408653846153846 0.007211538461538462 0.009615384615384616
23 0.6694711538461539 0.5336538461538461 0.007211538461538462 0.009615384615384616
23 0.7415865384615384 0.5432692307692307 0.007211538461538462 0.009615384615384616
23 0.7463942307692307 0.5432692307692307 0.007211538461538462 0.009615384615384616
3 0.671875 0.5336538461538461 0.007211538461538462 0.009615384615384616
23 0.7391826923076923 0.5432692307692307 0.007211538461538462 0.009615384615384616
13 0.5913461538461539 0.5228365384615384 0.009615384615384616 0.016826923076923076
23 0.7487980769230769 0.5456730769230769 0.007211538461538462 0.009615384615384616
23 0.7560096153846154 0.5456730769230769 0.007211538461538462 0.009615384615384616
23 0.7512019230769231 0.5456730769230769 0.007211538461538462 0.009615384615384616
23 0.7584134615384616 0.5456730769230769 0.007211538461538462 0.009615384615384616
3 0.6514423076923077 0.53125 0.009615384615384616 0.009615384615384616
23 0.7608173076923077 0.5480769230769231 0.007211538461538462 0.009615384615384616
23 0.765625 0.5480769230769231 0.007211538461538462 0.009615384615384616
23 0.6574519230769231 0.5336538461538461 0.007211538461538462 0.009615384615384616
23 0.7680288461538461 0.5480769230769231 0.007211538461538462 0.009615384615384616
23 0.7728365384615384 0.5504807692307693 0.007211538461538462 0.009615384615384616
23 0.7716346153846154 0.5504807692307693 0.004807692307692308 0.009615384615384616
23 0.7752403846153846 0.5504807692307693 0.007211538461538462 0.009615384615384616
23 0.49399038461538464 0.5120192307692307 0.007211538461538462 0.009615384615384616
23 0.4951923076923077 0.5144230769230769 0.004807692307692308 0.009615384615384616
3 0.4987980769230769 0.5144230769230769 0.007211538461538462 0.009615384615384616
23 0.5036057692307693 0.5144230769230769 0.007211538461538462 0.009615384615384616
23 0.5108173076923077 0.5168269230769231 0.007211538461538462 0.009615384615384616
23 0.5060096153846154 0.5168269230769231 0.007211538461538462 0.009615384615384616
23 0.5132211538461539 0.5192307692307693 0.007211538461538462 0.009615384615384616
3 0.6346153846153846 0.5348557692307693 0.004807692307692308 0.007211538461538462
23 0.5180288461538461 0.5192307692307693 0.007211538461538462 0.009615384615384616
3 0.5204326923076923 0.5192307692307693 0.007211538461538462 0.009615384615384616
23 0.6490384615384616 0.5384615384615384 0.004807692307692308 0.004807692307692308
23 0.5252403846153846 0.5204326923076923 0.002403846153846154 0.007211538461538462
23 0.53125 0.5216346153846154 0.004807692307692308 0.009615384615384616
23 0.5288461538461539 0.5216346153846154 0.004807692307692308 0.009615384615384616
23 0.5348557692307693 0.5216346153846154 0.007211538461538462 0.009615384615384616
7 0.6418269230769231 0.5384615384615384 0.009615384615384616 0.009615384615384616
3 0.6538461538461539 0.5384615384615384 0.004807692307692308 0.004807692307692308
23 0.6778846153846154 0.5432692307692307 0.004807692307692308 0.004807692307692308
23 0.6586538461538461 0.5456730769230769 0.004807692307692308 0.004807692307692308
3 0.6502403846153846 0.5444711538461539 0.01201923076923077 0.01201923076923077
3 0.7319711538461539 0.5552884615384616 0.007211538461538462 0.014423076923076924
23 0.6778846153846154 0.5480769230769231 0.004807692307692308 0.004807692307692308
23 0.6346153846153846 0.5432692307692307 0.004807692307692308 0.004807692307692308
3 0.7355769230769231 0.5576923076923077 0.004807692307692308 0.004807692307692308
23 0.6418269230769231 0.5456730769230769 0.004807692307692308 0.004807692307692308
14 0.7512019230769231 0.5588942307692307 0.016826923076923076 0.016826923076923076
14 0.6634615384615384 0.5480769230769231 0.009615384615384616 0.009615384615384616
3 0.7704326923076923 0.5649038461538461 0.007211538461538462 0.014423076923076924
23 0.65625 0.5480769230769231 0.004807692307692308 0.004807692307692308
3 0.671875 0.5504807692307693 0.007211538461538462 0.014423076923076924
23 0.6754807692307693 0.5528846153846154 0.004807692307692308 0.004807692307692308
23 0.6346153846153846 0.5480769230769231 0.004807692307692308 0.004807692307692308
3 0.7355769230769231 0.5625 0.004807692307692308 0.004807692307692308
3 0.7632211538461539 0.5649038461538461 0.007211538461538462 0.009615384615384616
3 0.765625 0.5649038461538461 0.007211538461538462 0.009615384615384616
23 0.6394230769230769 0.5480769230769231 0.004807692307692308 0.004807692307692308
23 0.7728365384615384 0.5673076923076923 0.007211538461538462 0.009615384615384616
3 0.6490384615384616 0.5516826923076923 0.009615384615384616 0.007211538461538462
23 0.6754807692307693 0.5576923076923077 0.004807692307692308 0.004807692307692308
23 0.6574519230769231 0.5552884615384616 0.007211538461538462 0.009615384615384616
23 0.6622596153846154 0.5576923076923077 0.007211538461538462 0.009615384615384616
3 0.6634615384615384 0.5576923076923077 0.004807692307692308 0.009615384615384616
3 0.6310096153846154 0.5516826923076923 0.007211538461538462 0.007211538461538462
7 0.6382211538461539 0.5540865384615384 0.01201923076923077 0.01201923076923077
3 0.6466346153846154 0.5552884615384616 0.004807692307692308 0.004807692307692308
23 0.6514423076923077 0.5576923076923077 0.004807692307692308 0.004807692307692308
6 0.5180288461538461 0.5408653846153846 0.07451923076923077 0.03365384615384615