23 0.40384615384615385 0.7487980769230769 0.009615384615384616 0.002403846153846154
23 0.4014423076923077 0.7331730769230769 0.004807692307692308 0.004807692307692308
29 0.4050480769230769 0.7427884615384616 0.01201923076923077 0.004807692307692308
3 0.40625 0.7331730769230769 0.004807692307692308 0.004807692307692308
15 0.40384615384615385 0.6742788461538461 0.019230769230769232 0.016826923076923076
3 0.4110576923076923 0.7355769230769231 0.004807692307692308 0.004807692307692308
3 0.41225961538461536 0.7199519230769231 0.007211538461538462 0.002403846153846154
3 0.41225961538461536 0.7163461538461539 0.007211538461538462 0.004807692307692308
3 0.4110576923076923 0.6995192307692307 0.004807692307692308 0.004807692307692308
23 0.41346153846153844 0.7427884615384616 0.004807692307692308 0.004807692307692308
3 0.41225961538461536 0.7115384615384616 0.007211538461538462 0.004807692307692308
3 0.4170673076923077 0.7536057692307693 0.007211538461538462 0.002403846153846154
6 0.4026442307692308 0.5612980769230769 0.040865384615384616 0.06009615384615385
23 0.41586538461538464 0.7331730769230769 0.004807692307692308 0.004807692307692308
3 0.4170673076923077 0.7367788461538461 0.007211538461538462 0.002403846153846154
3 0.41466346153846156 0.7019230769230769 0.007211538461538462 0.004807692307692308
23 0.4182692307692308 0.7427884615384616 0.004807692307692308 0.004807692307692308
3 0.4206730769230769 0.7572115384615384 0.009615384615384616 0.004807692307692308
3 0.4110576923076923 0.625 0.009615384615384616 0.004807692307692308
3 0.41586538461538464 0.6610576923076923 0.014423076923076924 0.004807692307692308
13 0.41346153846153844 0.6201923076923077 0.009615384615384616 0.004807692307692308
23 0.4206730769230769 0.7331730769230769 0.004807692307692308 0.004807692307692308
3 0.41466346153846156 0.65625 0.01201923076923077 0.004807692307692308
3 0.41586538461538464 0.6538461538461539 0.014423076923076924 0.004807692307692308
7 0.4206730769230769 0.7211538461538461 0.009615384615384616 0.004807692307692308
23 0.42427884615384615 0.7548076923076923 0.007211538461538462 0.004807692307692308
3 0.41586538461538464 0.6490384615384616 0.009615384615384616 0.004807692307692308
7 0.4182692307692308 0.6826923076923077 0.009615384615384616 0.004807692307692308
23 0.41466346153846156 0.6165865384615384 0.007211538461538462 0.002403846153846154
23 0.41466346153846156 0.6141826923076923 0.007211538461538462 0.002403846153846154
23 0.41586538461538464 0.6117788461538461 0.009615384615384616 0.002403846153846154
23 0.41586538461538464 0.609375 0.009615384615384616 0.002403846153846154
23 0.41586538461538464 0.6045673076923077 0.009615384615384616 0.002403846153846154
23 0.41586538461538464 0.6069711538461539 0.009615384615384616 0.002403846153846154
23 0.4182692307692308 0.6033653846153846 0.009615384615384616 0.004807692307692308
7 0.4254807692307692 0.7043269230769231 0.009615384615384616 0.004807692307692308
23 0.43028846153846156 0.7403846153846154 0.009615384615384616 0.004807692307692308
23 0.43028846153846156 0.7403846153846154 0.009615384615384616 0.004807692307692308
14 0.42788461538461536 0.6742788461538461 0.014423076923076924 0.007211538461538462
3 0.42788461538461536 0.6682692307692307 0.009615384615384616 0.004807692307692308
23 0.4230769230769231 0.6177884615384616 0.004807692307692308 0.004807692307692308
3 0.43028846153846156 0.7331730769230769 0.014423076923076924 0.004807692307692308
3 0.4326923076923077 0.7572115384615384 0.009615384615384616 0.004807692307692308
23 0.4254807692307692 0.6670673076923077 0.009615384615384616 0.002403846153846154
3 0.42788461538461536 0.6646634615384616 0.009615384615384616 0.002403846153846154
29 0.4326923076923077 0.7524038461538461 0.009615384615384616 0.004807692307692308
3 0.43149038461538464 0.7307692307692307 0.01201923076923077 0.004807692307692308
7 0.4326923076923077 0.7259615384615384 0.009615384615384616 0.004807692307692308
23 0.4326923076923077 0.7223557692307693 0.009615384615384616 0.002403846153846154
3 0.4326923076923077 0.7475961538461539 0.009615384615384616 0.004807692307692308
23 0.43509615384615385 0.7451923076923077 0.009615384615384616 0.004807692307692308
3 0.4326923076923077 0.71875 0.009615384615384616 0.004807692307692308
3 0.43509615384615385 0.7415865384615384 0.009615384615384616 0.002403846153846154
3 0.4266826923076923 0.5961538461538461 0.007211538461538462 0.004807692307692308
3 0.4254807692307692 0.59375 0.004807692307692308 0.004807692307692308
3 0.4326923076923077 0.6947115384615384 0.014423076923076924 0.004807692307692308
23 0.43509615384615385 0.6971153846153846 0.009615384615384616 0.004807692307692308
14 0.43028846153846156 0.6177884615384616 0.009615384615384616 0.009615384615384616
23 0.43509615384615385 0.7091346153846154 0.009615384615384616 0.004807692307692308
3 0.42908653846153844 0.5877403846153846 0.007211538461538462 0.002403846153846154
3 0.43028846153846156 0.6262019230769231 0.009615384615384616 0.002403846153846154
3 0.43509615384615385 0.6875 0.009615384615384616 0.004807692307692308
23 0.42788461538461536 0.5745192307692307 0.004807692307692308 0.004807692307692308
3 0.4375 0.7163461538461539 0.009615384615384616 0.004807692307692308
3 0.42908653846153844 0.5853365384615384 0.007211538461538462 0.002403846153846154
3 0.4362980769230769 0.7055288461538461 0.007211538461538462 0.002403846153846154
3 0.4338942307692308 0.6826923076923077 0.01201923076923077 0.004807692307692308
23 0.42788461538461536 0.5697115384615384 0.004807692307692308 0.004807692307692308
3 0.4387019230769231 0.7019230769230769 0.007211538461538462 0.004807692307692308
23 0.4387019230769231 0.7115384615384616 0.007211538461538462 0.004807692307692308
23 0.43028846153846156 0.5649038461538461 0.004807692307692308 0.004807692307692308
3 0.4411057692307692 0.7487980769230769 0.007211538461538462 0.002403846153846154
3 0.43149038461538464 0.5805288461538461 0.007211538461538462 0.002403846153846154
23 0.44350961538461536 0.7451923076923077 0.007211538461538462 0.004807692307692308
23 0.43028846153846156 0.5600961538461539 0.004807692307692308 0.004807692307692308
23 0.4423076923076923 0.7271634615384616 0.009615384615384616 0.002403846153846154
23 0.43028846153846156 0.5552884615384616 0.004807692307692308 0.004807692307692308
23 0.44471153846153844 0.7259615384615384 0.009615384615384616 0.004807692307692308
23 0.43509615384615385 0.5961538461538461 0.004807692307692308 0.004807692307692308
23 0.4326923076923077 0.5480769230769231 0.004807692307692308 0.004807692307692308
23 0.44711538461538464 0.7572115384615384 0.004807692307692308 0.004807692307692308
23 0.4411057692307692 0.6778846153846154 0.007211538461538462 0.004807692307692308
3 0.43509615384615385 0.5889423076923077 0.004807692307692308 0.004807692307692308
3 0.4375 0.6105769230769231 0.009615384615384616 0.004807692307692308
23 0.44350961538461536 0.6742788461538461 0.007211538461538462 0.002403846153846154
23 0.4326923076923077 0.5432692307692307 0.004807692307692308 0.004807692307692308
23 0.44350961538461536 0.671875 0.007211538461538462 0.002403846153846154
3 0.4387019230769231 0.6057692307692307 0.01201923076923077 0.004807692307692308
14 0.44471153846153844 0.7175480769230769 0.009615384615384616 0.007211538461538462
23 0.4375 0.5961538461538461 0.004807692307692308 0.004807692307692308
23 0.44350961538461536 0.6694711538461539 0.007211538461538462 0.002403846153846154
3 0.44350961538461536 0.6682692307692307 0.007211538461538462 0.004807692307692308
23 0.44711538461538464 0.7079326923076923 0.009615384615384616 0.002403846153846154
3 0.43990384615384615 0.5889423076923077 0.004807692307692308 0.004807692307692308
23 0.44711538461538464 0.7067307692307693 0.009615384615384616 0.004807692307692308
3 0.4362980769230769 0.5396634615384616 0.007211538461538462 0.002403846153846154
23 0.4362980769230769 0.5372596153846154 0.007211538461538462 0.002403846153846154
23 0.4375 0.5348557692307693 0.009615384615384616 0.002403846153846154
23 0.4375 0.5336538461538461 0.009615384615384616 0.004807692307692308
3 0.4375 0.5300480769230769 0.009615384615384616 0.002403846153846154
3 0.43990384615384615 0.5456730769230769 0.004807692307692308 0.004807692307692308
23 0.4375 0.5276442307692307 0.009615384615384616 0.002403846153846154
14 0.4579326923076923 0.5649038461538461 0.055288461538461536 0.038461538461538464
3 0.4879807692307692 0.7403846153846154 0.004807692307692308 0.004807692307692308
23 0.49038461538461536 0.7331730769230769 0.004807692307692308 0.004807692307692308
23 0.49038461538461536 0.7259615384615384 0.004807692307692308 0.004807692307692308
23 0.49278846153846156 0.7211538461538461 0.004807692307692308 0.004807692307692308
3 0.49278846153846156 0.7139423076923077 0.004807692307692308 0.004807692307692308
23 0.4855769230769231 0.5721153846153846 0.004807692307692308 0.004807692307692308
3 0.4855769230769231 0.5649038461538461 0.004807692307692308 0.004807692307692308
3 0.4855769230769231 0.5480769230769231 0.004807692307692308 0.004807692307692308
13 0.4879807692307692 0.5528846153846154 0.009615384615384616 0.004807692307692308
3 0.49759615384615385 0.6971153846153846 0.004807692307692308 0.004807692307692308
3 0.4879807692307692 0.5576923076923077 0.004807692307692308 0.004807692307692308
3 0.4879807692307692 0.5504807692307693 0.004807692307692308 0.004807692307692308
3 0.5048076923076923 0.65625 0.004807692307692308 0.004807692307692308
3 0.5096153846153846 0.625 0.004807692307692308 0.004807692307692308
23 0.5120192307692307 0.6177884615384616 0.004807692307692308 0.004807692307692308
23 0.5120192307692307 0.6105769230769231 0.004807692307692308 0.004807692307692308
3 0.5144230769230769 0.6033653846153846 0.004807692307692308 0.004807692307692308
23 0.5180288461538461 0.5889423076923077 0.007211538461538462 0.004807692307692308
23 0.5192307692307693 0.5841346153846154 0.004807692307692308 0.004807692307692308
23 0.5192307692307693 0.5745192307692307 0.004807692307692308 0.004807692307692308
23 0.5216346153846154 0.5697115384615384 0.004807692307692308 0.004807692307692308
23 0.5240384615384616 0.5625 0.004807692307692308 0.004807692307692308
23 0.5240384615384616 0.5576923076923077 0.004807692307692308 0.004807692307692308
23 0.5264423076923077 0.5504807692307693 0.004807692307692308 0.004807692307692308
3 0.5276442307692307 0.5384615384615384 0.007211538461538462 0.004807692307692308
23 0.53125 0.5144230769230769 0.004807692307692308 0.004807692307692308
23 0.5336538461538461 0.5096153846153846 0.004807692307692308 0.004807692307692308
3 0.5360576923076923 0.4807692307692308 0.004807692307692308 0.004807692307692308
3 0.5384615384615384 0.4735576923076923 0.004807692307692308 0.004807692307692308
23 0.5432692307692307 0.4495192307692308 0.004807692307692308 0.004807692307692308
23 0.5456730769230769 0.44471153846153844 0.004807692307692308 0.004807692307692308
3 0.5456730769230769 0.4375 0.004807692307692308 0.004807692307692308
3 0.5456730769230769 0.43028846153846156 0.004807692307692308 0.004807692307692308
3 0.5504807692307693 0.40865384615384615 0.004807692307692308 0.004807692307692308
23 0.5504807692307693 0.4014423076923077 0.004807692307692308 0.004807692307692308
23 0.5432692307692307 0.26802884615384615 0.004807692307692308 0.002403846153846154
23 0.5528846153846154 0.39663461538461536 0.004807692307692308 0.004807692307692308
23 0.5432692307692307 0.265625 0.004807692307692308 0.002403846153846154
23 0.5432692307692307 0.26322115384615385 0.009615384615384616 0.002403846153846154
3 0.5576923076923077 0.37259615384615385 0.004807692307692308 0.004807692307692308
23 0.5528846153846154 0.27403846153846156 0.004807692307692308 0.004807692307692308
23 0.5576923076923077 0.36538461538461536 0.004807692307692308 0.004807692307692308
23 0.5528846153846154 0.2692307692307692 0.004807692307692308 0.004807692307692308
3 0.5504807692307693 0.2403846153846154 0.009615384615384616 0.009615384615384616
23 0.5600961538461539 0.3605769230769231 0.004807692307692308 0.004807692307692308
23 0.5552884615384616 0.27403846153846156 0.004807692307692308 0.004807692307692308
3 0.5625 0.35336538461538464 0.004807692307692308 0.004807692307692308
23 0.5576923076923077 0.2692307692307692 0.004807692307692308 0.004807692307692308
23 0.5600961538461539 0.27403846153846156 0.004807692307692308 0.004807692307692308
23 0.5600961538461539 0.2692307692307692 0.004807692307692308 0.004807692307692308
23 0.5649038461538461 0.27403846153846156 0.004807692307692308 0.004807692307692308
23 0.5649038461538461 0.2692307692307692 0.004807692307692308 0.004807692307692308
23 0.5721153846153846 0.3004807692307692 0.004807692307692308 0.004807692307692308
3 0.5721153846153846 0.29086538461538464 0.004807692307692308 0.004807692307692308
3 0.5733173076923077 0.2692307692307692 0.01201923076923077 0.004807692307692308
3 0.5745192307692307 0.28125 0.004807692307692308 0.004807692307692308
3 0.5769230769230769 0.27403846153846156 0.004807692307692308 0.004807692307692308