3 0.5829326923076923 0.7560096153846154 0.007211538461538462 0.002403846153846154
23 0.5829326923076923 0.7512019230769231 0.007211538461538462 0.002403846153846154
3 0.5829326923076923 0.7487980769230769 0.007211538461538462 0.002403846153846154
23 0.5829326923076923 0.7439903846153846 0.007211538461538462 0.002403846153846154
23 0.5805288461538461 0.7271634615384616 0.007211538461538462 0.002403846153846154
23 0.5829326923076923 0.7247596153846154 0.007211538461538462 0.002403846153846154
23 0.5817307692307693 0.7199519230769231 0.004807692307692308 0.002403846153846154
3 0.5829326923076923 0.7175480769230769 0.007211538461538462 0.002403846153846154
23 0.5793269230769231 0.6622596153846154 0.004807692307692308 0.002403846153846154
23 0.578125 0.6574519230769231 0.007211538461538462 0.002403846153846154
23 0.5793269230769231 0.6598557692307693 0.004807692307692308 0.002403846153846154
3 0.5793269230769231 0.6670673076923077 0.004807692307692308 0.002403846153846154
14 0.5769230769230769 0.7355769230769231 0.019230769230769232 0.009615384615384616
23 0.5805288461538461 0.6526442307692307 0.007211538461538462 0.002403846153846154
23 0.5793269230769231 0.6478365384615384 0.004807692307692308 0.002403846153846154
23 0.578125 0.6430288461538461 0.007211538461538462 0.002403846153846154
23 0.5793269230769231 0.6454326923076923 0.004807692307692308 0.002403846153846154
23 0.5745192307692307 0.7427884615384616 0.004807692307692308 0.004807692307692308
3 0.5733173076923077 0.7536057692307693 0.007211538461538462 0.002403846153846154
23 0.5697115384615384 0.7247596153846154 0.004807692307692308 0.002403846153846154
14 0.5673076923076923 0.75 0.009615384615384616 0.004807692307692308
3 0.5745192307692307 0.5072115384615384 0.004807692307692308 0.004807692307692308
3 0.5745192307692307 0.5 0.004807692307692308 0.004807692307692308
23 0.5637019230769231 0.7439903846153846 0.007211538461538462 0.002403846153846154
23 0.5625 0.7223557692307693 0.004807692307692308 0.002403846153846154
3 0.5600961538461539 0.7199519230769231 0.004807692307692308 0.002403846153846154
23 0.5600961538461539 0.7319711538461539 0.004807692307692308 0.002403846153846154
3 0.5673076923076923 0.5288461538461539 0.004807692307692308 0.004807692307692308
23 0.5600961538461539 0.7391826923076923 0.004807692307692308 0.002403846153846154
23 0.5600961538461539 0.7367788461538461 0.004807692307692308 0.002403846153846154
23 0.5600961538461539 0.7151442307692307 0.004807692307692308 0.002403846153846154
3 0.5649038461538461 0.6201923076923077 0.009615384615384616 0.004807692307692308
23 0.5600961538461539 0.7295673076923077 0.004807692307692308 0.002403846153846154
3 0.5625 0.6129807692307693 0.014423076923076924 0.004807692307692308
23 0.5600961538461539 0.7055288461538461 0.004807692307692308 0.002403846153846154
3 0.5588942307692307 0.6935096153846154 0.007211538461538462 0.002403846153846154
14 0.5600961538461539 0.6466346153846154 0.014423076923076924 0.004807692307692308
23 0.5588942307692307 0.6911057692307693 0.007211538461538462 0.002403846153846154
3 0.5600961538461539 0.6682692307692307 0.009615384615384616 0.004807692307692308
7 0.5600961538461539 0.6850961538461539 0.009615384615384616 0.004807692307692308
3 0.5588942307692307 0.6730769230769231 0.01201923076923077 0.004807692307692308
3 0.5600961538461539 0.6814903846153846 0.009615384615384616 0.002403846153846154
3 0.5588942307692307 0.6610576923076923 0.01201923076923077 0.004807692307692308
3 0.5552884615384616 0.7463942307692307 0.004807692307692308 0.002403846153846154
3 0.5564903846153846 0.7548076923076923 0.007211538461538462 0.004807692307692308
23 0.5552884615384616 0.7512019230769231 0.004807692307692308 0.002403846153846154
23 0.5540865384615384 0.7439903846153846 0.007211538461538462 0.002403846153846154
3 0.5625 0.4831730769230769 0.004807692307692308 0.004807692307692308
3 0.5576923076923077 0.6514423076923077 0.009615384615384616 0.004807692307692308
3 0.5504807692307693 0.7367788461538461 0.004807692307692308 0.002403846153846154
3 0.5504807692307693 0.7319711538461539 0.004807692307692308 0.002403846153846154
23 0.5492788461538461 0.7295673076923077 0.007211538461538462 0.002403846153846154
3 0.5492788461538461 0.7199519230769231 0.007211538461538462 0.002403846153846154
23 0.5492788461538461 0.7151442307692307 0.007211538461538462 0.002403846153846154
23 0.5504807692307693 0.7127403846153846 0.004807692307692308 0.002403846153846154
23 0.5504807692307693 0.7055288461538461 0.004807692307692308 0.002403846153846154
23 0.5480769230769231 0.7079326923076923 0.004807692307692308 0.002403846153846154
3 0.5492788461538461 0.6959134615384616 0.007211538461538462 0.002403846153846154
7 0.5504807692307693 0.6850961538461539 0.009615384615384616 0.004807692307692308
23 0.5480769230769231 0.6911057692307693 0.004807692307692308 0.002403846153846154
3 0.5480769230769231 0.6790865384615384 0.004807692307692308 0.002403846153846154
15 0.5492788461538461 0.6334134615384616 0.036057692307692304 0.016826923076923076
3 0.5420673076923077 0.7632211538461539 0.007211538461538462 0.002403846153846154
14 0.5456730769230769 0.5961538461538461 0.014423076923076924 0.014423076923076924
3 0.5408653846153846 0.7391826923076923 0.004807692307692308 0.002403846153846154
23 0.5396634615384616 0.7439903846153846 0.007211538461538462 0.002403846153846154
14 0.546875 0.5048076923076923 0.040865384615384616 0.03365384615384615
3 0.5420673076923077 0.6682692307692307 0.01201923076923077 0.004807692307692308
3 0.5396634615384616 0.6610576923076923 0.01201923076923077 0.004807692307692308
3 0.5408653846153846 0.6538461538461539 0.014423076923076924 0.004807692307692308
23 0.5372596153846154 0.6983173076923077 0.007211538461538462 0.002403846153846154
3 0.5372596153846154 0.7007211538461539 0.007211538461538462 0.002403846153846154
3 0.5384615384615384 0.6935096153846154 0.004807692307692308 0.002403846153846154
23 0.5396634615384616 0.6862980769230769 0.007211538461538462 0.002403846153846154
3 0.5384615384615384 0.6838942307692307 0.004807692307692308 0.002403846153846154
3 0.5432692307692307 0.4831730769230769 0.004807692307692308 0.004807692307692308
3 0.5372596153846154 0.5865384615384616 0.01201923076923077 0.004807692307692308
23 0.5384615384615384 0.4831730769230769 0.004807692307692308 0.004807692307692308
3 0.5324519230769231 0.5444711538461539 0.007211538461538462 0.002403846153846154
23 0.53125 0.546875 0.009615384615384616 0.002403846153846154
3 0.5276442307692307 0.6466346153846154 0.007211538461538462 0.004807692307692308
3 0.5264423076923077 0.625 0.009615384615384616 0.004807692307692308
3 0.5252403846153846 0.5276442307692307 0.007211538461538462 0.002403846153846154
3 0.5240384615384616 0.3858173076923077 0.004807692307692308 0.002403846153846154
3 0.5252403846153846 0.38341346153846156 0.007211538461538462 0.002403846153846154
3 0.5180288461538461 0.5420673076923077 0.007211538461538462 0.002403846153846154
3 0.5192307692307693 0.5096153846153846 0.004807692307692308 0.004807692307692308
3 0.5180288461538461 0.5372596153846154 0.007211538461538462 0.002403846153846154
3 0.5192307692307693 0.49759615384615385 0.004807692307692308 0.004807692307692308
23 0.5240384615384616 0.35216346153846156 0.004807692307692308 0.002403846153846154
23 0.5240384615384616 0.35697115384615385 0.004807692307692308 0.002403846153846154
3 0.5240384615384616 0.359375 0.004807692307692308 0.002403846153846154
23 0.5240384615384616 0.3449519230769231 0.004807692307692308 0.002403846153846154
23 0.5228365384615384 0.34975961538461536 0.007211538461538462 0.002403846153846154
23 0.5228365384615384 0.33774038461538464 0.007211538461538462 0.002403846153846154
23 0.5228365384615384 0.3425480769230769 0.007211538461538462 0.002403846153846154
23 0.5228365384615384 0.33533653846153844 0.007211538461538462 0.002403846153846154
23 0.5228365384615384 0.3112980769230769 0.007211538461538462 0.002403846153846154
3 0.5228365384615384 0.3088942307692308 0.007211538461538462 0.002403846153846154
23 0.5216346153846154 0.30408653846153844 0.004807692307692308 0.002403846153846154
3 0.5228365384615384 0.3016826923076923 0.007211538461538462 0.002403846153846154
23 0.5216346153846154 0.296875 0.004807692307692308 0.002403846153846154
23 0.5204326923076923 0.2920673076923077 0.007211538461538462 0.002403846153846154
23 0.5216346153846154 0.28966346153846156 0.004807692307692308 0.002403846153846154
23 0.5216346153846154 0.2848557692307692 0.004807692307692308 0.002403846153846154
23 0.5216346153846154 0.2824519230769231 0.004807692307692308 0.002403846153846154
23 0.5216346153846154 0.2776442307692308 0.004807692307692308 0.002403846153846154
23 0.5228365384615384 0.27524038461538464 0.007211538461538462 0.002403846153846154
3 0.5204326923076923 0.2704326923076923 0.007211538461538462 0.002403846153846154
23 0.5204326923076923 0.26322115384615385 0.007211538461538462 0.002403846153846154
23 0.5204326923076923 0.26802884615384615 0.007211538461538462 0.002403846153846154