3 0.4651442307692308 0.21754807692307693 0.007211538461538462 0.002403846153846154
3 0.46875 0.26802884615384615 0.009615384615384616 0.002403846153846154
3 0.46875 0.23918269230769232 0.009615384615384616 0.002403846153846154
3 0.47115384615384615 0.234375 0.009615384615384616 0.002403846153846154
3 0.4795673076923077 0.38221153846153844 0.01201923076923077 0.004807692307692308
3 0.4831730769230769 0.5685096153846154 0.004807692307692308 0.007211538461538462
23 0.47836538461538464 0.234375 0.004807692307692308 0.002403846153846154
3 0.4807692307692308 0.4026442307692308 0.009615384615384616 0.002403846153846154
23 0.484375 0.5757211538461539 0.007211538461538462 0.002403846153846154
23 0.48197115384615385 0.3954326923076923 0.007211538461538462 0.002403846153846154
3 0.484375 0.39783653846153844 0.007211538461538462 0.002403846153846154
3 0.48197115384615385 0.22235576923076922 0.007211538461538462 0.002403846153846154
23 0.4891826923076923 0.38341346153846156 0.007211538461538462 0.002403846153846154
3 0.48677884615384615 0.23677884615384615 0.007211538461538462 0.002403846153846154
23 0.4879807692307692 0.234375 0.004807692307692308 0.002403846153846154
3 0.49038461538461536 0.22235576923076922 0.004807692307692308 0.002403846153846154
3 0.49158653846153844 0.2608173076923077 0.007211538461538462 0.002403846153846154
3 0.49278846153846156 0.26322115384615385 0.004807692307692308 0.002403846153846154
3 0.5036057692307693 0.890625 0.007211538461538462 0.002403846153846154
3 0.5036057692307693 0.8954326923076923 0.007211538461538462 0.002403846153846154
29 0.4951923076923077 0.3894230769230769 0.014423076923076924 0.009615384615384616
29 0.49759615384615385 0.39903846153846156 0.014423076923076924 0.009615384615384616
6 0.5072115384615384 0.5625 0.02403846153846154 0.0625
23 0.5252403846153846 0.890625 0.007211538461538462 0.002403846153846154
3 0.5264423076923077 0.8882211538461539 0.004807692307692308 0.002403846153846154