3 0.484375 0.3894230769230769 0.002403846153846154 0.004807692307692308
3 0.47836538461538464 0.6622596153846154 0.004807692307692308 0.007211538461538462
3 0.4807692307692308 0.6502403846153846 0.004807692307692308 0.007211538461538462
3 0.49038461538461536 0.38822115384615385 0.004807692307692308 0.007211538461538462
3 0.4963942307692308 0.2548076923076923 0.01201923076923077 0.004807692307692308
3 0.4987980769230769 0.19230769230769232 0.01201923076923077 0.004807692307692308
3 0.4879807692307692 0.5288461538461539 0.009615384615384616 0.004807692307692308
23 0.5048076923076923 0.13341346153846154 0.004807692307692308 0.002403846153846154
3 0.4855769230769231 0.6634615384615384 0.004807692307692308 0.009615384615384616
23 0.48677884615384615 0.6574519230769231 0.007211538461538462 0.002403846153846154
3 0.5036057692307693 0.28846153846153844 0.002403846153846154 0.004807692307692308
3 0.4987980769230769 0.4230769230769231 0.002403846153846154 0.004807692307692308
3 0.5060096153846154 0.21875 0.002403846153846154 0.004807692307692308
3 0.5084134615384616 0.15865384615384615 0.002403846153846154 0.004807692307692308
3 0.5012019230769231 0.35096153846153844 0.002403846153846154 0.004807692307692308
3 0.49158653846153844 0.6153846153846154 0.002403846153846154 0.004807692307692308
3 0.4963942307692308 0.4831730769230769 0.002403846153846154 0.004807692307692308
3 0.49399038461538464 0.5576923076923077 0.002403846153846154 0.004807692307692308
3 0.4891826923076923 0.6875 0.002403846153846154 0.004807692307692308
3 0.4951923076923077 0.49278846153846156 0.004807692307692308 0.004807692307692308
23 0.48677884615384615 0.7524038461538461 0.002403846153846154 0.004807692307692308
3 0.5060096153846154 0.2283653846153846 0.002403846153846154 0.004807692307692308
3 0.4855769230769231 0.7596153846153846 0.004807692307692308 0.004807692307692308
3 0.5048076923076923 0.296875 0.004807692307692308 0.002403846153846154
3 0.5084134615384616 0.16466346153846154 0.007211538461538462 0.002403846153846154
3 0.5 0.42908653846153844 0.004807692307692308 0.002403846153846154
3 0.49278846153846156 0.6262019230769231 0.004807692307692308 0.002403846153846154
23 0.5036057692307693 0.3173076923076923 0.002403846153846154 0.004807692307692308
3 0.5024038461538461 0.359375 0.004807692307692308 0.002403846153846154
23 0.5060096153846154 0.3076923076923077 0.002403846153846154 0.004807692307692308
3 0.4963942307692308 0.5637019230769231 0.007211538461538462 0.002403846153846154
23 0.5036057692307693 0.32211538461538464 0.002403846153846154 0.004807692307692308
23 0.4879807692307692 0.7680288461538461 0.004807692307692308 0.002403846153846154
23 0.5024038461538461 0.3918269230769231 0.004807692307692308 0.004807692307692308
23 0.5024038461538461 0.3918269230769231 0.004807692307692308 0.004807692307692308
3 0.5012019230769231 0.4230769230769231 0.002403846153846154 0.004807692307692308
3 0.5108173076923077 0.15865384615384615 0.002403846153846154 0.004807692307692308
3 0.5036057692307693 0.35096153846153844 0.002403846153846154 0.004807692307692308
3 0.5060096153846154 0.28846153846153844 0.002403846153846154 0.004807692307692308
3 0.5084134615384616 0.21875 0.002403846153846154 0.004807692307692308
3 0.4963942307692308 0.6153846153846154 0.002403846153846154 0.004807692307692308
3 0.5012019230769231 0.4831730769230769 0.002403846153846154 0.004807692307692308
3 0.4963942307692308 0.5576923076923077 0.002403846153846154 0.004807692307692308
3 0.49399038461538464 0.6875 0.002403846153846154 0.004807692307692308
23 0.49158653846153844 0.7524038461538461 0.002403846153846154 0.004807692307692308
23 0.5120192307692307 0.13341346153846154 0.004807692307692308 0.002403846153846154
23 0.5120192307692307 0.15504807692307693 0.004807692307692308 0.002403846153846154
23 0.5108173076923077 0.17427884615384615 0.007211538461538462 0.002403846153846154
23 0.5144230769230769 0.15264423076923078 0.004807692307692308 0.002403846153846154
3 0.5024038461538461 0.49399038461538464 0.004807692307692308 0.007211538461538462
3 0.5120192307692307 0.2283653846153846 0.004807692307692308 0.009615384615384616
23 0.5144230769230769 0.14302884615384615 0.004807692307692308 0.002403846153846154
23 0.5096153846153846 0.3173076923076923 0.004807692307692308 0.004807692307692308
23 0.5084134615384616 0.32211538461538464 0.002403846153846154 0.004807692307692308
3 0.5096153846153846 0.3076923076923077 0.004807692307692308 0.004807692307692308
23 0.5048076923076923 0.4182692307692308 0.004807692307692308 0.004807692307692308
23 0.5084134615384616 0.39783653846153844 0.007211538461538462 0.002403846153846154
23 0.5084134615384616 0.40024038461538464 0.007211538461538462 0.002403846153846154
23 0.5084134615384616 0.390625 0.007211538461538462 0.002403846153846154
23 0.5084134615384616 0.4026442307692308 0.007211538461538462 0.002403846153846154
23 0.5072115384615384 0.39302884615384615 0.004807692307692308 0.002403846153846154
23 0.5072115384615384 0.4098557692307692 0.004807692307692308 0.002403846153846154
23 0.5084134615384616 0.4074519230769231 0.007211538461538462 0.002403846153846154
3 0.4951923076923077 0.7596153846153846 0.009615384615384616 0.004807692307692308
3 0.5180288461538461 0.1346153846153846 0.002403846153846154 0.004807692307692308
3 0.515625 0.2091346153846154 0.002403846153846154 0.004807692307692308
3 0.5180288461538461 0.20192307692307693 0.002403846153846154 0.004807692307692308
23 0.5108173076923077 0.4182692307692308 0.002403846153846154 0.004807692307692308
3 0.5024038461538461 0.7175480769230769 0.004807692307692308 0.002403846153846154
3 0.5024038461538461 0.7223557692307693 0.004807692307692308 0.002403846153846154
3 0.5024038461538461 0.7127403846153846 0.004807692307692308 0.002403846153846154
3 0.5048076923076923 0.6862980769230769 0.004807692307692308 0.002403846153846154
3 0.5048076923076923 0.6838942307692307 0.004807692307692308 0.002403846153846154
23 0.5192307692307693 0.2091346153846154 0.004807692307692308 0.004807692307692308
23 0.5024038461538461 0.7560096153846154 0.004807692307692308 0.002403846153846154
23 0.5216346153846154 0.20192307692307693 0.004807692307692308 0.004807692307692308
3 0.5024038461538461 0.7487980769230769 0.004807692307692308 0.007211538461538462
3 0.5228365384615384 0.140625 0.007211538461538462 0.002403846153846154
3 0.5240384615384616 0.14903846153846154 0.004807692307692308 0.009615384615384616
23 0.5228365384615384 0.19110576923076922 0.007211538461538462 0.002403846153846154
3 0.5252403846153846 0.1346153846153846 0.007211538461538462 0.004807692307692308
14 0.5072115384615384 0.6598557692307693 0.02403846153846154 0.016826923076923076
29 0.5240384615384616 0.19591346153846154 0.009615384615384616 0.007211538461538462
3 0.5168269230769231 0.3798076923076923 0.004807692307692308 0.004807692307692308
3 0.5084134615384616 0.6730769230769231 0.002403846153846154 0.004807692307692308
23 0.5096153846153846 0.6394230769230769 0.004807692307692308 0.004807692307692308
23 0.5180288461538461 0.3762019230769231 0.007211538461538462 0.002403846153846154
23 0.5204326923076923 0.3713942307692308 0.007211538461538462 0.002403846153846154
23 0.5240384615384616 0.2548076923076923 0.004807692307692308 0.004807692307692308
3 0.5240384615384616 0.2620192307692308 0.004807692307692308 0.009615384615384616
23 0.5120192307692307 0.5877403846153846 0.004807692307692308 0.002403846153846154
23 0.5120192307692307 0.6141826923076923 0.004807692307692308 0.002403846153846154
23 0.5120192307692307 0.6117788461538461 0.004807692307692308 0.002403846153846154
29 0.5120192307692307 0.6322115384615384 0.009615384615384616 0.004807692307692308
23 0.5144230769230769 0.5805288461538461 0.004807692307692308 0.002403846153846154
23 0.5120192307692307 0.609375 0.004807692307692308 0.002403846153846154
23 0.5120192307692307 0.6069711538461539 0.004807692307692308 0.002403846153846154
23 0.5120192307692307 0.6021634615384616 0.004807692307692308 0.002403846153846154
23 0.5264423076923077 0.2403846153846154 0.009615384615384616 0.004807692307692308
23 0.5276442307692307 0.20432692307692307 0.002403846153846154 0.004807692307692308
23 0.5120192307692307 0.5949519230769231 0.004807692307692308 0.002403846153846154
23 0.5120192307692307 0.5973557692307693 0.004807692307692308 0.002403846153846154
23 0.5120192307692307 0.5901442307692307 0.004807692307692308 0.002403846153846154
23 0.5120192307692307 0.6213942307692307 0.004807692307692308 0.002403846153846154
23 0.5144230769230769 0.578125 0.004807692307692308 0.002403846153846154
7 0.5264423076923077 0.23557692307692307 0.009615384615384616 0.004807692307692308
7 0.5264423076923077 0.24639423076923078 0.009615384615384616 0.007211538461538462
3 0.5108173076923077 0.6730769230769231 0.002403846153846154 0.004807692307692308
3 0.5216346153846154 0.38221153846153844 0.004807692307692308 0.004807692307692308
23 0.5108173076923077 0.6862980769230769 0.007211538461538462 0.002403846153846154
23 0.5096153846153846 0.6983173076923077 0.004807692307692308 0.002403846153846154
23 0.5120192307692307 0.7127403846153846 0.004807692307692308 0.002403846153846154
23 0.5120192307692307 0.7103365384615384 0.004807692307692308 0.002403846153846154
23 0.5120192307692307 0.703125 0.004807692307692308 0.002403846153846154
23 0.5120192307692307 0.7199519230769231 0.004807692307692308 0.002403846153846154
23 0.5120192307692307 0.7223557692307693 0.004807692307692308 0.002403846153846154
23 0.5120192307692307 0.7007211538461539 0.004807692307692308 0.002403846153846154
23 0.5120192307692307 0.6911057692307693 0.004807692307692308 0.002403846153846154
23 0.5120192307692307 0.7175480769230769 0.004807692307692308 0.002403846153846154
23 0.5120192307692307 0.6838942307692307 0.004807692307692308 0.002403846153846154
29 0.5288461538461539 0.21033653846153846 0.009615384615384616 0.007211538461538462
23 0.5300480769230769 0.14423076923076922 0.002403846153846154 0.004807692307692308
3 0.5324519230769231 0.1346153846153846 0.002403846153846154 0.004807692307692308
3 0.5276442307692307 0.30528846153846156 0.002403846153846154 0.004807692307692308
3 0.5252403846153846 0.31490384615384615 0.002403846153846154 0.004807692307692308
3 0.53125 0.15985576923076922 0.02403846153846154 0.007211538461538462
23 0.5144230769230769 0.6382211538461539 0.004807692307692308 0.002403846153846154
23 0.5144230769230769 0.640625 0.004807692307692308 0.002403846153846154
3 0.5300480769230769 0.21875 0.01201923076923077 0.004807692307692308
3 0.5300480769230769 0.22355769230769232 0.01201923076923077 0.004807692307692308
23 0.5324519230769231 0.15264423076923078 0.007211538461538462 0.002403846153846154
29 0.5324519230769231 0.19230769230769232 0.007211538461538462 0.004807692307692308
23 0.5132211538461539 0.7487980769230769 0.007211538461538462 0.002403846153846154
23 0.5324519230769231 0.22716346153846154 0.007211538461538462 0.002403846153846154
23 0.53125 0.22956730769230768 0.004807692307692308 0.002403846153846154
23 0.5276442307692307 0.37740384615384615 0.002403846153846154 0.004807692307692308
29 0.5336538461538461 0.19951923076923078 0.009615384615384616 0.004807692307692308
3 0.53125 0.2620192307692308 0.004807692307692308 0.009615384615384616
23 0.53125 0.2548076923076923 0.004807692307692308 0.004807692307692308
23 0.5192307692307693 0.6346153846153846 0.004807692307692308 0.004807692307692308
23 0.5216346153846154 0.5853365384615384 0.004807692307692308 0.002403846153846154
23 0.5216346153846154 0.5877403846153846 0.004807692307692308 0.002403846153846154
23 0.5216346153846154 0.6189903846153846 0.004807692307692308 0.002403846153846154
23 0.5216346153846154 0.5829326923076923 0.004807692307692308 0.002403846153846154
23 0.5216346153846154 0.6021634615384616 0.004807692307692308 0.002403846153846154
23 0.5216346153846154 0.5925480769230769 0.004807692307692308 0.002403846153846154
23 0.5216346153846154 0.5949519230769231 0.004807692307692308 0.002403846153846154
7 0.53125 0.31490384615384615 0.004807692307692308 0.004807692307692308
23 0.5204326923076923 0.5973557692307693 0.007211538461538462 0.002403846153846154
7 0.53125 0.30528846153846156 0.004807692307692308 0.004807692307692308
23 0.5336538461538461 0.23557692307692307 0.004807692307692308 0.004807692307692308
23 0.5384615384615384 0.13341346153846154 0.004807692307692308 0.002403846153846154
7 0.5336538461538461 0.24639423076923078 0.009615384615384616 0.007211538461538462
3 0.5384615384615384 0.16826923076923078 0.014423076923076924 0.004807692307692308
3 0.5384615384615384 0.17548076923076922 0.014423076923076924 0.004807692307692308
23 0.5384615384615384 0.14423076923076922 0.004807692307692308 0.004807692307692308
23 0.5324519230769231 0.37740384615384615 0.002403846153846154 0.004807692307692308
23 0.5384615384615384 0.20552884615384615 0.004807692307692308 0.002403846153846154
23 0.5408653846153846 0.19230769230769232 0.004807692307692308 0.004807692307692308
23 0.5408653846153846 0.24158653846153846 0.004807692307692308 0.002403846153846154
7 0.5408653846153846 0.2127403846153846 0.009615384615384616 0.002403846153846154
3 0.5372596153846154 0.3173076923076923 0.002403846153846154 0.004807692307692308
7 0.5408653846153846 0.21033653846153846 0.009615384615384616 0.002403846153846154
3 0.5408653846153846 0.23557692307692307 0.004807692307692308 0.004807692307692308
3 0.5444711538461539 0.14423076923076922 0.002403846153846154 0.004807692307692308
23 0.5408653846153846 0.23197115384615385 0.004807692307692308 0.002403846153846154
3 0.5408653846153846 0.22355769230769232 0.004807692307692308 0.009615384615384616
23 0.5384615384615384 0.37740384615384615 0.004807692307692308 0.004807692307692308
3 0.5456730769230769 0.13822115384615385 0.004807692307692308 0.002403846153846154
23 0.546875 0.13341346153846154 0.007211538461538462 0.002403846153846154
3 0.5432692307692307 0.2620192307692308 0.004807692307692308 0.009615384615384616
3 0.5432692307692307 0.24759615384615385 0.004807692307692308 0.009615384615384616
3 0.5420673076923077 0.30528846153846156 0.01201923076923077 0.004807692307692308
23 0.546875 0.14423076923076922 0.002403846153846154 0.004807692307692308
23 0.5420673076923077 0.37740384615384615 0.002403846153846154 0.004807692307692308
14 0.5396634615384616 0.4074519230769231 0.04567307692307692 0.036057692307692304
23 0.5384615384615384 0.43028846153846156 0.004807692307692308 0.004807692307692308
23 0.5456730769230769 0.2548076923076923 0.009615384615384616 0.004807692307692308
3 0.5492788461538461 0.18870192307692307 0.007211538461538462 0.002403846153846154
13 0.5444711538461539 0.3016826923076923 0.007211538461538462 0.002403846153846154
23 0.5480769230769231 0.19110576923076922 0.004807692307692308 0.002403846153846154
23 0.5492788461538461 0.17908653846153846 0.007211538461538462 0.002403846153846154
23 0.5492788461538461 0.1814903846153846 0.007211538461538462 0.002403846153846154
3 0.5432692307692307 0.3858173076923077 0.004807692307692308 0.002403846153846154
3 0.5516826923076923 0.14423076923076922 0.002403846153846154 0.004807692307692308
23 0.546875 0.37740384615384615 0.002403846153846154 0.004807692307692308
23 0.5528846153846154 0.20552884615384615 0.004807692307692308 0.002403846153846154
3 0.5504807692307693 0.2620192307692308 0.004807692307692308 0.009615384615384616
23 0.5564903846153846 0.13822115384615385 0.007211538461538462 0.002403846153846154
7 0.5540865384615384 0.15745192307692307 0.01201923076923077 0.002403846153846154
3 0.5540865384615384 0.16105769230769232 0.01201923076923077 0.004807692307692308
3 0.5564903846153846 0.16826923076923078 0.01201923076923077 0.004807692307692308
23 0.5564903846153846 0.1875 0.002403846153846154 0.004807692307692308
3 0.5564903846153846 0.18269230769230768 0.002403846153846154 0.004807692307692308
23 0.5516826923076923 0.37740384615384615 0.002403846153846154 0.004807692307692308
3 0.5540865384615384 0.2548076923076923 0.002403846153846154 0.004807692307692308
23 0.5552884615384616 0.21634615384615385 0.004807692307692308 0.004807692307692308
14 0.5552884615384616 0.2932692307692308 0.014423076923076924 0.009615384615384616
3 0.5576923076923077 0.23798076923076922 0.009615384615384616 0.004807692307692308
3 0.5552884615384616 0.25 0.009615384615384616 0.004807692307692308
3 0.5576923076923077 0.23317307692307693 0.009615384615384616 0.004807692307692308
3 0.5540865384615384 0.28365384615384615 0.01201923076923077 0.004807692307692308
3 0.5552884615384616 0.24519230769230768 0.009615384615384616 0.004807692307692308
23 0.5588942307692307 0.17908653846153846 0.007211538461538462 0.002403846153846154
23 0.5600961538461539 0.2127403846153846 0.004807692307692308 0.002403846153846154
23 0.5600961538461539 0.22235576923076922 0.004807692307692308 0.002403846153846154
23 0.5612980769230769 0.18990384615384615 0.002403846153846154 0.004807692307692308
3 0.5612980769230769 0.18509615384615385 0.002403846153846154 0.004807692307692308
23 0.5552884615384616 0.3798076923076923 0.004807692307692308 0.004807692307692308
3 0.5612980769230769 0.21875 0.002403846153846154 0.004807692307692308
23 0.5600961538461539 0.25721153846153844 0.004807692307692308 0.004807692307692308
23 0.5612980769230769 0.3088942307692308 0.007211538461538462 0.002403846153846154
29 0.5649038461538461 0.17307692307692307 0.004807692307692308 0.004807692307692308
7 0.5625 0.30649038461538464 0.009615384615384616 0.002403846153846154
23 0.5588942307692307 0.3798076923076923 0.002403846153846154 0.004807692307692308
7 0.5661057692307693 0.23076923076923078 0.01201923076923077 0.004807692307692308
14 0.5673076923076923 0.20432692307692307 0.014423076923076924 0.014423076923076924
3 0.5661057692307693 0.2692307692307692 0.01201923076923077 0.004807692307692308
23 0.5673076923076923 0.18990384615384615 0.004807692307692308 0.004807692307692308
3 0.5661057692307693 0.27403846153846156 0.01201923076923077 0.004807692307692308
23 0.5697115384615384 0.2127403846153846 0.004807692307692308 0.002403846153846154
23 0.5697115384615384 0.22716346153846154 0.004807692307692308 0.002403846153846154
23 0.5697115384615384 0.21754807692307693 0.004807692307692308 0.002403846153846154
23 0.5697115384615384 0.22235576923076922 0.004807692307692308 0.002403846153846154
23 0.5637019230769231 0.3798076923076923 0.002403846153846154 0.004807692307692308
3 0.5673076923076923 0.28966346153846156 0.004807692307692308 0.002403846153846154
13 0.5673076923076923 0.2956730769230769 0.004807692307692308 0.004807692307692308
23 0.5709134615384616 0.18990384615384615 0.002403846153846154 0.004807692307692308
15 0.5769230769230769 0.16346153846153846 0.019230769230769232 0.014423076923076924
23 0.5673076923076923 0.38822115384615385 0.004807692307692308 0.002403846153846154
23 0.5685096153846154 0.3858173076923077 0.007211538461538462 0.002403846153846154
23 0.5685096153846154 0.3798076923076923 0.002403846153846154 0.004807692307692308
23 0.5769230769230769 0.21754807692307693 0.004807692307692308 0.002403846153846154
23 0.578125 0.21995192307692307 0.007211538461538462 0.002403846153846154
3 0.5793269230769231 0.18028846153846154 0.009615384615384616 0.004807692307692308
3 0.5769230769230769 0.21394230769230768 0.009615384615384616 0.004807692307692308
15 0.5769230769230769 0.24278846153846154 0.019230769230769232 0.014423076923076924
15 0.5769230769230769 0.25721153846153844 0.019230769230769232 0.014423076923076924
15 0.5769230769230769 0.28365384615384615 0.004807692307692308 0.009615384615384616
23 0.5817307692307693 0.19110576923076922 0.004807692307692308 0.002403846153846154
23 0.5817307692307693 0.18389423076923078 0.004807692307692308 0.002403846153846154
23 0.5757211538461539 0.37740384615384615 0.002403846153846154 0.004807692307692308
3 0.5769230769230769 0.41225961538461536 0.004807692307692308 0.002403846153846154
3 0.5805288461538461 0.27403846153846156 0.01201923076923077 0.004807692307692308
29 0.5817307692307693 0.23076923076923078 0.009615384615384616 0.004807692307692308
3 0.5817307692307693 0.2692307692307692 0.014423076923076924 0.004807692307692308
23 0.5769230769230769 0.39302884615384615 0.004807692307692308 0.002403846153846154
23 0.5769230769230769 0.4050480769230769 0.004807692307692308 0.002403846153846154
23 0.5769230769230769 0.4074519230769231 0.004807692307692308 0.002403846153846154
23 0.5793269230769231 0.3713942307692308 0.004807692307692308 0.002403846153846154
23 0.5793269230769231 0.38100961538461536 0.004807692307692308 0.002403846153846154
23 0.5769230769230769 0.38341346153846156 0.004807692307692308 0.002403846153846154
29 0.5853365384615384 0.1971153846153846 0.007211538461538462 0.004807692307692308
29 0.5853365384615384 0.20432692307692307 0.007211538461538462 0.004807692307692308
23 0.5769230769230769 0.3858173076923077 0.004807692307692308 0.002403846153846154
23 0.5769230769230769 0.390625 0.004807692307692308 0.002403846153846154
23 0.5865384615384616 0.20793269230769232 0.004807692307692308 0.002403846153846154
23 0.5805288461538461 0.37740384615384615 0.002403846153846154 0.004807692307692308
23 0.5865384615384616 0.19230769230769232 0.004807692307692308 0.004807692307692308
23 0.5853365384615384 0.21634615384615385 0.002403846153846154 0.004807692307692308
3 0.5829326923076923 0.3942307692307692 0.002403846153846154 0.004807692307692308
23 0.5829326923076923 0.4110576923076923 0.002403846153846154 0.004807692307692308
3 0.5829326923076923 0.40625 0.002403846153846154 0.004807692307692308