23 0.4723557692307692 0.21394230769230768 0.007211538461538462 0.004807692307692308
3 0.47115384615384615 0.20793269230769232 0.009615384615384616 0.007211538461538462
23 0.46875 0.19230769230769232 0.009615384615384616 0.004807692307692308
23 0.4735576923076923 0.21634615384615385 0.009615384615384616 0.004807692307692308
23 0.46875 0.19471153846153846 0.009615384615384616 0.004807692307692308
23 0.4735576923076923 0.22115384615384615 0.009615384615384616 0.004807692307692308
23 0.46875 0.1971153846153846 0.009615384615384616 0.004807692307692308
23 0.4735576923076923 0.2247596153846154 0.009615384615384616 0.007211538461538462
23 0.47115384615384615 0.22716346153846154 0.009615384615384616 0.007211538461538462
3 0.47716346153846156 0.25600961538461536 0.007211538461538462 0.007211538461538462
23 0.47115384615384615 0.23197115384615385 0.009615384615384616 0.007211538461538462
23 0.4639423076923077 0.203125 0.009615384615384616 0.007211538461538462
3 0.4639423076923077 0.2091346153846154 0.004807692307692308 0.004807692307692308
3 0.4651442307692308 0.234375 0.007211538461538462 0.007211538461538462
3 0.46153846153846156 0.21394230769230768 0.004807692307692308 0.004807692307692308
23 0.46274038461538464 0.2439903846153846 0.007211538461538462 0.007211538461538462
3 0.46153846153846156 0.25841346153846156 0.009615384615384616 0.007211538461538462
3 0.46634615384615385 0.28966346153846156 0.009615384615384616 0.007211538461538462
3 0.45913461538461536 0.26322115384615385 0.004807692307692308 0.002403846153846154
3 0.45913461538461536 0.2668269230769231 0.004807692307692308 0.004807692307692308
3 0.46033653846153844 0.31850961538461536 0.01201923076923077 0.007211538461538462
3 0.46033653846153844 0.32211538461538464 0.007211538461538462 0.004807692307692308
3 0.45913461538461536 0.3269230769230769 0.009615384615384616 0.004807692307692308
3 0.46153846153846156 0.359375 0.009615384615384616 0.007211538461538462
6 0.46153846153846156 0.4050480769230769 0.009615384615384616 0.007211538461538462
3 0.4567307692307692 0.3762019230769231 0.009615384615384616 0.007211538461538462
3 0.46153846153846156 0.4098557692307692 0.009615384615384616 0.007211538461538462
3 0.45552884615384615 0.38221153846153844 0.007211538461538462 0.004807692307692308
3 0.46153846153846156 0.41466346153846156 0.009615384615384616 0.007211538461538462
6 0.46274038461538464 0.44591346153846156 0.036057692307692304 0.05048076923076923
3 0.44711538461538464 0.38822115384615385 0.009615384615384616 0.007211538461538462
3 0.44711538461538464 0.40625 0.004807692307692308 0.004807692307692308
3 0.44591346153846156 0.4206730769230769 0.007211538461538462 0.004807692307692308
3 0.44471153846153844 0.4266826923076923 0.009615384615384616 0.007211538461538462
6 0.45913461538461536 0.5192307692307693 0.038461538461538464 0.052884615384615384
3 0.44471153846153844 0.45072115384615385 0.004807692307692308 0.002403846153846154
3 0.44471153846153844 0.4699519230769231 0.009615384615384616 0.007211538461538462
3 0.44591346153846156 0.4963942307692308 0.007211538461538462 0.007211538461538462
3 0.4519230769230769 0.5564903846153846 0.009615384615384616 0.007211538461538462
15 0.4543269230769231 0.5612980769230769 0.009615384615384616 0.007211538461538462
3 0.4411057692307692 0.5108173076923077 0.007211538461538462 0.007211538461538462
3 0.44591346153846156 0.5516826923076923 0.007211538461538462 0.007211538461538462
3 0.4495192307692308 0.5769230769230769 0.009615384615384616 0.009615384615384616
3 0.4423076923076923 0.5793269230769231 0.004807692307692308 0.004807692307692308
3 0.4387019230769231 0.5685096153846154 0.01201923076923077 0.01201923076923077
3 0.43509615384615385 0.5600961538461539 0.004807692307692308 0.004807692307692308
3 0.43990384615384615 0.5961538461538461 0.004807692307692308 0.004807692307692308
3 0.44711538461538464 0.6370192307692307 0.004807692307692308 0.004807692307692308
3 0.44591346153846156 0.6430288461538461 0.01201923076923077 0.007211538461538462
3 0.4375 0.6069711538461539 0.009615384615384616 0.007211538461538462
3 0.43990384615384615 0.6502403846153846 0.004807692307692308 0.002403846153846154
23 0.44471153846153844 0.6838942307692307 0.009615384615384616 0.007211538461538462
23 0.44471153846153844 0.6862980769230769 0.009615384615384616 0.007211538461538462
23 0.4423076923076923 0.6899038461538461 0.009615384615384616 0.004807692307692308
23 0.4423076923076923 0.6923076923076923 0.009615384615384616 0.004807692307692308
23 0.4423076923076923 0.6959134615384616 0.009615384615384616 0.007211538461538462
23 0.4423076923076923 0.7007211538461539 0.009615384615384616 0.007211538461538462
23 0.44711538461538464 0.7259615384615384 0.004807692307692308 0.004807692307692308
23 0.4423076923076923 0.703125 0.009615384615384616 0.007211538461538462
3 0.4326923076923077 0.65625 0.004807692307692308 0.004807692307692308
23 0.4423076923076923 0.7079326923076923 0.009615384615384616 0.007211538461538462
23 0.43990384615384615 0.7103365384615384 0.009615384615384616 0.007211538461538462
23 0.44471153846153844 0.7295673076923077 0.009615384615384616 0.007211538461538462
23 0.4423076923076923 0.7151442307692307 0.009615384615384616 0.007211538461538462
23 0.44471153846153844 0.734375 0.009615384615384616 0.007211538461538462
23 0.4423076923076923 0.7175480769230769 0.009615384615384616 0.007211538461538462
23 0.44591346153846156 0.7439903846153846 0.007211538461538462 0.007211538461538462
23 0.43990384615384615 0.7199519230769231 0.009615384615384616 0.007211538461538462
23 0.43990384615384615 0.7247596153846154 0.009615384615384616 0.007211538461538462
23 0.43990384615384615 0.7271634615384616 0.009615384615384616 0.007211538461538462
23 0.4423076923076923 0.7512019230769231 0.009615384615384616 0.007211538461538462
3 0.4326923076923077 0.6959134615384616 0.009615384615384616 0.007211538461538462
23 0.4423076923076923 0.7536057692307693 0.009615384615384616 0.007211538461538462
23 0.4423076923076923 0.7584134615384616 0.009615384615384616 0.007211538461538462
3 0.43028846153846156 0.6983173076923077 0.004807692307692308 0.002403846153846154
23 0.4423076923076923 0.7608173076923077 0.009615384615384616 0.007211538461538462
23 0.43028846153846156 0.7247596153846154 0.009615384615384616 0.007211538461538462
23 0.43028846153846156 0.7271634615384616 0.009615384615384616 0.007211538461538462
23 0.43028846153846156 0.7295673076923077 0.009615384615384616 0.007211538461538462
23 0.43028846153846156 0.7355769230769231 0.009615384615384616 0.004807692307692308
3 0.4230769230769231 0.6971153846153846 0.004807692307692308 0.004807692307692308
3 0.4326923076923077 0.7463942307692307 0.009615384615384616 0.007211538461538462
23 0.42788461538461536 0.7367788461538461 0.009615384615384616 0.007211538461538462
23 0.43028846153846156 0.7415865384615384 0.009615384615384616 0.007211538461538462
23 0.42788461538461536 0.7536057692307693 0.009615384615384616 0.007211538461538462
23 0.43028846153846156 0.7560096153846154 0.009615384615384616 0.007211538461538462
23 0.42788461538461536 0.7584134615384616 0.009615384615384616 0.007211538461538462
23 0.42788461538461536 0.7632211538461539 0.009615384615384616 0.007211538461538462
23 0.42788461538461536 0.7680288461538461 0.009615384615384616 0.007211538461538462
23 0.42788461538461536 0.7704326923076923 0.009615384615384616 0.007211538461538462
3 0.4206730769230769 0.7475961538461539 0.004807692307692308 0.004807692307692308
3 0.4206730769230769 0.7536057692307693 0.004807692307692308 0.002403846153846154
3 0.421875 0.7872596153846154 0.01201923076923077 0.01201923076923077