3 0.4567307692307692 0.328125 0.009615384615384616 0.007211538461538462
3 0.47596153846153844 0.2283653846153846 0.009615384615384616 0.004807692307692308
3 0.4495192307692308 0.3942307692307692 0.009615384615384616 0.004807692307692308
3 0.4495192307692308 0.4014423076923077 0.009615384615384616 0.004807692307692308
3 0.47836538461538464 0.25600961538461536 0.009615384615384616 0.007211538461538462
3 0.47836538461538464 0.2608173076923077 0.009615384615384616 0.007211538461538462
3 0.44471153846153844 0.4411057692307692 0.009615384615384616 0.007211538461538462
3 0.43990384615384615 0.46634615384615385 0.009615384615384616 0.004807692307692308
3 0.43990384615384615 0.47716346153846156 0.009615384615384616 0.007211538461538462
23 0.4855769230769231 0.2512019230769231 0.009615384615384616 0.007211538461538462
23 0.4855769230769231 0.2536057692307692 0.009615384615384616 0.007211538461538462
3 0.4326923076923077 0.5408653846153846 0.009615384615384616 0.004807692307692308
3 0.43028846153846156 0.5516826923076923 0.009615384615384616 0.007211538461538462
3 0.43028846153846156 0.5588942307692307 0.009615384615384616 0.007211538461538462
3 0.4254807692307692 0.6153846153846154 0.009615384615384616 0.004807692307692308
3 0.4230769230769231 0.6262019230769231 0.009615384615384616 0.007211538461538462
3 0.41346153846153844 0.6911057692307693 0.009615384615384616 0.007211538461538462
3 0.4543269230769231 0.4951923076923077 0.004807692307692308 0.004807692307692308
3 0.41346153846153844 0.6983173076923077 0.009615384615384616 0.007211538461538462
3 0.4543269230769231 0.5 0.004807692307692308 0.004807692307692308
3 0.4519230769230769 0.5072115384615384 0.004807692307692308 0.004807692307692308
3 0.4519230769230769 0.5096153846153846 0.004807692307692308 0.004807692307692308
3 0.4519230769230769 0.5168269230769231 0.004807692307692308 0.004807692307692308
3 0.46634615384615385 0.49038461538461536 0.004807692307692308 0.004807692307692308
14 0.4579326923076923 0.546875 0.01201923076923077 0.016826923076923076
3 0.44471153846153844 0.6129807692307693 0.004807692307692308 0.004807692307692308
3 0.4519230769230769 0.5985576923076923 0.009615384615384616 0.004807692307692308
3 0.4495192307692308 0.6045673076923077 0.009615384615384616 0.007211538461538462
3 0.4495192307692308 0.6009615384615384 0.009615384615384616 0.004807692307692308
3 0.44471153846153844 0.625 0.004807692307692308 0.004807692307692308
3 0.46033653846153844 0.5588942307692307 0.01201923076923077 0.01201923076923077
23 0.4543269230769231 0.5889423076923077 0.009615384615384616 0.004807692307692308
3 0.4543269230769231 0.5913461538461539 0.009615384615384616 0.004807692307692308
23 0.4543269230769231 0.5949519230769231 0.009615384615384616 0.007211538461538462
3 0.4206730769230769 0.7764423076923077 0.009615384615384616 0.004807692307692308
3 0.47836538461538464 0.47836538461538464 0.004807692307692308 0.004807692307692308
3 0.46634615384615385 0.53125 0.004807692307692308 0.004807692307692308
3 0.4182692307692308 0.7788461538461539 0.009615384615384616 0.004807692307692308
3 0.47596153846153844 0.4831730769230769 0.004807692307692308 0.004807692307692308
3 0.4567307692307692 0.5817307692307693 0.004807692307692308 0.004807692307692308
3 0.47596153846153844 0.49038461538461536 0.004807692307692308 0.004807692307692308
3 0.4230769230769231 0.7680288461538461 0.009615384615384616 0.007211538461538462
23 0.4567307692307692 0.6009615384615384 0.004807692307692308 0.004807692307692308
23 0.4495192307692308 0.6430288461538461 0.009615384615384616 0.007211538461538462
23 0.4543269230769231 0.625 0.009615384615384616 0.004807692307692308
23 0.4807692307692308 0.47836538461538464 0.004807692307692308 0.004807692307692308
23 0.4639423076923077 0.5685096153846154 0.009615384615384616 0.007211538461538462
3 0.47115384615384615 0.5336538461538461 0.004807692307692308 0.004807692307692308
23 0.4639423076923077 0.5697115384615384 0.009615384615384616 0.004807692307692308
23 0.47115384615384615 0.5408653846153846 0.009615384615384616 0.004807692307692308
23 0.4807692307692308 0.4855769230769231 0.004807692307692308 0.004807692307692308
23 0.47115384615384615 0.5456730769230769 0.009615384615384616 0.004807692307692308
23 0.46875 0.5492788461538461 0.009615384615384616 0.007211538461538462
23 0.46875 0.5516826923076923 0.009615384615384616 0.007211538461538462
3 0.4639423076923077 0.5721153846153846 0.009615384615384616 0.004807692307692308
3 0.4807692307692308 0.49278846153846156 0.004807692307692308 0.004807692307692308
3 0.46153846153846156 0.5913461538461539 0.004807692307692308 0.004807692307692308
14 0.45552884615384615 0.6141826923076923 0.01201923076923077 0.01201923076923077
23 0.46875 0.5540865384615384 0.009615384615384616 0.007211538461538462
3 0.4543269230769231 0.6322115384615384 0.014423076923076924 0.009615384615384616
3 0.4543269230769231 0.6370192307692307 0.014423076923076924 0.009615384615384616
3 0.4519230769230769 0.6490384615384616 0.014423076923076924 0.009615384615384616
3 0.4519230769230769 0.6550480769230769 0.014423076923076924 0.007211538461538462
3 0.4699519230769231 0.5612980769230769 0.01201923076923077 0.01201923076923077
3 0.4675480769230769 0.5829326923076923 0.01201923076923077 0.01201923076923077
3 0.47596153846153844 0.5336538461538461 0.004807692307692308 0.004807692307692308
3 0.4855769230769231 0.49038461538461536 0.004807692307692308 0.004807692307692308
29 0.4639423076923077 0.6033653846153846 0.004807692307692308 0.004807692307692308
14 0.4807692307692308 0.5108173076923077 0.04807692307692308 0.036057692307692304
23 0.45913461538461536 0.6262019230769231 0.009615384615384616 0.007211538461538462
7 0.4723557692307692 0.5721153846153846 0.007211538461538462 0.009615384615384616
23 0.45913461538461536 0.6442307692307693 0.009615384615384616 0.004807692307692308
3 0.49038461538461536 0.4807692307692308 0.004807692307692308 0.004807692307692308
3 0.49038461538461536 0.4855769230769231 0.004807692307692308 0.004807692307692308
3 0.4807692307692308 0.5336538461538461 0.004807692307692308 0.004807692307692308
3 0.4543269230769231 0.6658653846153846 0.009615384615384616 0.004807692307692308
3 0.4699519230769231 0.5925480769230769 0.01201923076923077 0.01201923076923077
23 0.4879807692307692 0.49278846153846156 0.004807692307692308 0.004807692307692308
23 0.4543269230769231 0.6694711538461539 0.009615384615384616 0.007211538461538462
23 0.4543269230769231 0.6706730769230769 0.009615384615384616 0.004807692307692308
3 0.4543269230769231 0.6742788461538461 0.009615384615384616 0.007211538461538462
23 0.4519230769230769 0.6947115384615384 0.004807692307692308 0.004807692307692308
29 0.46875 0.6033653846153846 0.004807692307692308 0.004807692307692308
23 0.4951923076923077 0.4807692307692308 0.004807692307692308 0.004807692307692308
23 0.49278846153846156 0.4879807692307692 0.004807692307692308 0.004807692307692308
3 0.4855769230769231 0.5360576923076923 0.004807692307692308 0.004807692307692308
7 0.47475961538461536 0.5829326923076923 0.01201923076923077 0.01201923076923077
3 0.4543269230769231 0.6947115384615384 0.004807692307692308 0.004807692307692308
14 0.4579326923076923 0.6838942307692307 0.01201923076923077 0.01201923076923077
7 0.4675480769230769 0.6310096153846154 0.01201923076923077 0.007211538461538462
3 0.46875 0.6370192307692307 0.014423076923076924 0.009615384615384616
3 0.46634615384615385 0.6430288461538461 0.009615384615384616 0.007211538461538462
7 0.4651442307692308 0.6478365384615384 0.01201923076923077 0.01201923076923077
3 0.4639423076923077 0.6574519230769231 0.014423076923076924 0.007211538461538462
3 0.49759615384615385 0.49278846153846156 0.004807692307692308 0.004807692307692308
3 0.4639423076923077 0.6610576923076923 0.014423076923076924 0.009615384615384616
3 0.4879807692307692 0.5360576923076923 0.004807692307692308 0.004807692307692308
23 0.43509615384615385 0.8076923076923077 0.009615384615384616 0.004807692307692308
23 0.4375 0.8100961538461539 0.009615384615384616 0.004807692307692308
7 0.4795673076923077 0.5949519230769231 0.01201923076923077 0.01201923076923077
23 0.47596153846153844 0.6033653846153846 0.009615384615384616 0.004807692307692308
3 0.4639423076923077 0.6694711538461539 0.009615384615384616 0.007211538461538462
23 0.4639423076923077 0.6682692307692307 0.009615384615384616 0.004807692307692308
14 0.484375 0.5685096153846154 0.021634615384615384 0.016826923076923076
23 0.47836538461538464 0.6069711538461539 0.009615384615384616 0.007211538461538462
15 0.47596153846153844 0.6177884615384616 0.02403846153846154 0.019230769230769232
23 0.4375 0.8149038461538461 0.004807692307692308 0.004807692307692308
23 0.46153846153846156 0.6947115384615384 0.009615384615384616 0.004807692307692308
3 0.4543269230769231 0.734375 0.009615384615384616 0.007211538461538462
23 0.46153846153846156 0.6971153846153846 0.009615384615384616 0.004807692307692308
3 0.4543269230769231 0.7319711538461539 0.009615384615384616 0.007211538461538462
3 0.4543269230769231 0.7391826923076923 0.009615384615384616 0.007211538461538462
3 0.4543269230769231 0.7415865384615384 0.009615384615384616 0.007211538461538462
3 0.4543269230769231 0.7439903846153846 0.009615384615384616 0.007211538461538462
23 0.49278846153846156 0.5360576923076923 0.004807692307692308 0.004807692307692308
3 0.4519230769230769 0.7536057692307693 0.009615384615384616 0.007211538461538462
3 0.4519230769230769 0.7512019230769231 0.009615384615384616 0.007211538461538462
13 0.4855769230769231 0.5829326923076923 0.014423076923076924 0.01201923076923077
3 0.4519230769230769 0.7584134615384616 0.009615384615384616 0.007211538461538462
3 0.4495192307692308 0.7632211538461539 0.009615384615384616 0.007211538461538462
3 0.4519230769230769 0.7680288461538461 0.009615384615384616 0.007211538461538462
3 0.4495192307692308 0.7728365384615384 0.009615384615384616 0.007211538461538462
3 0.4495192307692308 0.7704326923076923 0.009615384615384616 0.007211538461538462
23 0.4423076923076923 0.8149038461538461 0.004807692307692308 0.004807692307692308
3 0.4495192307692308 0.7776442307692307 0.009615384615384616 0.007211538461538462
3 0.47115384615384615 0.6862980769230769 0.014423076923076924 0.007211538461538462
7 0.4723557692307692 0.6814903846153846 0.01201923076923077 0.007211538461538462
3 0.4807692307692308 0.6370192307692307 0.004807692307692308 0.004807692307692308
23 0.47115384615384615 0.6911057692307693 0.009615384615384616 0.007211538461538462
23 0.4639423076923077 0.7319711538461539 0.009615384615384616 0.007211538461538462
7 0.4795673076923077 0.6430288461538461 0.01201923076923077 0.01201923076923077
23 0.46153846153846156 0.734375 0.009615384615384616 0.007211538461538462
23 0.46153846153846156 0.7367788461538461 0.009615384615384616 0.007211538461538462
23 0.47596153846153844 0.6694711538461539 0.009615384615384616 0.007211538461538462
23 0.46153846153846156 0.7439903846153846 0.009615384615384616 0.007211538461538462
23 0.46153846153846156 0.7463942307692307 0.009615384615384616 0.007211538461538462
3 0.47596153846153844 0.6742788461538461 0.009615384615384616 0.007211538461538462
23 0.46153846153846156 0.7415865384615384 0.009615384615384616 0.007211538461538462
13 0.49158653846153844 0.59375 0.016826923076923076 0.009615384615384616
23 0.46153846153846156 0.7512019230769231 0.009615384615384616 0.007211538461538462
23 0.46153846153846156 0.7560096153846154 0.009615384615384616 0.007211538461538462
23 0.46153846153846156 0.7536057692307693 0.009615384615384616 0.007211538461538462
23 0.45913461538461536 0.7608173076923077 0.009615384615384616 0.007211538461538462
3 0.4807692307692308 0.6538461538461539 0.009615384615384616 0.009615384615384616
23 0.45913461538461536 0.7608173076923077 0.009615384615384616 0.007211538461538462
23 0.45913461538461536 0.765625 0.009615384615384616 0.007211538461538462
23 0.4807692307692308 0.6598557692307693 0.009615384615384616 0.007211538461538462
23 0.45913461538461536 0.7680288461538461 0.009615384615384616 0.007211538461538462
23 0.45913461538461536 0.7752403846153846 0.009615384615384616 0.007211538461538462
23 0.45913461538461536 0.7716346153846154 0.009615384615384616 0.004807692307692308
23 0.4567307692307692 0.7776442307692307 0.009615384615384616 0.007211538461538462
23 0.5144230769230769 0.4963942307692308 0.009615384615384616 0.007211538461538462
23 0.5144230769230769 0.5 0.009615384615384616 0.004807692307692308
3 0.5144230769230769 0.5036057692307693 0.009615384615384616 0.007211538461538462
23 0.5144230769230769 0.5084134615384616 0.009615384615384616 0.007211538461538462
23 0.5120192307692307 0.515625 0.009615384615384616 0.007211538461538462
23 0.5120192307692307 0.5108173076923077 0.009615384615384616 0.007211538461538462
23 0.5120192307692307 0.5180288461538461 0.009615384615384616 0.007211538461538462
3 0.4891826923076923 0.6382211538461539 0.007211538461538462 0.007211538461538462
23 0.5120192307692307 0.5228365384615384 0.009615384615384616 0.007211538461538462
3 0.5120192307692307 0.5252403846153846 0.009615384615384616 0.007211538461538462
23 0.4879807692307692 0.6538461538461539 0.004807692307692308 0.004807692307692308
23 0.5108173076923077 0.5288461538461539 0.007211538461538462 0.004807692307692308
23 0.5096153846153846 0.5360576923076923 0.009615384615384616 0.004807692307692308
23 0.5120192307692307 0.5336538461538461 0.009615384615384616 0.004807692307692308
23 0.5096153846153846 0.5396634615384616 0.009615384615384616 0.007211538461538462
7 0.49038461538461536 0.6442307692307693 0.009615384615384616 0.009615384615384616
3 0.4879807692307692 0.6586538461538461 0.004807692307692308 0.004807692307692308
23 0.4831730769230769 0.6826923076923077 0.004807692307692308 0.004807692307692308
23 0.49038461538461536 0.6634615384615384 0.004807692307692308 0.004807692307692308
3 0.49158653846153844 0.6550480769230769 0.01201923076923077 0.01201923076923077
3 0.47836538461538464 0.7367788461538461 0.014423076923076924 0.007211538461538462
23 0.4879807692307692 0.6826923076923077 0.004807692307692308 0.004807692307692308
23 0.49759615384615385 0.6418269230769231 0.004807692307692308 0.004807692307692308
3 0.47836538461538464 0.7427884615384616 0.004807692307692308 0.004807692307692308
23 0.49759615384615385 0.6490384615384616 0.004807692307692308 0.004807692307692308
14 0.47475961538461536 0.7560096153846154 0.016826923076923076 0.016826923076923076
14 0.49278846153846156 0.6706730769230769 0.009615384615384616 0.009615384615384616
3 0.4735576923076923 0.7752403846153846 0.014423076923076924 0.007211538461538462
23 0.4951923076923077 0.6634615384615384 0.004807692307692308 0.004807692307692308
3 0.49278846153846156 0.6790865384615384 0.014423076923076924 0.007211538461538462
23 0.49278846153846156 0.6850961538461539 0.004807692307692308 0.004807692307692308
23 0.5 0.6418269230769231 0.004807692307692308 0.004807692307692308
3 0.4807692307692308 0.7427884615384616 0.004807692307692308 0.004807692307692308
3 0.47596153846153844 0.7680288461538461 0.009615384615384616 0.007211538461538462
3 0.47596153846153844 0.7704326923076923 0.009615384615384616 0.007211538461538462
23 0.5024038461538461 0.6466346153846154 0.004807692307692308 0.004807692307692308
23 0.47596153846153844 0.7800480769230769 0.009615384615384616 0.007211538461538462
3 0.5012019230769231 0.65625 0.007211538461538462 0.009615384615384616
23 0.49759615384615385 0.6850961538461539 0.004807692307692308 0.004807692307692308
23 0.5024038461538461 0.6670673076923077 0.009615384615384616 0.007211538461538462
23 0.5024038461538461 0.671875 0.009615384615384616 0.007211538461538462
3 0.5024038461538461 0.6730769230769231 0.009615384615384616 0.004807692307692308
3 0.5072115384615384 0.6394230769230769 0.009615384615384616 0.009615384615384616
7 0.5084134615384616 0.6478365384615384 0.01201923076923077 0.01201923076923077
3 0.5048076923076923 0.65625 0.004807692307692308 0.004807692307692308
23 0.5048076923076923 0.6610576923076923 0.004807692307692308 0.004807692307692308
6 0.5336538461538461 0.5300480769230769 0.038461538461538464 0.07451923076923077