3 0.2620192307692308 0.4795673076923077 0.004807692307692308 0.002403846153846154
26 0.265625 0.4807692307692308 0.002403846153846154 0.004807692307692308
26 0.3161057692307692 0.49038461538461536 0.002403846153846154 0.004807692307692308
3 0.2620192307692308 0.4831730769230769 0.004807692307692308 0.004807692307692308
23 0.2956730769230769 0.49158653846153844 0.004807692307692308 0.007211538461538462
23 0.2920673076923077 0.49038461538461536 0.002403846153846154 0.004807692307692308
23 0.3016826923076923 0.49278846153846156 0.002403846153846154 0.004807692307692308
23 0.29927884615384615 0.49278846153846156 0.002403846153846154 0.004807692307692308
26 0.38100961538461536 0.5072115384615384 0.002403846153846154 0.004807692307692308
3 0.2776442307692308 0.49038461538461536 0.002403846153846154 0.004807692307692308
3 0.25961538461538464 0.4879807692307692 0.009615384615384616 0.009615384615384616
3 0.35096153846153844 0.5036057692307693 0.004807692307692308 0.007211538461538462
26 0.4483173076923077 0.5240384615384616 0.002403846153846154 0.004807692307692308
3 0.41466346153846156 0.5192307692307693 0.002403846153846154 0.004807692307692308
3 0.3425480769230769 0.5072115384615384 0.002403846153846154 0.004807692307692308
23 0.26322115384615385 0.4951923076923077 0.002403846153846154 0.004807692307692308
23 0.265625 0.4951923076923077 0.002403846153846154 0.004807692307692308
26 0.4170673076923077 0.5216346153846154 0.002403846153846154 0.004807692307692308
3 0.25721153846153844 0.49399038461538464 0.009615384615384616 0.007211538461538462
3 0.34975961538461536 0.5096153846153846 0.002403846153846154 0.004807692307692308
23 0.27283653846153844 0.49759615384615385 0.002403846153846154 0.004807692307692308
23 0.27524038461538464 0.49759615384615385 0.002403846153846154 0.004807692307692308
26 0.41947115384615385 0.5240384615384616 0.002403846153846154 0.004807692307692308
26 0.42427884615384615 0.5240384615384616 0.002403846153846154 0.004807692307692308
26 0.421875 0.5240384615384616 0.002403846153846154 0.004807692307692308
26 0.5132211538461539 0.5408653846153846 0.002403846153846154 0.004807692307692308
3 0.48197115384615385 0.5360576923076923 0.002403846153846154 0.004807692307692308
3 0.4074519230769231 0.5240384615384616 0.002403846153846154 0.004807692307692308
26 0.4891826923076923 0.5384615384615384 0.002403846153846154 0.004807692307692308
26 0.49158653846153844 0.5384615384615384 0.002403846153846154 0.004807692307692308
26 0.4170673076923077 0.5264423076923077 0.002403846153846154 0.004807692307692308
26 0.41947115384615385 0.5276442307692307 0.002403846153846154 0.002403846153846154
26 0.421875 0.5288461538461539 0.002403846153846154 0.004807692307692308
26 0.49399038461538464 0.5396634615384616 0.002403846153846154 0.002403846153846154
26 0.4963942307692308 0.5408653846153846 0.002403846153846154 0.004807692307692308
3 0.546875 0.5504807692307693 0.002403846153846154 0.004807692307692308
26 0.578125 0.5576923076923077 0.002403846153846154 0.004807692307692308
3 0.25961538461538464 0.5024038461538461 0.004807692307692308 0.004807692307692308
3 0.3425480769230769 0.5168269230769231 0.002403846153846154 0.004807692307692308
26 0.4891826923076923 0.5420673076923077 0.002403846153846154 0.002403846153846154
26 0.49158653846153844 0.5420673076923077 0.002403846153846154 0.002403846153846154
26 0.49399038461538464 0.5420673076923077 0.002403846153846154 0.002403846153846154
3 0.4723557692307692 0.5408653846153846 0.002403846153846154 0.004807692307692308
3 0.35216346153846156 0.5192307692307693 0.002403846153846154 0.004807692307692308
3 0.3545673076923077 0.5192307692307693 0.002403846153846154 0.004807692307692308
3 0.359375 0.5216346153846154 0.002403846153846154 0.004807692307692308
26 0.41225961538461536 0.5300480769230769 0.002403846153846154 0.002403846153846154
26 0.4963942307692308 0.5456730769230769 0.002403846153846154 0.004807692307692308
3 0.359375 0.5216346153846154 0.002403846153846154 0.004807692307692308
3 0.4795673076923077 0.5432692307692307 0.002403846153846154 0.004807692307692308
23 0.2608173076923077 0.5072115384615384 0.002403846153846154 0.004807692307692308
23 0.2644230769230769 0.5060096153846154 0.004807692307692308 0.007211538461538462
3 0.6045673076923077 0.5673076923076923 0.002403846153846154 0.004807692307692308
26 0.4050480769230769 0.53125 0.002403846153846154 0.004807692307692308
26 0.6430288461538461 0.5721153846153846 0.002403846153846154 0.004807692307692308
26 0.4074519230769231 0.5336538461538461 0.002403846153846154 0.004807692307692308
26 0.4098557692307692 0.5336538461538461 0.002403846153846154 0.004807692307692308
26 0.41225961538461536 0.5348557692307693 0.002403846153846154 0.002403846153846154
26 0.4579326923076923 0.5420673076923077 0.002403846153846154 0.002403846153846154
26 0.46033653846153844 0.5420673076923077 0.002403846153846154 0.002403846153846154
3 0.5372596153846154 0.5552884615384616 0.002403846153846154 0.004807692307692308
26 0.46274038461538464 0.5444711538461539 0.002403846153846154 0.002403846153846154
26 0.4651442307692308 0.5432692307692307 0.002403846153846154 0.004807692307692308
26 0.4675480769230769 0.5456730769230769 0.002403846153846154 0.004807692307692308
26 0.25841346153846156 0.5072115384615384 0.002403846153846154 0.004807692307692308
3 0.5444711538461539 0.5576923076923077 0.002403846153846154 0.004807692307692308
26 0.4699519230769231 0.5456730769230769 0.002403846153846154 0.004807692307692308
26 0.46033653846153844 0.546875 0.002403846153846154 0.002403846153846154
26 0.4579326923076923 0.5444711538461539 0.002403846153846154 0.002403846153846154
26 0.7079326923076923 0.5889423076923077 0.002403846153846154 0.004807692307692308
26 0.46274038461538464 0.546875 0.002403846153846154 0.002403846153846154
26 0.4651442307692308 0.546875 0.002403846153846154 0.002403846153846154
26 0.4675480769230769 0.5480769230769231 0.002403846153846154 0.004807692307692308
26 0.4699519230769231 0.5480769230769231 0.002403846153846154 0.004807692307692308
3 0.6021634615384616 0.5721153846153846 0.002403846153846154 0.004807692307692308
3 0.3629807692307692 0.5300480769230769 0.004807692307692308 0.007211538461538462
23 0.2620192307692308 0.515625 0.004807692307692308 0.007211538461538462
15 0.375 0.5348557692307693 0.004807692307692308 0.007211538461538462
3 0.6766826923076923 0.5865384615384616 0.002403846153846154 0.004807692307692308
23 0.24278846153846154 0.5132211538461539 0.004807692307692308 0.007211538461538462
3 0.7415865384615384 0.6009615384615384 0.002403846153846154 0.004807692307692308
7 0.7620192307692307 0.6057692307692307 0.004807692307692308 0.004807692307692308
3 0.6670673076923077 0.5889423076923077 0.002403846153846154 0.004807692307692308
3 0.3329326923076923 0.53125 0.007211538461538462 0.014423076923076924
15 0.47115384615384615 0.5564903846153846 0.004807692307692308 0.007211538461538462
23 0.7487980769230769 0.6057692307692307 0.002403846153846154 0.004807692307692308
3 0.7596153846153846 0.6105769230769231 0.004807692307692308 0.004807692307692308
14 0.3485576923076923 0.5372596153846154 0.02403846153846154 0.026442307692307692
23 0.7548076923076923 0.609375 0.004807692307692308 0.007211538461538462
23 0.7572115384615384 0.609375 0.004807692307692308 0.007211538461538462
15 0.5480769230769231 0.5745192307692307 0.004807692307692308 0.004807692307692308
15 0.5216346153846154 0.5709134615384616 0.004807692307692308 0.007211538461538462
3 0.5252403846153846 0.5721153846153846 0.002403846153846154 0.004807692307692308
23 0.5168269230769231 0.5697115384615384 0.004807692307692308 0.004807692307692308
15 0.5961538461538461 0.5853365384615384 0.004807692307692308 0.007211538461538462
23 0.7620192307692307 0.6153846153846154 0.004807692307692308 0.004807692307692308
23 0.6021634615384616 0.5865384615384616 0.002403846153846154 0.004807692307692308
23 0.6045673076923077 0.5865384615384616 0.002403846153846154 0.004807692307692308
23 0.7199519230769231 0.6081730769230769 0.002403846153846154 0.004807692307692308
3 0.33653846153846156 0.5420673076923077 0.004807692307692308 0.007211538461538462
3 0.5480769230769231 0.578125 0.004807692307692308 0.002403846153846154
23 0.7271634615384616 0.6105769230769231 0.002403846153846154 0.004807692307692308
23 0.7247596153846154 0.6105769230769231 0.002403846153846154 0.004807692307692308
23 0.7295673076923077 0.6105769230769231 0.002403846153846154 0.004807692307692308
3 0.5144230769230769 0.5745192307692307 0.004807692307692308 0.004807692307692308
3 0.5192307692307693 0.5769230769230769 0.004807692307692308 0.004807692307692308
3 0.5480769230769231 0.5829326923076923 0.004807692307692308 0.002403846153846154
15 0.6370192307692307 0.5973557692307693 0.004807692307692308 0.007211538461538462
3 0.5192307692307693 0.578125 0.004807692307692308 0.002403846153846154
3 0.65625 0.6045673076923077 0.004807692307692308 0.007211538461538462
23 0.5144230769230769 0.578125 0.004807692307692308 0.002403846153846154
3 0.6598557692307693 0.6033653846153846 0.002403846153846154 0.004807692307692308
3 0.6622596153846154 0.6057692307692307 0.002403846153846154 0.004807692307692308
3 0.6670673076923077 0.6057692307692307 0.002403846153846154 0.004807692307692308
3 0.6646634615384616 0.6057692307692307 0.002403846153846154 0.004807692307692308
3 0.6682692307692307 0.6069711538461539 0.004807692307692308 0.007211538461538462
3 0.671875 0.6081730769230769 0.002403846153846154 0.004807692307692308
3 0.6766826923076923 0.6081730769230769 0.002403846153846154 0.004807692307692308
3 0.6814903846153846 0.6081730769230769 0.002403846153846154 0.004807692307692308
3 0.6790865384615384 0.6081730769230769 0.002403846153846154 0.004807692307692308
23 0.5120192307692307 0.5817307692307693 0.004807692307692308 0.004807692307692308
3 0.31490384615384615 0.5480769230769231 0.004807692307692308 0.004807692307692308
3 0.31971153846153844 0.5492788461538461 0.004807692307692308 0.002403846153846154
3 0.3245192307692308 0.5504807692307693 0.004807692307692308 0.004807692307692308
3 0.3293269230769231 0.5516826923076923 0.004807692307692308 0.002403846153846154
3 0.33413461538461536 0.5504807692307693 0.004807692307692308 0.004807692307692308
26 0.7487980769230769 0.625 0.002403846153846154 0.004807692307692308
3 0.33653846153846156 0.5540865384615384 0.004807692307692308 0.002403846153846154
3 0.6334134615384616 0.6057692307692307 0.007211538461538462 0.004807692307692308
3 0.34134615384615385 0.5552884615384616 0.004807692307692308 0.004807692307692308
3 0.34615384615384615 0.5552884615384616 0.004807692307692308 0.004807692307692308
3 0.35096153846153844 0.5576923076923077 0.004807692307692308 0.004807692307692308
3 0.3557692307692308 0.5576923076923077 0.004807692307692308 0.004807692307692308
3 0.3605769230769231 0.5600961538461539 0.004807692307692308 0.004807692307692308
23 0.3125 0.5504807692307693 0.004807692307692308 0.004807692307692308
3 0.36538461538461536 0.5600961538461539 0.004807692307692308 0.004807692307692308
23 0.5120192307692307 0.5865384615384616 0.004807692307692308 0.004807692307692308
23 0.3173076923076923 0.5528846153846154 0.004807692307692308 0.004807692307692308
3 0.3701923076923077 0.5625 0.004807692307692308 0.004807692307692308
23 0.32211538461538464 0.5528846153846154 0.004807692307692308 0.004807692307692308
3 0.375 0.5625 0.004807692307692308 0.004807692307692308
3 0.3798076923076923 0.5625 0.004807692307692308 0.004807692307692308
26 0.6478365384615384 0.6105769230769231 0.002403846153846154 0.004807692307692308
23 0.3269230769230769 0.5552884615384616 0.004807692307692308 0.004807692307692308
23 0.3317307692307692 0.5564903846153846 0.004807692307692308 0.002403846153846154
23 0.33653846153846156 0.5576923076923077 0.004807692307692308 0.004807692307692308
23 0.34134615384615385 0.5576923076923077 0.004807692307692308 0.004807692307692308
23 0.34615384615384615 0.5600961538461539 0.004807692307692308 0.004807692307692308
3 0.7427884615384616 0.6310096153846154 0.009615384615384616 0.007211538461538462
23 0.35096153846153844 0.5600961538461539 0.004807692307692308 0.004807692307692308
23 0.3557692307692308 0.5612980769230769 0.004807692307692308 0.002403846153846154
23 0.5480769230769231 0.5961538461538461 0.004807692307692308 0.004807692307692308
23 0.6838942307692307 0.6201923076923077 0.002403846153846154 0.004807692307692308
3 0.6334134615384616 0.6105769230769231 0.007211538461538462 0.004807692307692308
23 0.3605769230769231 0.5625 0.004807692307692308 0.004807692307692308
23 0.36538461538461536 0.5637019230769231 0.004807692307692308 0.002403846153846154
23 0.6706730769230769 0.6177884615384616 0.004807692307692308 0.004807692307692308
23 0.5120192307692307 0.5913461538461539 0.004807692307692308 0.004807692307692308
3 0.5528846153846154 0.5985576923076923 0.004807692307692308 0.004807692307692308
3 0.6802884615384616 0.6201923076923077 0.004807692307692308 0.004807692307692308
23 0.3125 0.5552884615384616 0.004807692307692308 0.004807692307692308
23 0.3701923076923077 0.5661057692307693 0.004807692307692308 0.002403846153846154
23 0.3173076923076923 0.5552884615384616 0.004807692307692308 0.004807692307692308
23 0.375 0.5673076923076923 0.004807692307692308 0.004807692307692308
23 0.3269230769230769 0.5588942307692307 0.004807692307692308 0.002403846153846154
23 0.31971153846153844 0.5576923076923077 0.004807692307692308 0.004807692307692308
23 0.3798076923076923 0.5673076923076923 0.004807692307692308 0.004807692307692308
14 0.5288461538461539 0.5949519230769231 0.028846153846153848 0.040865384615384616
23 0.3317307692307692 0.5588942307692307 0.004807692307692308 0.002403846153846154
23 0.33653846153846156 0.5600961538461539 0.004807692307692308 0.004807692307692308
3 0.6502403846153846 0.6153846153846154 0.007211538461538462 0.009615384615384616
23 0.34134615384615385 0.5625 0.004807692307692308 0.004807692307692308
3 0.38341346153846156 0.5697115384615384 0.007211538461538462 0.014423076923076924
3 0.6538461538461539 0.6177884615384616 0.004807692307692308 0.009615384615384616
3 0.6069711538461539 0.6105769230769231 0.007211538461538462 0.004807692307692308
3 0.38822115384615385 0.5721153846153846 0.007211538461538462 0.014423076923076924
23 0.34615384615384615 0.5625 0.004807692307692308 0.004807692307692308
23 0.6466346153846154 0.6165865384615384 0.004807692307692308 0.007211538461538462
23 0.35096153846153844 0.5649038461538461 0.004807692307692308 0.004807692307692308
23 0.65625 0.6189903846153846 0.004807692307692308 0.007211538461538462
23 0.3557692307692308 0.5649038461538461 0.004807692307692308 0.004807692307692308
23 0.5456730769230769 0.5985576923076923 0.004807692307692308 0.004807692307692308
7 0.6370192307692307 0.6153846153846154 0.004807692307692308 0.009615384615384616
23 0.3605769230769231 0.5661057692307693 0.004807692307692308 0.002403846153846154
3 0.6394230769230769 0.6177884615384616 0.004807692307692308 0.009615384615384616
3 0.6430288461538461 0.6177884615384616 0.007211538461538462 0.009615384615384616
3 0.703125 0.6274038461538461 0.007211538461538462 0.014423076923076924
3 0.5504807692307693 0.6021634615384616 0.004807692307692308 0.002403846153846154
3 0.7079326923076923 0.6298076923076923 0.007211538461538462 0.014423076923076924
23 0.36538461538461536 0.5673076923076923 0.004807692307692308 0.004807692307692308
23 0.36778846153846156 0.5697115384615384 0.004807692307692308 0.004807692307692308
23 0.5120192307692307 0.5949519230769231 0.004807692307692308 0.002403846153846154
23 0.6322115384615384 0.6141826923076923 0.004807692307692308 0.002403846153846154
3 0.7127403846153846 0.6298076923076923 0.007211538461538462 0.014423076923076924
26 0.5564903846153846 0.6033653846153846 0.002403846153846154 0.004807692307692308
23 0.37259615384615385 0.5721153846153846 0.004807692307692308 0.004807692307692308
3 0.7175480769230769 0.6322115384615384 0.007211538461538462 0.014423076923076924
23 0.37740384615384615 0.5721153846153846 0.004807692307692308 0.004807692307692308
3 0.6634615384615384 0.6225961538461539 0.004807692307692308 0.004807692307692308
3 0.7427884615384616 0.6358173076923077 0.009615384615384616 0.007211538461538462
23 0.6802884615384616 0.6237980769230769 0.004807692307692308 0.002403846153846154
3 0.7223557692307693 0.6322115384615384 0.007211538461538462 0.014423076923076924
3 0.7271634615384616 0.6322115384615384 0.007211538461538462 0.014423076923076924
3 0.7319711538461539 0.6346153846153846 0.007211538461538462 0.014423076923076924
3 0.734375 0.6370192307692307 0.007211538461538462 0.014423076923076924
23 0.5456730769230769 0.6033653846153846 0.004807692307692308 0.004807692307692308
3 0.5528846153846154 0.6057692307692307 0.004807692307692308 0.004807692307692308
3 0.6129807692307693 0.6153846153846154 0.004807692307692308 0.004807692307692308
23 0.5096153846153846 0.5997596153846154 0.004807692307692308 0.002403846153846154
26 0.6550480769230769 0.625 0.002403846153846154 0.004807692307692308
23 0.6045673076923077 0.6153846153846154 0.002403846153846154 0.004807692307692308
23 0.6069711538461539 0.6153846153846154 0.002403846153846154 0.004807692307692308
26 0.5540865384615384 0.6081730769230769 0.002403846153846154 0.004807692307692308
14 0.671875 0.6274038461538461 0.007211538461538462 0.014423076923076924
26 0.6598557692307693 0.625 0.002403846153846154 0.004807692307692308
23 0.5456730769230769 0.6081730769230769 0.004807692307692308 0.004807692307692308
3 0.5504807692307693 0.6081730769230769 0.004807692307692308 0.004807692307692308
23 0.5096153846153846 0.6021634615384616 0.004807692307692308 0.002403846153846154
3 0.7403846153846154 0.6430288461538461 0.009615384615384616 0.007211538461538462
3 0.6213942307692307 0.6225961538461539 0.007211538461538462 0.014423076923076924
3 0.6165865384615384 0.6201923076923077 0.007211538461538462 0.014423076923076924
29 0.6790865384615384 0.6322115384615384 0.007211538461538462 0.009615384615384616
26 0.5540865384615384 0.6105769230769231 0.002403846153846154 0.004807692307692308
23 0.6129807692307693 0.6213942307692307 0.004807692307692308 0.007211538461538462
3 0.6334134615384616 0.625 0.007211538461538462 0.009615384615384616
3 0.609375 0.6201923076923077 0.002403846153846154 0.004807692307692308
3 0.6262019230769231 0.625 0.007211538461538462 0.014423076923076924
26 0.6983173076923077 0.6370192307692307 0.002403846153846154 0.004807692307692308
3 0.6286057692307693 0.625 0.007211538461538462 0.014423076923076924
29 0.6598557692307693 0.6322115384615384 0.01201923076923077 0.014423076923076924
3 0.6478365384615384 0.6298076923076923 0.007211538461538462 0.009615384615384616
3 0.6430288461538461 0.6274038461538461 0.007211538461538462 0.009615384615384616
3 0.6514423076923077 0.6298076923076923 0.004807692307692308 0.009615384615384616
3 0.6550480769230769 0.6298076923076923 0.007211538461538462 0.009615384615384616
23 0.5456730769230769 0.6105769230769231 0.004807692307692308 0.004807692307692308
26 0.7151442307692307 0.6418269230769231 0.002403846153846154 0.004807692307692308
26 0.7175480769230769 0.6430288461538461 0.002403846153846154 0.002403846153846154
3 0.5480769230769231 0.6129807692307693 0.004807692307692308 0.004807692307692308
23 0.5096153846153846 0.6069711538461539 0.004807692307692308 0.002403846153846154
26 0.7199519230769231 0.6442307692307693 0.002403846153846154 0.004807692307692308
26 0.7223557692307693 0.6442307692307693 0.002403846153846154 0.004807692307692308
26 0.7271634615384616 0.6430288461538461 0.002403846153846154 0.002403846153846154
26 0.5516826923076923 0.6153846153846154 0.002403846153846154 0.004807692307692308
23 0.6394230769230769 0.6310096153846154 0.004807692307692308 0.007211538461538462
23 0.6370192307692307 0.6286057692307693 0.004807692307692308 0.007211538461538462
26 0.7319711538461539 0.6466346153846154 0.002403846153846154 0.004807692307692308
23 0.6754807692307693 0.6370192307692307 0.004807692307692308 0.004807692307692308
26 0.7439903846153846 0.6490384615384616 0.002403846153846154 0.004807692307692308
23 0.5432692307692307 0.6153846153846154 0.004807692307692308 0.004807692307692308
3 0.6923076923076923 0.6430288461538461 0.004807692307692308 0.007211538461538462
23 0.7115384615384616 0.6454326923076923 0.004807692307692308 0.002403846153846154
3 0.5480769230769231 0.6165865384615384 0.004807692307692308 0.002403846153846154
23 0.6971153846153846 0.6430288461538461 0.004807692307692308 0.007211538461538462
3 0.5949519230769231 0.625 0.007211538461538462 0.009615384615384616
23 0.5072115384615384 0.609375 0.004807692307692308 0.002403846153846154
3 0.5973557692307693 0.6274038461538461 0.007211538461538462 0.009615384615384616
3 0.7067307692307693 0.6454326923076923 0.004807692307692308 0.007211538461538462
26 0.5516826923076923 0.6177884615384616 0.002403846153846154 0.004807692307692308
3 0.7043269230769231 0.6454326923076923 0.004807692307692308 0.007211538461538462
3 0.7139423076923077 0.6478365384615384 0.004807692307692308 0.007211538461538462
14 0.6045673076923077 0.6274038461538461 0.007211538461538462 0.014423076923076924
3 0.7007211538461539 0.6442307692307693 0.007211538461538462 0.014423076923076924
3 0.7175480769230769 0.6466346153846154 0.002403846153846154 0.004807692307692308
3 0.7175480769230769 0.6490384615384616 0.002403846153846154 0.004807692307692308
3 0.5372596153846154 0.6177884615384616 0.002403846153846154 0.004807692307692308
3 0.7199519230769231 0.6490384615384616 0.002403846153846154 0.004807692307692308
3 0.5408653846153846 0.6165865384615384 0.004807692307692308 0.007211538461538462
29 0.6694711538461539 0.6394230769230769 0.007211538461538462 0.009615384615384616
3 0.7223557692307693 0.6490384615384616 0.002403846153846154 0.004807692307692308
23 0.65625 0.6382211538461539 0.004807692307692308 0.002403846153846154
3 0.7091346153846154 0.6490384615384616 0.004807692307692308 0.004807692307692308
3 0.7259615384615384 0.6502403846153846 0.004807692307692308 0.007211538461538462
3 0.7283653846153846 0.6526442307692307 0.004807692307692308 0.007211538461538462
3 0.7319711538461539 0.6514423076923077 0.002403846153846154 0.004807692307692308
15 0.5132211538461539 0.6129807692307693 0.002403846153846154 0.004807692307692308
23 0.5432692307692307 0.6201923076923077 0.004807692307692308 0.004807692307692308
3 0.5480769230769231 0.6201923076923077 0.004807692307692308 0.004807692307692308
15 0.6081730769230769 0.6310096153846154 0.004807692307692308 0.007211538461538462
3 0.5180288461538461 0.6153846153846154 0.002403846153846154 0.004807692307692308
23 0.5072115384615384 0.6129807692307693 0.004807692307692308 0.004807692307692308
3 0.515625 0.6153846153846154 0.002403846153846154 0.004807692307692308
15 0.6105769230769231 0.6334134615384616 0.004807692307692308 0.007211538461538462
3 0.6129807692307693 0.6322115384615384 0.004807692307692308 0.004807692307692308
3 0.5204326923076923 0.6153846153846154 0.002403846153846154 0.004807692307692308
23 0.6971153846153846 0.6478365384615384 0.004807692307692308 0.007211538461538462
3 0.6177884615384616 0.6346153846153846 0.004807692307692308 0.004807692307692308
26 0.5516826923076923 0.6225961538461539 0.002403846153846154 0.004807692307692308
3 0.625 0.6370192307692307 0.004807692307692308 0.004807692307692308
29 0.6358173076923077 0.6370192307692307 0.007211538461538462 0.009615384615384616
3 0.6514423076923077 0.6418269230769231 0.004807692307692308 0.009615384615384616
7 0.6610576923076923 0.6442307692307693 0.004807692307692308 0.014423076923076924
7 0.6634615384615384 0.6430288461538461 0.004807692307692308 0.01201923076923077
3 0.6322115384615384 0.6382211538461539 0.004807692307692308 0.007211538461538462
7 0.6418269230769231 0.6418269230769231 0.004807692307692308 0.014423076923076924
14 0.6911057692307693 0.6502403846153846 0.007211538461538462 0.01201923076923077
7 0.65625 0.6442307692307693 0.004807692307692308 0.009615384615384616
15 0.5144230769230769 0.6225961538461539 0.004807692307692308 0.004807692307692308
15 0.4879807692307692 0.6165865384615384 0.004807692307692308 0.007211538461538462
23 0.6129807692307693 0.640625 0.004807692307692308 0.007211538461538462
7 0.6153846153846154 0.640625 0.004807692307692308 0.007211538461538462
7 0.6153846153846154 0.640625 0.004807692307692308 0.007211538461538462
29 0.6237980769230769 0.6442307692307693 0.007211538461538462 0.009615384615384616
7 0.6201923076923077 0.6418269230769231 0.004807692307692308 0.009615384615384616
3 0.5793269230769231 0.6358173076923077 0.004807692307692308 0.007211538461538462
3 0.6286057692307693 0.6466346153846154 0.002403846153846154 0.004807692307692308
3 0.6442307692307693 0.6490384615384616 0.004807692307692308 0.004807692307692308
3 0.6490384615384616 0.6490384615384616 0.004807692307692308 0.004807692307692308
29 0.6334134615384616 0.6466346153846154 0.007211538461538462 0.009615384615384616
7 0.6538461538461539 0.6502403846153846 0.004807692307692308 0.002403846153846154
3 0.5829326923076923 0.640625 0.007211538461538462 0.01201923076923077
3 0.6899038461538461 0.6610576923076923 0.004807692307692308 0.004807692307692308
3 0.5877403846153846 0.6418269230769231 0.007211538461538462 0.014423076923076924
15 0.5961538461538461 0.6430288461538461 0.014423076923076924 0.016826923076923076
3 0.6153846153846154 0.6478365384615384 0.004807692307692308 0.002403846153846154
15 0.5024038461538461 0.6274038461538461 0.009615384615384616 0.009615384615384616
3 0.6057692307692307 0.6466346153846154 0.004807692307692308 0.004807692307692308
3 0.49278846153846156 0.6262019230769231 0.004807692307692308 0.007211538461538462
23 0.4963942307692308 0.6274038461538461 0.002403846153846154 0.004807692307692308
3 0.515625 0.6322115384615384 0.007211538461538462 0.014423076923076924
3 0.6225961538461539 0.6502403846153846 0.004807692307692308 0.002403846153846154
3 0.6538461538461539 0.65625 0.004807692307692308 0.004807692307692308
13 0.5072115384615384 0.6322115384615384 0.004807692307692308 0.004807692307692308
23 0.6370192307692307 0.6538461538461539 0.004807692307692308 0.004807692307692308
23 0.6189903846153846 0.6514423076923077 0.002403846153846154 0.004807692307692308
23 0.6346153846153846 0.6538461538461539 0.004807692307692308 0.004807692307692308
3 0.484375 0.6274038461538461 0.007211538461538462 0.014423076923076924
3 0.4891826923076923 0.6298076923076923 0.007211538461538462 0.014423076923076924
23 0.5120192307692307 0.6334134615384616 0.004807692307692308 0.007211538461538462
7 0.6129807692307693 0.6502403846153846 0.004807692307692308 0.002403846153846154
15 0.5 0.6346153846153846 0.004807692307692308 0.004807692307692308
29 0.6033653846153846 0.6550480769230769 0.004807692307692308 0.007211538461538462
23 0.6153846153846154 0.6574519230769231 0.004807692307692308 0.002403846153846154
29 0.6213942307692307 0.65625 0.007211538461538462 0.009615384615384616
23 0.53125 0.6418269230769231 0.004807692307692308 0.004807692307692308
23 0.5384615384615384 0.6442307692307693 0.004807692307692308 0.004807692307692308
3 0.6081730769230769 0.65625 0.004807692307692308 0.009615384615384616
23 0.5432692307692307 0.6454326923076923 0.004807692307692308 0.002403846153846154
23 0.5504807692307693 0.6466346153846154 0.004807692307692308 0.004807692307692308
23 0.5552884615384616 0.6490384615384616 0.004807692307692308 0.004807692307692308
23 0.6153846153846154 0.6610576923076923 0.004807692307692308 0.004807692307692308
6 0.5396634615384616 0.6634615384615384 0.055288461538461536 0.03365384615384615