2 0.3391842532467532 0.42378048780487804 0.003043831168831169 0.00853658536585366
2 0.2382305194805195 0.4242378048780488 0.002840909090909091 0.008841463414634146
2 0.40482954545454547 0.42896341463414633 0.002840909090909091 0.009146341463414634
2 0.41375811688311687 0.4297256097560976 0.002840909090909091 0.008841463414634146
2 0.2648133116883117 0.4315548780487805 0.0036525974025974025 0.008841463414634146
2 0.2694805194805195 0.4320121951219512 0.003246753246753247 0.009146341463414634
2 0.4518060064935065 0.43277439024390246 0.003043831168831169 0.008231707317073171
2 0.4785917207792208 0.4349085365853659 0.002637987012987013 0.008231707317073171
2 0.4883319805194805 0.43597560975609756 0.003043831168831169 0.009146341463414634
22 0.25801542207792205 0.4385670731707317 0.003043831168831169 0.008841463414634146
22 0.2609577922077922 0.43887195121951217 0.003246753246753247 0.008841463414634146
2 0.5532670454545454 0.4410060975609756 0.002637987012987013 0.008841463414634146
2 0.5633116883116883 0.44146341463414634 0.003246753246753247 0.009146341463414634
2 0.5695008116883117 0.44192073170731705 0.003043831168831169 0.009451219512195122
2 0.627739448051948 0.44664634146341464 0.002637987012987013 0.009146341463414634
2 0.6376826298701299 0.4475609756097561 0.003043831168831169 0.00853658536585366
2 0.7028206168831169 0.45228658536585364 0.003043831168831169 0.008231707317073171
2 0.5029423701298701 0.4533536585365854 0.00588474025974026 0.004878048780487805
2 0.7117491883116883 0.4533536585365854 0.0034496753246753245 0.009146341463414634
2 0.5085227272727273 0.45396341463414636 0.005681818181818182 0.00426829268292683
2 0.5142045454545454 0.45396341463414636 0.005681818181818182 0.004878048780487805
2 0.5197849025974026 0.4541158536585366 0.005478896103896104 0.004573170731707317
2 0.5251623376623377 0.4548780487804878 0.005275974025974026 0.00426829268292683
2 0.49523133116883117 0.46509146341463414 0.00588474025974026 0.004573170731707317
14 0.5526582792207793 0.4679878048780488 0.013189935064935064 0.00975609756097561
2 0.6205357142857143 0.4679878048780488 0.006087662337662338 0.004878048780487805
2 0.6044034090909091 0.46966463414634146 0.002637987012987013 0.008231707317073171
2 0.6102881493506493 0.46996951219512195 0.003043831168831169 0.008231707317073171
2 0.6074472402597403 0.47012195121951217 0.002637987012987013 0.009146341463414634
2 0.6332183441558441 0.47027439024390244 0.005478896103896104 0.005182926829268293
2 0.5664569805194806 0.47073170731707314 0.008319805194805194 0.00975609756097561
22 0.5943587662337663 0.47103658536585363 0.002840909090909091 0.007926829268292683
2 0.5974025974025974 0.4714939024390244 0.002840909090909091 0.008841463414634146
22 0.6004464285714286 0.4717987804878049 0.003246753246753247 0.008841463414634146
2 0.786424512987013 0.47301829268292683 0.002637987012987013 0.008841463414634146
2 0.48265016233766234 0.47317073170731705 0.00588474025974026 0.003658536585365854
2 0.5374391233766234 0.4733231707317073 0.005478896103896104 0.005792682926829268
2 0.7893668831168831 0.4733231707317073 0.002840909090909091 0.008231707317073171
2 0.4883319805194805 0.47347560975609754 0.005478896103896104 0.00426829268292683
2 0.5878652597402597 0.473780487804878 0.006087662337662338 0.006097560975609756
2 0.494825487012987 0.4740853658536585 0.005073051948051948 0.003658536585365854
2 0.7772930194805194 0.47560975609756095 0.003043831168831169 0.007926829268292683
22 0.6059253246753247 0.4765243902439024 0.005681818181818182 0.00426829268292683
22 0.6490462662337663 0.4766768292682927 0.003043831168831169 0.008231707317073171
22 0.6313920454545454 0.4769817073170732 0.002637987012987013 0.008231707317073171
22 0.4823457792207792 0.4771341463414634 0.00487012987012987 0.003658536585365854
22 0.572747564935065 0.47728658536585367 0.003043831168831169 0.008231707317073171
2 0.5373376623376623 0.47774390243902437 0.005681818181818182 0.00426829268292683
22 0.575689935064935 0.47774390243902437 0.002840909090909091 0.00853658536585366
22 0.5460633116883117 0.47789634146341464 0.002840909090909091 0.008841463414634146
22 0.4882305194805195 0.47804878048780486 0.006087662337662338 0.00426829268292683
22 0.5491071428571429 0.47804878048780486 0.002840909090909091 0.00853658536585366
22 0.5525568181818182 0.47820121951219513 0.003246753246753247 0.008841463414634146
22 0.5554991883116883 0.47820121951219513 0.003043831168831169 0.008231707317073171
2 0.5784293831168831 0.47820121951219513 0.002637987012987013 0.008231707317073171
2 0.494724025974026 0.47835365853658535 0.005681818181818182 0.003658536585365854
2 0.5960836038961039 0.47835365853658535 0.006290584415584416 0.00548780487804878
14 0.6201298701298701 0.4785060975609756 0.010146103896103896 0.008231707317073171
22 0.5586444805194806 0.47865853658536583 0.003246753246753247 0.007926829268292683
2 0.6364650974025974 0.48003048780487806 0.006696428571428571 0.013719512195121951
2 0.6429586038961039 0.4801829268292683 0.007102272727272727 0.013414634146341463
2 0.6542207792207793 0.48048780487804876 0.006899350649350649 0.012804878048780487
2 0.6594967532467533 0.48064024390243903 0.004464285714285714 0.014329268292682927
2 0.5664569805194806 0.4809451219512195 0.00872564935064935 0.010060975609756098
2 0.586038961038961 0.4814024390243902 0.008522727272727272 0.00975609756097561
2 0.5370332792207793 0.4821646341463415 0.005073051948051948 0.0039634146341463415
2 0.4945211038961039 0.48277439024390245 0.005275974025974026 0.0039634146341463415
29 0.606737012987013 0.48277439024390245 0.006087662337662338 0.005792682926829268
14 0.5150162337662337 0.48353658536585364 0.030438311688311688 0.04451219512195122
22 0.6309862012987013 0.4847560975609756 0.003043831168831169 0.007926829268292683
7 0.5745738636363636 0.4850609756097561 0.007913961038961038 0.00426829268292683
22 0.648640422077922 0.48551829268292684 0.002637987012987013 0.008841463414634146
2 0.4822443181818182 0.48628048780487804 0.00588474025974026 0.00426829268292683
2 0.4878246753246753 0.4865853658536585 0.005681818181818182 0.003658536585365854
2 0.5368303571428571 0.4865853658536585 0.005073051948051948 0.003658536585365854
2 0.6710633116883117 0.4865853658536585 0.002840909090909091 0.00853658536585366
2 0.5971996753246753 0.4867378048780488 0.009334415584415584 0.009451219512195122
22 0.4942167207792208 0.486890243902439 0.00588474025974026 0.00426829268292683
22 0.6740056818181818 0.4873475609756098 0.003043831168831169 0.008231707317073171
22 0.6767451298701299 0.4873475609756098 0.002435064935064935 0.008231707317073171
2 0.6799918831168831 0.4875 0.003246753246753247 0.00853658536585366
22 0.6997767857142857 0.48795731707317075 0.005478896103896104 0.004573170731707317
29 0.606635551948052 0.4893292682926829 0.006290584415584416 0.006097560975609756
22 0.4820413961038961 0.49009146341463417 0.005478896103896104 0.004573170731707317
22 0.48741883116883117 0.49085365853658536 0.005681818181818182 0.004878048780487805
2 0.5370332792207793 0.49115853658536585 0.005478896103896104 0.00426829268292683
7 0.586140422077922 0.4913109756097561 0.007913961038961038 0.008231707317073171
2 0.6994724025974026 0.4926829268292683 0.006087662337662338 0.00548780487804878
14 0.6880073051948052 0.4929878048780488 0.01075487012987013 0.00975609756097561
7 0.6344358766233766 0.49314024390243905 0.0038555194805194805 0.011890243902439025
2 0.6400162337662337 0.4940548780487805 0.006899350649350649 0.013719512195121951
2 0.6451907467532467 0.4940548780487805 0.003043831168831169 0.008231707317073171
7 0.6518871753246753 0.4940548780487805 0.008319805194805194 0.008841463414634146
2 0.6592938311688312 0.494359756097561 0.00487012987012987 0.013719512195121951
2 0.4941152597402597 0.4948170731707317 0.005681818181818182 0.00426829268292683
2 0.6648741883116883 0.4951219512195122 0.006696428571428571 0.013414634146341463
2 0.5367288961038961 0.49557926829268295 0.005275974025974026 0.0039634146341463415
22 0.8138189935064936 0.49573170731707317 0.002637987012987013 0.00853658536585366
22 0.8164569805194806 0.49603658536585366 0.002232142857142857 0.00853658536585366
7 0.596387987012987 0.4964939024390244 0.008928571428571428 0.008231707317073171
22 0.6053165584415584 0.4967987804878049 0.002840909090909091 0.008841463414634146
2 0.6734983766233766 0.4967987804878049 0.003246753246753247 0.008231707317073171
22 0.6707589285714286 0.4969512195121951 0.002637987012987013 0.007926829268292683
14 0.5681818181818182 0.4975609756097561 0.015422077922077922 0.01951219512195122
22 0.6080560064935064 0.4975609756097561 0.003043831168831169 0.00853658536585366
15 0.6202313311688312 0.49771341463414637 0.015219155844155844 0.021646341463414633
22 0.8208198051948052 0.49878048780487805 0.005275974025974026 0.00426829268292683
22 0.697849025974026 0.4989329268292683 0.002840909090909091 0.008231707317073171
2 0.739752435064935 0.4992378048780488 0.0034496753246753245 0.008841463414634146
22 0.7007913961038961 0.499390243902439 0.002637987012987013 0.007926829268292683
2 0.7367086038961039 0.499390243902439 0.003043831168831169 0.009146341463414634
2 0.7428977272727273 0.4995426829268293 0.003246753246753247 0.008231707317073171
2 0.7460430194805194 0.4995426829268293 0.0034496753246753245 0.008231707317073171
2 0.7491883116883117 0.5 0.003246753246753247 0.00853658536585366
22 0.536627435064935 0.5003048780487804 0.005478896103896104 0.00426829268292683
2 0.7586241883116883 0.500609756097561 0.0034496753246753245 0.00853658536585366
2 0.7557832792207793 0.5007621951219512 0.003043831168831169 0.008231707317073171
13 0.5843141233766234 0.5009146341463414 0.011160714285714286 0.012195121951219513
2 0.7618709415584416 0.5009146341463414 0.0034496753246753245 0.009146341463414634
2 0.768060064935065 0.5015243902439024 0.003246753246753247 0.009146341463414634
2 0.7711038961038961 0.5019817073170731 0.003246753246753247 0.008841463414634146
2 0.7776988636363636 0.5021341463414634 0.0034496753246753245 0.009146341463414634
2 0.7746550324675324 0.5022865853658537 0.0038555194805194805 0.008231707317073171
22 0.820515422077922 0.5025914634146341 0.005073051948051948 0.005182926829268293
2 0.781047077922078 0.5027439024390243 0.003246753246753247 0.00853658536585366
2 0.6882102272727273 0.5054878048780488 0.004667207792207792 0.01402439024390244
7 0.6835430194805194 0.5060975609756098 0.003043831168831169 0.012195121951219513
2 0.6367694805194806 0.5067073170731707 0.006493506493506494 0.00548780487804878
22 0.6919642857142857 0.506859756097561 0.003246753246753247 0.009451219512195122
22 0.7329545454545454 0.5071646341463415 0.003246753246753247 0.008841463414634146
7 0.6443790584415584 0.5074695121951219 0.007913961038961038 0.008841463414634146
22 0.7362012987012987 0.5076219512195121 0.003246753246753247 0.00853658536585366
22 0.7393465909090909 0.5077743902439025 0.0034496753246753245 0.008231707317073171
22 0.6709618506493507 0.5083841463414634 0.0034496753246753245 0.010670731707317074
22 0.7457386363636364 0.5083841463414634 0.0036525974025974025 0.008841463414634146
22 0.7487824675324676 0.5083841463414634 0.003246753246753247 0.008841463414634146
2 0.6747159090909091 0.5085365853658537 0.004058441558441558 0.009146341463414634
22 0.7425933441558441 0.5085365853658537 0.003043831168831169 0.00853658536585366
13 0.59375 0.5088414634146341 0.007305194805194805 0.01707317073170732
22 0.7521306818181818 0.5091463414634146 0.0034496753246753245 0.007926829268292683
22 0.7584212662337663 0.5092987804878049 0.003043831168831169 0.008231707317073171
22 0.755275974025974 0.5094512195121951 0.0036525974025974025 0.00853658536585366
22 0.7615665584415584 0.5097560975609756 0.003246753246753247 0.007926829268292683
2 0.6543222402597403 0.5099085365853658 0.00872564935064935 0.007621951219512195
22 0.7647118506493507 0.510060975609756 0.0034496753246753245 0.007926829268292683
22 0.7676542207792207 0.5102134146341464 0.003246753246753247 0.008841463414634146
22 0.6601055194805194 0.5105182926829268 0.003246753246753247 0.008231707317073171
22 0.771002435064935 0.5105182926829268 0.003043831168831169 0.008231707317073171
22 0.7773944805194806 0.5108231707317074 0.0036525974025974025 0.008231707317073171
22 0.7742491883116883 0.5109756097560976 0.002637987012987013 0.007926829268292683
22 0.7806412337662337 0.511280487804878 0.0036525974025974025 0.00853658536585366
22 0.4943181818181818 0.5135670731707317 0.003246753246753247 0.008231707317073171
22 0.4981737012987013 0.5138719512195122 0.002435064935064935 0.008841463414634146
2 0.5013189935064936 0.5140243902439025 0.0034496753246753245 0.00853658536585366
22 0.5046672077922078 0.5141768292682927 0.003246753246753247 0.008231707317073171
22 0.5119724025974026 0.5144817073170732 0.003246753246753247 0.008231707317073171
22 0.5082183441558441 0.5146341463414634 0.003043831168831169 0.007926829268292683
22 0.515523538961039 0.5150914634146342 0.0034496753246753245 0.008841463414634146
2 0.6367694805194806 0.5152439024390244 0.006087662337662338 0.006707317073170732
22 0.5192775974025974 0.5155487804878048 0.003246753246753247 0.00853658536585366
2 0.5228287337662337 0.5155487804878048 0.003043831168831169 0.00853658536585366
22 0.6521915584415584 0.5157012195121952 0.006087662337662338 0.0039634146341463415
22 0.526075487012987 0.5160060975609756 0.002637987012987013 0.007621951219512195
22 0.5332792207792207 0.5164634146341464 0.002435064935064935 0.00853658536585366
22 0.5296266233766234 0.5166158536585366 0.002840909090909091 0.008231707317073171
22 0.536627435064935 0.5167682926829268 0.0034496753246753245 0.00853658536585366
7 0.6439732142857143 0.5167682926829268 0.007508116883116883 0.010365853658536586
2 0.6575689935064936 0.5167682926829268 0.005478896103896104 0.003658536585365854
22 0.6820211038961039 0.5179878048780487 0.005681818181818182 0.00426829268292683
22 0.6617288961038961 0.5216463414634146 0.005275974025974026 0.004878048780487805
2 0.653814935064935 0.5219512195121951 0.009334415584415584 0.007926829268292683
2 0.7362012987012987 0.5224085365853659 0.00487012987012987 0.013109756097560975
22 0.6819196428571429 0.5225609756097561 0.005478896103896104 0.003658536585365854
22 0.6393060064935064 0.5231707317073171 0.005073051948051948 0.004878048780487805
2 0.7413758116883117 0.5236280487804879 0.005478896103896104 0.0039634146341463415
22 0.6449878246753247 0.5237804878048781 0.005478896103896104 0.003658536585365854
14 0.7556818181818182 0.524390243902439 0.013798701298701298 0.014634146341463415
14 0.6679180194805194 0.5248475609756098 0.006696428571428571 0.008841463414634146
2 0.7753652597402597 0.5257621951219512 0.006087662337662338 0.013109756097560975
22 0.661525974025974 0.5266768292682927 0.005275974025974026 0.0039634146341463415
2 0.6750202922077922 0.5269817073170732 0.006290584415584416 0.013719512195121951
22 0.6818181818181818 0.5272865853658537 0.006087662337662338 0.0039634146341463415
22 0.6393060064935064 0.5274390243902439 0.005073051948051948 0.00426829268292683
2 0.7412743506493507 0.5278963414634147 0.005275974025974026 0.0039634146341463415
2 0.7675527597402597 0.5278963414634147 0.003043831168831169 0.008231707317073171
2 0.7705965909090909 0.5282012195121951 0.003043831168831169 0.008841463414634146
22 0.6445819805194806 0.5283536585365853 0.00588474025974026 0.00426829268292683
22 0.7801339285714286 0.5283536585365853 0.0034496753246753245 0.007926829268292683
2 0.653510551948052 0.5298780487804878 0.009131493506493506 0.006097560975609756
22 0.6813108766233766 0.531859756097561 0.00588474025974026 0.004573170731707317
22 0.6628449675324676 0.5329268292682927 0.003043831168831169 0.00853658536585366
22 0.666497564935065 0.5335365853658537 0.003043831168831169 0.00853658536585366
2 0.6697443181818182 0.5335365853658537 0.002637987012987013 0.00853658536585366
2 0.6360592532467533 0.5341463414634147 0.006696428571428571 0.006707317073170732
7 0.643364448051948 0.5346036585365853 0.007913961038961038 0.008841463414634146
2 0.6514813311688312 0.5352134146341463 0.005478896103896104 0.005182926829268293
22 0.6571631493506493 0.5359756097560976 0.005478896103896104 0.004878048780487805
6 0.5220170454545454 0.5367378048780488 0.07122564935064934 0.02225609756097561