3 0.5588942307692307 0.7776442307692307 0.007211538461538462 0.002403846153846154
3 0.5528846153846154 0.7295673076923077 0.009615384615384616 0.002403846153846154
3 0.5552884615384616 0.7584134615384616 0.009615384615384616 0.002403846153846154
3 0.5528846153846154 0.7632211538461539 0.009615384615384616 0.002403846153846154
3 0.5324519230769231 0.6165865384615384 0.01201923076923077 0.007211538461538462
3 0.5120192307692307 0.43149038461538464 0.004807692307692308 0.007211538461538462
23 0.5456730769230769 0.7632211538461539 0.004807692307692308 0.002403846153846154
3 0.5288461538461539 0.5973557692307693 0.009615384615384616 0.002403846153846154
23 0.5084134615384616 0.42427884615384615 0.007211538461538462 0.002403846153846154
23 0.5276442307692307 0.6045673076923077 0.007211538461538462 0.002403846153846154
3 0.5276442307692307 0.5997596153846154 0.007211538461538462 0.002403846153846154
3 0.5444711538461539 0.7752403846153846 0.007211538461538462 0.002403846153846154
23 0.5204326923076923 0.6165865384615384 0.007211538461538462 0.002403846153846154
3 0.5372596153846154 0.7608173076923077 0.007211538461538462 0.002403846153846154
23 0.5360576923076923 0.7632211538461539 0.004807692307692308 0.002403846153846154
3 0.5360576923076923 0.7752403846153846 0.004807692307692308 0.002403846153846154
3 0.5324519230769231 0.7391826923076923 0.007211538461538462 0.002403846153846154
3 0.53125 0.7367788461538461 0.004807692307692308 0.002403846153846154
3 0.46274038461538464 0.11177884615384616 0.007211538461538462 0.002403846153846154
3 0.46274038461538464 0.10697115384615384 0.007211538461538462 0.002403846153846154
29 0.5144230769230769 0.6117788461538461 0.014423076923076924 0.01201923076923077
29 0.5120192307692307 0.6021634615384616 0.014423076923076924 0.01201923076923077
6 0.4891826923076923 0.4411057692307692 0.03125 0.06490384615384616
23 0.4411057692307692 0.1141826923076923 0.007211538461538462 0.002403846153846154
3 0.4423076923076923 0.11658653846153846 0.004807692307692308 0.002403846153846154