3 0.5300480769230769 0.4098557692307692 0.016826923076923076 0.01201923076923077
3 0.5252403846153846 0.4338942307692308 0.016826923076923076 0.01201923076923077
15 0.5372596153846154 0.3605769230769231 0.021634615384615384 0.014423076923076924
3 0.5444711538461539 0.33052884615384615 0.016826923076923076 0.01201923076923077
3 0.5324519230769231 0.3858173076923077 0.016826923076923076 0.021634615384615384
15 0.5060096153846154 0.5048076923076923 0.036057692307692304 0.028846153846153848
3 0.5108173076923077 0.4699519230769231 0.021634615384615384 0.01201923076923077
3 0.5048076923076923 0.43149038461538464 0.014423076923076924 0.007211538461538462
15 0.4987980769230769 0.44350961538461536 0.026442307692307692 0.016826923076923076
29 0.5432692307692307 0.22115384615384615 0.038461538461538464 0.02403846153846154
23 0.49278846153846156 0.47596153846153844 0.02403846153846154 0.009615384615384616
23 0.4879807692307692 0.4987980769230769 0.014423076923076924 0.007211538461538462
23 0.49278846153846156 0.47115384615384615 0.02403846153846154 0.009615384615384616
23 0.5048076923076923 0.40384615384615385 0.02403846153846154 0.009615384615384616
14 0.5228365384615384 0.3137019230769231 0.036057692307692304 0.04567307692307692
23 0.49278846153846156 0.46875 0.02403846153846154 0.009615384615384616
23 0.4951923076923077 0.4567307692307692 0.02403846153846154 0.009615384615384616
23 0.49278846153846156 0.4639423076923077 0.02403846153846154 0.009615384615384616
3 0.5048076923076923 0.40024038461538464 0.019230769230769232 0.007211538461538462
23 0.5168269230769231 0.3389423076923077 0.02403846153846154 0.009615384615384616
3 0.49278846153846156 0.4519230769230769 0.019230769230769232 0.009615384615384616
23 0.515625 0.34615384615384615 0.021634615384615384 0.009615384615384616
3 0.4987980769230769 0.421875 0.026442307692307692 0.016826923076923076
14 0.5084134615384616 0.3798076923076923 0.036057692307692304 0.038461538461538464
23 0.5132211538461539 0.35096153846153844 0.021634615384615384 0.009615384615384616
23 0.5144230769230769 0.34375 0.02403846153846154 0.009615384615384616
23 0.49759615384615385 0.4326923076923077 0.02403846153846154 0.009615384615384616
23 0.4855769230769231 0.5012019230769231 0.014423076923076924 0.007211538461538462
23 0.5024038461538461 0.40865384615384615 0.02403846153846154 0.009615384615384616
23 0.5108173076923077 0.3605769230769231 0.021634615384615384 0.009615384615384616
23 0.5096153846153846 0.35336538461538464 0.02403846153846154 0.009615384615384616
3 0.5240384615384616 0.28725961538461536 0.014423076923076924 0.007211538461538462
3 0.5252403846153846 0.2848557692307692 0.016826923076923076 0.007211538461538462
3 0.5240384615384616 0.2776442307692308 0.014423076923076924 0.007211538461538462
15 0.4831730769230769 0.4891826923076923 0.02403846153846154 0.01201923076923077
3 0.53125 0.23317307692307693 0.02403846153846154 0.014423076923076924
3 0.46274038461538464 0.4579326923076923 0.021634615384615384 0.01201923076923077
15 0.4735576923076923 0.3293269230769231 0.019230769230769232 0.009615384615384616
15 0.44591346153846156 0.4639423076923077 0.03125 0.014423076923076924
15 0.45552884615384615 0.40625 0.026442307692307692 0.019230769230769232
14 0.453125 0.42788461538461536 0.03125 0.038461538461538464
14 0.46634615384615385 0.3581730769230769 0.03365384615384615 0.04326923076923077
14 0.43990384615384615 0.4879807692307692 0.03365384615384615 0.038461538461538464
23 0.4735576923076923 0.3173076923076923 0.02403846153846154 0.009615384615384616
23 0.46875 0.33653846153846156 0.02403846153846154 0.009615384615384616
14 0.49038461538461536 0.22596153846153846 0.028846153846153848 0.038461538461538464
14 0.47716346153846156 0.2764423076923077 0.036057692307692304 0.057692307692307696
15 0.40865384615384615 0.3894230769230769 0.02403846153846154 0.014423076923076924
15 0.39302884615384615 0.4543269230769231 0.026442307692307692 0.014423076923076924
14 0.43990384615384615 0.21153846153846154 0.03365384615384615 0.038461538461538464
14 0.42788461538461536 0.2644230769230769 0.038461538461538464 0.04807692307692308
14 0.3870192307692308 0.47836538461538464 0.038461538461538464 0.038461538461538464
14 0.39903846153846156 0.41466346153846156 0.038461538461538464 0.040865384615384616
23 0.4014423076923077 0.39663461538461536 0.02403846153846154 0.009615384615384616
15 0.35216346153846156 0.3870192307692308 0.026442307692307692 0.014423076923076924
15 0.3389423076923077 0.44471153846153844 0.02403846153846154 0.014423076923076924
14 0.3329326923076923 0.46875 0.040865384615384616 0.04326923076923077
14 0.3449519230769231 0.4110576923076923 0.03125 0.038461538461538464
14 0.3762019230769231 0.22716346153846154 0.06009615384615385 0.09375
3 0.31850961538461536 0.390625 0.021634615384615384 0.01201923076923077
3 0.3485576923076923 0.18269230769230768 0.009615384615384616 0.009615384615384616
15 0.3016826923076923 0.36778846153846156 0.021634615384615384 0.014423076923076924
14 0.2920673076923077 0.39783653846153844 0.03125 0.040865384615384616
23 0.2956730769230769 0.37740384615384615 0.02403846153846154 0.009615384615384616
14 0.30649038461538464 0.32091346153846156 0.03125 0.04567307692307692
15 0.2848557692307692 0.43509615384615385 0.026442307692307692 0.014423076923076924
14 0.2800480769230769 0.4567307692307692 0.03125 0.038461538461538464
14 0.32572115384615385 0.21875 0.026442307692307692 0.02403846153846154
23 0.3125 0.2860576923076923 0.028846153846153848 0.009615384615384616
3 0.3329326923076923 0.17668269230769232 0.01201923076923077 0.007211538461538462
23 0.3269230769230769 0.20552884615384615 0.019230769230769232 0.007211538461538462
3 0.33413461538461536 0.17067307692307693 0.009615384615384616 0.009615384615384616
25 0.31850961538461536 0.25 0.036057692307692304 0.04326923076923077
3 0.28966346153846156 0.3557692307692308 0.01201923076923077 0.019230769230769232