2 0.6766659902597403 0.3048704268292683 0.0039001623376623373 0.009740853658536585
22 0.5083898133116883 0.3056036585365854 0.0058218344155844155 0.0038902439024390244
7 0.6145870535714285 0.3088932926829268 0.007583198051948051 0.004371951219512195
14 0.6713910308441557 0.3089359756097561 0.008366477272727272 0.012384146341463413
22 0.6567309253246753 0.30962804878048783 0.004614448051948052 0.00401219512195122
22 0.6525131899350649 0.3096783536585366 0.0038900162337662343 0.003503048780487805
2 0.5063271103896103 0.3096646341463415 0.004943181818181818 0.0028658536585365853
22 0.5556554383116883 0.310109756097561 0.00416801948051948 0.0031463414634146343
2 0.6470616883116883 0.3105548780487805 0.0051623376623376625 0.004036585365853659
22 0.6437581168831169 0.3117362804878049 0.002613636363636364 0.006399390243902439
22 0.6413189935064936 0.3116310975609756 0.0017938311688311687 0.006189024390243903
2 0.6393080357142857 0.31160213414634147 0.0026420454545454546 0.007960365853658537
2 0.6148924512987013 0.31272256097560974 0.005353084415584415 0.004103658536585366
22 0.5558248782467532 0.3135304878048781 0.004101055194805195 0.0032804878048780487
2 0.6289995941558442 0.31583689024390244 0.00231737012987013 0.00789329268292683
22 0.4956361607142857 0.315984756097561 0.005071022727272727 0.0033109756097560975
2 0.5065340909090909 0.3165838414634146 0.0033279220779220777 0.008777439024390243
7 0.6146012581168832 0.3168704268292683 0.007611607142857142 0.0038628048780487804
2 0.6700334821428572 0.3171844512195122 0.0024046266233766233 0.006320121951219513
22 0.5508258928571428 0.3177286585365854 0.0022199675324675325 0.006189024390243903
7 0.49113534902597406 0.3182820121951219 0.0021570616883116885 0.011564024390243902
2 0.6824076704545455 0.31865853658536586 0.0036140422077922075 0.009878048780487805
2 0.6751227678571429 0.3188079268292683 0.00406047077922078 0.010176829268292683
2 0.6857964691558441 0.3191036585365854 0.0022747564935064937 0.005890243902439024
2 0.4960430194805195 0.32145884146341464 0.006290584415584416 0.005112804878048781
22 0.555882711038961 0.3221981707317073 0.004622564935064935 0.0029329268292682923
2 0.6434019886363637 0.32284451219512195 0.00393060064935065 0.003615853658536585
22 0.5559263392857143 0.3255335365853659 0.004303977272727273 0.002896341463414634
2 0.6351217532467532 0.32557317073170733 0.003603896103896104 0.009073170731707318
2 0.6433258928571428 0.3266661585365853 0.004590097402597403 0.003942073170731707
22 0.6320271915584416 0.3274542682926829 0.0022849025974025976 0.007957317073170732
29 0.6182183441558441 0.3284756097560976 0.006323051948051948 0.006951219512195122
22 0.6119784902597403 0.3288201219512195 0.0023660714285714288 0.0058109756097560975
22 0.5558816964285714 0.3288871951219512 0.004214691558441558 0.002896341463414634
2 0.6435186688311689 0.32998780487804874 0.004569805194805195 0.0038780487804878053
22 0.556038961038961 0.3329176829268293 0.0041233766233766235 0.0030304878048780484
2 0.6433674918831168 0.3331753048780488 0.004673295454545455 0.004155487804878049
22 0.5122341720779221 0.33329878048780487 0.004176136363636364 0.003792682926829268
14 0.5013808847402597 0.3345137195121951 0.01250202922077922 0.012929878048780487
22 0.6315290178571429 0.3354756097560975 0.00575284090909091 0.0038780487804878053
14 0.6382812499999999 0.33558384146341463 0.005458603896103896 0.009582317073170732
2 0.4899868100649351 0.33610213414634144 0.0035125811688311685 0.010009146341463415
22 0.5122737418831169 0.3364253048780487 0.004255275974025974 0.0027286585365853657
22 0.5123640422077922 0.33957621951219513 0.004435876623376623 0.002323170731707317
2 0.5505103490259741 0.33979268292682924 0.004023944805194805 0.0033658536585365853
2 0.5208400974025974 0.342592987804878 0.003936688311688311 0.00286890243902439
22 0.5290675730519481 0.34270274390243904 0.006592938311688312 0.006746951219512195
22 0.5288311688311688 0.3429009146341463 0.006525974025974025 0.005923780487804878
22 0.6011657873376623 0.34408384146341464 0.0026562499999999998 0.006460365853658537
22 0.6031331168831169 0.34441920731707315 0.0025324675324675324 0.006521341463414635
2 0.5207041396103896 0.3457606707317073 0.003664772727272727 0.0031067073170731705
22 0.5884385146103895 0.34666463414634147 0.0023640422077922077 0.007353658536585366
22 0.5948609983766233 0.34679420731707317 0.002221996753246753 0.005783536585365854
22 0.5926998782467532 0.3470091463414634 0.0015523538961038962 0.006213414634146341
2 0.5967086038961039 0.3470716463414634 0.0022646103896103898 0.006338414634146341
2 0.6408806818181818 0.34712652439024394 0.00497564935064935 0.004009146341463415
2 0.5910176542207792 0.34714481707317074 0.0018405032467532468 0.005875
7 0.599067573051948 0.3475579268292683 0.002924107142857143 0.011579268292682927
2 0.6615239448051947 0.3475320121951219 0.002025162337662338 0.005429878048780487
15 0.6566872970779222 0.3478018292682927 0.0024979707792207794 0.007798780487804877
2 0.6592288961038961 0.3477195121951219 0.002305194805194805 0.006414634146341463
2 0.6532112418831169 0.3482073170731707 0.003662743506493507 0.009829268292682927
15 0.636020698051948 0.34826676829268294 0.0021550324675324675 0.006899390243902439
2 0.5288423295454546 0.3486432926829268 0.006142451298701298 0.005213414634146342
22 0.6324178165584415 0.35064176829268295 0.0018486201298701297 0.006161585365853659
22 0.6302830762987013 0.35077439024390245 0.0024492694805194806 0.0064268292682926826
14 0.5774665178571429 0.35109756097560973 0.016134334415584418 0.01926829268292683
22 0.5868963068181818 0.3540137195121951 0.00252637987012987 0.008637195121951219
22 0.6279281655844156 0.3554420731707317 0.0017978896103896104 0.005396341463414634
22 0.625716314935065 0.3561189024390244 0.002650162337662338 0.005530487804878049
22 0.5970515422077922 0.35735365853658535 0.0021387987012987013 0.006780487804878049
22 0.6359446022727273 0.35732469512195125 0.0036262175324675325 0.002454268292682927
22 0.604825487012987 0.35760823170731704 0.0026704545454545453 0.006070121951219512
22 0.619471387987013 0.3577606707317073 0.0027414772727272726 0.005765243902439024
22 0.6235186688311688 0.35789329268292686 0.0019074675324675325 0.006030487804878049
22 0.6176704545454546 0.3579603658536585 0.002386363636363636 0.006164634146341463
22 0.6217502029220779 0.3579603658536585 0.0024289772727272728 0.006164634146341463
22 0.6115645292207792 0.3581814024390244 0.0019439935064935064 0.005996951219512195
22 0.6154312094155844 0.3582530487804878 0.002372159090909091 0.005530487804878049
22 0.6134933035714286 0.3583201219512195 0.002148944805194805 0.005664634146341463
22 0.6326836444805194 0.35847256097560976 0.0019744318181818183 0.006579268292682927
22 0.567174310064935 0.3588856707317073 0.004072646103896104 0.0031371951219512193
22 0.6359446022727273 0.36040396341463415 0.0036262175324675325 0.003125
14 0.6465919237012987 0.36059146341463416 0.020862418831168832 0.013865853658536584
2 0.627822646103896 0.3633246951219512 0.0040219155844155845 0.009576219512195122
22 0.6358999594155844 0.36358993902439024 0.003536931818181818 0.0027896341463414637
2 0.5764255275974026 0.3639115853658537 0.0026887175324675325 0.006481707317073171
22 0.528041801948052 0.36427896341463417 0.006164772727272727 0.00538719512195122
22 0.5853662743506494 0.3643140243902439 0.00393060064935065 0.0030182926829268293
6 0.7561921672077921 0.36514939024390247 0.1438778409090909 0.16322560975609757
22 0.6328256899350649 0.3655060975609756 0.0014468344155844155 0.0054024390243902435
22 0.6236708603896104 0.3654893292682927 0.0018060064935064937 0.00536890243902439
22 0.6216812094155844 0.36554725609756095 0.0018851461038961038 0.006704268292682927
22 0.6237439123376624 0.36555182926829266 0.0019521103896103895 0.006103658536585366
22 0.6111495535714285 0.3656219512195122 0.0019257305194805194 0.0056341463414634144
22 0.6196702516233766 0.3657515243902439 0.0023275162337662338 0.006503048780487805
22 0.613479099025974 0.36582317073170734 0.00252637987012987 0.006036585365853659
22 0.6094673295454546 0.3659573170731707 0.0022138798701298703 0.006304878048780487
22 0.6175395698051949 0.3659573170731707 0.0017187500000000002 0.006304878048780487
22 0.6009273538961039 0.36597256097560976 0.0017735389610389612 0.005115853658536586
22 0.6071479301948052 0.36626981707317074 0.0016335227272727274 0.005100609756097561
22 0.5969521103896104 0.36600609756097563 0.002345779220779221 0.005792682926829268
22 0.5949746347402597 0.3662957317073171 0.0020434253246753246 0.005762195121951219
22 0.6361830357142857 0.3669466463414634 0.0032913961038961038 0.0021859756097560973
2 0.5305996347402597 0.3693094512195122 0.004786931818181818 0.0032530487804878047
2 0.5664945211038961 0.3708765243902439 0.004336444805194805 0.003948170731707317
2 0.530666599025974 0.3727149390243903 0.004515016233766234 0.003966463414634146
14 0.551713676948052 0.3733780487804878 0.020229301948051948 0.06139024390243903
2 0.5235217126623376 0.3745655487804878 0.0024005681818181817 0.006448170731707317
22 0.6491213474025974 0.37531250000000005 0.003599837662337662 0.0030640243902439026
2 0.5263920454545454 0.37597560975609756 0.0032711038961038964 0.009268292682926829
22 0.49858766233766233 0.37605335365853654 0.008133116883116883 0.010643292682926828
22 0.6543394886363636 0.37661280487804877 0.00429586038961039 0.0038353658536585365
22 0.6491649756493506 0.3783871951219512 0.0036870941558441563 0.0031158536585365855
22 0.6544003652597403 0.3796021341463415 0.0036059253246753247 0.003716463414634146
22 0.6494937094155844 0.38121646341463417 0.003938717532467532 0.0032865853658536584
22 0.6543831168831169 0.3825335365853659 0.004383116883116884 0.003481707317073171
22 0.6543303571428571 0.3854466463414635 0.0038717532467532462 0.0032103658536585364
2 0.493846387987013 0.38740243902439025 0.010014204545454545 0.006512195121951219
22 0.6545647321428572 0.3887164634146342 0.004340503246753247 0.0030426829268292684
2 0.5832325487012987 0.38953810975609754 0.003721590909090909 0.008954268292682928
15 0.5870870535714285 0.3895685975609756 0.004125405844155844 0.009015243902439024
2 0.5201643668831168 0.39089786585365854 0.004208603896103896 0.0031371951219512193
15 0.6507609577922078 0.3937423780487805 0.005661525974025973 0.005167682926829268
2 0.5203977272727273 0.39384756097560975 0.004269480519480519 0.003548780487804878
2 0.49356128246753245 0.39473018292682926 0.010255681818181818 0.006533536585365853
22 0.5866213474025974 0.3962042682926829 0.00481737012987013 0.00399390243902439
2 0.6508106737012987 0.3991326219512195 0.006166801948051948 0.004972560975609755
22 0.586580762987013 0.4006204268292683 0.004736201298701299 0.003679878048780488
2 0.4908096590909091 0.4008795731707317 0.005158279220779221 0.003588414634146341
22 0.6517238230519481 0.4032454268292683 0.003934659090909091 0.0028323170731707316
22 0.6522534496753246 0.40577439024390244 0.005399756493506493 0.0036219512195121953
2 0.5867816558441559 0.407592987804878 0.0043262987012987015 0.009698170731707317
13 0.49361607142857145 0.40789024390243905 0.013612012987012987 0.010292682926829267
2 0.6701268262987014 0.408577743902439 0.005432224025974026 0.0037408536585365852
2 0.6531747159090908 0.41059603658536586 0.0064306006493506495 0.005338414634146342
14 0.6182650162337662 0.4137606707317073 0.046594967532467536 0.07203353658536586
2 0.4977140827922078 0.41503353658536585 0.005168425324675325 0.003847560975609756
29 0.5606686282467532 0.4159725609756098 0.0068892045454545464 0.009384146341463414
29 0.5685612824675325 0.41637957317073165 0.007658279220779221 0.010198170731707317
2 0.6781270292207792 0.4164649390243903 0.003981331168831169 0.00914939024390244
2 0.6586546266233766 0.41660213414634145 0.00643262987012987 0.005765243902439024
2 0.6671286525974026 0.4168841463414634 0.0022767857142857143 0.007548780487804879
2 0.5869460227272727 0.4173155487804878 0.0046550324675324675 0.00963109756097561
29 0.6704657061688312 0.41726676829268294 0.004080762987012987 0.010753048780487806
2 0.673887987012987 0.41734298780487805 0.0028084415584415582 0.00785670731707317
22 0.6504626623376624 0.4176112804878049 0.005470779220779221 0.004125
22 0.4902668425324675 0.41785365853658535 0.0052901785714285715 0.004
22 0.4902191558441559 0.42173170731707316 0.005194805194805195 0.003829268292682927
22 0.49636363636363634 0.42239634146341465 0.004902597402597402 0.0039390243902439025
15 0.6564448051948052 0.4225701219512195 0.002418831168831169 0.008554878048780487
22 0.6491629464285714 0.4240518292682927 0.0024655032467532467 0.005420731707317074
22 0.5518120941558441 0.4253551829268293 0.0021631493506493508 0.006807926829268292
22 0.5497930194805195 0.4252149390243902 0.0021834415584415586 0.006527439024390244
22 0.5560460633116884 0.4251996951219512 0.0017025162337662339 0.005277439024390243
22 0.5599715909090909 0.4253018292682927 0.0022483766233766236 0.0060914634146341465
22 0.5539498782467532 0.42532469512195126 0.0019744318181818183 0.005527439024390244
22 0.5577181412337662 0.4255045731707317 0.002205762987012987 0.006496951219512195
22 0.56359375 0.4254496951219512 0.0025933441558441558 0.005777439024390244
22 0.5457335633116883 0.42557469512195123 0.0021814123376623375 0.006027439024390244
22 0.5394937094155844 0.4256371951219512 0.0022828733766233765 0.006152439024390244
22 0.5475659496753247 0.4256371951219512 0.0017877435064935067 0.006152439024390244
22 0.537536525974026 0.4258643292682927 0.002021103896103896 0.005996951219512195
22 0.49036323051948055 0.42582012195121954 0.005482954545454545 0.004079268292682927
22 0.5417106331168832 0.42576219512195124 0.001846590909090909 0.0064024390243902435
22 0.5434902597402598 0.4259740853658536 0.002159090909090909 0.006216463414634147
22 0.5871956168831168 0.4263658536585366 0.003936688311688311 0.0033414634146341467
7 0.6741609172077921 0.4270960365853659 0.0025426136363636363 0.01211890243902439
7 0.6781290584415585 0.4280731707317073 0.002767857142857143 0.012243902439024389
2 0.669645900974026 0.428077743902439 0.0024411525974025973 0.007984756097560976
22 0.6496753246753246 0.42839939024390244 0.004301948051948052 0.0031402439024390246
2 0.49790482954545456 0.42889939024390245 0.0027090097402597403 0.007189024390243902
22 0.5872595373376623 0.4292942073170732 0.004470373376623377 0.003100609756097561
22 0.6501521915584415 0.43193750000000003 0.00403814935064935 0.0035091463414634147
22 0.5872595373376623 0.4322225609756098 0.004470373376623377 0.0034695121951219513
22 0.5821235795454546 0.43262652439024396 0.003938717532467532 0.0030579268292682924
22 0.5710186688311688 0.43268445121951216 0.002832792207792208 0.008051829268292683
22 0.5661424512987012 0.43291768292682925 0.002414772727272727 0.0072987804878048785
2 0.4887743506493506 0.4342820121951219 0.002711038961038961 0.007588414634146341
22 0.5398244724025975 0.43410975609756103 0.0029443993506493506 0.006634146341463415
22 0.5474076704545454 0.43505945121951217 0.0022828733766233765 0.0060945121951219506
22 0.5505428165584415 0.43499085365853657 0.002059659090909091 0.005347560975609756
22 0.6502374188311688 0.43785365853658537 0.004208603896103896 0.0031463414634146343
22 0.5825294237012987 0.43894512195121954 0.003938717532467532 0.0028902439024390244
29 0.49847909902597404 0.44013871951219513 0.007510146103896103 0.009545731707317073
22 0.6551349431818182 0.4404496951219512 0.004263392857142857 0.0034603658536585366
22 0.5873518668831168 0.4438582317073171 0.003843344155844156 0.0035701219512195123
22 0.6550974025974027 0.4439253048780488 0.004188311688311688 0.0030945121951219514
22 0.6501897321428571 0.4469725609756097 0.004113230519480519 0.004310975609756098
2 0.6568293425324675 0.4508338414634146 0.006434659090909091 0.005935975609756098
14 0.5499614448051948 0.4510259146341463 0.032958603896103895 0.02888109756097561
22 0.6387276785714285 0.4591265243902439 0.0026988636363636364 0.006667682926829269
22 0.6407345779220779 0.4591265243902439 0.0022483766233766236 0.006667682926829269
22 0.6427729301948052 0.45905640243902435 0.0022666396103896104 0.006527439024390244
14 0.6574685470779221 0.45941615853658535 0.005683847402597403 0.009685975609756097
2 0.6285257711038961 0.4597164634146341 0.0025872564935064935 0.0060182926829268285
22 0.6183329951298702 0.459594512195122 0.0024939123376623374 0.006384146341463415
22 0.620354099025974 0.45970274390243904 0.0024776785714285716 0.005990853658536585
2 0.6243841314935066 0.4597591463414634 0.0024208603896103895 0.006103658536585366
2 0.6264793019480519 0.4598155487804878 0.00255275974025974 0.006216463414634147
2 0.6226298701298701 0.45987195121951224 0.002159090909090909 0.006329268292682927
15 0.6488382711038961 0.45999999999999996 0.0030336850649350646 0.007804878048780489
22 0.6138392857142857 0.46010060975609757 0.002029220779220779 0.005567073170731708
22 0.6339721996753247 0.4600609756097561 0.0029281655844155844 0.007317073170731708
22 0.6158127029220779 0.45998475609756095 0.002323457792207792 0.0065548780487804876
22 0.6362581168831168 0.46024390243902435 0.00262987012987013 0.007682926829268293
22 0.6312114448051949 0.46049695121951223 0.0026826298701298702 0.007579268292682927
2 0.6455712256493507 0.46079115853658537 0.003804788961038961 0.00938719512195122
2 0.5736982548701298 0.46353201219512197 0.0037276785714285715 0.0032835365853658535
29 0.591052150974026 0.46488262195121954 0.007185470779220778 0.015740853658536585
15 0.6085206980519481 0.4649451219512195 0.004379058441558442 0.01525609756097561
2 0.616020698051948 0.46553048780487805 0.0019277597402597403 0.006060975609756097
22 0.6204900568181818 0.4658582317073171 0.0023437500000000003 0.005496951219512196
22 0.6184375 0.4660868902439025 0.0018912337662337663 0.0047347560975609755
22 0.613731737012987 0.466077743902439 0.0022199675324675325 0.0053262195121951215
2 0.6047940340909091 0.4662576219512195 0.0030133928571428573 0.009954268292682927
15 0.5961211444805194 0.46630030487804874 0.00393060064935065 0.014917682926829268
22 0.6409121347402598 0.466594512195122 0.0026034902597402597 0.00575
2 0.6428520698051948 0.4666371951219512 0.002424918831168831 0.0058353658536585366
29 0.6010430194805195 0.4668734756097561 0.005251623376623376 0.01728353658536585
2 0.664135551948052 0.46717225609756097 0.0031899350649350652 0.008125
2 0.6249228896103896 0.46845731707317073 0.003904220779220779 0.00947560975609756
15 0.628562297077922 0.4685564024390244 0.003471996753246753 0.009673780487804878
2 0.7067674512987012 0.4696265243902439 0.008908279220779221 0.02583841463414634
2 0.6209151785714285 0.4707301829268292 0.003599837662337662 0.0030457317073170733
2 0.7157163149350649 0.4708689024390244 0.007325487012987014 0.027713414634146342
22 0.5724655032467533 0.47080030487804875 0.0020738636363636367 0.006844512195121951
22 0.5680560064935065 0.470952743902439 0.002589285714285714 0.006539634146341463
22 0.5702435064935064 0.47108841463414636 0.0025 0.0068109756097560975
2 0.7255194805194806 0.4711493902439024 0.005827922077922078 0.02644512195121951
22 0.5663321834415584 0.4713079268292683 0.002388392857142857 0.006640243902439025
2 0.5552404626623376 0.471359756097561 0.002120535714285714 0.006134146341463415
2 0.6903693181818181 0.4713262195121951 0.006550324675324675 0.024359756097560976
2 0.6578013392857143 0.47146341463414637 0.006349431818181818 0.006341463414634147
22 0.562273741883117 0.4716478658536586 0.001982548701298701 0.006710365853658537
2 0.698942775974026 0.4714908536585366 0.006245941558441558 0.028347560975609757
15 0.5510308441558441 0.47169817073170733 0.0030357142857142857 0.0068109756097560975
22 0.5600060876623376 0.4723079268292683 0.002723214285714286 0.0068109756097560975
22 0.557541599025974 0.47248323170731704 0.0018526785714285715 0.006551829268292683
2 0.6154210633116883 0.4726234756097561 0.006004464285714286 0.00561280487804878
2 0.5380529626623377 0.4731585365853659 0.003053977272727273 0.007902439024390244
15 0.5347331574675325 0.4734253048780488 0.002096185064935065 0.008435975609756098
2 0.6204383116883117 0.4739298780487805 0.0038636363636363634 0.0027378048780487808
15 0.6157721185064935 0.47764786585365854 0.005083198051948052 0.003466463414634146
22 0.5591994724025974 0.4790807926829268 0.003950892857142857 0.002673780487804878
22 0.545546875 0.47989939024390244 0.002619724025974026 0.00675
22 0.5433806818181819 0.4798155487804878 0.001939935064935065 0.0065823170731707315
22 0.5538331980519481 0.4798140243902439 0.0021469155844155846 0.0059695121951219504
2 0.549898538961039 0.48010213414634145 0.0023944805194805194 0.006545731707317073
2 0.5475426136363636 0.48001829268292684 0.00255275974025974 0.006378048780487805
22 0.5517816558441558 0.4802378048780488 0.002508116883116883 0.006207317073170731
22 0.5411525974025975 0.48028963414634146 0.00275974025974026 0.006310975609756097
22 0.5667542613636364 0.4802881097560976 0.002015016233766234 0.005698170731707318
22 0.5705996347402598 0.4802881097560976 0.001994724025974026 0.005698170731707318
2 0.5562469561688311 0.48057926829268294 0.002510146103896104 0.007500000000000001
22 0.5627526379870129 0.4805091463414634 0.0025344967532467534 0.006140243902439025
22 0.5644774756493506 0.48066006097560976 0.0019257305194805194 0.0052225609756097555
22 0.568716517857143 0.48064481707317075 0.0018810876623376622 0.005801829268292683
2 0.7997463474025974 0.4888765243902439 0.009395292207792207 0.005801829268292683
15 0.7860135957792208 0.4931341463414634 0.004251217532467533 0.014926829268292684
2 0.658580560064935 0.49338567073170736 0.0030377435064935067 0.0032347560975609754
15 0.7904961444805195 0.49355487804878045 0.004287743506493506 0.01576829268292683
2 0.8001856737012987 0.49501829268292685 0.009462256493506495 0.0065
22 0.6554586038961039 0.4952576219512195 0.0024756493506493506 0.006978658536585366
6 0.5182467532467533 0.49688871951219515 0.05759740259740259 0.021216463414634148
29 0.7616193181818183 0.497015243902439 0.006193181818181818 0.00927439024390244
2 0.6587855113636364 0.4971600609756097 0.0034476461038961035 0.0028567073170731707
22 0.6715848214285715 0.5008963414634147 0.0018547077922077923 0.006060975609756097
29 0.7676268262987013 0.5011798780487805 0.004409496753246754 0.009067073170731707
22 0.6647869318181818 0.5014603658536585 0.00205762987012987 0.0059695121951219504
22 0.7566335227272727 0.5034710365853658 0.004744318181818182 0.0032835365853658535
2 0.7976268262987013 0.5039237804878048 0.003938717532467532 0.0029695121951219513
2 0.46676846590909093 0.5040060975609756 0.0021245941558441558 0.006182926829268293
2 0.4632721185064935 0.5048704268292683 0.00203125 0.005472560975609756
29 0.4520951704545455 0.5062972560975609 0.006057224025974027 0.009545731707317073
2 0.7836069399350649 0.5061692073170732 0.0018729707792207793 0.005021341463414633
22 0.6645870535714286 0.5071219512195122 0.0016578733766233766 0.005097560975609755
2 0.7975568181818182 0.5078612804878049 0.0037987012987012983 0.0029176829268292683
2 0.6712601461038961 0.5079618902439025 0.0020170454545454545 0.004948170731707317
22 0.7686383928571429 0.5079405487804878 0.004809253246753247 0.003076219512195122
22 0.7512987012987014 0.510407012195122 0.004220779220779221 0.0031310975609756095
29 0.760836038961039 0.5122606707317073 0.005844155844155844 0.00988719512195122
22 0.673859577922078 0.5150365853658536 0.001534090909090909 0.005073170731707317
2 0.5905438311688311 0.5150731707317073 0.005357142857142857 0.003926829268292683
2 0.7514448051948052 0.5152713414634146 0.00573051948051948 0.004323170731707317
2 0.5397686688311688 0.5159573170731707 0.0016152597402597402 0.005085365853658537
2 0.7994835633116883 0.5159466463414635 0.01698660714285714 0.010551829268292682
22 0.667742491883117 0.5163506097560976 0.0014752435064935064 0.004652439024390244
2 0.537567978896104 0.516407012195122 0.0016781655844155844 0.006594512195121951
22 0.6717775974025973 0.5165914634146341 0.0018344155844155843 0.005134146341463415
29 0.7754190340909091 0.5171280487804878 0.014312094155844156 0.012914634146341463
22 0.5819176136363636 0.5170335365853658 0.001497564935064935 0.005408536585365853
22 0.5839204545454545 0.5170685975609756 0.0022564935064935065 0.006088414634146341
2 0.5441446834415584 0.5171371951219512 0.0034679383116883117 0.008054878048780488
22 0.6697534496753247 0.5172774390243903 0.0010328733766233765 0.005286585365853659
2 0.688369521103896 0.518219512195122 0.004579951298701299 0.002902439024390244
2 0.717458400974026 0.5188368902439024 0.0035044642857142857 0.00840548780487805
2 0.7211627435064935 0.5191112804878049 0.0036079545454545457 0.008344512195121952
22 0.7610795454545455 0.5193871951219512 0.004707792207792208 0.002189024390243902
7 0.5914579951298701 0.5195716463414634 0.007591314935064934 0.0037774390243902442
2 0.5393465909090909 0.5210746951219513 0.0028003246753246754 0.003125
22 0.7516467126623376 0.5214634146341464 0.005322646103896104 0.0032926829268292686
2 0.5235785308441558 0.5214405487804878 0.006572646103896104 0.0038567073170731707
2 0.6883421266233767 0.5220503048780488 0.004119318181818182 0.0038567073170731707
22 0.7609303977272727 0.5234618902439024 0.004409496753246754 0.004240853658536586
7 0.5962469561688312 0.5242362804878048 0.007428977272727273 0.003960365853658537
13 0.8029464285714286 0.5260045731707317 0.009707792207792209 0.005667682926829268
29 0.5845657467532467 0.5259710365853658 0.007199675324675324 0.010478658536585365
2 0.8092106331168831 0.5263246951219512 0.0015381493506493506 0.005088414634146342
2 0.5244997970779222 0.5265868902439024 0.0031392045454545457 0.0031737804878048783
2 0.7203287337662339 0.5273368902439024 0.001939935064935065 0.005283536585365853
2 0.6798954951298701 0.528077743902439 0.0014306006493506494 0.0043262195121951215
2 0.6822504058441559 0.5281387195121952 0.0012702922077922078 0.004448170731707317
2 0.6777262581168831 0.5281981707317073 0.0011505681818181819 0.004567073170731707
2 0.6750466720779221 0.5284786585365854 0.0014732142857142856 0.003298780487804878
2 0.7708116883116883 0.5287408536585366 0.003068181818181818 0.008701219512195121
2 0.7672930194805194 0.5289634146341463 0.002930194805194805 0.007926829268292683
2 0.5246114042207792 0.5292149390243902 0.0029565746753246755 0.0029420731707317073
22 0.7523366477272727 0.5308475609756098 0.0022382305194805193 0.005597560975609756
2 0.7238890016233765 0.5325228658536585 0.0033786525974025972 0.0034603658536585366
22 0.5248051948051947 0.5326524390243902 0.0025324675324675324 0.0018902439024390246
15 0.7627506087662338 0.5329298780487804 0.004397321428571429 0.003664634146341463
22 0.5043110795454545 0.535155487804878 0.0033461850649350645 0.0032378048780487803
15 0.7621235795454545 0.5363673780487805 0.00476663961038961 0.0026128048780487806
15 0.7706006493506493 0.5365350609756098 0.003457792207792208 0.0023384146341463414
6 0.5674847808441559 0.536564024390244 0.022956574675324675 0.016420731707317074
22 0.5047950487012988 0.5383734756097561 0.003502435064935065 0.0029664634146341464
15 0.7624096996753247 0.5399542682926829 0.0045271915584415585 0.0030792682926829265
22 0.7709963474025974 0.5402743902439024 0.0042491883116883115 0.0024999999999999996
22 0.658130073051948 0.5415198170731708 0.0029484577922077922 0.0019420731707317073
2 0.5047422889610389 0.5417743902439024 0.003396915584415584 0.0024512195121951215
6 0.5889884334415584 0.5428841463414634 0.015233360389610389 0.015646341463414634
22 0.47966416396103895 0.5431631097560976 0.004377029220779221 0.003399390243902439
2 0.4748944805194806 0.5431905487804878 0.0049837662337662335 0.002844512195121951
22 0.6618922483766233 0.5435548780487804 0.0015442370129870131 0.004792682926829268
2 0.7627140827922079 0.5437088414634146 0.0043242694805194805 0.0032713414634146344
22 0.7707183441558442 0.5439999999999999 0.004910714285714286 0.002634146341463415
2 0.7404545454545455 0.5441814024390244 0.003636363636363637 0.002996951219512195
22 0.7195627029220779 0.5462195121951219 0.004466314935064935 0.0021951219512195124
2 0.7776684253246753 0.546282012195122 0.0021712662337662336 0.0071981707317073165
2 0.728809862012987 0.5463231707317073 0.004291801948051948 0.0030121951219512196
15 0.7633390827922079 0.5475060975609756 0.00557426948051948 0.004158536585365854
2 0.7707000811688313 0.5478780487804878 0.004468344155844156 0.003682926829268293
2 0.7134486607142857 0.5480015243902439 0.0023843344155844155 0.007588414634146341
2 0.7116325081168832 0.5481676829268293 0.0024046266233766233 0.005481707317073171
2 0.7357518262987013 0.5484466463414635 0.0019419642857142858 0.004820121951219512
2 0.7161941964285715 0.5484314024390244 0.0017877435064935067 0.006009146341463415
2 0.7324492694805195 0.5484878048780488 0.0018303571428571427 0.005512195121951219
2 0.7474705762987013 0.5489283536585365 0.0030580357142857145 0.0021249999999999997
15 0.7078683035714286 0.5488323170731707 0.0029931006493506495 0.008640243902439025
2 0.7840969967532468 0.549032012195122 0.008940746753246754 0.026112804878048783
2 0.7564701704545455 0.5494817073170731 0.00401176948051948 0.0032317073170731706
7 0.7982112418831169 0.549969512195122 0.012006899350649351 0.006646341463414634
22 0.632453327922078 0.5508368902439024 0.0015137987012987012 0.0059420731707317065
2 0.7518526785714286 0.5508079268292683 0.002487824675324675 0.007103658536585366
22 0.7210663555194805 0.5511737804878049 0.003415178571428571 0.002347560975609756
15 0.7710430194805195 0.5514435975609756 0.0035308441558441557 0.003496951219512195
22 0.6581534090909091 0.5524253048780488 0.0034009740259740265 0.0024115853658536585
2 0.7633593750000001 0.5531143292682926 0.006020698051948052 0.005009146341463415
22 0.46274756493506497 0.5538780487804879 0.00463474025974026 0.002878048780487805
2 0.7479129464285714 0.5538445121951219 0.0051603084415584415 0.0022012195121951217
22 0.7211870941558443 0.5540259146341463 0.003250811688311688 0.0025640243902439025
22 0.7146316964285714 0.5543064024390244 0.003938717532467532 0.0025152439024390245
2 0.7406523944805194 0.5546310975609756 0.0007853084415584416 0.00499390243902439
2 0.6393141233766234 0.5545426829268293 0.0018425324675324676 0.006036585365853659
2 0.6051004464285714 0.5553856707317073 0.0028145292207792205 0.00833231707317073
2 0.602591314935065 0.5557484756097562 0.002260551948051948 0.007838414634146341
15 0.7708847402597403 0.5558216463414635 0.004837662337662338 0.0031067073170731705
2 0.7326166801948052 0.5560381097560976 0.0017593344155844156 0.005978658536585366
2 0.5994419642857143 0.556109756097561 0.004078733766233767 0.009780487804878049
2 0.7143120941558442 0.5575274390243903 0.0032995129870129875 0.00225
2 0.7374847808441558 0.5576280487804878 0.0033786525974025972 0.0018414634146341465
2 0.6494125405844156 0.5577713414634147 0.00377637987012987 0.009445121951219512
2 0.7444277597402598 0.5584725609756097 0.004277597402597403 0.002920731707317073
15 0.763468952922078 0.558748475609756 0.005428165584415584 0.004692073170731707
2 0.5165401785714286 0.5593567073170732 0.006294642857142857 0.004689024390243902
22 0.46141943993506496 0.5597423780487805 0.0019784902597402595 0.006679878048780488
2 0.6426308847402598 0.5596539634146341 0.0032000811688311687 0.00833231707317073
22 0.4643780438311688 0.5599786585365853 0.0018080357142857143 0.007152439024390244
2 0.7197088068181818 0.5605091463414634 0.0031351461038961036 0.0021158536585365855
2 0.7143668831168831 0.5605182926829269 0.003814935064935065 0.00274390243902439
22 0.4554829545454545 0.5609939024390244 0.004715909090909091 0.004304878048780487
29 0.7974157873376624 0.5612454268292683 0.013662743506493507 0.013954268292682927
22 0.6390452516233767 0.5616036585365853 0.0025223214285714285 0.006134146341463415
2 0.7375984172077923 0.5625457317073171 0.0015767045454545454 0.004969512195121951
2 0.7481544237012987 0.5624664634146341 0.0040198863636363635 0.002371951219512195
2 0.7627059659090909 0.5633323170731708 0.005119724025974026 0.0034939024390243903
2 0.7198417207792208 0.5636173780487804 0.00299512987012987 0.002844512195121951
2 0.7419054383116883 0.563640243902439 0.0016680194805194807 0.005329268292682927
2 0.7308685064935064 0.563547256097561 0.0019155844155844155 0.0051432926829268295
2 0.7720292207792208 0.5641112804878049 0.005909090909090909 0.004442073170731708
2 0.7263697240259741 0.5648719512195122 0.001846590909090909 0.005353658536585365
2 0.4452780032467532 0.5655823170731707 0.00419237012987013 0.004335365853658537
2 0.5247605519480519 0.5657515243902439 0.004066558441558441 0.002844512195121951
2 0.49994318181818176 0.5659893292682927 0.003538961038961039 0.0033201219512195125
22 0.7629149756493506 0.566657012195122 0.004726055194805194 0.002826219512195122
2 0.7197575081168831 0.5668643292682927 0.0032325487012987014 0.00263109756097561
22 0.668630275974026 0.5670838414634146 0.001627435064935065 0.004899390243902439
2 0.6419429788961039 0.5673887195121952 0.0034476461038961035 0.0030701219512195123
2 0.6036881087662338 0.567626524390244 0.002424918831168831 0.007814024390243902
2 0.6012012987012987 0.5676737804878049 0.0023214285714285715 0.007908536585365854
2 0.5979007711038961 0.568092987804878 0.004243100649350649 0.00935670731707317
2 0.5250324675324676 0.5687271341463415 0.0029870129870129872 0.002698170731707317
2 0.5145850243506493 0.5689481707317073 0.0027901785714285715 0.0019207317073170731
22 0.7707010957792207 0.5689664634146342 0.003658685064935065 0.0025670731707317074
2 0.4998559253246753 0.5689878048780488 0.0037702922077922077 0.0032195121951219515
2 0.6539965503246753 0.5692317073170732 0.0027982954545454543 0.008585365853658537
2 0.6502495941558442 0.5691280487804878 0.0038271103896103894 0.00898780487804878
2 0.647435064935065 0.5691539634146342 0.00387987012987013 0.008429878048780487
2 0.7197575081168831 0.5697439024390244 0.0032325487012987014 0.002292682926829268
22 0.6623092532467533 0.5705 0.0015665584415584415 0.005024390243902439
22 0.6598295454545454 0.5705884146341463 0.0022889610389610388 0.004591463414634146
22 0.44514204545454544 0.5711189024390244 0.005137987012987013 0.003823170731707317
22 0.5395819805194805 0.5710396341463415 0.003676948051948052 0.002445121951219512
22 0.7624746347402597 0.5712987804878048 0.0038453733766233766 0.0023536585365853658
2 0.5196601055194806 0.5714740853658536 0.0015767045454545454 0.0051432926829268295
2 0.5322250405844156 0.5715564024390244 0.003573457792207792 0.0022591463414634145
22 0.6417410714285714 0.5715625 0.0018262987012987013 0.005320121951219512
29 0.47579951298701295 0.5719496951219512 0.014910714285714286 0.014021341463414634
22 0.7708218344155845 0.5722240853658537 0.0034943181818181818 0.0029847560975609752
22 0.5149523133116883 0.5721387195121951 0.0031189123376623375 0.0028140243902439028
2 0.7247321428571428 0.5721920731707317 0.0018181818181818184 0.00475
2 0.498773336038961 0.5733140243902439 0.0020109577922077923 0.005164634146341464
2 0.8097067775974026 0.573373475609756 0.004965503246753247 0.003454268292682927
22 0.5008309659090908 0.5736463414634146 0.001661931818181818 0.006439024390243903
2 0.49352171266233763 0.5739100609756097 0.0032771915584415582 0.0033079268292682926
22 0.7484598214285714 0.5739893292682927 0.0013839285714285715 0.004076219512195122
22 0.7527201704545455 0.5740975609756097 0.0017877435064935067 0.005512195121951219
22 0.7626592938311689 0.574373475609756 0.0038088474025974027 0.0024054878048780487
22 0.5396976461038961 0.5742484756097561 0.003908279220779221 0.0027652439024390247
2 0.5324462256493506 0.574407012195122 0.003609983766233766 0.002472560975609756
22 0.44554078733766234 0.5747362804878049 0.004717938311688312 0.0031310975609756095
2 0.745385551948052 0.574795731707317 0.004163961038961039 0.002030487804878049
2 0.6393861607142857 0.5749390243902439 0.001986607142857143 0.005365853658536586
2 0.7338189935064936 0.5750213414634147 0.00497564935064935 0.004310975609756098
2 0.7162662337662338 0.5751524390243903 0.003149350649350649 0.002134146341463415
22 0.7708492288961039 0.5754115853658537 0.003954951298701298 0.0032621951219512194
22 0.5146895292207792 0.5754268292682927 0.0034050324675324677 0.0032926829268292686
2 0.5250781250000001 0.5755823170731708 0.0034841720779220783 0.0029939024390243903
2 0.5071996753246754 0.5755640243902439 0.0014123376623376624 0.00600609756097561
2 0.6612692775974026 0.5758048780487806 0.0035450487012987013 0.0028292682926829267
15 0.7044886363636363 0.5764390243902439 0.0055681818181818185 0.0022682926829268295
2 0.4937337662337662 0.5769009146341463 0.004107142857142857 0.002582317073170732
22 0.5397483766233766 0.5771387195121952 0.003198051948051948 0.0030579268292682924
22 0.7628074269480519 0.5778079268292683 0.003293425324675325 0.0031768292682926827
2 0.8098914366883117 0.5782118902439025 0.004523133116883116 0.0027652439024390247
2 0.7162175324675325 0.5782881097560976 0.003457792207792208 0.0023079268292682926
22 0.5149878246753247 0.5784054878048781 0.0031899350649350652 0.0025426829268292684
22 0.445330762987013 0.5786981707317074 0.00429788961038961 0.0031280487804878046
2 0.4936799918831169 0.5799435975609756 0.00359375 0.0031798780487804876
22 0.8017299107142858 0.5804573170731707 0.004839691558441559 0.002378048780487805
22 0.7628814935064935 0.5806219512195122 0.0034415584415584417 0.0020975609756097562
2 0.5325862418831169 0.5807164634146341 0.0034841720779220783 0.002896341463414634
2 0.5198863636363636 0.5807865853658537 0.0016233766233766235 0.004865853658536585
2 0.6398609983766234 0.5814298780487804 0.0017187500000000002 0.004323170731707317
7 0.8081463068181818 0.5814405487804878 0.007120535714285715 0.0025152439024390245
22 0.6669308035714286 0.5816539634146342 0.002286931818181818 0.005990853658536585
22 0.6351461038961039 0.5815503048780487 0.002029220779220779 0.006393292682926829
2 0.6530793425324676 0.5817164634146341 0.0017755681818181818 0.006115853658536585
2 0.6551288555194805 0.5816387195121951 0.002221996753246753 0.005960365853658537
2 0.7106868912337662 0.5830106707317073 0.0025426136363636363 0.007484756097560976
2 0.4938007305194805 0.5830838414634146 0.004241071428571428 0.0027530487804878047
2 0.706028814935065 0.5835975609756098 0.004184253246753247 0.008658536585365853
2 0.5082081980519481 0.5840914634146341 0.003023538961038961 0.0029390243902439024
2 0.4456828327922078 0.5842271341463415 0.007031249999999999 0.00564939024390244
22 0.8016568587662338 0.5845015243902439 0.0038818993506493506 0.0025396341463414635
22 0.797895698051948 0.5848323170731707 0.0028530844155844155 0.007469512195121951
2 0.532559862012987 0.5847057926829269 0.0034314123376623378 0.002948170731707317
2 0.7448417207792207 0.5858170731707317 0.0018587662337662338 0.005170731707317073
2 0.7406381899350649 0.5859923780487805 0.0019744318181818183 0.005521341463414634
2 0.7390533685064935 0.5861829268292683 0.002051542207792208 0.005902439024390244
2 0.7370241477272726 0.586359756097561 0.002051542207792208 0.006256097560975609
22 0.4615107548701298 0.586297256097561 0.00500202922077922 0.0030823170731707314
2 0.49368810876623376 0.5863490853658536 0.003609983766233766 0.0025762195121951216
2 0.7425821834415585 0.5862865853658537 0.0022098214285714286 0.006109756097560975
2 0.45481737012987017 0.5865396341463415 0.0058198051948051945 0.00600609756097561
2 0.6477577110389611 0.5866768292682927 0.003713474025974026 0.008719512195121952
2 0.7356036931818182 0.586734756097561 0.002051542207792208 0.0057865853658536585
2 0.7169886363636364 0.5866661585365854 0.0017532467532467534 0.003820121951219512
2 0.7186708603896104 0.5868201219512195 0.0018709415584415585 0.005347560975609756
2 0.7306158685064935 0.5868201219512195 0.0018161525974025974 0.005347560975609756
29 0.7632284902597403 0.5868963414634146 0.005758928571428571 0.009158536585365853
2 0.7148478084415585 0.5869603658536585 0.0019358766233766231 0.004408536585365854
2 0.7207487824675325 0.5870594512195122 0.0019683441558441556 0.003996951219512195
2 0.7283441558441559 0.5872271341463414 0.0017370129870129872 0.0055518292682926835
2 0.6421540178571429 0.5880533536585366 0.001434659090909091 0.005375
22 0.6349117288961038 0.5880121951219512 0.001966314935064935 0.005902439024390244
2 0.8016193181818182 0.5882134146341463 0.004618506493506494 0.0032560975609756096
2 0.6397372159090909 0.5882652439024391 0.001471185064935065 0.005189024390243903
2 0.7490452516233767 0.5882743902439024 0.0017431006493506492 0.005817073170731706
2 0.6328003246753247 0.5886631097560976 0.001801948051948052 0.005375
2 0.7230204951298701 0.5886341463414634 0.0020474837662337662 0.005317073170731708
22 0.5335927353896104 0.5886829268292684 0.0010328733766233765 0.0041951219512195125
2 0.746534090909091 0.5887515243902439 0.0019967532467532467 0.0055518292682926835
22 0.6376410308441559 0.5890975609756097 0.0017431006493506492 0.006243902439024391
2 0.724848823051948 0.5892804878048781 0.0024573863636363634 0.006609756097560975
2 0.5202140827922077 0.5894451219512196 0.0018729707792207793 0.005719512195121952
7 0.758846387987013 0.5897484756097561 0.002270698051948052 0.011204268292682926
2 0.8102972808441559 0.5903399390243903 0.004523133116883116 0.0038506097560975614
2 0.5078236607142856 0.5903338414634146 0.003471996753246753 0.0026189024390243904
2 0.4619094967532468 0.5903719512195122 0.004581980519480519 0.003914634146341463
2 0.5461931818181818 0.5919314024390244 0.0031006493506493507 0.007643292682926829
15 0.7908766233766233 0.5924085365853659 0.003831168831168831 0.012865853658536586
2 0.540013189935065 0.5930548780487805 0.003321834415584416 0.0019634146341463415
2 0.5530844155844156 0.5930609756097561 0.0018668831168831166 0.005024390243902439
29 0.47192674512987015 0.593125 0.009600243506493506 0.020396341463414635
2 0.5490797483766233 0.592983231707317 0.0015685876623376623 0.0054786585365853655
22 0.5149523133116883 0.5933155487804879 0.0031189123376623375 0.0030945121951219514
2 0.5510917207792209 0.5931539634146342 0.002345779220779221 0.005210365853658537
22 0.7620890827922078 0.5939603658536585 0.0030742694805194807 0.0031646341463414636
22 0.5251663961038961 0.5940335365853658 0.00325487012987013 0.0027012195121951217
22 0.810362215909091 0.5941844512195121 0.0042471590909090905 0.003003048780487805
22 0.5000081168831169 0.5945625 0.0032629870129870127 0.0025396341463414635
2 0.4937540584415584 0.5949710365853659 0.003741883116883117 0.002746951219512195
2 0.520698051948052 0.5955625 0.0016233766233766235 0.004539634146341464
22 0.5398011363636364 0.5958490853658537 0.0033035714285714287 0.002673780487804878
22 0.5149330357142857 0.5959268292682928 0.003080357142857143 0.0022195121951219515
22 0.802356939935065 0.5961905487804878 0.004876217532467532 0.0033567073170731707
2 0.5337946428571428 0.5963917682926829 0.0034659090909090907 0.0025396341463414635
22 0.525059862012987 0.5968841463414634 0.003041801948051948 0.0029146341463414634
2 0.5080397727272727 0.5980381097560976 0.003904220779220779 0.002173780487804878
22 0.5000710227272727 0.597983231707317 0.003388798701298701 0.002673780487804878
2 0.493588676948052 0.5982408536585366 0.0034111201298701295 0.0019695121951219512
22 0.7981178977272727 0.5986676829268293 0.0024857954545454545 0.006481707317073171
22 0.5400740665584416 0.5986859756097561 0.0030377435064935067 0.002859756097560976
22 0.5149756493506494 0.5991753048780488 0.00275974025974026 0.0026189024390243904
22 0.5250507305194805 0.6004481707317073 0.003023538961038961 0.002725609756097561
22 0.5000081168831169 0.6010701219512196 0.0032629870129870127 0.00275
2 0.49387378246753244 0.6013460365853659 0.0035754870129870134 0.0026920731707317075
22 0.539986810064935 0.6017850609756098 0.0032690746753246754 0.002350609756097561
22 0.5151197240259741 0.6020914634146342 0.003453733766233766 0.0029634146341463415
2 0.553984375 0.6030274390243903 0.0020434253246753246 0.00422560975609756
2 0.5455702110389611 0.6032957317073171 0.0018547077922077923 0.004762195121951219
2 0.5079515016233767 0.6032057926829268 0.003321834415584416 0.0027530487804878047
2 0.5498396915584416 0.6034588414634147 0.0018709415584415585 0.005698170731707318
22 0.5254210633116884 0.603297256097561 0.002952516233766234 0.002935975609756098
2 0.5517207792207792 0.6033353658536585 0.002386363636363636 0.004841463414634146
2 0.5325 0.6036966463414634 0.0016883116883116883 0.006173780487804878
2 0.5479849837662337 0.6036067073170731 0.0014082792207792208 0.00599390243902439
22 0.500257711038961 0.6040243902439024 0.0037621753246753244 0.0025609756097560977
2 0.49385247564935064 0.6043612804878049 0.0031270292207792208 0.0020152439024390244
22 0.5401095779220779 0.6047408536585366 0.003108766233766234 0.002774390243902439
22 0.5151542207792208 0.604952743902439 0.003116883116883117 0.0025884146341463416
15 0.45368607954545453 0.6054253048780488 0.00315137987012987 0.014509146341463415
2 0.4591609172077922 0.6052835365853658 0.004360795454545454 0.014835365853658536
2 0.46415584415584416 0.6058551829268293 0.0037987012987012983 0.014759146341463414
22 0.525606737012987 0.6063704268292683 0.0029180194805194805 0.002375
22 0.5003267045454546 0.6070060975609756 0.0034943181818181818 0.002426829268292683
2 0.4937327516233766 0.6073414634146341 0.003293425324675325 0.0024878048780487805
22 0.5149614448051948 0.6082515243902439 0.0035430194805194807 0.002478658536585366
22 0.5404007711038961 0.6085060975609756 0.003285308441558442 0.0029878048780487805
22 0.5255722402597403 0.6092591463414634 0.00325487012987013 0.0026646341463414636
22 0.500114650974026 0.6100853658536585 0.0034760551948051946 0.003707317073170732
2 0.5205560064935065 0.6102317073170731 0.0013392857142857143 0.004609756097560975
2 0.4753439529220779 0.6113856707317074 0.01643465909090909 0.013015243902439024
2 0.5082680600649351 0.6114314024390244 0.001114042207792208 0.005179878048780487
2 0.5451034902597403 0.6116524390243903 0.0021387987012987013 0.005621951219512196
2 0.5001887175324675 0.6166341463414634 0.0036241883116883114 0.008878048780487806
2 0.5153804788961039 0.6179237804878048 0.0035693993506493507 0.009628048780487805
2 0.5258066152597403 0.6186067073170731 0.0033177759740259743 0.008554878048780487
2 0.5401816152597403 0.6188003048780488 0.0028469967532467532 0.009551829268292683
2 0.6815949675324675 0.6188567073170731 0.0023944805194805194 0.006615853658536585
2 0.674439935064935 0.6203155487804878 0.0035064935064935067 0.008923780487804877
2 0.6785988230519481 0.6205914634146341 0.0033015422077922077 0.008256097560975608
22 0.6708776379870129 0.620891768292683 0.0016578733766233766 0.005807926829268293
22 0.6688210227272727 0.6212240853658536 0.0016030844155844157 0.005253048780487805
2 0.47550223214285714 0.6229146341463415 0.01675121753246753 0.012902439024390243
7 0.6639864042207793 0.624765243902439 0.006138392857142857 0.008676829268292684
2 0.5207071834415584 0.6249969512195122 0.0016416396103896105 0.00426219512195122
22 0.6704372970779221 0.6256021341463415 0.0032122564935064936 0.002423780487804878
2 0.651461038961039 0.6286920731707317 0.003814935064935065 0.0031158536585365855
2 0.6472625811688312 0.6285518292682927 0.003534902597402598 0.002225609756097561
2 0.6515168425324676 0.6316280487804877 0.003926542207792208 0.0028902439024390244
2 0.6468567370129871 0.6321814024390243 0.003534902597402598 0.0021676829268292685
2 0.6468567370129871 0.6350365853658537 0.003940746753246753 0.0023902439024390243
2 0.651635551948052 0.6351890243902439 0.003352272727272727 0.002695121951219512
2 0.5727546672077922 0.6369939024390244 0.00346387987012987 0.0032560975609756096
2 0.6522717126623376 0.6391524390243902 0.005030438311688311 0.0033048780487804877
2 0.6469409496753247 0.6391509146341463 0.004515016233766234 0.0026920731707317075
2 0.6040736607142857 0.6452408536585366 0.003601866883116883 0.0026768292682926827
22 0.5977607548701298 0.6463125000000001 0.005180600649350649 0.0029908536585365854
2 0.6210328733766234 0.6473887195121951 0.0034293831168831167 0.0027042682926829266
29 0.4787571022727273 0.6476966463414635 0.008650568181818183 0.021612804878048782
2 0.5211191152597402 0.6487057926829268 0.003683035714285714 0.002899390243902439
2 0.6053591720779221 0.6503871951219512 0.005767045454545455 0.0050426829268292684
22 0.5846844561688311 0.6553597560975609 0.004190340909090909 0.002792682926829268
14 0.5946489448051948 0.6563749999999999 0.013567370129870129 0.012750000000000001
22 0.5846195211038961 0.6594496951219512 0.0036546266233766236 0.0024359756097560976
22 0.5680073051948051 0.6605487804878049 0.004926948051948052 0.0034146341463414634
2 0.6072118506493507 0.6610762195121951 0.0033847402597402595 0.00325
22 0.5851176948051948 0.6619435975609756 0.0030275974025974024 0.0025457317073170733
2 0.4639782873376624 0.6644923780487805 0.005472808441558442 0.004594512195121951
22 0.5681635551948052 0.6646646341463415 0.0048336038961038965 0.0024999999999999996
2 0.5812378246753247 0.6651158536585365 0.002978896103896104 0.00828048780487805
14 0.575955762987013 0.6654862804878049 0.006213474025974026 0.008411585365853659
22 0.4929515016233766 0.6654390243902438 0.0021367694805194803 0.0077073170731707325
2 0.4904119318181818 0.6659771341463415 0.0015219155844155845 0.006344512195121951
2 0.516166801948052 0.6690487804878049 0.003518668831168831 0.002731707317073171
2 0.5679900568181818 0.6691448170731708 0.00570413961038961 0.0041432926829268295
2 0.540919237012987 0.6700548780487805 0.0035105519480519484 0.0023048780487804877
2 0.4690949675324675 0.6710548780487805 0.0019074675324675325 0.006134146341463415
15 0.5980570211038961 0.6716981707317073 0.004961444805194805 0.0031524390243902437
22 0.4664336444805195 0.6718978658536585 0.0022666396103896104 0.007210365853658536
22 0.501195211038961 0.6726783536585367 0.0036079545454545457 0.0032835365853658535
14 0.47984172077922077 0.6727225609756098 0.013660714285714285 0.01373780487804878
15 0.5938362418831169 0.6739939024390244 0.0022017045454545453 0.00774390243902439
22 0.5801278409090909 0.6739801829268294 0.002382305194805195 0.007716463414634146
15 0.5882832792207792 0.6740350609756097 0.0024594155844155845 0.007216463414634147
2 0.5910967938311689 0.6741143292682926 0.0019987824675324673 0.0073750000000000005
15 0.5826836444805195 0.6743810975609755 0.0022179383116883115 0.0072987804878048785
15 0.5854048295454546 0.6742576219512195 0.0023843344155844155 0.007661585365853658
22 0.5774573863636364 0.6746996951219512 0.001911525974025974 0.006716463414634147
2 0.621604099025974 0.67575 0.0017309253246753245 0.005158536585365854
22 0.6258959009740259 0.6758673780487804 0.002197646103896104 0.006003048780487805
2 0.6189935064935065 0.6758323170731707 0.00137987012987013 0.004713414634146341
2 0.6172422889610389 0.6759603658536586 0.002341720779220779 0.006189024390243903
22 0.623653612012987 0.6763094512195122 0.0017715097402597403 0.005057926829268293
2 0.5545079139610389 0.6765457317073171 0.003496347402597403 0.009798780487804878
2 0.5716446834415585 0.6766935975609756 0.0032731331168831166 0.008265243902439025
2 0.5984456168831168 0.6766996951219512 0.005332792207792208 0.00461890243902439
2 0.5603743912337662 0.6769603658536585 0.003053977272727273 0.008189024390243903
2 0.6145515422077923 0.677780487804878 0.00304788961038961 0.008609756097560975
2 0.611401176948052 0.6784984756097561 0.002023133116883117 0.006996951219512195
15 0.6084446022727272 0.6786112804878048 0.002197646103896104 0.007832317073170732
15 0.606278409090909 0.6788871951219512 0.0027353896103896103 0.007164634146341464
2 0.6031696428571429 0.6790121951219512 0.0021996753246753247 0.00802439024390244
22 0.46776278409090916 0.6796935975609756 0.004924918831168831 0.0032896341463414633
2 0.5982497970779221 0.6813978658536586 0.004129464285714286 0.0030396341463414635
2 0.47358766233766236 0.681952743902439 0.004399350649350649 0.002320121951219512
2 0.588588676948052 0.6830731707317074 0.0022585227272727275 0.007609756097560976
2 0.5857680600649351 0.6831844512195121 0.0027049512987012986 0.0072225609756097564
2 0.5930184659090909 0.6833536585365854 0.003812905844155844 0.009390243902439024
2 0.5828348214285715 0.6833231707317073 0.002520292207792208 0.007500000000000001
22 0.5719602272727272 0.6845853658536586 0.0030925324675324674 0.0033170731707317077
2 0.6375618912337663 0.6847698170731708 0.0023965097402597405 0.007344512195121951
2 0.6340127840909091 0.6850442073170733 0.0030093344155844156 0.006064024390243903
2 0.6283502435064936 0.6851722560975609 0.003453733766233766 0.00814939024390244
22 0.6254900568181818 0.6854375 0.002197646103896104 0.008679878048780487
2 0.4857284902597403 0.6858551829268292 0.016911525974025975 0.013173780487804878
2 0.5771631493506494 0.6859161585365853 0.0025405844155844156 0.007807926829268293
2 0.5426217532467532 0.6860503048780487 0.0036688311688311687 0.0031981707317073173
22 0.5719510957792208 0.6874435975609756 0.0030742694805194807 0.002326219512195122
2 0.5429961444805195 0.689125 0.0036059253246753247 0.002030487804878049
22 0.6061231737012986 0.6898917682926828 0.0032366071428571426 0.002344512195121951
2 0.64557325487013 0.6899405487804878 0.0034030032467532467 0.0036615853658536583
22 0.572145900974026 0.690797256097561 0.00346387987012987 0.002935975609756098
22 0.6010572240259741 0.6916631097560976 0.001627435064935065 0.005277439024390243
22 0.5901318993506494 0.6919817073170731 0.0016923701298701297 0.004695121951219512
22 0.5989924918831169 0.6921219512195121 0.0015564123376623376 0.005585365853658536
22 0.5952739448051948 0.6921768292682927 0.0018303571428571427 0.005085365853658537
2 0.5428885957792208 0.6922256097560976 0.0029849837662337666 0.00274390243902439
29 0.46406351461038964 0.6928963414634146 0.0048315746753246755 0.009573170731707317
2 0.6341781655844156 0.6928064024390245 0.0037459415584415586 0.0039054878048780488
2 0.607122564935065 0.6929634146341463 0.004017857142857143 0.0023902439024390243
2 0.6456503652597403 0.6932057926829269 0.0027455357142857142 0.0016554878048780487
22 0.572385349025974 0.6934024390243902 0.003536931818181818 0.002658536585365854
22 0.5858370535714286 0.693891768292683 0.0036546266233766236 0.003027439024390244
2 0.5129007711038961 0.694560975609756 0.005103490259740259 0.00375609756097561
2 0.5429190340909091 0.6954237804878048 0.0030458603896103896 0.0024329268292682927
22 0.6068435470779221 0.6953338414634147 0.002648133116883117 0.0022530487804878047
2 0.6267431006493507 0.6962911585365854 0.002268668831168831 0.006606707317073171
2 0.6453733766233767 0.6967850609756098 0.003814935064935065 0.002106707317073171
22 0.5432366071428572 0.6985167682926829 0.0032751623376623376 0.0031310975609756095
2 0.6071205357142857 0.6984725609756097 0.0036079545454545457 0.0024329268292682927
29 0.45598011363636365 0.6984192073170732 0.006116071428571429 0.010862804878048781
22 0.6036982548701298 0.6992073170731707 0.0020393668831168834 0.005121951219512195
22 0.5810562094155844 0.6993003048780487 0.0013981331168831169 0.004698170731707317
22 0.5719510957792208 0.6995518292682927 0.0030742694805194807 0.0021524390243902436
2 0.645505275974026 0.699858231707317 0.0032670454545454548 0.0027652439024390247
2 0.6142380275974026 0.7000365853658537 0.0024208603896103895 0.008
22 0.6007721185064935 0.7000243902439024 0.001463068181818182 0.006146341463414634
22 0.6213068181818182 0.7006585365853658 0.003977272727272728 0.0031463414634146343
2 0.5428865665584415 0.7017118902439023 0.0037926136363636365 0.003423780487804878
22 0.6082244318181818 0.7026722560975609 0.0017573051948051948 0.005344512195121952
22 0.6063342126623377 0.7027789634146341 0.00122362012987013 0.004948170731707317
29 0.4662226055194805 0.703234756097561 0.005091314935064935 0.009518292682926829
22 0.5798234577922078 0.7034573170731708 0.003396915584415584 0.0032560975609756096
2 0.6458938717532468 0.7039039634146341 0.0028267045454545454 0.002929878048780488
22 0.5429028003246754 0.7047652439024391 0.0034192370129870133 0.002823170731707317
22 0.6197412743506494 0.7060594512195122 0.0032812500000000003 0.002972560975609756
22 0.5724310064935065 0.7062012195121952 0.0032224025974025975 0.0032560975609756096
2 0.4741071428571429 0.7067698170731707 0.002191558441558442 0.006832317073170732
14 0.5567177353896104 0.7066707317073171 0.022932224025974026 0.046878048780487805
2 0.4568739853896104 0.7066143292682927 0.0018161525974025974 0.005911585365853659
2 0.5803764204545454 0.707001524390244 0.003285308441558442 0.0024176829268292683
2 0.6456635551948052 0.7072103658536586 0.0027719155844155843 0.002225609756097561
2 0.5001004464285714 0.7074192073170732 0.0022301136363636364 0.006301829268292683
22 0.6240736607142857 0.7073384146341464 0.001799918831168831 0.005530487804878049
2 0.49264204545454543 0.7072896341463414 0.002329545454545455 0.0060426829268292685
2 0.5431787743506493 0.7075594512195122 0.003565340909090909 0.002923780487804878
2 0.4785450487012987 0.7076875 0.002544642857142857 0.006228658536585366
2 0.4695971996753247 0.7081021341463414 0.0016943993506493506 0.00461890243902439
2 0.4784892451298701 0.7081021341463414 0.001215503246753247 0.005228658536585365
2 0.47602881493506494 0.7082271341463415 0.001976461038961039 0.00486890243902439
2 0.4884090909090909 0.7083704268292683 0.005227272727272728 0.005155487804878049
22 0.5722372159090909 0.7093033536585366 0.0032406655844155847 0.0027530487804878047
2 0.6145160308441558 0.7092759146341464 0.0021651785714285714 0.007576219512195123
22 0.6259648944805195 0.7096539634146342 0.001929788961038961 0.005893292682926828
2 0.5359527191558442 0.7099695121951219 0.007376217532467533 0.026646341463414637
22 0.6116558441558441 0.7103765243902439 0.002126623376623377 0.004899390243902439
2 0.5274340503246754 0.7104176829268293 0.008601866883116883 0.025713414634146343
22 0.5432924107142857 0.7105289634146341 0.0037926136363636365 0.0027652439024390247
22 0.5101816152597403 0.7107865853658537 0.004129464285714286 0.0038902439024390244
2 0.645505275974026 0.7113003048780489 0.0032670454545454548 0.0030884146341463416
2 0.5722006899350649 0.7119756097560976 0.0031676136363636364 0.002
2 0.6001897321428572 0.7121067073170732 0.003950892857142857 0.003481707317073171
22 0.6036312905844157 0.7130121951219511 0.0019054383116883118 0.005292682926829268
2 0.6075294237012987 0.7131493902439024 0.0044257305194805195 0.0031280487804878046
22 0.5759679383116882 0.7131112804878049 0.00015016233766233767 0.001222560975609756
2 0.6201866883116883 0.7132682926829268 0.0045779220779220775 0.0033658536585365853
22 0.5433187905844156 0.7137439024390244 0.0034395292207792206 0.0024878048780487805
2 0.6460836038961039 0.7144466463414635 0.0028003246753246754 0.002673780487804878
2 0.5733441558441559 0.715390243902439 0.005048701298701298 0.004560975609756098
22 0.5922849025974026 0.7158368902439025 0.001939935064935065 0.006064024390243903
22 0.6249523133116883 0.716344512195122 0.003557224025974026 0.002810975609756098
2 0.5431270292207793 0.7169451219512195 0.003461850649350649 0.002792682926829268
2 0.6100192775974026 0.7177515243902439 0.004535308441558442 0.0031859756097560974
2 0.6456939935064935 0.7182484756097561 0.0032386363636363637 0.002960365853658537
22 0.5952952516233766 0.7185762195121951 0.0039021915584415584 0.0030060975609756094
2 0.6175060876623377 0.7189512195121951 0.002463474025974026 0.006804878048780488
2 0.6147920048701299 0.7192820121951219 0.0019054383116883118 0.006246951219512195
2 0.5735511363636364 0.7195350609756097 0.005868506493506494 0.0030945121951219514
22 0.5433187905844156 0.7200853658536586 0.0034395292207792206 0.0023658536585365853
2 0.5999441964285714 0.7206006097560976 0.0018364448051948054 0.007054878048780488
6 0.49811688311688307 0.720702743902439 0.015308441558441558 0.013966463414634147
22 0.6027303165584416 0.7209344512195122 0.002132711038961039 0.007722560975609755
2 0.6057386363636363 0.7210350609756098 0.0036850649350649353 0.009753048780487805
2 0.6456392045454545 0.721297256097561 0.0031290584415584414 0.002960365853658537
22 0.6101674107142857 0.721439024390244 0.0048315746753246755 0.0032439024390243905
2 0.5790411931818181 0.721814024390244 0.0018323863636363635 0.005823170731707318
22 0.5887347808441559 0.7219512195121951 0.0021448863636363636 0.006707317073170732
22 0.592164163961039 0.7220868902439025 0.0012926136363636364 0.005149390243902439
6 0.44568384740259737 0.722217987804878 0.01799107142857143 0.01638719512195122
6 0.47205357142857146 0.7227637195121951 0.031363636363636364 0.01686890243902439
15 0.623346185064935 0.7229512195121952 0.0023741883116883116 0.00748780487804878
22 0.5432426948051948 0.7233216463414633 0.002881493506493506 0.0027408536585365856
2 0.572182426948052 0.7235289634146342 0.0031310876623376624 0.0019359756097560975
2 0.6459933035714286 0.725873475609756 0.0034314123376623378 0.003576219512195122
22 0.5433664772727272 0.7261600609756097 0.0031290584415584414 0.002929878048780488
2 0.6008147321428572 0.7264557926829268 0.003983360389610389 0.002301829268292683
2 0.6457244318181818 0.7289161585365853 0.003705357142857143 0.002954268292682927
22 0.5433664772727272 0.7292713414634147 0.0031290584415584414 0.0030548780487804875
7 0.5333796672077922 0.7294192073170731 0.011158685064935066 0.006399390243902439
2 0.5771053165584416 0.7298399390243903 0.002019074675324675 0.005411585365853658
2 0.6007051542207792 0.7302560975609755 0.004981737012987013 0.003804878048780488
2 0.6123396915584416 0.7313658536585366 0.004306006493506493 0.0041951219512195125
2 0.6076055194805196 0.7316417682926829 0.0041720779220779216 0.003527439024390244
2 0.6239072646103896 0.7320503048780488 0.0018729707792207793 0.007393292682926829
22 0.5432508116883117 0.7321509146341463 0.0037094155844155847 0.0027164634146341466
22 0.6169693587662338 0.7323551829268292 0.0022017045454545453 0.006783536585365854
2 0.6192684659090909 0.7325899390243903 0.002335633116883117 0.006643292682926829
2 0.6460836038961039 0.7327545731707317 0.0028003246753246754 0.0027042682926829266
2 0.6014021915584415 0.7342637195121952 0.006375811688311688 0.0045030487804878045
2 0.5792806412337662 0.7350106707317073 0.0019054383116883118 0.00538719512195122
22 0.5890290178571429 0.7350625000000001 0.001515827922077922 0.005490853658536586
22 0.5851937905844156 0.7354664634146342 0.0023681006493506494 0.0062987804878048784
22 0.5433745941558441 0.7355365853658536 0.003956980519480519 0.0027804878048780486
2 0.6463331980519481 0.7362682926829268 0.003705357142857143 0.0024146341463414634
2 0.6265513392857143 0.7372881097560975 0.0022909902597402594 0.005673780487804878
2 0.6118618100649351 0.737359756097561 0.002132711038961039 0.005817073170731706
2 0.6066974431818182 0.7375274390243903 0.0019500811688311687 0.006152439024390244
2 0.6094277597402598 0.7375259146341464 0.001728896103896104 0.007368902439024391
2 0.45287236201298703 0.7379314024390243 0.0035531655844155846 0.008789634146341463
2 0.6327171266233766 0.7379176829268292 0.0044764610389610385 0.003274390243902439
22 0.5434496753246753 0.73825 0.003295454545454545 0.002719512195121951
2 0.618111810064935 0.7394329268292683 0.00570413961038961 0.004475609756097561
2 0.6462895698051948 0.7400868902439025 0.0032122564935064936 0.0021249999999999997
2 0.5916030844155844 0.7403475609756098 0.00463474025974026 0.0032560975609756096
2 0.5959963474025974 0.7406935975609756 0.004898538961038961 0.0027286585365853657
2 0.6335146103896104 0.7413368902439025 0.004042207792207792 0.002795731707317073
22 0.5434912743506494 0.7416356707317073 0.0033786525974025972 0.002783536585365854
2 0.6285602678571429 0.7420045731707318 0.004685470779220779 0.002911585365853659
2 0.4661931818181818 0.7421935975609756 0.005438311688311688 0.004509146341463414
2 0.6236850649350649 0.7421646341463415 0.004269480519480519 0.0032317073170731706
2 0.6460896915584415 0.7428338414634146 0.0036241883116883114 0.0027408536585365856
29 0.5267938311688312 0.742704268292683 0.008944805194805195 0.020164634146341464
2 0.6082619724025974 0.743952743902439 0.00507913961038961 0.004368902439024391
29 0.458690137987013 0.7439817073170732 0.00666599025974026 0.009304878048780487
22 0.5435318587662338 0.7444420731707317 0.003459821428571429 0.002908536585365853
2 0.6123691152597402 0.744842987804878 0.001929788961038961 0.004929878048780489
2 0.6040046672077922 0.7449512195121951 0.0018405032467532468 0.004536585365853659
2 0.6010876623376623 0.7450076219512195 0.0037175324675324676 0.003429878048780488
2 0.6206422483766234 0.7473079268292683 0.0018364448051948054 0.004981707317073171
2 0.5969937094155845 0.7474466463414634 0.004052353896103896 0.003429878048780488
22 0.5439174107142858 0.7479771341463414 0.0034192370129870133 0.0026615853658536587
2 0.5794480519480519 0.7486158536585366 0.00224025974025974 0.006378048780487805
2 0.6013129058441559 0.748640243902439 0.003356331168831169 0.003378048780487805
22 0.6094297889610389 0.749219512195122 0.0037621753246753244 0.002707317073170732
22 0.543893060064935 0.7506661585365854 0.0029646915584415584 0.0031615853658536583
2 0.6158096590909091 0.7508871951219511 0.001911525974025974 0.0060426829268292685
2 0.5814762581168831 0.7509161585365854 0.0022382305194805193 0.005490853658536586
2 0.6181158685064935 0.7517057926829268 0.002059659090909091 0.006460365853658537
2 0.640330762987013 0.7518048780487805 0.002252435064935065 0.006048780487804878
22 0.47828124999999994 0.7522911585365853 0.003234577922077922 0.0021432926829268294
2 0.5355752840909092 0.752579268292683 0.004592126623376623 0.0033292682926829268
22 0.543893060064935 0.7536310975609756 0.0029646915584415584 0.0023841463414634146
2 0.6475527597402597 0.754717987804878 0.00411525974025974 0.003948170731707317
22 0.5439072646103896 0.7565792682926828 0.003398944805194805 0.002792682926829268
2 0.5077901785714285 0.757407012195122 0.004622564935064935 0.0032286585365853657
2 0.5362611607142858 0.7586356707317072 0.009210633116883117 0.005076219512195121
2 0.6416974431818182 0.7592484756097561 0.0062033279220779225 0.005082317073170732
2 0.5730346996753247 0.760126524390244 0.0032122564935064936 0.0025701219512195123
29 0.4610602678571429 0.7600746951219512 0.00856534090909091 0.014051829268292683
7 0.5078317775974026 0.7616920731707317 0.0047057629870129875 0.0032621951219512194
22 0.5435988230519481 0.7629725609756098 0.003999594155844156 0.0033841463414634146
2 0.5747656250000001 0.7637957317073171 0.004644886363636364 0.0025914634146341465
2 0.46931513798701296 0.7638551829268293 0.0031594967532467535 0.008198170731707317
2 0.5367593344155844 0.7640594512195121 0.005336850649350649 0.0031189024390243904
2 0.5250040584415584 0.7643384146341464 0.002524350649350649 0.007945121951219512
7 0.5080123782467533 0.765890243902439 0.007502029220779221 0.003731707317073171
22 0.5436252029220779 0.7658917682926829 0.00364650974025974 0.0025152439024390245
14 0.5590127840909092 0.7660472560975611 0.019811282467532467 0.0357530487804878
22 0.49500304383116883 0.7685823170731707 0.0017755681818181818 0.005457317073170731
22 0.4927597402597403 0.7687759146341464 0.0017532467532467534 0.005234756097560976
2 0.5439316152597402 0.7688155487804879 0.0038534902597402595 0.0022652439024390242
14 0.5188423295454545 0.7696021341463415 0.010087256493506494 0.016033536585365854
22 0.47876826298701297 0.7699237804878049 0.005020292207792208 0.0032621951219512194
2 0.6400446428571428 0.770954268292683 0.0020860389610389608 0.0077621951219512195
2 0.6098346185064935 0.771361280487805 0.0021367694805194803 0.00735670731707317
2 0.5436982548701298 0.7719039634146341 0.0037926136363636365 0.002954268292682927
22 0.5092522321428571 0.7720243902439023 0.002270698051948052 0.006853658536585366
2 0.5065980113636364 0.7723079268292683 0.0022382305194805193 0.006201219512195122
2 0.5916619318181818 0.7725304878048781 0.0015056818181818181 0.004817073170731707
2 0.4792471590909091 0.7732118902439025 0.0035430194805194807 0.0031310975609756095
2 0.4854636769480519 0.7736067073170732 0.002583198051948052 0.008189024390243903
15 0.48295454545454547 0.7735685975609755 0.0016233766233766235 0.006893292682926829
2 0.5958837256493507 0.7740381097560975 0.0030499188311688312 0.002344512195121951
2 0.4950801542207792 0.7742332317073171 0.001523944805194805 0.0051737804878048774
2 0.49282264610389614 0.7746204268292683 0.0014732142857142856 0.004728658536585366
22 0.5763798701298701 0.7745030487804878 0.0034090909090909094 0.0026646341463414636
2 0.4886860795454545 0.774532012195122 0.0021286525974025974 0.005771341463414634
22 0.47238940746753244 0.7746158536585365 0.002408685064935065 0.006548780487804878
2 0.5438220373376623 0.7749435975609756 0.004040178571428571 0.0035457317073170733
2 0.47641030844155846 0.7752469512195121 0.0015219155844155845 0.0053719512195121956
2 0.5888961038961039 0.7751265243902439 0.0032792207792207793 0.008789634146341463
2 0.47441152597402597 0.7752362804878049 0.0015827922077922077 0.005350609756097561
2 0.470036525974026 0.7756128048780488 0.0017613636363636362 0.004884146341463415
2 0.47899553571428566 0.7762789634146342 0.003851461038961039 0.001948170731707317
2 0.6304931006493507 0.7770975609756098 0.004898538961038961 0.0023658536585365853
2 0.6374096996753247 0.7769314024390244 0.0045271915584415585 0.0026432926829268294
2 0.6071245941558441 0.7772896341463416 0.0048336038961038965 0.00275
22 0.5764011769480519 0.777751524390244 0.0034517045454545456 0.002454268292682927
2 0.6013260957792208 0.7776798780487805 0.002976866883116883 0.002920731707317073
2 0.5440066964285714 0.7778536585365854 0.003191964285714286 0.0032682926829268296
22 0.5818394886363636 0.7787835365853658 0.0017471590909090909 0.00573780487804878
22 0.5075060876623376 0.7787987804878049 0.005271915584415585 0.0039390243902439025
2 0.5125974025974026 0.7791692073170732 0.0020616883116883118 0.0071189024390243905
2 0.5801126217532467 0.7793414634146341 0.0019460227272727272 0.0056341463414634144
22 0.584080762987013 0.7795868902439025 0.0021712662337662336 0.006125
22 0.5763920454545455 0.7808643292682927 0.0030275974025974024 0.002582317073170732
2 0.5441558441558442 0.7815685975609756 0.003896103896103896 0.002771341463414634
2 0.4694906655844156 0.7814039634146341 0.003916396103896104 0.003051829268292683
2 0.49592329545454544 0.7828475609756097 0.0036160714285714286 0.0035
15 0.6337976866883117 0.7840198170731707 0.0021732954545454547 0.007064024390243903
2 0.6310947646103896 0.7842073170731707 0.0020434253246753246 0.006829268292682927
2 0.4596134334415584 0.7843307926829268 0.005671672077922078 0.00463719512195122
2 0.5442654220779221 0.7844542682926829 0.0037094155844155847 0.0030548780487804875
22 0.46957690746753245 0.7849939024390244 0.003683035714285714 0.0023048780487804877
22 0.6403652597402597 0.7851021341463416 0.0019155844155844155 0.005570121951219512
2 0.5214721996753247 0.7852713414634146 0.0023599837662337665 0.007128048780487804
2 0.524507913961039 0.7854405487804877 0.002749594155844156 0.008076219512195122
2 0.6364072646103897 0.785594512195122 0.0021164772727272725 0.005335365853658537
22 0.5186870941558441 0.7855899390243903 0.002471590909090909 0.006545731707317073
22 0.5274157873376624 0.7854283536585366 0.0020718344155844157 0.008051829268292683
22 0.6384608360389611 0.7856265243902439 0.0017593344155844156 0.0053993902439024395
22 0.5159161931818181 0.7856859756097562 0.001799918831168831 0.006737804878048781
2 0.6287479707792207 0.7857118902439025 0.0014082792207792208 0.005570121951219512
15 0.6068232548701299 0.7865167682926829 0.0022017045454545453 0.007789634146341463
2 0.5998965097402598 0.7868018292682927 0.0021469155844155846 0.006530487804878049
2 0.6046418425324676 0.7869557926829269 0.0014914772727272726 0.007448170731707317
15 0.5973295454545454 0.7872118902439024 0.0022889610389610388 0.007960365853658537
2 0.544140625 0.7876067073170732 0.003459821428571429 0.0026524390243902437
2 0.6498630275974027 0.7877362804878049 0.0018364448051948054 0.005350609756097561
2 0.6024604301948052 0.7876173780487805 0.0015929383116883116 0.0045030487804878045
22 0.46945718344155846 0.7880411585365854 0.0030377435064935067 0.002301829268292683
29 0.504109172077922 0.7893932926829268 0.005783279220779221 0.010493902439024391
2 0.49686789772727274 0.7898399390243903 0.003070211038961039 0.002240853658536585
2 0.660500202922078 0.7903628048780488 0.003224431818181818 0.009384146341463414
2 0.46947747564935066 0.7910762195121951 0.0034841720779220783 0.002274390243902439
22 0.5263403003246753 0.7917911585365853 0.004385146103896104 0.0030945121951219514
2 0.6674025974025974 0.7920198170731707 0.002824675324675325 0.0029420731707317073
2 0.5174543425324675 0.7923185975609756 0.004064529220779221 0.003539634146341463
2 0.5431270292207793 0.7928003048780489 0.0054910714285714285 0.005112804878048781
2 0.4695231331168831 0.7939192073170731 0.003169642857142857 0.002472560975609756
29 0.46146408279220774 0.7939009146341464 0.00937297077922078 0.011582317073170732
14 0.4826988636363636 0.7950030487804879 0.018969155844155844 0.027810975609756098
2 0.572619724025974 0.7959283536585365 0.001976461038961039 0.00588109756097561
2 0.5704433847402597 0.7959756097560976 0.0016822240259740258 0.005975609756097561
2 0.6519480519480519 0.7966692073170731 0.004788961038961039 0.0030945121951219514
22 0.6526491477272728 0.7994176829268294 0.0029443993506493506 0.0024939024390243903
2 0.4699005681818182 0.8003887195121951 0.003518668831168831 0.0032164634146341466
2 0.6783532873376624 0.8008856707317074 0.004028003246753247 0.0029908536585365854
2 0.49632203733766234 0.8011158536585365 0.003601866883116883 0.002231707317073171
2 0.46985491071428576 0.8038719512195122 0.003833198051948052 0.0028658536585365853
2 0.651351461038961 0.8046996951219512 0.0035957792207792208 0.0026920731707317075
2 0.45234375000000004 0.8052012195121951 0.0033076298701298704 0.009792682926829268
2 0.46165584415584415 0.8052362804878049 0.0020454545454545456 0.006204268292682927
2 0.4586008522727273 0.8055548780487805 0.0032406655844155847 0.008670731707317074
15 0.4552465503246753 0.806295731707317 0.0022138798701298703 0.007103658536585366
2 0.5412023133116883 0.8063125 0.0020474837662337662 0.005917682926829268
14 0.6326004464285714 0.806733231707317 0.026158685064935065 0.030539634146341463
2 0.5168080357142857 0.8073094512195121 0.0019602272727272728 0.0048628048780487805
2 0.5220342938311688 0.8073201219512196 0.0022666396103896104 0.00549390243902439
2 0.5113149350649351 0.8076128048780488 0.001525974025974026 0.005469512195121952
22 0.46995434253246754 0.8077865853658537 0.0032203733766233765 0.002768292682926829
2 0.4960135957792208 0.8078612804878048 0.003796672077922078 0.0029176829268292683
2 0.5062337662337661 0.8079664634146342 0.0023214285714285715 0.005567073170731708
2 0.5706990665584416 0.8087378048780487 0.0046286525974025975 0.003451219512195122
22 0.5034638798701299 0.8094344512195123 0.00205762987012987 0.007283536585365854
2 0.6527090097402598 0.8095868902439025 0.005499188311688312 0.005149390243902439
14 0.5910998376623376 0.8107774390243903 0.023514610389610387 0.02826219512195122
2 0.5717542613636364 0.8121753048780488 0.003492288961038961 0.002399390243902439
22 0.6545150162337662 0.8144664634146341 0.004646915584415584 0.003323170731707317
2 0.48538250811688316 0.8145121951219512 0.001609172077922078 0.00524390243902439
2 0.4873549107142857 0.8151341463414634 0.00190137987012987 0.00526829268292683
2 0.6729738230519481 0.8150243902439025 0.009096996753246753 0.005048780487804877
2 0.49397930194805195 0.8151219512195121 0.0017573051948051948 0.00524390243902439
2 0.4919094967532468 0.8150625 0.0016761363636363636 0.005124999999999999
2 0.4734943181818182 0.815391768292683 0.0013717532467532466 0.0051737804878048774
2 0.4716233766233766 0.8154893292682927 0.0012824675324675325 0.00536890243902439
22 0.49628043831168833 0.8154496951219513 0.0023011363636363637 0.0071189024390243905
2 0.5718415178571429 0.8157073170731707 0.003260957792207792 0.0021463414634146343
2 0.498708400974026 0.8160503048780487 0.0014752435064935064 0.005271341463414634
7 0.4807467532467532 0.8182759146341464 0.0028896103896103894 0.009722560975609756
2 0.5721174918831169 0.8187621951219513 0.0034070616883116883 0.003378048780487805
7 0.4832863230519481 0.8188719512195122 0.002692775974025974 0.010914634146341463
2 0.6577546672077922 0.8190060975609756 0.0017918019480519481 0.005695121951219512
2 0.6596093749999999 0.8190228658536586 0.0018486201298701297 0.00511890243902439
2 0.6544094967532467 0.8191356707317072 0.0015949675324675326 0.0047347560975609755
2 0.5313717532467532 0.819765243902439 0.012824675324675325 0.006603658536585366
2 0.6518709415584416 0.8198628048780489 0.0017938311688311687 0.004969512195121951
2 0.6772169237012987 0.8201326219512195 0.0033786525974025972 0.0030701219512195123
2 0.4854788961038961 0.8208109756097561 0.002207792207792208 0.005646341463414634
22 0.6827952516233766 0.8215243902439024 0.004795048701298701 0.0034146341463414634
22 0.49341720779220777 0.8222454268292684 0.0018506493506493505 0.006076219512195122
2 0.4888382711038961 0.8220685975609757 0.003244724025974026 0.002064024390243902
22 0.5223650568181818 0.8225487804878049 0.0021164772727272725 0.007292682926829269
22 0.49343344155844154 0.8227454268292683 0.001883116883116883 0.005856707317073171
22 0.5170728490259741 0.8227911585365854 0.002489853896103896 0.007777439024390245
22 0.5119521103896104 0.8227789634146342 0.001988636363636364 0.007753048780487805
22 0.506125202922078 0.8231356707317073 0.002510146103896104 0.006637195121951219
2 0.6687002840909091 0.8253521341463416 0.003796672077922078 0.0025335365853658537
29 0.6755346996753246 0.8270121951219512 0.007319399350649351 0.007682926829268293
22 0.6851532061688311 0.8279298780487805 0.001799918831168831 0.0052499999999999995
22 0.4454301948051948 0.8289131097560976 0.0032792207792207793 0.0023384146341463414
22 0.4390046672077922 0.829047256097561 0.003415178571428571 0.002606707317073171
2 0.6430813717532468 0.8294024390243903 0.00166599025974026 0.0051463414634146335
2 0.6391416396103896 0.8298948170731707 0.001497564935064935 0.005521341463414634
2 0.6370880681818182 0.8299817073170732 0.0014488636363636364 0.005695121951219512
22 0.6350284090909091 0.8302987804878049 0.0017938311688311687 0.005719512195121952
14 0.6821083603896103 0.8301692073170731 0.004638798701298701 0.007899390243902439
2 0.630932426948052 0.830170731707317 0.0021245941558441558 0.006073170731707317
22 0.6330834009740259 0.8303551829268293 0.0015564123376623376 0.0052225609756097555
2 0.6287368100649351 0.8305182926829268 0.0017918019480519481 0.005548780487804878
2 0.6411262175324675 0.8306128048780488 0.0018141233766233765 0.0063475609756097565
22 0.6168851461038961 0.8306356707317074 0.0020332792207792207 0.0051737804878048774
22 0.6189681412337662 0.8306051829268294 0.0017349837662337664 0.005722560975609756
22 0.6148193993506493 0.830765243902439 0.0023660714285714288 0.004823170731707317
22 0.6232021103896104 0.8308475609756097 0.0020860389610389608 0.005597560975609756
22 0.6208502435064935 0.8308155487804878 0.002252435064935065 0.004923780487804877
22 0.6087621753246754 0.8308643292682927 0.0016152597402597402 0.005021341463414633
22 0.6108837256493507 0.8309146341463415 0.001799918831168831 0.005121951219512195
22 0.6129961444805194 0.8308521341463415 0.001966314935064935 0.004996951219512195
22 0.6066791801948053 0.8311646341463415 0.0019135551948051947 0.005621951219512196
29 0.4844561688311689 0.8310091463414634 0.014772727272727272 0.013847560975609756
22 0.6027201704545454 0.8311021341463414 0.0021124188311688313 0.005496951219512196
22 0.6006990665584415 0.831375 0.0021286525974025974 0.004823170731707317
22 0.6046215503246752 0.8313155487804879 0.0022625811688311687 0.005923780487804878
2 0.5904941152597403 0.8314329268292683 0.0024168019480519482 0.005548780487804878
22 0.5985866477272728 0.8315 0.0019622564935064934 0.005073170731707317
22 0.5921864853896104 0.8316631097560976 0.0017431006493506492 0.0053993902439024395
22 0.5966517857142858 0.8317118902439024 0.00174512987012987 0.005496951219512196
2 0.5883461850649351 0.8317789634146342 0.0013676948051948052 0.005021341463414633
22 0.5937520292207793 0.831875 0.001627435064935065 0.005823170731707318
2 0.6260044642857142 0.8318521341463414 0.002820616883116883 0.008826219512195121
2 0.5782376217532467 0.8321798780487806 0.0018486201298701297 0.005823170731707318
2 0.5802739448051948 0.8324298780487804 0.0018628246753246752 0.006323170731707317
2 0.5857640016233766 0.8330853658536586 0.0026968344155844154 0.007024390243902439
15 0.5833796672077922 0.8332774390243902 0.001580762987012987 0.006798780487804878
2 0.5755803571428572 0.8342515243902439 0.003433441558441559 0.008746951219512196
22 0.7567623782467532 0.8343384146341464 0.004596185064935064 0.0034329268292682927
15 0.4700994318181818 0.8345807926829268 0.008786525974025973 0.01977134146341463
2 0.43338271103896103 0.8351371951219512 0.0031290584415584414 0.0025914634146341465
13 0.6448681006493506 0.8356006097560975 0.009703733766233767 0.005347560975609756
29 0.4461272321428571 0.8358521341463414 0.006296672077922078 0.010118902439024389
2 0.7184689529220779 0.835876524390244 0.0018729707792207793 0.0071189024390243905
2 0.6843678977272727 0.8359664634146341 0.0034760551948051946 0.003640243902439024
29 0.4395799512987013 0.8362728658536585 0.006594967532467532 0.009740853658536585
2 0.6294247159090909 0.837185975609756 0.0027617694805194804 0.002420731707317073
2 0.6780093344155844 0.837157012195122 0.002122564935064935 0.004801829268292683
2 0.6759588068181818 0.8373734756097561 0.0016741071428571428 0.005234756097560976
2 0.7572443181818181 0.8381966463414634 0.005560064935064935 0.0032225609756097564
7 0.7382589285714285 0.8386798780487804 0.013449675324675324 0.014554878048780489
15 0.43321732954545455 0.838983231707317 0.004421672077922077 0.003576219512195122
2 0.6842228084415585 0.8392698170731707 0.003591720779220779 0.002929878048780488
22 0.7278053977272727 0.8404314024390244 0.007558847402597403 0.02171646341463415
2 0.6294135551948052 0.8407118902439024 0.003145292207792208 0.002155487804878049
22 0.5239559659090909 0.8422652439024391 0.002051542207792208 0.005871951219512196
7 0.6034993912337663 0.842451219512195 0.004482548701298702 0.009292682926829268
7 0.6109243100649351 0.8423384146341463 0.004721996753246753 0.009067073170731707
7 0.5847433035714286 0.8423262195121951 0.00471387987012987 0.009042682926829268
22 0.4448873782467533 0.8425411585365853 0.0034111201298701295 0.003375
7 0.5985227272727273 0.8426219512195122 0.004675324675324675 0.01024390243902439
7 0.5920586444805195 0.8426692073170732 0.004328327922077922 0.00911890243902439
2 0.43320211038961043 0.8431189024390243 0.0031737012987012986 0.0033109756097560975
22 0.43884131493506495 0.8429939024390244 0.0030884740259740262 0.0030609756097560972
22 0.49079951298701296 0.8430624999999999 0.002297077922077922 0.005027439024390243
29 0.4788220373376624 0.8433597560975609 0.006345373376623376 0.008670731707317074
7 0.5798234577922078 0.8435137195121951 0.004614448051948052 0.00836890243902439
7 0.5739569805194805 0.8439268292682927 0.004650974025974026 0.009195121951219512
22 0.44217532467532467 0.8443170731707318 0.0020454545454545456 0.005097560975609755
22 0.4480225243506494 0.8444771341463415 0.0019703733766233767 0.006637195121951219
13 0.7551390016233765 0.8445167682926829 0.013118912337662339 0.008545731707317074
22 0.4452272727272727 0.8458856707317074 0.0032792207792207793 0.002746951219512195
29 0.7070769074675325 0.8468018292682927 0.013585633116883118 0.013115853658536587
13 0.6388890016233767 0.8470853658536586 0.003833198051948052 0.014902439024390245
29 0.48550020292207796 0.8472408536585365 0.0067146915584415596 0.007286585365853658
7 0.7422595373376624 0.8483673780487805 0.006434659090909091 0.003442073170731707
29 0.6267390422077922 0.8490838414634146 0.01768262987012987 0.013411585365853658
15 0.611185064935065 0.8498734756097561 0.004431818181818182 0.0021859756097560973
15 0.6042826704545455 0.8501996951219513 0.0048315746753246755 0.003448170731707317
15 0.585836038961039 0.8506371951219512 0.004464285714285714 0.004323170731707317
15 0.5979383116883117 0.8505960365853659 0.00512987012987013 0.00363109756097561
15 0.5917390422077923 0.8507652439024391 0.004906655844155844 0.0033597560975609756
22 0.7366974431818182 0.8506753048780489 0.0022098214285714286 0.008667682926829269
2 0.5797392451298701 0.85075 0.004446022727272727 0.0033292682926829268
15 0.5739032061688312 0.8514344512195122 0.004949269480519481 0.003478658536585366
22 0.740408887987013 0.8518841463414634 0.005168425324675325 0.004378048780487804
2 0.696989650974026 0.8519512195121951 0.004774756493506494 0.0032926829268292686
2 0.6108583603896104 0.8538932926829268 0.004995941558441559 0.002908536585365853
2 0.6042288961038961 0.8540746951219511 0.004318181818181818 0.0032713414634146344
2 0.598179788961039 0.8543841463414634 0.004801136363636363 0.002670731707317073
2 0.5918394886363636 0.854609756097561 0.004701704545454545 0.0031219512195121953
2 0.5856737012987012 0.8546356707317073 0.004545454545454545 0.0037835365853658535
15 0.5800020292207793 0.8549329268292682 0.004565746753246753 0.0025487804878048777
2 0.5738403003246754 0.8547896341463415 0.005229301948051948 0.003481707317073171
29 0.700955762987013 0.8675685975609756 0.01757711038961039 0.012576219512195123
6 0.656176948051948 0.8682378048780488 0.02461038961038961 0.03891463414634146
6 0.5886363636363636 0.8746478658536585 0.05836038961038961 0.031003048780487805
6 0.5046540178571428 0.8747286585365854 0.02554180194805195 0.03360365853658537
6 0.5359709821428571 0.8749664634146341 0.022428977272727274 0.03773780487804878
29 0.5602790178571428 0.24220884146341465 0.004892451298701299 0.010027439024390244
22 0.5566619318181818 0.2443246951219512 0.002122564935064935 0.005722560975609756
2 0.5775740665584416 0.24564329268292684 0.003768262987012987 0.003481707317073171
29 0.5905326704545455 0.24837499999999998 0.003711444805194805 0.002847560975609756
22 0.5592390422077922 0.2484984756097561 0.004030032467532468 0.0030945121951219514
29 0.5961982548701299 0.24865853658536585 0.006519886363636364 0.00951219512195122
29 0.5836008522727273 0.2491326219512195 0.006893262987012987 0.009850609756097561
22 0.578372564935065 0.24998780487804878 0.002524350649350649 0.006073170731707317
22 0.5593191964285714 0.2519618902439024 0.0037844967532467528 0.0033140243902439023
22 0.5882203733766234 0.25295579268292684 0.0019277597402597403 0.006521341463414635
22 0.7704038149350649 0.2535609756097561 0.004281655844155845 0.0034634146341463415
22 0.7770403814935065 0.25391463414634147 0.00497362012987013 0.0023414634146341463
22 0.7649746347402597 0.2540137195121951 0.004786931818181818 0.0031493902439024392
22 0.5655702110389611 0.2555625 0.002487824675324675 0.008076219512195122
29 0.608809862012987 0.25632926829268293 0.0069866071428571425 0.009609756097560975
15 0.7249015827922078 0.2569878048780488 0.010273944805194805 0.005439024390243902
2 0.5607670454545455 0.257030487804878 0.003839285714285715 0.003695121951219512
7 0.5752242288961039 0.25878506097560977 0.002721185064935065 0.011472560975609758
7 0.5785288149350649 0.25883841463414636 0.0028368506493506493 0.011579268292682927
22 0.7733137175324675 0.2603536585365854 0.004419642857142857 0.003024390243902439
29 0.7562814529220779 0.26041615853658534 0.008910308441558441 0.02205182926829268
22 0.7102637987012986 0.26041310975609755 0.005349025974025974 0.004362804878048781
22 0.5974249188311689 0.2611600609756098 0.0024797077922077923 0.006466463414634147
22 0.5934456168831169 0.2613887195121951 0.002232142857142857 0.006314024390243903
22 0.5916436688311688 0.2614496951219512 0.002280844155844156 0.006435975609756097
22 0.595377435064935 0.26148475609756094 0.002849025974025974 0.007115853658536586
2 0.7618415178571428 0.26151219512195123 0.001767451298701299 0.007780487804878049
2 0.6022727272727273 0.26141768292682926 0.002029220779220779 0.006371951219512195
22 0.7696935876623378 0.26184756097560974 0.002049512987012987 0.00723170731707317
22 0.764862012987013 0.26191768292682926 0.002126623376623377 0.0067621951219512194
22 0.779356737012987 0.2623932926829268 0.0018952922077922077 0.007103658536585366
22 0.7672930194805194 0.2624923780487805 0.0021185064935064935 0.007911585365853659
22 0.5832386363636364 0.262484756097561 0.002516233766233766 0.006067073170731707
22 0.5810135957792208 0.26254725609756097 0.0025304383116883118 0.006192073170731707
22 0.7770434253246753 0.26275000000000004 0.002544642857142857 0.007207317073170732
15 0.6570211038961039 0.26293597560975607 0.002353896103896104 0.007579268292682927
22 0.564692573051948 0.26322713414634147 0.0019500811688311687 0.005722560975609756
22 0.566791801948052 0.26327896341463414 0.002090097402597403 0.005826219512195122
22 0.7735176542207792 0.2639390243902439 0.004827516233766233 0.004097560975609756
2 0.7161647727272727 0.26558536585365855 0.003758116883116883 0.015317073170731709
29 0.552007913961039 0.2659573170731707 0.007019074675324676 0.009963414634146342
14 0.7317258522727274 0.26633689024390245 0.018240665584415585 0.014990853658536587
2 0.6899056412337662 0.26729878048780487 0.006434659090909091 0.005329268292682927
15 0.7060825892857142 0.2678536585365853 0.0022625811688311687 0.006439024390243903
15 0.6960014204545455 0.2678109756097561 0.001986607142857143 0.006963414634146342
2 0.7037428977272727 0.2680106707317073 0.0016416396103896105 0.00736280487804878
2 0.6986627435064936 0.2681173780487805 0.0024391233766233767 0.007576219512195123
22 0.7759709821428572 0.26816920731707317 0.004052353896103896 0.0021920731707317075
22 0.7634588068181818 0.2685609756097561 0.005813717532467532 0.002975609756097561
22 0.7840117694805195 0.26853506097560975 0.004711850649350649 0.002923780487804878
2 0.6665888798701298 0.26865396341463416 0.002414772727272727 0.007429878048780488
2 0.6820667613636363 0.2690685975609756 0.005773133116883117 0.005210365853658537
22 0.770101461038961 0.26900152439024394 0.004488636363636364 0.0026371951219512197
2 0.673111810064935 0.2691295731707317 0.0061262175324675325 0.005332317073170731
22 0.6776176948051948 0.26914481707317073 0.002556818181818182 0.00536280487804878
22 0.6689052353896103 0.269375 0.002583198051948052 0.005823170731707318
2 0.6638058035714286 0.2695 0.0017187500000000002 0.006073170731707317
15 0.6384679383116882 0.26975 0.002585227272727273 0.007182926829268292
22 0.7105164366883118 0.27021493902439025 0.005042613636363637 0.003844512195121951
22 0.656953125 0.27152134146341467 0.0026237824675324675 0.007676829268292683
2 0.6480194805194806 0.27322256097560976 0.005048701298701298 0.0037621951219512194
22 0.6422717126623376 0.27348170731707316 0.004916801948051948 0.003670731707317073
7 0.6165604707792207 0.2740746951219512 0.0074715909090909095 0.0036371951219512193
22 0.6108847402597403 0.2748917682926829 0.003425324675324675 0.0028323170731707316
22 0.5113890016233766 0.27593140243902436 0.005732548701298701 0.003692073170731707
22 0.5563484172077922 0.27626371951219514 0.002307224025974026 0.006185975609756097
7 0.5540574269480519 0.27659603658536586 0.0025953733766233764 0.01111890243902439
2 0.6900801542207793 0.27707621951219513 0.003942775974025974 0.003542682926829268
14 0.501856737012987 0.27708079268292685 0.0065543831168831165 0.008429878048780487
2 0.6961586850649351 0.27729115853658537 0.003518668831168831 0.008850609756097562
22 0.5064995941558442 0.2780442073170732 0.0028530844155844155 0.007917682926829268
2 0.7011860795454545 0.2781692073170732 0.0026156655844155846 0.0075579268292682925
2 0.6991852678571429 0.27845884146341465 0.0022666396103896104 0.0075274390243902445
2 0.692877435064935 0.27852286585365854 0.002232142857142857 0.005826219512195122
22 0.6824259334415584 0.2792042682926829 0.0016213474025974027 0.005359756097560975
29 0.6171915584415585 0.27966768292682925 0.006298701298701298 0.006286585365853659
2 0.510666599025974 0.28013414634146344 0.005505275974025974 0.0035609756097560977
15 0.5470982142857143 0.2811082317073171 0.004099025974025974 0.009777439024390244
22 0.6107508116883117 0.2816798780487805 0.003969155844155844 0.0029939024390243903
7 0.6402414772727273 0.28164786585365853 0.0028855519480519482 0.011466463414634146
7 0.6379900568181818 0.2815503048780488 0.0024411525974025973 0.010661585365853658
7 0.6427465503246753 0.2821006097560976 0.002619724025974026 0.010542682926829267
2 0.6731138392857143 0.28264481707317074 0.0024776785714285716 0.00736280487804878
14 0.6662662337662338 0.2829862804878049 0.008668831168831168 0.01536280487804878
2 0.6566578733766234 0.2829405487804878 0.0024391233766233767 0.007344512195121951
2 0.650059862012987 0.2831905487804878 0.0038534902597402595 0.009064024390243902
2 0.6537002840909091 0.2831935975609756 0.003423295454545455 0.009070121951219512
2 0.7043120941558442 0.28316615853658533 0.005215097402597403 0.00413719512195122
2 0.645354099025974 0.2843780487804878 0.0025588474025974024 0.005951219512195122
22 0.5009760551948051 0.28423170731707315 0.005604707792207792 0.003829268292682927
22 0.5087266639610389 0.2849100609756098 0.005278003246753247 0.003966463414634146
7 0.6183096590909092 0.28529268292682924 0.006911525974025974 0.0035121951219512196
2 0.556130275974026 0.2853155487804878 0.0022767857142857143 0.005996951219512195
2 0.6783400974025974 0.28571798780487806 0.004001623376623377 0.010460365853658537
2 0.5540351055194805 0.2854893292682927 0.0021448863636363636 0.0057347560975609755
2 0.7040381493506493 0.2868140243902439 0.005073051948051948 0.00350609756097561
7 0.7107325487012986 0.2874862804878049 0.008315746753246752 0.004850609756097561
2 0.49882812499999996 0.2882789634146341 0.005367288961038961 0.0033871951219512195
7 0.6173802759740259 0.28854725609756093 0.007487824675324675 0.0033140243902439023
2 0.6107508116883117 0.2889481707317073 0.003969155844155844 0.00350609756097561
22 0.5085460633116883 0.2890579268292683 0.005322646103896104 0.0031158536585365855
22 0.7796814123376623 0.29158993902439023 0.003356331168831169 0.0039115853658536585
2 0.6594226866883117 0.29228658536585367 0.002286931818181818 0.00774390243902439
15 0.6524644886363636 0.29276219512195123 0.003386769480519481 0.009304878048780487
2 0.6562591314935065 0.29276219512195123 0.0036708603896103897 0.009304878048780487
2 0.6342339691558442 0.29371951219512193 0.004263392857142857 0.0032926829268292686
29 0.6186708603896104 0.2947225609756098 0.006416396103896104 0.00773780487804878
22 0.6143242694805194 0.2951692073170732 0.0025933441558441558 0.0055823170731707315
2 0.6678459821428572 0.29538109756097564 0.0024939123376623374 0.0072256097560975605
15 0.6649655032467532 0.2956768292682927 0.002414772727272727 0.007817073170731707
2 0.6778601866883117 0.2963795731707317 0.005071022727272727 0.0037347560975609755
22 0.6343131087662338 0.29671646341463415 0.004421672077922077 0.0031890243902439027
14 0.6435075081168831 0.29714329268292683 0.014287743506493505 0.01745731707317073
22 0.507927150974026 0.29722103658536586 0.005708198051948052 0.003588414634146341
2 0.6714427759740259 0.29775 0.003599837662337662 0.003426829268292683
22 0.6344186282467532 0.30009756097560975 0.004226866883116883 0.0032439024390243905
14 0.4982000811688312 0.30134603658536585 0.01263392857142857 0.018545731707317072
22 0.507927150974026 0.30148780487804877 0.005708198051948052 0.0035853658536585367
22 0.6145758928571429 0.301577743902439 0.0022849025974025976 0.007423780487804879
29 0.6189103084415584 0.30152591463414635 0.006083603896103896 0.006710365853658537
22 0.6108715503246753 0.3016829268292683 0.003804788961038961 0.0033658536585365853
22 0.555757913961039 0.301702743902439 0.003967126623376623 0.0040152439024390245
2 0.6526034902597403 0.302672256097561 0.0040706168831168826 0.00961280487804878
14 0.5846885146103896 0.30396798780487805 0.04802962662337662 0.07196036585365853
22 0.6676988636363637 0.303890243902439 0.0030113636363636362 0.008390243902439025
2 0.6342928165584416 0.3039039634146341 0.005192775974025974 0.004149390243902439
22 0.6650750811688311 0.3041173780487805 0.0030397727272727273 0.008234756097560976
22 0.5558614042207792 0.3045762195121951 0.004579951298701299 0.003664634146341463