3 0.6826923076923077 0.3317307692307692 0.014423076923076924 0.004807692307692308
3 0.6802884615384616 0.34615384615384615 0.014423076923076924 0.019230769230769232
29 0.6778846153846154 0.44591346153846156 0.009615384615384616 0.007211538461538462
6 0.6730769230769231 0.4639423076923077 0.04326923076923077 0.02403846153846154
3 0.6730769230769231 0.33413461538461536 0.004807692307692308 0.004807692307692308
29 0.6682692307692307 0.44591346153846156 0.009615384615384616 0.007211538461538462
15 0.6646634615384616 0.35096153846153844 0.007211538461538462 0.009615384615384616
3 0.6610576923076923 0.3389423076923077 0.009615384615384616 0.009615384615384616
15 0.65625 0.35096153846153844 0.004807692307692308 0.009615384615384616
6 0.6550480769230769 0.3605769230769231 0.04567307692307692 0.009615384615384616
7 0.6538461538461539 0.3389423076923077 0.004807692307692308 0.009615384615384616
23 0.6502403846153846 0.34375 0.002403846153846154 0.004807692307692308
23 0.6502403846153846 0.3389423076923077 0.002403846153846154 0.004807692307692308
15 0.6490384615384616 0.35096153846153844 0.004807692307692308 0.009615384615384616
29 0.6466346153846154 0.3317307692307692 0.009615384615384616 0.004807692307692308
23 0.6442307692307693 0.33533653846153844 0.004807692307692308 0.002403846153846154
29 0.6442307692307693 0.3401442307692308 0.009615384615384616 0.007211538461538462
15 0.6418269230769231 0.35096153846153844 0.004807692307692308 0.009615384615384616
3 0.6310096153846154 0.34134615384615385 0.01201923076923077 0.004807692307692308
3 0.6298076923076923 0.33413461538461536 0.014423076923076924 0.004807692307692308
6 0.6322115384615384 0.4723557692307692 0.028846153846153848 0.036057692307692304
29 0.6298076923076923 0.44711538461538464 0.009615384615384616 0.004807692307692308
3 0.6274038461538461 0.36778846153846156 0.009615384615384616 0.009615384615384616
3 0.6201923076923077 0.33653846153846156 0.004807692307692308 0.004807692307692308
3 0.6105769230769231 0.3701923076923077 0.014423076923076924 0.019230769230769232
3 0.6057692307692307 0.3449519230769231 0.004807692307692308 0.002403846153846154
3 0.6009615384615384 0.35096153846153844 0.004807692307692308 0.004807692307692308
23 0.5997596153846154 0.33413461538461536 0.002403846153846154 0.004807692307692308
23 0.5985576923076923 0.34375 0.004807692307692308 0.004807692307692308
23 0.5997596153846154 0.3389423076923077 0.002403846153846154 0.004807692307692308
15 0.5973557692307693 0.3557692307692308 0.01201923076923077 0.004807692307692308
23 0.5973557692307693 0.33413461538461536 0.002403846153846154 0.004807692307692308
7 0.5961538461538461 0.4567307692307692 0.004807692307692308 0.009615384615384616
3 0.59375 0.35096153846153844 0.004807692307692308 0.004807692307692308
14 0.59375 0.34134615384615385 0.004807692307692308 0.004807692307692308
3 0.5925480769230769 0.46153846153846156 0.002403846153846154 0.004807692307692308
23 0.5889423076923077 0.46153846153846156 0.004807692307692308 0.004807692307692308
29 0.5817307692307693 0.4579326923076923 0.009615384615384616 0.007211538461538462
15 0.5817307692307693 0.4519230769230769 0.004807692307692308 0.004807692307692308
29 0.5721153846153846 0.4579326923076923 0.009615384615384616 0.007211538461538462
15 0.5721153846153846 0.4519230769230769 0.004807692307692308 0.004807692307692308
3 0.5673076923076923 0.42908653846153844 0.004807692307692308 0.002403846153846154
14 0.5600961538461539 0.43990384615384615 0.019230769230769232 0.014423076923076924
29 0.5528846153846154 0.4579326923076923 0.009615384615384616 0.007211538461538462
15 0.5528846153846154 0.4519230769230769 0.004807692307692308 0.004807692307692308
7 0.5456730769230769 0.4543269230769231 0.004807692307692308 0.009615384615384616
3 0.5420673076923077 0.41586538461538464 0.002403846153846154 0.004807692307692308
3 0.5420673076923077 0.4110576923076923 0.002403846153846154 0.004807692307692308
7 0.5408653846153846 0.4543269230769231 0.004807692307692308 0.009615384615384616
23 0.5372596153846154 0.41346153846153844 0.002403846153846154 0.004807692307692308
7 0.5336538461538461 0.4543269230769231 0.004807692307692308 0.009615384615384616
7 0.5288461538461539 0.4567307692307692 0.004807692307692308 0.009615384615384616
3 0.5288461538461539 0.42788461538461536 0.004807692307692308 0.004807692307692308
3 0.5264423076923077 0.36899038461538464 0.004807692307692308 0.002403846153846154
23 0.5276442307692307 0.36658653846153844 0.007211538461538462 0.002403846153846154
29 0.5264423076923077 0.43990384615384615 0.009615384615384616 0.004807692307692308
3 0.5240384615384616 0.35096153846153844 0.004807692307692308 0.004807692307692308
6 0.5264423076923077 0.4795673076923077 0.10576923076923077 0.026442307692307692
3 0.5192307692307693 0.34375 0.004807692307692308 0.004807692307692308
23 0.5180288461538461 0.36658653846153844 0.007211538461538462 0.002403846153846154
3 0.5168269230769231 0.36899038461538464 0.004807692307692308 0.002403846153846154
23 0.5144230769230769 0.34134615384615385 0.004807692307692308 0.004807692307692308
3 0.515625 0.42788461538461536 0.002403846153846154 0.004807692307692308
28 0.5144230769230769 0.44711538461538464 0.004807692307692308 0.004807692307692308
14 0.5120192307692307 0.35336538461538464 0.019230769230769232 0.014423076923076924
23 0.5108173076923077 0.34375 0.002403846153846154 0.004807692307692308
14 0.5108173076923077 0.4098557692307692 0.040865384615384616 0.026442307692307692
29 0.5096153846153846 0.4543269230769231 0.009615384615384616 0.004807692307692308
29 0.5096153846153846 0.4543269230769231 0.009615384615384616 0.004807692307692308
3 0.5096153846153846 0.42788461538461536 0.004807692307692308 0.004807692307692308
23 0.5060096153846154 0.34375 0.002403846153846154 0.004807692307692308
29 0.5072115384615384 0.46153846153846156 0.009615384615384616 0.004807692307692308
3 0.5060096153846154 0.42788461538461536 0.002403846153846154 0.004807692307692308
23 0.5036057692307693 0.34134615384615385 0.002403846153846154 0.004807692307692308
28 0.5024038461538461 0.44711538461538464 0.004807692307692308 0.004807692307692308
23 0.5024038461538461 0.3641826923076923 0.004807692307692308 0.002403846153846154
3 0.5012019230769231 0.42788461538461536 0.002403846153846154 0.004807692307692308
3 0.5 0.3581730769230769 0.004807692307692308 0.004807692307692308
3 0.5 0.35336538461538464 0.004807692307692308 0.004807692307692308
29 0.49759615384615385 0.46153846153846156 0.009615384615384616 0.004807692307692308
29 0.49759615384615385 0.4543269230769231 0.009615384615384616 0.004807692307692308
3 0.49399038461538464 0.4266826923076923 0.007211538461538462 0.002403846153846154
28 0.49278846153846156 0.44711538461538464 0.004807692307692308 0.004807692307692308
23 0.4879807692307692 0.3557692307692308 0.004807692307692308 0.004807692307692308
23 0.4879807692307692 0.35096153846153844 0.004807692307692308 0.004807692307692308
3 0.4879807692307692 0.34615384615384615 0.004807692307692308 0.004807692307692308
29 0.4855769230769231 0.4543269230769231 0.009615384615384616 0.004807692307692308
29 0.4855769230769231 0.46153846153846156 0.009615384615384616 0.004807692307692308
15 0.48677884615384615 0.4266826923076923 0.007211538461538462 0.002403846153846154
23 0.484375 0.4050480769230769 0.007211538461538462 0.002403846153846154
23 0.4855769230769231 0.421875 0.004807692307692308 0.002403846153846154
3 0.4855769230769231 0.42427884615384615 0.004807692307692308 0.002403846153846154
3 0.4855769230769231 0.4170673076923077 0.004807692307692308 0.002403846153846154
23 0.484375 0.4098557692307692 0.007211538461538462 0.002403846153846154
29 0.4795673076923077 0.3485576923076923 0.01201923076923077 0.009615384615384616
28 0.4807692307692308 0.44711538461538464 0.004807692307692308 0.004807692307692308
3 0.47596153846153844 0.4254807692307692 0.004807692307692308 0.004807692307692308
29 0.47596153846153844 0.46153846153846156 0.009615384615384616 0.004807692307692308
3 0.47596153846153844 0.40625 0.004807692307692308 0.004807692307692308
3 0.47115384615384615 0.39903846153846156 0.014423076923076924 0.004807692307692308
3 0.4639423076923077 0.44711538461538464 0.004807692307692308 0.004807692307692308
29 0.46153846153846156 0.43149038461538464 0.02403846153846154 0.01201923076923077
29 0.46153846153846156 0.4110576923076923 0.02403846153846154 0.014423076923076924
3 0.45913461538461536 0.44711538461538464 0.004807692307692308 0.004807692307692308
3 0.4567307692307692 0.43990384615384615 0.014423076923076924 0.004807692307692308
3 0.4567307692307692 0.4206730769230769 0.014423076923076924 0.004807692307692308
7 0.4543269230769231 0.4639423076923077 0.004807692307692308 0.009615384615384616
3 0.4543269230769231 0.4495192307692308 0.004807692307692308 0.009615384615384616
29 0.44711538461538464 0.46634615384615385 0.009615384615384616 0.004807692307692308
23 0.44471153846153844 0.4543269230769231 0.004807692307692308 0.004807692307692308
15 0.44471153846153844 0.46274038461538464 0.009615384615384616 0.002403846153846154
3 0.4423076923076923 0.3485576923076923 0.014423076923076924 0.004807692307692308
23 0.4423076923076923 0.4326923076923077 0.004807692307692308 0.004807692307692308
23 0.4423076923076923 0.4543269230769231 0.004807692307692308 0.004807692307692308
14 0.43990384615384615 0.33533653846153844 0.019230769230769232 0.021634615384615384
3 0.4411057692307692 0.421875 0.007211538461538462 0.002403846153846154
3 0.43990384615384615 0.41947115384615385 0.004807692307692308 0.002403846153846154
3 0.43990384615384615 0.41466346153846156 0.004807692307692308 0.002403846153846154
3 0.43990384615384615 0.4074519230769231 0.004807692307692308 0.002403846153846154
3 0.4411057692307692 0.42908653846153844 0.007211538461538462 0.002403846153846154
3 0.4387019230769231 0.4326923076923077 0.002403846153846154 0.004807692307692308
7 0.4375 0.4639423076923077 0.004807692307692308 0.009615384615384616
23 0.4375 0.4543269230769231 0.004807692307692308 0.004807692307692308
14 0.4375 0.44471153846153844 0.02403846153846154 0.014423076923076924
23 0.4326923076923077 0.3485576923076923 0.004807692307692308 0.004807692307692308
23 0.4338942307692308 0.4543269230769231 0.002403846153846154 0.004807692307692308
23 0.42908653846153844 0.4543269230769231 0.002403846153846154 0.004807692307692308
29 0.43028846153846156 0.46634615384615385 0.009615384615384616 0.004807692307692308
23 0.42788461538461536 0.3485576923076923 0.004807692307692308 0.004807692307692308
15 0.42908653846153844 0.46274038461538464 0.007211538461538462 0.002403846153846154
23 0.4266826923076923 0.45552884615384615 0.002403846153846154 0.002403846153846154
22 0.421875 0.3942307692307692 0.007211538461538462 0.004807692307692308
7 0.4206730769230769 0.4639423076923077 0.004807692307692308 0.009615384615384616
3 0.41947115384615385 0.4375 0.002403846153846154 0.004807692307692308
23 0.4206730769230769 0.4423076923076923 0.004807692307692308 0.004807692307692308
23 0.4170673076923077 0.4423076923076923 0.002403846153846154 0.004807692307692308
23 0.41466346153846156 0.4423076923076923 0.002403846153846154 0.004807692307692308
3 0.41466346153846156 0.4375 0.002403846153846154 0.004807692307692308
22 0.41346153846153844 0.3942307692307692 0.004807692307692308 0.004807692307692308
3 0.41225961538461536 0.3425480769230769 0.021634615384615384 0.007211538461538462
29 0.41346153846153844 0.46634615384615385 0.009615384615384616 0.004807692307692308
6 0.41346153846153844 0.4795673076923077 0.08653846153846154 0.021634615384615384
3 0.4110576923076923 0.33653846153846156 0.014423076923076924 0.004807692307692308
15 0.41225961538461536 0.46274038461538464 0.007211538461538462 0.002403846153846154
23 0.4098557692307692 0.4423076923076923 0.002403846153846154 0.004807692307692308
3 0.4098557692307692 0.43990384615384615 0.002403846153846154 0.004807692307692308
14 0.4110576923076923 0.4182692307692308 0.04807692307692308 0.03365384615384615
3 0.40625 0.38221153846153844 0.004807692307692308 0.004807692307692308
23 0.4074519230769231 0.4423076923076923 0.002403846153846154 0.004807692307692308
3 0.4050480769230769 0.33052884615384615 0.007211538461538462 0.002403846153846154
15 0.4050480769230769 0.3329326923076923 0.007211538461538462 0.002403846153846154
22 0.40625 0.39663461538461536 0.004807692307692308 0.004807692307692308
3 0.40384615384615385 0.3485576923076923 0.014423076923076924 0.004807692307692308
23 0.40384615384615385 0.38221153846153844 0.004807692307692308 0.004807692307692308
7 0.40384615384615385 0.46153846153846156 0.004807692307692308 0.009615384615384616
23 0.40384615384615385 0.4423076923076923 0.004807692307692308 0.004807692307692308
3 0.39903846153846156 0.3245192307692308 0.004807692307692308 0.004807692307692308
23 0.4014423076923077 0.4423076923076923 0.004807692307692308 0.004807692307692308
3 0.4014423076923077 0.4375 0.004807692307692308 0.004807692307692308
15 0.39783653846153844 0.328125 0.007211538461538462 0.002403846153846154
23 0.39903846153846156 0.38221153846153844 0.004807692307692308 0.004807692307692308
7 0.39903846153846156 0.46153846153846156 0.004807692307692308 0.009615384615384616
22 0.39783653846153844 0.3942307692307692 0.007211538461538462 0.004807692307692308
3 0.39663461538461536 0.3389423076923077 0.004807692307692308 0.004807692307692308
3 0.39663461538461536 0.4375 0.004807692307692308 0.004807692307692308
3 0.3942307692307692 0.3245192307692308 0.004807692307692308 0.004807692307692308
23 0.39663461538461536 0.3317307692307692 0.004807692307692308 0.004807692307692308
3 0.3942307692307692 0.35096153846153844 0.004807692307692308 0.004807692307692308
3 0.3954326923076923 0.38221153846153844 0.002403846153846154 0.004807692307692308
3 0.3942307692307692 0.43990384615384615 0.004807692307692308 0.004807692307692308
3 0.39302884615384615 0.34134615384615385 0.002403846153846154 0.004807692307692308
3 0.3918269230769231 0.35096153846153844 0.004807692307692308 0.004807692307692308
7 0.3942307692307692 0.4639423076923077 0.004807692307692308 0.009615384615384616
3 0.390625 0.34134615384615385 0.002403846153846154 0.004807692307692308
23 0.3894230769230769 0.38461538461538464 0.004807692307692308 0.004807692307692308
23 0.38822115384615385 0.35096153846153844 0.002403846153846154 0.004807692307692308
3 0.38822115384615385 0.34134615384615385 0.002403846153846154 0.004807692307692308
3 0.3870192307692308 0.3545673076923077 0.004807692307692308 0.002403846153846154
23 0.3870192307692308 0.35697115384615385 0.004807692307692308 0.002403846153846154
7 0.3870192307692308 0.4639423076923077 0.004807692307692308 0.009615384615384616
3 0.3858173076923077 0.38461538461538464 0.002403846153846154 0.004807692307692308
23 0.3858173076923077 0.35096153846153844 0.002403846153846154 0.004807692307692308
3 0.38341346153846156 0.34134615384615385 0.002403846153846154 0.004807692307692308
3 0.38461538461538464 0.37740384615384615 0.004807692307692308 0.004807692307692308
3 0.38461538461538464 0.37259615384615385 0.004807692307692308 0.004807692307692308
23 0.38221153846153844 0.3629807692307692 0.004807692307692308 0.004807692307692308
3 0.38221153846153844 0.36778846153846156 0.004807692307692308 0.004807692307692308
3 0.38341346153846156 0.35096153846153844 0.002403846153846154 0.004807692307692308
7 0.38221153846153844 0.4639423076923077 0.004807692307692308 0.009615384615384616
23 0.38221153846153844 0.3557692307692308 0.004807692307692308 0.004807692307692308
3 0.38221153846153844 0.34134615384615385 0.004807692307692308 0.004807692307692308
23 0.38100961538461536 0.43509615384615385 0.002403846153846154 0.004807692307692308
23 0.38100961538461536 0.43028846153846156 0.002403846153846154 0.004807692307692308
3 0.3786057692307692 0.35216346153846156 0.002403846153846154 0.002403846153846154
23 0.3786057692307692 0.34134615384615385 0.002403846153846154 0.004807692307692308
23 0.3798076923076923 0.43509615384615385 0.004807692307692308 0.004807692307692308
3 0.37740384615384615 0.4266826923076923 0.004807692307692308 0.002403846153846154
23 0.37740384615384615 0.43028846153846156 0.004807692307692308 0.004807692307692308
7 0.37740384615384615 0.4639423076923077 0.004807692307692308 0.009615384615384616
3 0.375 0.3557692307692308 0.004807692307692308 0.004807692307692308
23 0.3762019230769231 0.34134615384615385 0.002403846153846154 0.004807692307692308
22 0.3762019230769231 0.41586538461538464 0.007211538461538462 0.004807692307692308
22 0.375 0.4206730769230769 0.004807692307692308 0.004807692307692308
14 0.37259615384615385 0.4519230769230769 0.009615384615384616 0.009615384615384616
23 0.37259615384615385 0.35216346153846156 0.004807692307692308 0.002403846153846154
14 0.37259615384615385 0.43990384615384615 0.009615384615384616 0.009615384615384616
23 0.37259615384615385 0.34975961538461536 0.004807692307692308 0.002403846153846154
23 0.37259615384615385 0.3473557692307692 0.004807692307692308 0.002403846153846154
23 0.3701923076923077 0.3269230769230769 0.004807692307692308 0.004807692307692308
3 0.3701923076923077 0.3317307692307692 0.004807692307692308 0.004807692307692308
7 0.37259615384615385 0.4639423076923077 0.004807692307692308 0.009615384615384616
26 0.3701923076923077 0.3401442307692308 0.004807692307692308 0.002403846153846154
26 0.36778846153846156 0.3449519230769231 0.004807692307692308 0.002403846153846154
26 0.36778846153846156 0.3425480769230769 0.004807692307692308 0.002403846153846154
14 0.3629807692307692 0.3269230769230769 0.004807692307692308 0.004807692307692308
7 0.36538461538461536 0.4639423076923077 0.004807692307692308 0.009615384615384616
23 0.36538461538461536 0.3762019230769231 0.004807692307692308 0.002403846153846154
3 0.36658653846153844 0.4543269230769231 0.002403846153846154 0.004807692307692308
3 0.36538461538461536 0.3786057692307692 0.004807692307692308 0.002403846153846154
3 0.36538461538461536 0.4423076923076923 0.004807692307692308 0.004807692307692308
23 0.3641826923076923 0.37259615384615385 0.007211538461538462 0.004807692307692308
26 0.3629807692307692 0.34975961538461536 0.004807692307692308 0.002403846153846154
26 0.3629807692307692 0.3449519230769231 0.004807692307692308 0.002403846153846154
26 0.3629807692307692 0.3473557692307692 0.004807692307692308 0.002403846153846154
7 0.3605769230769231 0.4639423076923077 0.004807692307692308 0.009615384615384616
26 0.359375 0.3473557692307692 0.002403846153846154 0.002403846153846154
26 0.3581730769230769 0.34375 0.004807692307692308 0.004807692307692308
26 0.3581730769230769 0.35216346153846156 0.004807692307692308 0.002403846153846154
26 0.3581730769230769 0.3473557692307692 0.004807692307692308 0.002403846153846154
26 0.3557692307692308 0.3473557692307692 0.004807692307692308 0.002403846153846154
26 0.3557692307692308 0.3425480769230769 0.004807692307692308 0.002403846153846154
26 0.35336538461538464 0.3485576923076923 0.004807692307692308 0.004807692307692308
14 0.35336538461538464 0.4651442307692308 0.004807692307692308 0.007211538461538462
3 0.3545673076923077 0.4675480769230769 0.007211538461538462 0.002403846153846154
3 0.35336538461538464 0.4423076923076923 0.009615384615384616 0.009615384615384616
3 0.35096153846153844 0.4338942307692308 0.004807692307692308 0.002403846153846154
26 0.35096153846153844 0.3449519230769231 0.004807692307692308 0.002403846153846154
26 0.3485576923076923 0.3473557692307692 0.004807692307692308 0.002403846153846154
26 0.3473557692307692 0.3449519230769231 0.002403846153846154 0.002403846153846154
7 0.34615384615384615 0.4639423076923077 0.004807692307692308 0.009615384615384616
23 0.34375 0.34615384615384615 0.004807692307692308 0.004807692307692308
3 0.34375 0.3701923076923077 0.004807692307692308 0.004807692307692308
23 0.3401442307692308 0.34615384615384615 0.002403846153846154 0.004807692307692308
23 0.3389423076923077 0.3581730769230769 0.004807692307692308 0.004807692307692308
3 0.34134615384615385 0.4675480769230769 0.004807692307692308 0.002403846153846154
14 0.34134615384615385 0.4651442307692308 0.004807692307692308 0.007211538461538462
3 0.3389423076923077 0.40384615384615385 0.004807692307692308 0.004807692307692308
3 0.33774038461538464 0.3629807692307692 0.002403846153846154 0.004807692307692308
23 0.33774038461538464 0.34615384615384615 0.002403846153846154 0.004807692307692308
26 0.33653846153846156 0.3425480769230769 0.004807692307692308 0.002403846153846154
3 0.33774038461538464 0.390625 0.007211538461538462 0.002403846153846154
3 0.33774038461538464 0.38341346153846156 0.007211538461538462 0.002403846153846154
3 0.33653846153846156 0.39783653846153844 0.004807692307692308 0.002403846153846154
3 0.33774038461538464 0.38822115384615385 0.007211538461538462 0.002403846153846154
3 0.33653846153846156 0.3858173076923077 0.004807692307692308 0.002403846153846154
3 0.33653846153846156 0.39302884615384615 0.004807692307692308 0.002403846153846154
3 0.33653846153846156 0.3786057692307692 0.004807692307692308 0.002403846153846154
3 0.33653846153846156 0.3737980769230769 0.004807692307692308 0.002403846153846154
3 0.33653846153846156 0.36658653846153844 0.004807692307692308 0.002403846153846154
3 0.33774038461538464 0.3762019230769231 0.007211538461538462 0.002403846153846154
3 0.33653846153846156 0.36899038461538464 0.004807692307692308 0.002403846153846154
29 0.33653846153846156 0.4375 0.019230769230769232 0.014423076923076924
3 0.33413461538461536 0.3629807692307692 0.004807692307692308 0.004807692307692308
23 0.33533653846153844 0.34615384615384615 0.002403846153846154 0.004807692307692308
3 0.33413461538461536 0.40384615384615385 0.004807692307692308 0.004807692307692308
3 0.33413461538461536 0.4483173076923077 0.004807692307692308 0.002403846153846154
23 0.3317307692307692 0.34615384615384615 0.004807692307692308 0.004807692307692308
23 0.33052884615384615 0.3629807692307692 0.002403846153846154 0.004807692307692308
3 0.3317307692307692 0.40384615384615385 0.004807692307692308 0.004807692307692308
29 0.3293269230769231 0.46634615384615385 0.009615384615384616 0.004807692307692308
3 0.3293269230769231 0.3894230769230769 0.004807692307692308 0.009615384615384616
3 0.328125 0.3701923076923077 0.007211538461538462 0.009615384615384616
15 0.3269230769230769 0.38341346153846156 0.009615384615384616 0.002403846153846154
3 0.32572115384615385 0.36538461538461536 0.002403846153846154 0.004807692307692308
3 0.3245192307692308 0.39663461538461536 0.014423076923076924 0.004807692307692308
3 0.3233173076923077 0.36538461538461536 0.002403846153846154 0.004807692307692308
6 0.3245192307692308 0.484375 0.08653846153846154 0.021634615384615384
3 0.31971153846153844 0.3870192307692308 0.004807692307692308 0.004807692307692308
3 0.32091346153846156 0.37740384615384615 0.002403846153846154 0.004807692307692308
29 0.31971153846153844 0.46875 0.009615384615384616 0.004807692307692308
3 0.31971153846153844 0.40384615384615385 0.004807692307692308 0.004807692307692308
3 0.31490384615384615 0.36538461538461536 0.004807692307692308 0.004807692307692308
3 0.31490384615384615 0.40384615384615385 0.004807692307692308 0.004807692307692308
14 0.3137019230769231 0.4254807692307692 0.021634615384615384 0.009615384615384616
3 0.3112980769230769 0.36538461538461536 0.002403846153846154 0.004807692307692308
15 0.3125 0.4014423076923077 0.004807692307692308 0.004807692307692308
3 0.31009615384615385 0.4050480769230769 0.004807692307692308 0.002403846153846154
3 0.3076923076923077 0.39783653846153844 0.004807692307692308 0.002403846153846154
29 0.31009615384615385 0.46875 0.009615384615384616 0.004807692307692308
15 0.3076923076923077 0.4014423076923077 0.004807692307692308 0.004807692307692308
3 0.30408653846153844 0.36538461538461536 0.002403846153846154 0.004807692307692308
3 0.3016826923076923 0.3701923076923077 0.021634615384615384 0.004807692307692308
3 0.3016826923076923 0.40384615384615385 0.002403846153846154 0.004807692307692308
3 0.3004807692307692 0.3762019230769231 0.004807692307692308 0.002403846153846154
23 0.3016826923076923 0.4206730769230769 0.002403846153846154 0.004807692307692308
3 0.3004807692307692 0.36538461538461536 0.004807692307692308 0.004807692307692308
3 0.29927884615384615 0.3954326923076923 0.007211538461538462 0.002403846153846154
3 0.29927884615384615 0.40384615384615385 0.002403846153846154 0.004807692307692308
3 0.296875 0.4206730769230769 0.002403846153846154 0.004807692307692308
3 0.2920673076923077 0.3894230769230769 0.002403846153846154 0.004807692307692308
3 0.29086538461538464 0.3798076923076923 0.004807692307692308 0.004807692307692308
3 0.2860576923076923 0.36538461538461536 0.004807692307692308 0.004807692307692308
14 0.2860576923076923 0.4230769230769231 0.009615384615384616 0.004807692307692308
3 0.28725961538461536 0.40384615384615385 0.002403846153846154 0.004807692307692308
26 0.28365384615384615 0.375 0.004807692307692308 0.004807692307692308
3 0.28365384615384615 0.40384615384615385 0.004807692307692308 0.004807692307692308
26 0.28125 0.3737980769230769 0.004807692307692308 0.002403846153846154
26 0.28125 0.3762019230769231 0.004807692307692308 0.002403846153846154
23 0.2824519230769231 0.42788461538461536 0.002403846153846154 0.004807692307692308
3 0.27884615384615385 0.4206730769230769 0.004807692307692308 0.004807692307692308
3 0.2764423076923077 0.3858173076923077 0.004807692307692308 0.002403846153846154
3 0.2764423076923077 0.3786057692307692 0.004807692307692308 0.002403846153846154
26 0.2764423076923077 0.3737980769230769 0.004807692307692308 0.002403846153846154
3 0.2764423076923077 0.3641826923076923 0.004807692307692308 0.002403846153846154
14 0.27884615384615385 0.43509615384615385 0.009615384615384616 0.009615384615384616
3 0.2764423076923077 0.38100961538461536 0.004807692307692308 0.002403846153846154
3 0.2764423076923077 0.36899038461538464 0.004807692307692308 0.002403846153846154
23 0.2776442307692308 0.42788461538461536 0.002403846153846154 0.004807692307692308
26 0.2764423076923077 0.3762019230769231 0.004807692307692308 0.002403846153846154
3 0.2776442307692308 0.40384615384615385 0.002403846153846154 0.004807692307692308
3 0.27524038461538464 0.42788461538461536 0.002403846153846154 0.004807692307692308
23 0.27283653846153844 0.4230769230769231 0.002403846153846154 0.004807692307692308
3 0.27403846153846156 0.4495192307692308 0.014423076923076924 0.004807692307692308
26 0.2704326923076923 0.3701923076923077 0.007211538461538462 0.004807692307692308
23 0.2704326923076923 0.4230769230769231 0.002403846153846154 0.004807692307692308
23 0.2704326923076923 0.40384615384615385 0.002403846153846154 0.004807692307692308
26 0.2668269230769231 0.37740384615384615 0.004807692307692308 0.004807692307692308
23 0.265625 0.4230769230769231 0.002403846153846154 0.004807692307692308
23 0.265625 0.40384615384615385 0.002403846153846154 0.004807692307692308
23 0.2620192307692308 0.4206730769230769 0.004807692307692308 0.004807692307692308
23 0.2620192307692308 0.40865384615384615 0.004807692307692308 0.004807692307692308
23 0.26322115384615385 0.40384615384615385 0.002403846153846154 0.004807692307692308
3 0.2620192307692308 0.4567307692307692 0.004807692307692308 0.004807692307692308
26 0.25961538461538464 0.37740384615384615 0.004807692307692308 0.004807692307692308
23 0.25961538461538464 0.4230769230769231 0.004807692307692308 0.004807692307692308
6 0.25721153846153844 0.3293269230769231 0.1971153846153846 0.019230769230769232
6 0.25961538461538464 0.47836538461538464 0.04326923076923077 0.038461538461538464
29 0.25721153846153844 0.4483173076923077 0.009615384615384616 0.007211538461538462
26 0.2548076923076923 0.37259615384615385 0.004807692307692308 0.004807692307692308
15 0.2548076923076923 0.4567307692307692 0.004807692307692308 0.004807692307692308
26 0.2548076923076923 0.36899038461538464 0.004807692307692308 0.002403846153846154
3 0.25240384615384615 0.36177884615384615 0.004807692307692308 0.002403846153846154
23 0.2548076923076923 0.40625 0.004807692307692308 0.004807692307692308
26 0.25240384615384615 0.3737980769230769 0.004807692307692308 0.002403846153846154
26 0.25240384615384615 0.37740384615384615 0.004807692307692308 0.004807692307692308
26 0.25 0.3713942307692308 0.004807692307692308 0.002403846153846154
23 0.25240384615384615 0.4170673076923077 0.004807692307692308 0.002403846153846154
26 0.25 0.3762019230769231 0.004807692307692308 0.002403846153846154
15 0.25 0.45552884615384615 0.004807692307692308 0.007211538461538462
23 0.25 0.41225961538461536 0.004807692307692308 0.002403846153846154
29 0.24759615384615385 0.4483173076923077 0.009615384615384616 0.007211538461538462
29 0.24519230769230768 0.40625 0.009615384615384616 0.004807692307692308
3 0.24519230769230768 0.4567307692307692 0.004807692307692308 0.004807692307692308
23 0.23798076923076922 0.39663461538461536 0.004807692307692308 0.004807692307692308
15 0.23557692307692307 0.45913461538461536 0.004807692307692308 0.004807692307692308
7 0.23076923076923078 0.46153846153846156 0.004807692307692308 0.009615384615384616
3 0.2283653846153846 0.3942307692307692 0.009615384615384616 0.009615384615384616
3 0.2283653846153846 0.3798076923076923 0.009615384615384616 0.004807692307692308
3 0.22596153846153846 0.38461538461538464 0.009615384615384616 0.004807692307692308
3 0.22596153846153846 0.45913461538461536 0.004807692307692308 0.004807692307692308
23 0.22596153846153846 0.4639423076923077 0.004807692307692308 0.004807692307692308
15 0.22596153846153846 0.40384615384615385 0.02403846153846154 0.009615384615384616
3 0.22115384615384615 0.39663461538461536 0.004807692307692308 0.004807692307692308
7 0.22115384615384615 0.46153846153846156 0.004807692307692308 0.009615384615384616
23 0.22115384615384615 0.4543269230769231 0.004807692307692308 0.004807692307692308
3 0.21754807692307693 0.4543269230769231 0.002403846153846154 0.004807692307692308
7 0.21634615384615385 0.3942307692307692 0.004807692307692308 0.009615384615384616
23 0.21514423076923078 0.41586538461538464 0.002403846153846154 0.004807692307692308
23 0.21634615384615385 0.4639423076923077 0.004807692307692308 0.004807692307692308
6 0.21514423076923078 0.4795673076923077 0.021634615384615384 0.016826923076923076
3 0.21153846153846154 0.35096153846153844 0.004807692307692308 0.004807692307692308
23 0.2127403846153846 0.41586538461538464 0.002403846153846154 0.004807692307692308
23 0.21033653846153846 0.41586538461538464 0.002403846153846154 0.004807692307692308
3 0.2091346153846154 0.4567307692307692 0.009615384615384616 0.009615384615384616
7 0.20673076923076922 0.3942307692307692 0.004807692307692308 0.009615384615384616
14 0.20793269230769232 0.4639423076923077 0.007211538461538462 0.004807692307692308
23 0.20793269230769232 0.41586538461538464 0.002403846153846154 0.004807692307692308
23 0.20432692307692307 0.41586538461538464 0.004807692307692308 0.004807692307692308
15 0.20192307692307693 0.38221153846153844 0.02403846153846154 0.009615384615384616
3 0.20192307692307693 0.35096153846153844 0.014423076923076924 0.004807692307692308
3 0.19951923076923078 0.39663461538461536 0.004807692307692308 0.004807692307692308
23 0.19951923076923078 0.4495192307692308 0.004807692307692308 0.004807692307692308
23 0.19591346153846154 0.4495192307692308 0.002403846153846154 0.004807692307692308
29 0.19471153846153846 0.45913461538461536 0.019230769230769232 0.014423076923076924
3 0.19230769230769232 0.3942307692307692 0.009615384615384616 0.009615384615384616
23 0.18990384615384615 0.35336538461538464 0.004807692307692308 0.004807692307692308
3 0.1875 0.359375 0.009615384615384616 0.002403846153846154
3 0.18509615384615385 0.35336538461538464 0.004807692307692308 0.004807692307692308
23 0.18509615384615385 0.3918269230769231 0.004807692307692308 0.004807692307692308
3 0.18269230769230768 0.3870192307692308 0.009615384615384616 0.004807692307692308
3 0.18028846153846154 0.38221153846153844 0.009615384615384616 0.004807692307692308
7 0.18028846153846154 0.3641826923076923 0.004807692307692308 0.007211538461538462
14 0.18028846153846154 0.47836538461538464 0.019230769230769232 0.014423076923076924
15 0.7620192307692307 0.44591346153846156 0.009615384615384616 0.002403846153846154
3 0.7608173076923077 0.44471153846153844 0.007211538461538462 0.004807692307692308
6 0.7596153846153846 0.4639423076923077 0.03365384615384615 0.03365384615384615
29 0.7524038461538461 0.3269230769230769 0.009615384615384616 0.004807692307692308
3 0.7512019230769231 0.44350961538461536 0.007211538461538462 0.002403846153846154
23 0.75 0.32091346153846156 0.004807692307692308 0.002403846153846154
15 0.75 0.44711538461538464 0.009615384615384616 0.004807692307692308
3 0.7403846153846154 0.41586538461538464 0.028846153846153848 0.009615384615384616
3 0.7403846153846154 0.40384615384615385 0.028846153846153848 0.009615384615384616
3 0.7403846153846154 0.42788461538461536 0.028846153846153848 0.009615384615384616
3 0.7403846153846154 0.3942307692307692 0.028846153846153848 0.009615384615384616
29 0.7331730769230769 0.43990384615384615 0.009615384615384616 0.004807692307692308
3 0.7319711538461539 0.4338942307692308 0.007211538461538462 0.002403846153846154
3 0.7307692307692307 0.4098557692307692 0.004807692307692308 0.002403846153846154
23 0.7307692307692307 0.33413461538461536 0.004807692307692308 0.004807692307692308
23 0.7295673076923077 0.3389423076923077 0.002403846153846154 0.004807692307692308
3 0.7283653846153846 0.3293269230769231 0.004807692307692308 0.004807692307692308
23 0.7247596153846154 0.4326923076923077 0.002403846153846154 0.004807692307692308
15 0.7235576923076923 0.44711538461538464 0.004807692307692308 0.004807692307692308
3 0.7235576923076923 0.43990384615384615 0.004807692307692308 0.004807692307692308
29 0.7211538461538461 0.33413461538461536 0.009615384615384616 0.009615384615384616
15 0.7211538461538461 0.39663461538461536 0.004807692307692308 0.009615384615384616
23 0.71875 0.4326923076923077 0.004807692307692308 0.004807692307692308
14 0.71875 0.4182692307692308 0.014423076923076924 0.014423076923076924
6 0.71875 0.4651442307692308 0.03365384615384615 0.03125
15 0.7163461538461539 0.4483173076923077 0.004807692307692308 0.007211538461538462
3 0.7163461538461539 0.43990384615384615 0.004807692307692308 0.004807692307692308
3 0.7139423076923077 0.4326923076923077 0.004807692307692308 0.004807692307692308
23 0.7091346153846154 0.33413461538461536 0.004807692307692308 0.004807692307692308
23 0.7079326923076923 0.3389423076923077 0.002403846153846154 0.004807692307692308
3 0.7079326923076923 0.3317307692307692 0.002403846153846154 0.004807692307692308
23 0.7067307692307693 0.4254807692307692 0.004807692307692308 0.009615384615384616
23 0.7067307692307693 0.41346153846153844 0.004807692307692308 0.009615384615384616
23 0.6995192307692307 0.3401442307692308 0.004807692307692308 0.002403846153846154
29 0.6995192307692307 0.33413461538461536 0.014423076923076924 0.009615384615384616
23 0.7007211538461539 0.43028846153846156 0.002403846153846154 0.004807692307692308
23 0.6995192307692307 0.4182692307692308 0.004807692307692308 0.004807692307692308
29 0.6971153846153846 0.41225961538461536 0.009615384615384616 0.007211538461538462
29 0.6971153846153846 0.42427884615384615 0.009615384615384616 0.007211538461538462
23 0.6959134615384616 0.43028846153846156 0.002403846153846154 0.004807692307692308
23 0.6971153846153846 0.4182692307692308 0.004807692307692308 0.004807692307692308