3 0.49759615384615385 0.5949519230769231 0.014423076923076924 0.01201923076923077
3 0.5024038461538461 0.5709134615384616 0.014423076923076924 0.01201923076923077
15 0.4891826923076923 0.6466346153846154 0.021634615384615384 0.014423076923076924
3 0.4855769230769231 0.6742788461538461 0.014423076923076924 0.01201923076923077
3 0.49158653846153844 0.6189903846153846 0.016826923076923076 0.021634615384615384
15 0.5072115384615384 0.49759615384615385 0.03365384615384615 0.028846153846153848
3 0.5 0.5324519230769231 0.019230769230769232 0.01201923076923077
3 0.4807692307692308 0.5661057692307693 0.014423076923076924 0.007211538461538462
15 0.48197115384615385 0.5552884615384616 0.026442307692307692 0.014423076923076924
29 0.4495192307692308 0.7776442307692307 0.038461538461538464 0.021634615384615384
23 0.4855769230769231 0.5204326923076923 0.02403846153846154 0.007211538461538462
23 0.4879807692307692 0.4987980769230769 0.014423076923076924 0.007211538461538462
23 0.4831730769230769 0.5252403846153846 0.02403846153846154 0.007211538461538462
23 0.4735576923076923 0.5925480769230769 0.02403846153846154 0.007211538461538462
14 0.45913461538461536 0.6862980769230769 0.03365384615384615 0.04567307692307692
23 0.4831730769230769 0.5276442307692307 0.02403846153846154 0.007211538461538462
23 0.4807692307692308 0.5396634615384616 0.02403846153846154 0.007211538461538462
23 0.4807692307692308 0.5324519230769231 0.02403846153846154 0.007211538461538462
3 0.4735576923076923 0.5973557692307693 0.019230769230769232 0.007211538461538462
23 0.46153846153846156 0.6598557692307693 0.02403846153846154 0.007211538461538462
3 0.47836538461538464 0.5432692307692307 0.019230769230769232 0.009615384615384616
23 0.46274038461538464 0.6502403846153846 0.021634615384615384 0.007211538461538462
3 0.47475961538461536 0.5745192307692307 0.026442307692307692 0.014423076923076924
14 0.4675480769230769 0.6153846153846154 0.036057692307692304 0.038461538461538464
23 0.4651442307692308 0.6454326923076923 0.021634615384615384 0.007211538461538462
23 0.4639423076923077 0.6550480769230769 0.02403846153846154 0.007211538461538462
23 0.47596153846153844 0.5637019230769231 0.02403846153846154 0.007211538461538462
23 0.4855769230769231 0.49399038461538464 0.014423076923076924 0.007211538461538462
23 0.4735576923076923 0.5877403846153846 0.02403846153846154 0.007211538461538462
23 0.4651442307692308 0.6358173076923077 0.021634615384615384 0.007211538461538462
23 0.46153846153846156 0.6430288461538461 0.02403846153846154 0.007211538461538462
3 0.4543269230769231 0.7079326923076923 0.014423076923076924 0.007211538461538462
3 0.453125 0.7127403846153846 0.016826923076923076 0.007211538461538462
3 0.4495192307692308 0.7175480769230769 0.014423076923076924 0.007211538461538462
15 0.4807692307692308 0.5072115384615384 0.02403846153846154 0.009615384615384616
3 0.44350961538461536 0.7632211538461539 0.021634615384615384 0.01201923076923077
3 0.4495192307692308 0.5276442307692307 0.019230769230769232 0.01201923076923077
15 0.4182692307692308 0.6538461538461539 0.019230769230769232 0.009615384615384616
15 0.4375 0.5168269230769231 0.028846153846153848 0.014423076923076924
15 0.42908653846153844 0.5757211538461539 0.026442307692307692 0.016826923076923076
14 0.43149038461538464 0.5516826923076923 0.03125 0.036057692307692304
14 0.421875 0.6237980769230769 0.03125 0.040865384615384616
14 0.43990384615384615 0.49278846153846156 0.03365384615384615 0.038461538461538464
23 0.41346153846153844 0.6646634615384616 0.02403846153846154 0.007211538461538462
23 0.4182692307692308 0.6454326923076923 0.02403846153846154 0.007211538461538462
14 0.39903846153846156 0.7560096153846154 0.028846153846153848 0.036057692307692304
14 0.40625 0.7055288461538461 0.03365384615384615 0.055288461538461536
15 0.3786057692307692 0.5757211538461539 0.021634615384615384 0.01201923076923077
15 0.38221153846153844 0.5084134615384616 0.02403846153846154 0.01201923076923077
14 0.3485576923076923 0.7524038461538461 0.03365384615384615 0.038461538461538464
14 0.3545673076923077 0.7019230769230769 0.036057692307692304 0.04807692307692308
14 0.38461538461538464 0.4855769230769231 0.038461538461538464 0.038461538461538464
14 0.3762019230769231 0.546875 0.036057692307692304 0.040865384615384616
23 0.37259615384615385 0.5661057692307693 0.02403846153846154 0.007211538461538462
15 0.32211538461538464 0.5612980769230769 0.02403846153846154 0.01201923076923077
15 0.33052884615384615 0.5012019230769231 0.021634615384615384 0.01201923076923077
14 0.3317307692307692 0.47596153846153844 0.038461538461538464 0.04326923076923077
14 0.3233173076923077 0.5348557692307693 0.03125 0.036057692307692304
14 0.29447115384615385 0.71875 0.055288461538461536 0.09134615384615384
3 0.29086538461538464 0.5444711538461539 0.019230769230769232 0.01201923076923077
3 0.25240384615384615 0.7524038461538461 0.009615384615384616 0.009615384615384616
15 0.2704326923076923 0.5625 0.021634615384615384 0.014423076923076924
14 0.27163461538461536 0.53125 0.028846153846153848 0.038461538461538464
23 0.2668269230769231 0.5516826923076923 0.02403846153846154 0.007211538461538462
14 0.25961538461538464 0.6057692307692307 0.028846153846153848 0.04326923076923077
15 0.27403846153846156 0.49399038461538464 0.02403846153846154 0.01201923076923077
14 0.2776442307692308 0.4699519230769231 0.03125 0.036057692307692304
14 0.2439903846153846 0.7103365384615384 0.026442307692307692 0.021634615384615384
23 0.25240384615384615 0.6418269230769231 0.028846153846153848 0.009615384615384616
3 0.23677884615384615 0.7512019230769231 0.01201923076923077 0.007211538461538462
23 0.2403846153846154 0.7223557692307693 0.019230769230769232 0.007211538461538462
3 0.23557692307692307 0.7572115384615384 0.009615384615384616 0.009615384615384616
25 0.24519230769230768 0.6778846153846154 0.03365384615384615 0.04326923076923077
3 0.2536057692307692 0.5685096153846154 0.01201923076923077 0.016826923076923076