6 0.3894230769230769 0.5865384615384616 0.02403846153846154 0.04807692307692308
6 0.3870192307692308 0.4519230769230769 0.02403846153846154 0.014423076923076924
6 0.38822115384615385 0.4735576923076923 0.021634615384615384 0.014423076923076924
6 0.3870192307692308 0.4326923076923077 0.02403846153846154 0.019230769230769232
6 0.3894230769230769 0.4951923076923077 0.02403846153846154 0.014423076923076924
6 0.3894230769230769 0.5336538461538461 0.02403846153846154 0.04807692307692308
6 0.4014423076923077 0.2980769230769231 0.04807692307692308 0.10096153846153846
23 0.4110576923076923 0.546875 0.004807692307692308 0.002403846153846154
23 0.4110576923076923 0.5492788461538461 0.004807692307692308 0.002403846153846154
14 0.41346153846153844 0.5600961538461539 0.019230769230769232 0.009615384615384616
23 0.41586538461538464 0.4987980769230769 0.004807692307692308 0.002403846153846154
23 0.41586538461538464 0.5036057692307693 0.004807692307692308 0.002403846153846154
23 0.41586538461538464 0.4795673076923077 0.004807692307692308 0.002403846153846154
23 0.41586538461538464 0.484375 0.004807692307692308 0.002403846153846154
23 0.41586538461538464 0.4675480769230769 0.004807692307692308 0.002403846153846154
23 0.4110576923076923 0.23798076923076922 0.004807692307692308 0.004807692307692308
23 0.41346153846153844 0.44591346153846156 0.004807692307692308 0.002403846153846154
23 0.41586538461538464 0.4579326923076923 0.004807692307692308 0.002403846153846154
23 0.41586538461538464 0.46274038461538464 0.004807692307692308 0.002403846153846154
23 0.41586538461538464 0.4266826923076923 0.004807692307692308 0.002403846153846154
3 0.4206730769230769 0.5709134615384616 0.009615384615384616 0.007211538461538462
3 0.4206730769230769 0.5456730769230769 0.009615384615384616 0.009615384615384616
23 0.41586538461538464 0.2403846153846154 0.004807692307692308 0.004807692307692308
23 0.41586538461538464 0.2439903846153846 0.004807692307692308 0.002403846153846154
3 0.4230769230769231 0.5348557692307693 0.009615384615384616 0.007211538461538462
23 0.4230769230769231 0.4795673076923077 0.004807692307692308 0.002403846153846154
23 0.4230769230769231 0.4579326923076923 0.004807692307692308 0.002403846153846154
23 0.4230769230769231 0.43990384615384615 0.004807692307692308 0.004807692307692308
23 0.4254807692307692 0.484375 0.004807692307692308 0.002403846153846154
14 0.4254807692307692 0.5216346153846154 0.019230769230769232 0.009615384615384616
3 0.4254807692307692 0.49158653846153844 0.004807692307692308 0.007211538461538462
6 0.4206730769230769 0.21875 0.03365384615384615 0.014423076923076924
3 0.42427884615384615 0.4519230769230769 0.007211538461538462 0.009615384615384616
3 0.4254807692307692 0.47115384615384615 0.009615384615384616 0.009615384615384616
14 0.4266826923076923 0.5120192307692307 0.016826923076923076 0.009615384615384616
3 0.4254807692307692 0.4326923076923077 0.009615384615384616 0.009615384615384616
23 0.42908653846153844 0.5324519230769231 0.002403846153846154 0.002403846153846154
3 0.43028846153846156 0.5024038461538461 0.009615384615384616 0.004807692307692308
23 0.4326923076923077 0.5324519230769231 0.004807692307692308 0.002403846153846154
29 0.43509615384615385 0.4831730769230769 0.009615384615384616 0.004807692307692308
29 0.43509615384615385 0.4735576923076923 0.009615384615384616 0.004807692307692308
29 0.43509615384615385 0.49278846153846156 0.009615384615384616 0.004807692307692308
14 0.4375 0.4423076923076923 0.019230769230769232 0.009615384615384616
6 0.43509615384615385 0.19110576923076922 0.07692307692307693 0.016826923076923076
23 0.4387019230769231 0.2932692307692308 0.007211538461538462 0.004807692307692308
23 0.4423076923076923 0.5108173076923077 0.004807692307692308 0.002403846153846154
14 0.43990384615384615 0.4206730769230769 0.019230769230769232 0.009615384615384616
23 0.4423076923076923 0.5060096153846154 0.004807692307692308 0.002403846153846154
14 0.4423076923076923 0.46153846153846156 0.019230769230769232 0.009615384615384616
6 0.44471153846153844 0.5552884615384616 0.038461538461538464 0.014423076923076924
14 0.4423076923076923 0.3942307692307692 0.019230769230769232 0.009615384615384616
23 0.44471153846153844 0.4098557692307692 0.004807692307692308 0.002403846153846154
23 0.44471153846153844 0.4963942307692308 0.004807692307692308 0.002403846153846154
23 0.44471153846153844 0.43149038461538464 0.004807692307692308 0.002403846153846154
23 0.44471153846153844 0.4855769230769231 0.004807692307692308 0.004807692307692308
23 0.44471153846153844 0.4050480769230769 0.004807692307692308 0.002403846153846154
23 0.44471153846153844 0.4026442307692308 0.004807692307692308 0.002403846153846154
23 0.44471153846153844 0.47836538461538464 0.004807692307692308 0.004807692307692308
23 0.44471153846153844 0.41225961538461536 0.004807692307692308 0.002403846153846154
23 0.44471153846153844 0.42908653846153844 0.004807692307692308 0.002403846153846154
23 0.44471153846153844 0.4254807692307692 0.004807692307692308 0.004807692307692308
23 0.44591346153846156 0.43509615384615385 0.007211538461538462 0.004807692307692308
23 0.44471153846153844 0.3786057692307692 0.004807692307692308 0.002403846153846154
23 0.44591346153846156 0.38100961538461536 0.007211538461538462 0.002403846153846154
23 0.44591346153846156 0.36177884615384615 0.007211538461538462 0.002403846153846154
23 0.44350961538461536 0.30528846153846156 0.007211538461538462 0.004807692307692308
23 0.44591346153846156 0.36658653846153844 0.007211538461538462 0.002403846153846154
23 0.44711538461538464 0.3641826923076923 0.004807692307692308 0.002403846153846154
23 0.44591346153846156 0.38341346153846156 0.007211538461538462 0.002403846153846154
23 0.4495192307692308 0.4543269230769231 0.004807692307692308 0.004807692307692308
23 0.4519230769230769 0.47475961538461536 0.004807692307692308 0.002403846153846154
23 0.4543269230769231 0.4026442307692308 0.004807692307692308 0.002403846153846154
23 0.4543269230769231 0.4050480769230769 0.004807692307692308 0.002403846153846154
6 0.4639423076923077 0.6141826923076923 0.07211538461538461 0.016826923076923076
3 0.45913461538461536 0.35096153846153844 0.009615384615384616 0.009615384615384616
6 0.46274038461538464 0.5829326923076923 0.07932692307692307 0.016826923076923076
3 0.46634615384615385 0.5408653846153846 0.009615384615384616 0.004807692307692308
3 0.46875 0.5264423076923077 0.004807692307692308 0.004807692307692308
23 0.4675480769230769 0.5336538461538461 0.002403846153846154 0.004807692307692308
6 0.46634615384615385 0.3870192307692308 0.028846153846153848 0.019230769230769232
6 0.46634615384615385 0.4170673076923077 0.028846153846153848 0.016826923076923076
6 0.46875 0.4579326923076923 0.028846153846153848 0.021634615384615384
23 0.46634615384615385 0.35096153846153844 0.004807692307692308 0.004807692307692308
23 0.46875 0.3401442307692308 0.004807692307692308 0.002403846153846154
14 0.46875 0.37259615384615385 0.03365384615384615 0.014423076923076924
6 0.46875 0.43990384615384615 0.028846153846153848 0.019230769230769232
6 0.4651442307692308 0.21634615384615385 0.036057692307692304 0.014423076923076924
23 0.46875 0.3317307692307692 0.004807692307692308 0.004807692307692308
3 0.4735576923076923 0.5240384615384616 0.004807692307692308 0.004807692307692308
23 0.4735576923076923 0.53125 0.004807692307692308 0.004807692307692308
14 0.4735576923076923 0.3245192307692308 0.014423076923076924 0.009615384615384616
23 0.47596153846153844 0.3425480769230769 0.004807692307692308 0.002403846153846154
3 0.47836538461538464 0.25 0.004807692307692308 0.004807692307692308
3 0.4807692307692308 0.2668269230769231 0.004807692307692308 0.004807692307692308
3 0.47836538461538464 0.23557692307692307 0.004807692307692308 0.004807692307692308
29 0.484375 0.35216346153846156 0.01201923076923077 0.007211538461538462
6 0.4879807692307692 0.5552884615384616 0.038461538461538464 0.014423076923076924
23 0.4879807692307692 0.4014423076923077 0.009615384615384616 0.004807692307692308
23 0.4879807692307692 0.37259615384615385 0.004807692307692308 0.004807692307692308
23 0.4879807692307692 0.39302884615384615 0.004807692307692308 0.002403846153846154
23 0.4879807692307692 0.3954326923076923 0.004807692307692308 0.002403846153846154
3 0.4891826923076923 0.3605769230769231 0.007211538461538462 0.004807692307692308
23 0.49038461538461536 0.43028846153846156 0.004807692307692308 0.004807692307692308
3 0.4879807692307692 0.3786057692307692 0.009615384615384616 0.002403846153846154
3 0.49038461538461536 0.46153846153846156 0.009615384615384616 0.004807692307692308
3 0.49158653846153844 0.44471153846153844 0.01201923076923077 0.004807692307692308
23 0.49038461538461536 0.36778846153846156 0.004807692307692308 0.004807692307692308
14 0.49038461538461536 0.2548076923076923 0.014423076923076924 0.009615384615384616
14 0.49038461538461536 0.23798076923076922 0.014423076923076924 0.009615384615384616
14 0.49278846153846156 0.34134615384615385 0.014423076923076924 0.009615384615384616
14 0.49038461538461536 0.27163461538461536 0.014423076923076924 0.009615384615384616
3 0.4951923076923077 0.4230769230769231 0.014423076923076924 0.004807692307692308
14 0.4987980769230769 0.5240384615384616 0.03125 0.019230769230769232
23 0.4987980769230769 0.41225961538461536 0.007211538461538462 0.002403846153846154
14 0.49759615384615385 0.32211538461538464 0.014423076923076924 0.009615384615384616
29 0.49759615384615385 0.35096153846153844 0.009615384615384616 0.004807692307692308
23 0.4987980769230769 0.25 0.002403846153846154 0.004807692307692308
23 0.5 0.27403846153846156 0.004807692307692308 0.004807692307692308
23 0.5 0.26802884615384615 0.004807692307692308 0.002403846153846154
23 0.4987980769230769 0.234375 0.002403846153846154 0.002403846153846154
23 0.4987980769230769 0.2403846153846154 0.002403846153846154 0.004807692307692308
23 0.5 0.25721153846153844 0.004807692307692308 0.004807692307692308
3 0.5048076923076923 0.27163461538461536 0.004807692307692308 0.009615384615384616
3 0.5072115384615384 0.34134615384615385 0.004807692307692308 0.004807692307692308
3 0.5048076923076923 0.23677884615384615 0.004807692307692308 0.007211538461538462
3 0.5096153846153846 0.5384615384615384 0.014423076923076924 0.004807692307692308
3 0.5048076923076923 0.2536057692307692 0.004807692307692308 0.007211538461538462
3 0.5096153846153846 0.35096153846153844 0.009615384615384616 0.009615384615384616
14 0.5120192307692307 0.4543269230769231 0.014423076923076924 0.009615384615384616
23 0.5108173076923077 0.2860576923076923 0.007211538461538462 0.004807692307692308
23 0.5120192307692307 0.3233173076923077 0.004807692307692308 0.002403846153846154
6 0.5120192307692307 0.21875 0.038461538461538464 0.014423076923076924
23 0.5168269230769231 0.3425480769230769 0.004807692307692308 0.002403846153846154
6 0.5120192307692307 0.19110576923076922 0.07211538461538461 0.016826923076923076
3 0.5240384615384616 0.5264423076923077 0.009615384615384616 0.009615384615384616
3 0.5240384615384616 0.34134615384615385 0.004807692307692308 0.004807692307692308
6 0.5324519230769231 0.5540865384615384 0.026442307692307692 0.036057692307692304
6 0.5336538461538461 0.5997596153846154 0.02403846153846154 0.040865384615384616
14 0.5300480769230769 0.2536057692307692 0.021634615384615384 0.01201923076923077
29 0.53125 0.35216346153846156 0.009615384615384616 0.007211538461538462
14 0.5300480769230769 0.3245192307692308 0.016826923076923076 0.009615384615384616
23 0.5348557692307693 0.33413461538461536 0.002403846153846154 0.004807692307692308
3 0.5384615384615384 0.45913461538461536 0.028846153846153848 0.019230769230769232
14 0.5384615384615384 0.34375 0.014423076923076924 0.009615384615384616
23 0.5408653846153846 0.33413461538461536 0.004807692307692308 0.004807692307692308
3 0.5480769230769231 0.4855769230769231 0.009615384615384616 0.004807692307692308
29 0.5456730769230769 0.35216346153846156 0.009615384615384616 0.007211538461538462
3 0.5528846153846154 0.34134615384615385 0.004807692307692308 0.004807692307692308
23 0.5564903846153846 0.5829326923076923 0.007211538461538462 0.002403846153846154
23 0.5552884615384616 0.578125 0.004807692307692308 0.002403846153846154
23 0.5576923076923077 0.5420673076923077 0.004807692307692308 0.002403846153846154
23 0.5576923076923077 0.6009615384615384 0.004807692307692308 0.004807692307692308
3 0.5552884615384616 0.3485576923076923 0.009615384615384616 0.009615384615384616
3 0.5552884615384616 0.3269230769230769 0.009615384615384616 0.004807692307692308
23 0.5576923076923077 0.39302884615384615 0.004807692307692308 0.002403846153846154
23 0.5576923076923077 0.36778846153846156 0.004807692307692308 0.004807692307692308
23 0.5576923076923077 0.3737980769230769 0.004807692307692308 0.002403846153846154
23 0.5576923076923077 0.36899038461538464 0.004807692307692308 0.002403846153846154
23 0.5576923076923077 0.33052884615384615 0.004807692307692308 0.002403846153846154
23 0.5649038461538461 0.5877403846153846 0.004807692307692308 0.002403846153846154
14 0.5625 0.5204326923076923 0.028846153846153848 0.016826923076923076
3 0.5649038461538461 0.3389423076923077 0.009615384615384616 0.004807692307692308
3 0.5673076923076923 0.4543269230769231 0.028846153846153848 0.019230769230769232
3 0.5649038461538461 0.3173076923076923 0.009615384615384616 0.004807692307692308
3 0.5697115384615384 0.47475961538461536 0.028846153846153848 0.016826923076923076
3 0.5661057692307693 0.3485576923076923 0.007211538461538462 0.009615384615384616
3 0.5697115384615384 0.49278846153846156 0.03365384615384615 0.014423076923076924
23 0.5649038461538461 0.32091346153846156 0.004807692307692308 0.002403846153846154
23 0.5697115384615384 0.4266826923076923 0.004807692307692308 0.002403846153846154
3 0.5745192307692307 0.3425480769230769 0.009615384615384616 0.002403846153846154
23 0.5757211538461539 0.3605769230769231 0.002403846153846154 0.004807692307692308
6 0.5817307692307693 0.5540865384615384 0.02403846153846154 0.036057692307692304
3 0.5793269230769231 0.31850961538461536 0.009615384615384616 0.002403846153846154
6 0.5841346153846154 0.5985576923076923 0.02403846153846154 0.04326923076923077
23 0.5793269230769231 0.32091346153846156 0.004807692307692308 0.002403846153846154
3 0.578125 0.3088942307692308 0.007211538461538462 0.002403846153846154
29 0.5889423076923077 0.5216346153846154 0.009615384615384616 0.009615384615384616
23 0.5877403846153846 0.3545673076923077 0.007211538461538462 0.002403846153846154
3 0.5877403846153846 0.42908653846153844 0.007211538461538462 0.002403846153846154
3 0.5889423076923077 0.3485576923076923 0.009615384615384616 0.004807692307692308
23 0.5865384615384616 0.30649038461538464 0.004807692307692308 0.002403846153846154
23 0.5865384615384616 0.3161057692307692 0.004807692307692308 0.002403846153846154
3 0.5913461538461539 0.5 0.009615384615384616 0.004807692307692308
23 0.5913461538461539 0.5264423076923077 0.004807692307692308 0.004807692307692308
3 0.5901442307692307 0.453125 0.007211538461538462 0.002403846153846154
23 0.5889423076923077 0.28365384615384615 0.004807692307692308 0.004807692307692308
23 0.5901442307692307 0.27884615384615385 0.007211538461538462 0.004807692307692308
3 0.5913461538461539 0.3269230769230769 0.009615384615384616 0.004807692307692308
14 0.5961538461538461 0.4879807692307692 0.014423076923076924 0.014423076923076924
14 0.59375 0.44471153846153844 0.019230769230769232 0.009615384615384616
23 0.5961538461538461 0.4254807692307692 0.004807692307692308 0.004807692307692308
14 0.5961538461538461 0.33413461538461536 0.019230769230769232 0.014423076923076924
6 0.59375 0.1875 0.07692307692307693 0.019230769230769232
23 0.5961538461538461 0.3161057692307692 0.004807692307692308 0.002403846153846154
23 0.5985576923076923 0.453125 0.004807692307692308 0.002403846153846154
3 0.6009615384615384 0.5168269230769231 0.009615384615384616 0.004807692307692308
29 0.6009615384615384 0.5216346153846154 0.009615384615384616 0.004807692307692308
23 0.6033653846153846 0.5288461538461539 0.004807692307692308 0.004807692307692308
23 0.6045673076923077 0.5985576923076923 0.007211538461538462 0.004807692307692308
23 0.6057692307692307 0.5444711538461539 0.004807692307692308 0.002403846153846154
3 0.6009615384615384 0.3125 0.009615384615384616 0.004807692307692308
3 0.6033653846153846 0.32572115384615385 0.009615384615384616 0.002403846153846154
14 0.6045673076923077 0.34615384615384615 0.016826923076923076 0.009615384615384616
23 0.6057692307692307 0.4362980769230769 0.004807692307692308 0.002403846153846154
14 0.6069711538461539 0.2776442307692308 0.016826923076923076 0.016826923076923076
14 0.6069711538461539 0.30288461538461536 0.016826923076923076 0.014423076923076924
23 0.6105769230769231 0.4266826923076923 0.004807692307692308 0.002403846153846154
3 0.6129807692307693 0.45072115384615385 0.009615384615384616 0.002403846153846154
29 0.6129807692307693 0.5120192307692307 0.009615384615384616 0.004807692307692308
23 0.6129807692307693 0.43149038461538464 0.004807692307692308 0.002403846153846154
14 0.6141826923076923 0.4423076923076923 0.016826923076923076 0.009615384615384616
23 0.6189903846153846 0.421875 0.007211538461538462 0.002403846153846154
23 0.6177884615384616 0.42427884615384615 0.004807692307692308 0.002403846153846154
23 0.6153846153846154 0.2536057692307692 0.004807692307692308 0.002403846153846154
23 0.6153846153846154 0.2512019230769231 0.004807692307692308 0.002403846153846154
23 0.6177884615384616 0.2608173076923077 0.004807692307692308 0.002403846153846154
23 0.6153846153846154 0.22716346153846154 0.004807692307692308 0.002403846153846154
23 0.6153846153846154 0.234375 0.004807692307692308 0.002403846153846154
14 0.6201923076923077 0.49158653846153844 0.014423076923076924 0.007211538461538462
23 0.6153846153846154 0.23677884615384615 0.004807692307692308 0.002403846153846154
3 0.6201923076923077 0.34615384615384615 0.004807692307692308 0.004807692307692308
23 0.6225961538461539 0.41947115384615385 0.004807692307692308 0.002403846153846154
3 0.625 0.5288461538461539 0.014423076923076924 0.004807692307692308
3 0.625 0.5048076923076923 0.009615384615384616 0.004807692307692308
29 0.625 0.5120192307692307 0.009615384615384616 0.004807692307692308
3 0.6262019230769231 0.5192307692307693 0.01201923076923077 0.004807692307692308
3 0.625 0.4338942307692308 0.009615384615384616 0.002403846153846154
6 0.6298076923076923 0.5528846153846154 0.02403846153846154 0.038461538461538464
23 0.625 0.296875 0.004807692307692308 0.002403846153846154
6 0.6286057692307693 0.5985576923076923 0.026442307692307692 0.04326923076923077
23 0.625 0.2608173076923077 0.004807692307692308 0.002403846153846154
23 0.6274038461538461 0.3954326923076923 0.004807692307692308 0.002403846153846154
23 0.625 0.23197115384615385 0.004807692307692308 0.002403846153846154
23 0.625 0.23677884615384615 0.004807692307692308 0.002403846153846154
23 0.625 0.25841346153846156 0.004807692307692308 0.002403846153846154
23 0.625 0.22956730769230768 0.004807692307692308 0.002403846153846154
23 0.625 0.22716346153846154 0.004807692307692308 0.002403846153846154
23 0.625 0.2512019230769231 0.004807692307692308 0.002403846153846154
3 0.6310096153846154 0.2860576923076923 0.007211538461538462 0.004807692307692308
3 0.6346153846153846 0.40024038461538464 0.009615384615384616 0.002403846153846154
23 0.6358173076923077 0.5012019230769231 0.007211538461538462 0.002403846153846154
3 0.6382211538461539 0.45072115384615385 0.007211538461538462 0.002403846153846154
3 0.6382211538461539 0.41947115384615385 0.007211538461538462 0.002403846153846154
14 0.6394230769230769 0.42788461538461536 0.014423076923076924 0.009615384615384616
14 0.6370192307692307 0.3173076923076923 0.014423076923076924 0.009615384615384616
14 0.6382211538461539 0.3004807692307692 0.016826923076923076 0.014423076923076924
14 0.6394230769230769 0.4423076923076923 0.014423076923076924 0.009615384615384616
14 0.6418269230769231 0.49038461538461536 0.014423076923076924 0.009615384615384616
3 0.6370192307692307 0.2403846153846154 0.009615384615384616 0.004807692307692308
14 0.640625 0.4110576923076923 0.016826923076923076 0.009615384615384616
14 0.6394230769230769 0.39302884615384615 0.014423076923076924 0.01201923076923077
3 0.6442307692307693 0.5096153846153846 0.009615384615384616 0.004807692307692308
3 0.6454326923076923 0.5180288461538461 0.007211538461538462 0.002403846153846154
23 0.6442307692307693 0.33774038461538464 0.004807692307692308 0.002403846153846154
23 0.6442307692307693 0.3329326923076923 0.004807692307692308 0.002403846153846154
23 0.6418269230769231 0.32572115384615385 0.004807692307692308 0.002403846153846154
23 0.6442307692307693 0.3449519230769231 0.004807692307692308 0.002403846153846154
23 0.6442307692307693 0.3425480769230769 0.004807692307692308 0.002403846153846154
23 0.6478365384615384 0.4987980769230769 0.007211538461538462 0.002403846153846154
23 0.6442307692307693 0.328125 0.004807692307692308 0.002403846153846154
23 0.6466346153846154 0.5132211538461539 0.009615384615384616 0.002403846153846154
23 0.6490384615384616 0.5492788461538461 0.004807692307692308 0.002403846153846154
3 0.6478365384615384 0.5048076923076923 0.007211538461538462 0.004807692307692308
23 0.6466346153846154 0.4362980769230769 0.004807692307692308 0.002403846153846154
23 0.6490384615384616 0.5985576923076923 0.004807692307692308 0.004807692307692308
23 0.6478365384615384 0.453125 0.007211538461538462 0.002403846153846154
23 0.6514423076923077 0.5853365384615384 0.004807692307692308 0.002403846153846154
23 0.6490384615384616 0.41947115384615385 0.004807692307692308 0.002403846153846154
14 0.6502403846153846 0.5276442307692307 0.01201923076923077 0.007211538461538462
14 0.6466346153846154 0.2764423076923077 0.014423076923076924 0.014423076923076924
3 0.6478365384615384 0.3088942307692308 0.007211538461538462 0.002403846153846154
3 0.6478365384615384 0.2920673076923077 0.007211538461538462 0.002403846153846154
14 0.6466346153846154 0.2536057692307692 0.02403846153846154 0.021634615384615384
14 0.6478365384615384 0.22596153846153846 0.026442307692307692 0.019230769230769232
23 0.6550480769230769 0.5901442307692307 0.007211538461538462 0.002403846153846154
23 0.6514423076923077 0.35697115384615385 0.004807692307692308 0.002403846153846154
23 0.6514423076923077 0.3641826923076923 0.004807692307692308 0.002403846153846154
23 0.6514423076923077 0.36658653846153844 0.004807692307692308 0.002403846153846154
23 0.6514423076923077 0.3713942307692308 0.004807692307692308 0.002403846153846154
23 0.6514423076923077 0.36899038461538464 0.004807692307692308 0.002403846153846154
23 0.6514423076923077 0.359375 0.004807692307692308 0.002403846153846154
23 0.65625 0.5180288461538461 0.004807692307692308 0.002403846153846154
23 0.6550480769230769 0.5060096153846154 0.007211538461538462 0.002403846153846154
23 0.6550480769230769 0.5132211538461539 0.007211538461538462 0.002403846153846154
3 0.65625 0.4987980769230769 0.009615384615384616 0.002403846153846154
23 0.65625 0.5084134615384616 0.004807692307692308 0.002403846153846154
23 0.6514423076923077 0.3137019230769231 0.004807692307692308 0.002403846153846154
23 0.6538461538461539 0.2956730769230769 0.004807692307692308 0.004807692307692308
23 0.65625 0.4182692307692308 0.004807692307692308 0.004807692307692308
23 0.65625 0.5036057692307693 0.009615384615384616 0.002403846153846154
23 0.65625 0.4495192307692308 0.004807692307692308 0.004807692307692308
23 0.65625 0.4026442307692308 0.004807692307692308 0.002403846153846154
23 0.65625 0.3786057692307692 0.004807692307692308 0.002403846153846154
23 0.6586538461538461 0.43509615384615385 0.004807692307692308 0.004807692307692308
3 0.6634615384615384 0.5360576923076923 0.014423076923076924 0.004807692307692308
23 0.6586538461538461 0.30649038461538464 0.004807692307692308 0.002403846153846154
3 0.6646634615384616 0.5456730769230769 0.016826923076923076 0.004807692307692308
23 0.6646634615384616 0.5204326923076923 0.007211538461538462 0.002403846153846154
23 0.6610576923076923 0.27163461538461536 0.004807692307692308 0.004807692307692308
23 0.6598557692307693 0.32211538461538464 0.007211538461538462 0.004807692307692308
3 0.6634615384615384 0.4963942307692308 0.009615384615384616 0.002403846153846154
3 0.6634615384615384 0.4795673076923077 0.009615384615384616 0.002403846153846154
7 0.6670673076923077 0.5528846153846154 0.026442307692307692 0.004807692307692308
3 0.6646634615384616 0.45072115384615385 0.007211538461538462 0.002403846153846154
3 0.6646634615384616 0.4014423076923077 0.007211538461538462 0.004807692307692308
3 0.6670673076923077 0.41947115384615385 0.007211538461538462 0.002403846153846154
3 0.6658653846153846 0.37740384615384615 0.009615384615384616 0.004807692307692308
3 0.6646634615384616 0.31009615384615385 0.007211538461538462 0.004807692307692308
3 0.6646634615384616 0.32572115384615385 0.007211538461538462 0.002403846153846154
3 0.6682692307692307 0.4338942307692308 0.009615384615384616 0.002403846153846154
14 0.6706730769230769 0.4891826923076923 0.019230769230769232 0.01201923076923077
14 0.6682692307692307 0.4254807692307692 0.014423076923076924 0.009615384615384616
14 0.6706730769230769 0.46634615384615385 0.019230769230769232 0.019230769230769232
14 0.6682692307692307 0.39302884615384615 0.014423076923076924 0.01201923076923077
14 0.6706730769230769 0.4098557692307692 0.014423076923076924 0.01201923076923077
14 0.6706730769230769 0.44471153846153844 0.019230769230769232 0.009615384615384616
3 0.6682692307692307 0.28966346153846156 0.009615384615384616 0.002403846153846154
14 0.6706730769230769 0.3701923076923077 0.019230769230769232 0.009615384615384616
3 0.6754807692307693 0.6105769230769231 0.028846153846153848 0.019230769230769232
3 0.6742788461538461 0.5612980769230769 0.007211538461538462 0.002403846153846154
23 0.6706730769230769 0.33052884615384615 0.004807692307692308 0.002403846153846154
14 0.6730769230769231 0.5036057692307693 0.014423076923076924 0.007211538461538462
14 0.6754807692307693 0.5144230769230769 0.014423076923076924 0.009615384615384616
14 0.6730769230769231 0.29927884615384615 0.014423076923076924 0.01201923076923077
14 0.6754807692307693 0.5264423076923077 0.014423076923076924 0.009615384615384616
6 0.671875 0.1875 0.07451923076923077 0.019230769230769232
14 0.6730769230769231 0.3173076923076923 0.019230769230769232 0.014423076923076924
14 0.6754807692307693 0.2764423076923077 0.014423076923076924 0.014423076923076924
23 0.6754807692307693 0.3233173076923077 0.004807692307692308 0.002403846153846154
6 0.6814903846153846 0.578125 0.040865384615384616 0.026442307692307692
23 0.6838942307692307 0.49399038461538464 0.007211538461538462 0.002403846153846154
23 0.6826923076923077 0.36538461538461536 0.004807692307692308 0.004807692307692308
23 0.6826923076923077 0.4014423076923077 0.004807692307692308 0.004807692307692308
23 0.6850961538461539 0.42427884615384615 0.004807692307692308 0.002403846153846154
23 0.6826923076923077 0.390625 0.004807692307692308 0.002403846153846154
23 0.6850961538461539 0.41225961538461536 0.004807692307692308 0.002403846153846154
23 0.6850961538461539 0.4074519230769231 0.004807692307692308 0.002403846153846154
23 0.6850961538461539 0.4362980769230769 0.004807692307692308 0.002403846153846154
23 0.6850961538461539 0.4050480769230769 0.004807692307692308 0.002403846153846154
23 0.6850961538461539 0.41947115384615385 0.004807692307692308 0.002403846153846154
3 0.6899038461538461 0.5480769230769231 0.004807692307692308 0.004807692307692308
3 0.6899038461538461 0.5048076923076923 0.004807692307692308 0.004807692307692308
23 0.6899038461538461 0.515625 0.004807692307692308 0.002403846153846154
23 0.6899038461538461 0.5108173076923077 0.004807692307692308 0.002403846153846154
3 0.6911057692307693 0.47836538461538464 0.007211538461538462 0.004807692307692308
23 0.6875 0.22716346153846154 0.004807692307692308 0.002403846153846154
23 0.6875 0.21514423076923078 0.004807692307692308 0.002403846153846154
23 0.6875 0.2512019230769231 0.004807692307692308 0.002403846153846154
23 0.6875 0.21995192307692307 0.004807692307692308 0.002403846153846154
23 0.6875 0.23197115384615385 0.004807692307692308 0.002403846153846154
23 0.6875 0.21754807692307693 0.004807692307692308 0.002403846153846154
23 0.6875 0.2247596153846154 0.004807692307692308 0.002403846153846154
23 0.6875 0.23677884615384615 0.004807692307692308 0.002403846153846154
23 0.6899038461538461 0.27163461538461536 0.009615384615384616 0.004807692307692308
14 0.6947115384615384 0.46634615384615385 0.019230769230769232 0.019230769230769232
3 0.6959134615384616 0.5576923076923077 0.021634615384615384 0.009615384615384616
23 0.6923076923076923 0.2824519230769231 0.004807692307692308 0.007211538461538462
3 0.6983173076923077 0.6033653846153846 0.03125 0.02403846153846154
23 0.6959134615384616 0.20793269230769232 0.007211538461538462 0.002403846153846154
3 0.7019230769230769 0.5504807692307693 0.004807692307692308 0.004807692307692308
3 0.7019230769230769 0.5144230769230769 0.009615384615384616 0.009615384615384616
23 0.6995192307692307 0.2800480769230769 0.004807692307692308 0.002403846153846154
23 0.6995192307692307 0.2824519230769231 0.004807692307692308 0.002403846153846154
23 0.7019230769230769 0.2608173076923077 0.004807692307692308 0.002403846153846154
23 0.6995192307692307 0.25600961538461536 0.009615384615384616 0.002403846153846154
23 0.7019230769230769 0.26322115384615385 0.004807692307692308 0.002403846153846154
14 0.7067307692307693 0.5360576923076923 0.028846153846153848 0.02403846153846154
23 0.7043269230769231 0.3112980769230769 0.004807692307692308 0.002403846153846154
23 0.7043269230769231 0.3161057692307692 0.004807692307692308 0.002403846153846154
23 0.7043269230769231 0.31971153846153844 0.004807692307692308 0.004807692307692308
23 0.7067307692307693 0.39783653846153844 0.004807692307692308 0.002403846153846154
23 0.7019230769230769 0.20673076923076922 0.004807692307692308 0.004807692307692308
23 0.7067307692307693 0.4170673076923077 0.004807692307692308 0.002403846153846154
23 0.7067307692307693 0.41947115384615385 0.004807692307692308 0.002403846153846154
23 0.7055288461538461 0.4026442307692308 0.007211538461538462 0.002403846153846154
23 0.7067307692307693 0.41225961538461536 0.004807692307692308 0.002403846153846154
23 0.7043269230769231 0.3954326923076923 0.004807692307692308 0.002403846153846154
23 0.7043269230769231 0.3713942307692308 0.004807692307692308 0.002403846153846154
23 0.7067307692307693 0.45072115384615385 0.004807692307692308 0.002403846153846154
23 0.7067307692307693 0.42908653846153844 0.004807692307692308 0.002403846153846154
23 0.7067307692307693 0.4050480769230769 0.004807692307692308 0.002403846153846154
23 0.7067307692307693 0.4543269230769231 0.004807692307692308 0.004807692307692308
23 0.7067307692307693 0.4338942307692308 0.004807692307692308 0.002403846153846154
23 0.7067307692307693 0.390625 0.004807692307692308 0.002403846153846154
23 0.7067307692307693 0.38100961538461536 0.004807692307692308 0.002403846153846154
23 0.7055288461538461 0.3858173076923077 0.007211538461538462 0.002403846153846154
23 0.7067307692307693 0.3762019230769231 0.004807692307692308 0.002403846153846154
23 0.7091346153846154 0.4387019230769231 0.004807692307692308 0.002403846153846154
23 0.7091346153846154 0.44350961538461536 0.004807692307692308 0.002403846153846154
23 0.7091346153846154 0.42427884615384615 0.004807692307692308 0.002403846153846154
3 0.7115384615384616 0.5144230769230769 0.009615384615384616 0.009615384615384616
23 0.7091346153846154 0.44591346153846156 0.004807692307692308 0.002403846153846154
23 0.7091346153846154 0.46274038461538464 0.004807692307692308 0.002403846153846154
23 0.7091346153846154 0.40865384615384615 0.004807692307692308 0.004807692307692308
23 0.7139423076923077 0.5588942307692307 0.004807692307692308 0.002403846153846154
23 0.7139423076923077 0.5516826923076923 0.004807692307692308 0.002403846153846154
23 0.7091346153846154 0.26802884615384615 0.004807692307692308 0.002403846153846154
23 0.7139423076923077 0.5540865384615384 0.004807692307692308 0.002403846153846154
23 0.7115384615384616 0.2608173076923077 0.004807692307692308 0.002403846153846154
23 0.7115384615384616 0.26322115384615385 0.004807692307692308 0.002403846153846154
23 0.7091346153846154 0.23677884615384615 0.004807692307692308 0.002403846153846154
23 0.7151442307692307 0.4735576923076923 0.007211538461538462 0.004807692307692308
23 0.7091346153846154 0.25721153846153844 0.004807692307692308 0.004807692307692308
23 0.7091346153846154 0.22355769230769232 0.004807692307692308 0.004807692307692308
23 0.7091346153846154 0.22716346153846154 0.004807692307692308 0.002403846153846154
23 0.7091346153846154 0.24879807692307693 0.004807692307692308 0.002403846153846154
23 0.7091346153846154 0.21995192307692307 0.004807692307692308 0.002403846153846154
23 0.7091346153846154 0.2536057692307692 0.004807692307692308 0.002403846153846154
23 0.7139423076923077 0.47716346153846156 0.004807692307692308 0.002403846153846154
23 0.7115384615384616 0.21514423076923078 0.004807692307692308 0.002403846153846154
23 0.7115384615384616 0.20793269230769232 0.004807692307692308 0.002403846153846154
23 0.7151442307692307 0.4807692307692308 0.007211538461538462 0.004807692307692308
23 0.7115384615384616 0.203125 0.004807692307692308 0.002403846153846154
23 0.7163461538461539 0.36658653846153844 0.004807692307692308 0.002403846153846154
23 0.7163461538461539 0.3713942307692308 0.004807692307692308 0.002403846153846154
23 0.7163461538461539 0.36899038461538464 0.004807692307692308 0.002403846153846154
3 0.7211538461538461 0.5576923076923077 0.004807692307692308 0.004807692307692308
3 0.7247596153846154 0.5889423076923077 0.03125 0.019230769230769232
6 0.7331730769230769 0.2932692307692308 0.03365384615384615 0.0625
6 0.7355769230769231 0.4206730769230769 0.028846153846153848 0.057692307692307696
6 0.7331730769230769 0.22355769230769232 0.028846153846153848 0.057692307692307696