6 0.3016826923076923 0.44471153846153844 0.055288461538461536 0.21153846153846154
14 0.28966346153846156 0.3137019230769231 0.06009615384615385 0.055288461538461536
14 0.3425480769230769 0.6009615384615384 0.040865384615384616 0.028846153846153848
23 0.3173076923076923 0.4362980769230769 0.004807692307692308 0.007211538461538462
6 0.33533653846153844 0.4567307692307692 0.06009615384615385 0.2548076923076923
23 0.3317307692307692 0.33052884615384615 0.004807692307692308 0.007211538461538462
23 0.3317307692307692 0.33653846153846156 0.004807692307692308 0.004807692307692308
23 0.35336538461538464 0.4483173076923077 0.004807692307692308 0.007211538461538462
7 0.3581730769230769 0.4735576923076923 0.009615384615384616 0.019230769230769232
3 0.3870192307692308 0.6334134615384616 0.009615384615384616 0.007211538461538462
3 0.3870192307692308 0.6286057692307693 0.009615384615384616 0.007211538461538462
3 0.3894230769230769 0.6430288461538461 0.009615384615384616 0.007211538461538462
3 0.3894230769230769 0.6382211538461539 0.009615384615384616 0.007211538461538462
23 0.33653846153846156 0.3137019230769231 0.004807692307692308 0.007211538461538462
7 0.3641826923076923 0.4735576923076923 0.007211538461538462 0.019230769230769232
22 0.38461538461538464 0.5853365384615384 0.009615384615384616 0.007211538461538462
6 0.37740384615384615 0.5300480769230769 0.03365384615384615 0.09375
23 0.37259615384615385 0.46634615384615385 0.004807692307692308 0.004807692307692308
23 0.36778846153846156 0.4098557692307692 0.009615384615384616 0.007211538461538462
23 0.36778846153846156 0.41225961538461536 0.009615384615384616 0.007211538461538462
22 0.3942307692307692 0.5829326923076923 0.009615384615384616 0.007211538461538462
23 0.37259615384615385 0.4338942307692308 0.004807692307692308 0.007211538461538462
23 0.37740384615384615 0.4639423076923077 0.004807692307692308 0.004807692307692308
23 0.36538461538461536 0.36658653846153844 0.004807692307692308 0.007211538461538462
23 0.38221153846153844 0.46274038461538464 0.004807692307692308 0.007211538461538462
14 0.40625 0.6009615384615384 0.07692307692307693 0.04807692307692308
22 0.4050480769230769 0.5817307692307693 0.007211538461538462 0.004807692307692308
23 0.38221153846153844 0.43149038461538464 0.004807692307692308 0.007211538461538462
14 0.3629807692307692 0.28846153846153844 0.07211538461538461 0.04326923076923077
6 0.40024038461538464 0.5192307692307693 0.040865384615384616 0.10576923076923077
23 0.375 0.359375 0.014423076923076924 0.007211538461538462
23 0.37740384615384615 0.3641826923076923 0.014423076923076924 0.007211538461538462
14 0.3701923076923077 0.328125 0.07211538461538461 0.04567307692307692
23 0.37740384615384615 0.36778846153846156 0.014423076923076924 0.004807692307692308
23 0.3894230769230769 0.43028846153846156 0.004807692307692308 0.004807692307692308
23 0.3942307692307692 0.46153846153846156 0.004807692307692308 0.004807692307692308
23 0.41586538461538464 0.578125 0.004807692307692308 0.007211538461538462
14 0.3858173076923077 0.38822115384615385 0.05048076923076923 0.026442307692307692
23 0.3942307692307692 0.42908653846153844 0.004807692307692308 0.007211538461538462
23 0.39903846153846156 0.46153846153846156 0.004807692307692308 0.004807692307692308
14 0.39783653846153844 0.44591346153846156 0.05048076923076923 0.03125
23 0.39903846153846156 0.42788461538461536 0.004807692307692308 0.004807692307692308
23 0.40384615384615385 0.45913461538461536 0.004807692307692308 0.004807692307692308
23 0.39903846153846156 0.4050480769230769 0.009615384615384616 0.007211538461538462
23 0.40384615384615385 0.42908653846153844 0.004807692307692308 0.007211538461538462
23 0.4110576923076923 0.4579326923076923 0.004807692307692308 0.007211538461538462
22 0.4230769230769231 0.5456730769230769 0.009615384615384616 0.009615384615384616
23 0.41346153846153844 0.484375 0.009615384615384616 0.007211538461538462
23 0.41346153846153844 0.48197115384615385 0.009615384615384616 0.007211538461538462
22 0.41346153846153844 0.47475961538461536 0.009615384615384616 0.007211538461538462
23 0.41586538461538464 0.4891826923076923 0.009615384615384616 0.007211538461538462
22 0.4254807692307692 0.5504807692307693 0.009615384615384616 0.009615384615384616
23 0.41586538461538464 0.5036057692307693 0.009615384615384616 0.007211538461538462
23 0.41586538461538464 0.4987980769230769 0.009615384615384616 0.007211538461538462
22 0.4230769230769231 0.5396634615384616 0.009615384615384616 0.007211538461538462
22 0.4206730769230769 0.5300480769230769 0.009615384615384616 0.007211538461538462
22 0.4254807692307692 0.5576923076923077 0.009615384615384616 0.009615384615384616
23 0.4182692307692308 0.5060096153846154 0.009615384615384616 0.007211538461538462
22 0.43028846153846156 0.5709134615384616 0.009615384615384616 0.007211538461538462
22 0.4206730769230769 0.515625 0.009615384615384616 0.007211538461538462
23 0.4230769230769231 0.5324519230769231 0.009615384615384616 0.007211538461538462
22 0.42788461538461536 0.5637019230769231 0.009615384615384616 0.007211538461538462
23 0.4206730769230769 0.5252403846153846 0.009615384615384616 0.007211538461538462
22 0.40625 0.41225961538461536 0.009615384615384616 0.007211538461538462
23 0.43990384615384615 0.6189903846153846 0.009615384615384616 0.007211538461538462
23 0.4110576923076923 0.4266826923076923 0.004807692307692308 0.007211538461538462
23 0.41346153846153844 0.4266826923076923 0.004807692307692308 0.007211538461538462
23 0.4206730769230769 0.4579326923076923 0.004807692307692308 0.007211538461538462
22 0.41346153846153844 0.4170673076923077 0.009615384615384616 0.007211538461538462
22 0.41346153846153844 0.4050480769230769 0.009615384615384616 0.007211538461538462
22 0.4423076923076923 0.5685096153846154 0.009615384615384616 0.007211538461538462
22 0.44711538461538464 0.5961538461538461 0.009615384615384616 0.009615384615384616
22 0.4495192307692308 0.6033653846153846 0.009615384615384616 0.009615384615384616
22 0.4495192307692308 0.6141826923076923 0.009615384615384616 0.007211538461538462
23 0.4266826923076923 0.4543269230769231 0.007211538461538462 0.009615384615384616
6 0.4387019230769231 0.5108173076923077 0.040865384615384616 0.10817307692307693
23 0.4326923076923077 0.4543269230769231 0.004807692307692308 0.004807692307692308
2 0.46274038461538464 0.6298076923076923 0.007211538461538462 0.019230769230769232
22 0.4519230769230769 0.5685096153846154 0.009615384615384616 0.007211538461538462
23 0.4375 0.45552884615384615 0.004807692307692308 0.007211538461538462
2 0.4699519230769231 0.6274038461538461 0.007211538461538462 0.019230769230769232
22 0.47596153846153844 0.6262019230769231 0.009615384615384616 0.007211538461538462
22 0.47596153846153844 0.6177884615384616 0.009615384615384616 0.009615384615384616
3 0.47836538461538464 0.6358173076923077 0.009615384615384616 0.007211538461538462
3 0.4807692307692308 0.6310096153846154 0.009615384615384616 0.007211538461538462
6 0.46875 0.5012019230769231 0.04807692307692308 0.15625
14 0.4651442307692308 0.38822115384615385 0.0889423076923077 0.06490384615384616
23 0.4831730769230769 0.4375 0.004807692307692308 0.004807692307692308
23 0.4831730769230769 0.43028846153846156 0.004807692307692308 0.004807692307692308
3 0.5 0.5444711538461539 0.009615384615384616 0.007211538461538462
22 0.5024038461538461 0.5516826923076923 0.009615384615384616 0.007211538461538462
3 0.5 0.5420673076923077 0.009615384615384616 0.007211538461538462
22 0.4879807692307692 0.44350961538461536 0.009615384615384616 0.007211538461538462
13 0.5420673076923077 0.6262019230769231 0.026442307692307692 0.01201923076923077
14 0.5396634615384616 0.6081730769230769 0.021634615384615384 0.019230769230769232
13 0.5432692307692307 0.6201923076923077 0.028846153846153848 0.009615384615384616
6 0.5240384615384616 0.49158653846153844 0.04807692307692308 0.15625
22 0.5072115384615384 0.27283653846153844 0.009615384615384616 0.007211538461538462
3 0.5504807692307693 0.5396634615384616 0.004807692307692308 0.007211538461538462
3 0.5504807692307693 0.5324519230769231 0.004807692307692308 0.007211538461538462
22 0.5528846153846154 0.5204326923076923 0.009615384615384616 0.007211538461538462
6 0.5769230769230769 0.4795673076923077 0.04807692307692308 0.15625
3 0.6057692307692307 0.5264423076923077 0.004807692307692308 0.004807692307692308
3 0.6057692307692307 0.5336538461538461 0.004807692307692308 0.004807692307692308
14 0.5877403846153846 0.3713942307692308 0.0889423076923077 0.06971153846153846
14 0.6298076923076923 0.5985576923076923 0.14423076923076922 0.052884615384615384
23 0.6129807692307693 0.48197115384615385 0.004807692307692308 0.007211538461538462
3 0.6201923076923077 0.5180288461538461 0.004807692307692308 0.007211538461538462
3 0.6225961538461539 0.5276442307692307 0.004807692307692308 0.007211538461538462
23 0.5817307692307693 0.24639423076923078 0.004807692307692308 0.007211538461538462
23 0.59375 0.2704326923076923 0.009615384615384616 0.007211538461538462
23 0.5913461538461539 0.265625 0.009615384615384616 0.007211538461538462
23 0.59375 0.2800480769230769 0.009615384615384616 0.007211538461538462
23 0.5913461538461539 0.2608173076923077 0.009615384615384616 0.007211538461538462
23 0.59375 0.27524038461538464 0.009615384615384616 0.007211538461538462
23 0.6009615384615384 0.3233173076923077 0.009615384615384616 0.007211538461538462
23 0.5961538461538461 0.2824519230769231 0.009615384615384616 0.007211538461538462
23 0.6009615384615384 0.3161057692307692 0.009615384615384616 0.007211538461538462
23 0.6009615384615384 0.3137019230769231 0.009615384615384616 0.007211538461538462
23 0.6033653846153846 0.328125 0.009615384615384616 0.007211538461538462
6 0.6346153846153846 0.4699519230769231 0.04807692307692308 0.15625
23 0.6442307692307693 0.4026442307692308 0.004807692307692308 0.007211538461538462
23 0.6586538461538461 0.4891826923076923 0.004807692307692308 0.007211538461538462
23 0.65625 0.48197115384615385 0.004807692307692308 0.007211538461538462
15 0.6201923076923077 0.23677884615384615 0.028846153846153848 0.03125
6 0.6706730769230769 0.4483173076923077 0.0673076923076923 0.24759615384615385
14 0.7091346153846154 0.5877403846153846 0.019230769230769232 0.021634615384615384
14 0.6802884615384616 0.3449519230769231 0.02403846153846154 0.036057692307692304
14 0.6862980769230769 0.3798076923076923 0.026442307692307692 0.038461538461538464
14 0.6923076923076923 0.4254807692307692 0.028846153846153848 0.04807692307692308
14 0.7091346153846154 0.5204326923076923 0.02403846153846154 0.040865384615384616
14 0.7043269230769231 0.47596153846153844 0.028846153846153848 0.04807692307692308
23 0.6802884615384616 0.3245192307692308 0.009615384615384616 0.004807692307692308
23 0.6802884615384616 0.32091346153846156 0.009615384615384616 0.007211538461538462
23 0.6730769230769231 0.26322115384615385 0.009615384615384616 0.007211538461538462
3 0.6730769230769231 0.25841346153846156 0.009615384615384616 0.007211538461538462
3 0.6850961538461539 0.26322115384615385 0.009615384615384616 0.007211538461538462
23 0.6850961538461539 0.2620192307692308 0.009615384615384616 0.004807692307692308
23 0.6850961538461539 0.25841346153846156 0.009615384615384616 0.007211538461538462
14 0.7367788461538461 0.5805288461538461 0.021634615384615384 0.021634615384615384
23 0.6850961538461539 0.23197115384615385 0.009615384615384616 0.007211538461538462
23 0.6923076923076923 0.27283653846153844 0.009615384615384616 0.007211538461538462
23 0.6947115384615384 0.2800480769230769 0.009615384615384616 0.007211538461538462
23 0.6947115384615384 0.2848557692307692 0.009615384615384616 0.007211538461538462
3 0.6947115384615384 0.2776442307692308 0.009615384615384616 0.007211538461538462
3 0.6923076923076923 0.26802884615384615 0.009615384615384616 0.007211538461538462
6 0.7259615384615384 0.4387019230769231 0.0673076923076923 0.24759615384615385
3 0.6947115384615384 0.22956730769230768 0.009615384615384616 0.007211538461538462
23 0.6995192307692307 0.25841346153846156 0.009615384615384616 0.007211538461538462
23 0.6971153846153846 0.24879807692307693 0.009615384615384616 0.007211538461538462
23 0.6995192307692307 0.25600961538461536 0.009615384615384616 0.007211538461538462
23 0.6995192307692307 0.2512019230769231 0.009615384615384616 0.007211538461538462
23 0.7091346153846154 0.3016826923076923 0.004807692307692308 0.007211538461538462
23 0.7067307692307693 0.23197115384615385 0.009615384615384616 0.007211538461538462
23 0.7067307692307693 0.22956730769230768 0.009615384615384616 0.007211538461538462
14 0.7307692307692307 0.2620192307692308 0.052884615384615384 0.0673076923076923
6 0.7764423076923077 0.43028846153846156 0.0625 0.25
23 0.24278846153846154 0.5829326923076923 0.004807692307692308 0.007211538461538462
6 0.2247596153846154 0.45913461538461536 0.05048076923076923 0.20673076923076922
3 0.25 0.5805288461538461 0.004807692307692308 0.007211538461538462
3 0.2548076923076923 0.5793269230769231 0.004807692307692308 0.004807692307692308
14 0.21754807692307693 0.3233173076923077 0.06009615384615385 0.055288461538461536
3 0.25961538461538464 0.5793269230769231 0.004807692307692308 0.004807692307692308
13 0.27524038461538464 0.6598557692307693 0.01201923076923077 0.021634615384615384
3 0.2644230769230769 0.5793269230769231 0.004807692307692308 0.004807692307692308
6 0.25 0.453125 0.057692307692307696 0.2091346153846154
3 0.27163461538461536 0.578125 0.004807692307692308 0.007211538461538462
15 0.28365384615384615 0.6574519230769231 0.014423076923076924 0.026442307692307692
6 0.28365384615384615 0.5637019230769231 0.10576923076923077 0.03125
6 0.28966346153846156 0.5865384615384616 0.11298076923076923 0.03365384615384615
14 0.3004807692307692 0.6081730769230769 0.038461538461538464 0.02403846153846154
6 0.2776442307692308 0.453125 0.055288461538461536 0.2091346153846154
6 0.3088942307692308 0.6274038461538461 0.12740384615384615 0.038461538461538464
6 0.3173076923076923 0.6550480769230769 0.0625 0.040865384615384616
23 0.2620192307692308 0.28725961538461536 0.009615384615384616 0.007211538461538462