2 0.5804880275974026 0.30521646341463415 0.005537743506493506 0.0037256097560975612
2 0.6650872564935065 0.3056676829268293 0.002658279220779221 0.01072560975609756
2 0.543937702922078 0.30560823170731705 0.0067065746753246745 0.004509146341463414
24 0.7794044237012987 0.30601676829268293 0.0064549512987012985 0.008984756097560975
24 0.7861434659090909 0.30653353658536586 0.00572849025974026 0.01001829268292683
24 0.792229099025974 0.307 0.0028835227272727276 0.007902439024390244
2 0.5104180194805195 0.3073292682926829 0.0062256493506493505 0.003682926829268293
2 0.7061262175324675 0.3074420731707317 0.006814123376623377 0.004518292682926829
6 0.7671621347402597 0.30846036585365855 0.01890219155844156 0.3803353658536585
6 0.7321489448051949 0.3094512195121951 0.01786931818181818 0.375
6 0.7516852678571428 0.3098323170731707 0.02041599025974026 0.3757621951219512
2 0.7063301542207793 0.31134451219512194 0.007221996753246754 0.004396341463414634
22 0.5105783279220779 0.3115198170731707 0.005734577922077922 0.003527439024390244
2 0.7240280032467533 0.3123246951219512 0.002844967532467532 0.010625
2 0.5407568993506493 0.3149984756097561 0.0023741883116883116 0.010484756097560976
22 0.5103480113636364 0.3156814024390244 0.005679788961038961 0.0033140243902439023
22 0.5032203733766234 0.31563567073170734 0.005629058441558441 0.0038323170731707316
2 0.556033887987013 0.3156737804878049 0.0037073863636363637 0.014884146341463414
2 0.5789600243506493 0.31625304878048777 0.01059862012987013 0.005676829268292684
2 0.544255275974026 0.3165701219512195 0.0036891233766233765 0.014237804878048781
2 0.6496256087662338 0.3168490853658537 0.0029849837662337666 0.009917682926829268
2 0.5670799512987014 0.31720121951219515 0.0034780844155844156 0.010621951219512196
22 0.7954961444805194 0.31748170731707315 0.0033299512987012988 0.011792682926829268
22 0.6211333198051948 0.31739786585365853 0.006471185064935065 0.004307926829268293
22 0.7922595373376624 0.3176829268292683 0.0025385551948051946 0.009146341463414634
2 0.6827901785714285 0.31826067073170733 0.002755681818181818 0.010301829268292683
24 0.7859851866883117 0.3182713414634147 0.005411931818181818 0.009103658536585365
2 0.5522402597402597 0.318515243902439 0.001801948051948052 0.008371951219512196
2 0.5628236607142857 0.31863871951219513 0.0014590097402597403 0.009838414634146343
24 0.7795890827922078 0.318782012195122 0.006418425324675324 0.00890548780487805
2 0.5106503652597403 0.319765243902439 0.006690340909090909 0.003554878048780488
2 0.5032497970779221 0.3197210365853658 0.006905438311688312 0.004076219512195122
2 0.6300679788961039 0.3198765243902439 0.005265827922077922 0.007435975609756098
14 0.4778429383116883 0.32065548780487807 0.014533279220779221 0.026676829268292682
2 0.5801075487012987 0.3204969512195122 0.006400162337662337 0.0031890243902439027
22 0.5105874594155845 0.32348475609756094 0.006158685064935065 0.003676829268292683
22 0.5033471996753247 0.3240442073170732 0.005882711038961039 0.003576219512195122
22 0.6352617694805195 0.32578810975609757 0.006318993506493507 0.004625
22 0.780380478896104 0.3277012195121951 0.006377840909090909 0.004182926829268293
22 0.5106706574675325 0.32809908536585364 0.005919237012987013 0.0037591463414634145
2 0.7807173295454546 0.3329359756097561 0.007457386363636364 0.004286585365853659
7 0.7918506493506493 0.3339298780487805 0.010243506493506492 0.006884146341463414
22 0.5131178977272727 0.33463719512195117 0.0022909902597402594 0.008298780487804878
2 0.6386140422077923 0.3358064024390244 0.0065300324675324675 0.0033201219512195125
4 0.47420961850649357 0.3408948170731707 0.0064549512987012985 0.011057926829268294
22 0.5134902597402597 0.34428658536585366 0.002224025974025974 0.009304878048780487
7 0.7950202922077922 0.34699237804878047 0.0035957792207792208 0.015326219512195123
7 0.7905519480519481 0.3473246951219512 0.0039935064935064934 0.015990853658536586
2 0.6369825487012988 0.3495320121951219 0.006919642857142858 0.003942073170731707
4 0.474320211038961 0.3536814024390244 0.006676136363636363 0.01163109756097561
22 0.8077201704545455 0.3540609756097561 0.005862418831168831 0.004463414634146342
22 0.8012763798701299 0.35495884146341466 0.005556006493506493 0.004429878048780487
2 0.6307132711038962 0.3605838414634146 0.006556412337662338 0.004094512195121951
22 0.7206990665584415 0.36504420731707315 0.006333198051948052 0.0044786585365853655
22 0.6018262987012988 0.3736173780487805 0.006412337662337663 0.003942073170731707
22 0.587747564935065 0.3741265243902439 0.005852272727272728 0.0043506097560975605
2 0.595005073051948 0.3741875 0.006568587662337662 0.005082317073170732
14 0.48132000811688314 0.38083079268292686 0.023922483766233765 0.035442073170731704
22 0.5046824269480519 0.38952134146341466 0.0024655032467532467 0.009530487804878049
22 0.571622362012987 0.39237652439024384 0.00606939935064935 0.003655487804878049
22 0.5575162337662338 0.3924984756097561 0.005048701298701298 0.0038993902439024386
2 0.5642877435064935 0.3930609756097561 0.006010551948051948 0.0031951219512195124
2 0.6288626217532467 0.3966173780487805 0.0048843344155844156 0.0029908536585365854
2 0.5049888392857143 0.3995579268292683 0.003078327922077922 0.00948170731707317
29 0.4987936282467532 0.40069664634146346 0.007327516233766234 0.011149390243902439
2 0.5588818993506494 0.4009496951219512 0.005750811688311689 0.003728658536585366
2 0.6290553977272727 0.4009298780487805 0.004864042207792208 0.0030792682926829265
2 0.5499269480519481 0.40147103658536587 0.00448051948051948 0.003551829268292683
9 0.531411323051948 0.40159146341463414 0.021832386363636363 0.03854878048780488
24 0.48963169642857146 0.40311432926829266 0.0064549512987012985 0.009277439024390243
9 0.6154220779220779 0.407234756097561 0.018587662337662337 0.033981707317073166
22 0.6308522727272727 0.4078033536585366 0.004805194805194805 0.004021341463414634
2 0.5564397321428571 0.40982012195121953 0.002489853896103896 0.00927439024390244
22 0.7106777597402597 0.4108673780487805 0.0061769480519480524 0.004051829268292683
22 0.6303916396103897 0.4113719512195122 0.005507305194805195 0.0032317073170731706
29 0.49877029220779223 0.41229420731707317 0.008092532467532469 0.00934451219512195
6 0.5494916801948052 0.41505182926829265 0.007668425324675324 0.021567073170731706
2 0.7110359172077922 0.4156798780487805 0.006487418831168831 0.003920731707317073
24 0.4903135146103896 0.4155746951219512 0.006601055194805195 0.009807926829268293
2 0.6277597402597402 0.4172393292682927 0.0071428571428571435 0.0033810975609756097
15 0.4741101866883117 0.41927134146341466 0.010720373376623377 0.00500609756097561
2 0.4807224025974026 0.42055640243902437 0.002435064935064935 0.009405487804878048
22 0.7110064935064936 0.4206646341463415 0.0060227272727272725 0.003524390243902439
2 0.6275923295454545 0.42133841463414634 0.006402191558441558 0.00426219512195122
2 0.5563585633116883 0.4214740853658536 0.0023275162337662338 0.009411585365853658
29 0.4992451298701299 0.4223064024390244 0.007824675324675325 0.011076219512195121
2 0.7119338474025974 0.42436432926829265 0.0070657467532467535 0.004826219512195122
2 0.4735196834415585 0.4255259146341463 0.006698457792207792 0.004100609756097561
2 0.7163210227272727 0.4263201219512195 0.00244724025974026 0.010567073170731706
2 0.7186444805194805 0.42701371951219513 0.002224025974025974 0.010734756097560976
22 0.47818993506493507 0.42726219512195124 0.00224025974025974 0.008182926829268293
24 0.49050223214285715 0.42870121951219514 0.005760957792207792 0.009841463414634146
22 0.523028612012987 0.42910975609756097 0.0026318993506493507 0.009439024390243902
22 0.5170302353896105 0.4295365853658537 0.0024046266233766233 0.008463414634146342
22 0.5199776785714285 0.42954725609756095 0.0022118506493506492 0.00909451219512195
29 0.5331676136363636 0.4297682926829269 0.007487824675324675 0.011365853658536585
2 0.4733269074675324 0.4300457317073171 0.00671875 0.0033841463414634146
2 0.4826349431818182 0.4299161585365854 0.005854301948051949 0.003125
29 0.4995809659090909 0.43355792682926825 0.008090503246753247 0.011628048780487805
2 0.4737327516233766 0.433734756097561 0.00671875 0.0034451219512195122
6 0.8092796266233766 0.43612804878048783 0.019939123376623378 0.15396341463414634
6 0.7874594155844156 0.4371189024390244 0.01891233766233766 0.15777439024390244
2 0.7169084821428572 0.4377408536585366 0.0036221590909090912 0.012676829268292682
2 0.4735511363636363 0.43769817073170736 0.0063555194805194806 0.0034451219512195122
22 0.7076268262987013 0.4381143292682927 0.0029159902597402595 0.010375
22 0.7042471590909092 0.4383689024390244 0.002650162337662338 0.01027439024390244
24 0.48125811688311687 0.43885670731707316 0.006347402597402597 0.011859756097560976
2 0.6959222808441559 0.4406158536585366 0.0034517045454545456 0.011109756097560975
29 0.5203043831168831 0.4411707317073171 0.008141233766233765 0.011
22 0.4739549512987013 0.44318445121951217 0.0067573051948051945 0.004051829268292683
22 0.48116680194805195 0.4462515243902439 0.005758928571428571 0.003478658536585366
2 0.6820789366883117 0.4470533536585366 0.003768262987012987 0.011179878048780489
2 0.4737560876623377 0.4473536585365853 0.005953733766233766 0.0038536585365853662
6 0.44406858766233764 0.4475762195121951 0.04844561688311688 0.10490853658536586
2 0.7043323863636364 0.4481478658536585 0.003226461038961039 0.01214939024390244
2 0.48847909902597403 0.4497560975609756 0.006178977272727273 0.0025609756097560977
22 0.4811211444805195 0.4505076219512195 0.0052617694805194805 0.003454268292682927
22 0.4736586850649351 0.45194512195121955 0.006164772727272727 0.0032804878048780487
22 0.5577039366883116 0.4521783536585366 0.002989042207792208 0.011064024390243902
2 0.4882254464285714 0.4538871951219512 0.00648336038961039 0.0041158536585365856
22 0.47369419642857136 0.45568902439024395 0.00664163961038961 0.004060975609756098
2 0.6929565746753247 0.4569664634146341 0.0036079545454545457 0.010884146341463416
2 0.4886394074675324 0.45856554878048783 0.006905438311688312 0.003716463414634146
24 0.4811586850649351 0.45862042682926835 0.006148538961038961 0.011143292682926829
22 0.4736394074675324 0.45994359756097564 0.0061262175324675325 0.004033536585365854
2 0.48855519480519477 0.46219664634146346 0.006331168831168831 0.0036615853658536583
2 0.4738301542207792 0.46448170731707317 0.006507711038961039 0.00274390243902439
2 0.48870840097402596 0.4667271341463415 0.006637581168831169 0.003576219512195122
2 0.47358969155844155 0.4682088414634146 0.00643262987012987 0.003490853658536585
2 0.7090097402597403 0.4743414634146341 0.019074675324675324 0.02978048780487805
2 0.6028764204545455 0.4746585365853659 0.01906452922077922 0.026756097560975613
29 0.5821124188311688 0.47613719512195124 0.019338474025974026 0.01995731707317073
22 0.5615472808441558 0.4833048780487805 0.0025588474025974024 0.008073170731707317
29 0.5536404220779221 0.4835198170731707 0.007849025974025974 0.010942073170731707
22 0.5592025162337663 0.4834740853658537 0.002333603896103896 0.008411585365853659
6 0.5025903003246753 0.486515243902439 0.012485795454545454 0.03461585365853659
6 0.4767126623376623 0.4868567073170732 0.012272727272727272 0.03346951219512195
6 0.4894571834415585 0.4873658536585366 0.011787743506493507 0.03509756097560976
29 0.5669551542207792 0.4915167682926829 0.00809862012987013 0.011082317073170733
22 0.574963474025974 0.49198018292682927 0.0021996753246753247 0.008350609756097561
2 0.5725010146103896 0.4923795731707317 0.0021448863636363636 0.008539634146341464
22 0.5871002435064935 0.49365396341463413 0.002528409090909091 0.008039634146341464
22 0.5815249594155845 0.49355945121951217 0.002335633116883117 0.007850609756097561
22 0.58421875 0.4937682926829268 0.00244724025974026 0.00826829268292683
22 0.5941761363636363 0.49414634146341463 0.0020698051948051946 0.008414634146341464
22 0.5908167613636364 0.4939771341463414 0.002250405844155844 0.008685975609756097
29 0.5536698457792208 0.4955381097560976 0.007096185064935065 0.01058841463414634
22 0.5588646509740259 0.49567378048780486 0.0024695616883116884 0.008420731707317074
22 0.5615097402597402 0.4961920731707317 0.002483766233766234 0.00823780487804878
22 0.4831361607142857 0.5091158536585366 0.0023924512987012984 0.007865853658536585
22 0.5027688717532468 0.5092103658536585 0.0018851461038961038 0.007445121951219513
22 0.48802049512987017 0.5093978658536585 0.0024208603896103895 0.009039634146341463
22 0.49746245941558437 0.5097728658536586 0.0018242694805194807 0.008570121951219513
2 0.5003967126623377 0.509655487804878 0.0020109577922077923 0.007725609756097561
22 0.47965503246753244 0.509842987804878 0.0027353896103896103 0.007490853658536585
22 0.49161018668831175 0.509842987804878 0.0022950487012987015 0.008100609756097561
2 0.45320312500000004 0.5101905487804878 0.0034030032467532467 0.011234756097560975
22 0.4691578733766234 0.5099939024390244 0.002844967532467532 0.009621951219512195
22 0.4628439529220779 0.510060975609756 0.0027982954545454543 0.00975609756097561
13 0.45663656655844154 0.5102408536585366 0.00377637987012987 0.011335365853658536
2 0.46021408279220777 0.5102576219512195 0.0028145292207792205 0.01014939024390244
2 0.4665604707792208 0.5103978658536585 0.002520292207792208 0.009820121951219512
2 0.45022017045454543 0.5106615853658537 0.0031189123376623375 0.010347560975609755
13 0.44670048701298704 0.5109420731707317 0.0033847402597402595 0.010908536585365855
6 0.73828125 0.5146417682926829 0.013900162337662338 0.03660060975609756
6 0.7542623782467532 0.5151021341463415 0.019076704545454546 0.03813109756097561
6 0.7729068587662338 0.5155746951219512 0.015375405844155844 0.03785670731707317
22 0.4729383116883117 0.5208719512195122 0.0022889610389610388 0.009426829268292683
2 0.4646793831168831 0.5238795731707317 0.002410714285714286 0.008734756097560975
6 0.6145342938311689 0.5242881097560975 0.14181209415584417 0.034551829268292686
2 0.467307224025974 0.5247576219512194 0.0023904220779220778 0.009881097560975608
22 0.49747869318181814 0.5308628048780488 0.0026684253246753247 0.008676829268292684
22 0.4945444399350649 0.5313323170731707 0.002481737012987013 0.009006097560975609
22 0.46479200487012984 0.544844512195122 0.0022301136363636364 0.009201219512195121
22 0.46767248376623377 0.5449039634146342 0.002309253246753247 0.009320121951219512
22 0.6668496347402597 0.5456128048780488 0.0025304383116883118 0.008298780487804878
2 0.6695484983766233 0.5457621951219512 0.0022463474025974026 0.009207317073170731
2 0.6561049107142857 0.5460274390243902 0.003362418831168831 0.00973780487804878
22 0.6639823457792208 0.5458155487804879 0.0024776785714285716 0.009314024390243902
2 0.6534628652597403 0.5459847560975609 0.0029484577922077922 0.009652439024390244
22 0.6587053571428572 0.5459329268292683 0.0016639610389610389 0.008939024390243902
22 0.6610978084415584 0.5465030487804878 0.0023904220779220778 0.008859756097560975
2 0.6724604301948053 0.5490640243902439 0.0027942370129870127 0.009103658536585365
2 0.645822849025974 0.549342987804878 0.006337256493506494 0.004173780487804878
6 0.7414407467532468 0.549545731707317 0.006420454545454545 0.01677439024390244
22 0.7300862418831169 0.5507164634146341 0.007250405844155844 0.011189024390243904
2 0.4731422483766234 0.5519161585365854 0.006755275974025974 0.0038323170731707316
14 0.7045982142857143 0.5531798780487805 0.028514610389610392 0.0356280487804878
22 0.44961038961038957 0.553952743902439 0.006363636363636364 0.003027439024390244
22 0.4728622159090909 0.5556051829268293 0.006195211038961039 0.0038932926829268293
2 0.4497351866883117 0.5580807926829269 0.0066132305194805206 0.003966463414634146
2 0.7355326704545454 0.5585137195121951 0.0023153409090909093 0.009710365853658537
2 0.7308035714285714 0.5588689024390243 0.00625 0.0037134146341463413
14 0.4616872970779221 0.5590487804878049 0.015095373376623377 0.014439024390243903
2 0.6760978084415584 0.5596463414634146 0.002763798701298701 0.010146341463414634
24 0.7232010957792208 0.5595137195121951 0.006467126623376624 0.011710365853658535
22 0.4727090097402598 0.5599085365853659 0.006294642857142857 0.003353658536585366
22 0.44959415584415585 0.5622103658536586 0.00551948051948052 0.0030792682926829265
22 0.7300862418831169 0.5632256097560976 0.006438717532467533 0.0038902439024390244
22 0.4731879058441558 0.5639786585365854 0.006034902597402597 0.003567073170731707
2 0.481599025974026 0.5645899390243903 0.007435064935064935 0.013326219512195122
22 0.44959415584415585 0.5659634146341463 0.0059253246753246756 0.0032682926829268296
2 0.687200689935065 0.5673841463414634 0.0067065746753246745 0.004280487804878048
22 0.4731148538961039 0.5675289634146341 0.006294642857142857 0.003960365853658537
2 0.4658380681818182 0.5705899390243903 0.0067573051948051945 0.004594512195121951
2 0.45795556006493504 0.5709740853658537 0.006820211038961039 0.0041432926829268295
2 0.45048904220779223 0.5712606707317073 0.006903409090909091 0.004716463414634146
2 0.6870079139610389 0.5715121951219512 0.006726866883116883 0.004
4 0.7305438311688311 0.5722469512195122 0.006136363636363636 0.011567073170731707
24 0.722573051948052 0.5725213414634146 0.0064285714285714285 0.01150609756097561
6 0.5779210633116882 0.5784039634146342 0.1550304383116883 0.026929878048780487
22 0.6971489448051948 0.5792850609756097 0.002658279220779221 0.009179878048780487
22 0.6917126623376624 0.5791753048780488 0.0023376623376623377 0.009570121951219512
22 0.6943181818181818 0.579344512195122 0.0026785714285714286 0.009298780487804878
22 0.6888382711038961 0.5795701219512195 0.0026765422077922076 0.00975
22 0.6861789772727273 0.5796310975609756 0.0026339285714285714 0.009871951219512195
24 0.7022270698051948 0.5804725609756097 0.007538555194805194 0.009115853658536585
2 0.47574675324675325 0.5812865853658536 0.008717532467532468 0.011963414634146342
2 0.45999188311688316 0.5814192073170732 0.008863636363636363 0.01283841463414634
22 0.7076663961038961 0.5814481707317073 0.002589285714285714 0.00923780487804878
22 0.7130986201298701 0.5817454268292683 0.0029017857142857144 0.010442073170731708
22 0.710096387987013 0.5819192073170731 0.0025791396103896106 0.009570121951219512
2 0.6790838068181818 0.5824176829268293 0.0071124188311688305 0.0038597560975609756
2 0.6791467126623376 0.5861295731707318 0.006832386363636364 0.003966463414634146
2 0.6961881087662338 0.5894481707317073 0.002765827922077922 0.010603658536585367
4 0.7024462256493507 0.5899862804878049 0.007976866883116884 0.009850609756097561
2 0.6906270292207792 0.5901524390243903 0.002601461038961039 0.010182926829268293
2 0.6871783685064935 0.5903216463414634 0.0030093344155844156 0.009911585365853659
13 0.4790381493506493 0.5911875 0.009618506493506493 0.006155487804878049
22 0.7077637987012987 0.591342987804878 0.0031899350649350652 0.009515243902439024
22 0.7123325892857143 0.5912713414634146 0.00583400974025974 0.0038841463414634146
2 0.47181006493506494 0.5925060975609756 0.0024675324675324677 0.01001219512195122
2 0.4500476866883117 0.5925426829268292 0.0023681006493506494 0.008865853658536585
2 0.4473630275974026 0.5926371951219512 0.0022747564935064937 0.009054878048780487
2 0.4585217126623376 0.5927317073170731 0.002270698051948052 0.009853658536585366
2 0.452669439935065 0.5929192073170731 0.0027414772727272726 0.00961890243902439
2 0.4558532873376624 0.5928948170731707 0.0026156655844155846 0.008960365853658538
2 0.4609719967532468 0.5928948170731707 0.0023011363636363637 0.008960365853658538
22 0.46868405032467536 0.5930899390243902 0.0027090097402597403 0.009350609756097562
2 0.46359375 0.5931768292682926 0.002674512987012987 0.009524390243902439
2 0.599848823051948 0.5968536585365853 0.0032690746753246754 0.010170731707317074
2 0.6702303165584416 0.5975838414634147 0.006856737012987012 0.004923780487804877
2 0.47712459415584413 0.5976798780487805 0.006603084415584415 0.0026768292682926827
22 0.44868912337662337 0.6003551829268292 0.006550324675324675 0.004368902439024391
2 0.7015980113636363 0.6008185975609756 0.007092126623376624 0.004076219512195122
2 0.4773122970779221 0.6017393292682927 0.006572646103896104 0.004088414634146342
2 0.572390422077922 0.6039131097560976 0.015316558441558442 0.02063109756097561
2 0.7007589285714286 0.6049054878048781 0.0066314935064935064 0.004323170731707317
22 0.44868912337662337 0.6057728658536585 0.006956168831168831 0.00361890243902439
2 0.4773122970779221 0.6059618902439025 0.006572646103896104 0.003996951219512195
24 0.7300081168831168 0.6084237804878049 0.007094155844155845 0.008920731707317074
2 0.6252688717532467 0.6093567073170731 0.0033786525974025972 0.010176829268292683
22 0.44879870129870125 0.6099969512195121 0.006363636363636364 0.004140243902439025
2 0.4771875 0.6101844512195121 0.006728896103896103 0.0032957317073170735
24 0.709328327922078 0.6100274390243903 0.007536525974025974 0.009079268292682928
24 0.7214995941558442 0.6108429878048781 0.00671672077922078 0.008881097560975609
2 0.5957771915584416 0.6112743902439024 0.0032426948051948053 0.00974390243902439
2 0.5820241477272727 0.6117179878048781 0.0029281655844155844 0.010021341463414633
24 0.7432467532467532 0.6131753048780487 0.007597402597402597 0.009277439024390243
2 0.47742187500000005 0.6138201219512195 0.005980113636363636 0.0026402439024390246
22 0.44873579545454545 0.6148521341463414 0.006237824675324675 0.004094512195121951
14 0.4626724837662338 0.6149009146341463 0.012195616883116883 0.01638719512195122
2 0.4773589691558442 0.6184176829268293 0.00666599025974026 0.0026890243902439027
22 0.4486109983766234 0.6186051829268293 0.00598823051948052 0.0036737804878048783
2 0.4772970779220779 0.6218201219512195 0.006542207792207793 0.00400609756097561
24 0.7131513798701299 0.6226295731707316 0.007877435064935065 0.009283536585365853
22 0.4489234983766234 0.622640243902439 0.005801542207792208 0.0038170731707317072
2 0.47754667207792206 0.6261356707317073 0.006229707792207792 0.004100609756097561
22 0.44873579545454545 0.6272378048780488 0.005831980519480519 0.0038658536585365853
24 0.7241791801948052 0.6285426829268292 0.007611607142857142 0.009524390243902439
24 0.7329768668831169 0.628907012195122 0.007349837662337662 0.00964329268292683
24 0.7407558847402598 0.6289862804878048 0.007485795454545455 0.009801829268292683
22 0.7497564935064935 0.6294588414634147 0.0031655844155844153 0.01013719512195122
2 0.47760856331168833 0.6304527439024391 0.0063534902597402595 0.004198170731707317
6 0.5793425324675324 0.6323673780487805 0.15503246753246752 0.026929878048780487
2 0.6623062094155844 0.6325762195121951 0.007242288961038961 0.004176829268292682
22 0.45898640422077924 0.6332317073170731 0.002388392857142857 0.007926829268292683
22 0.46179484577922075 0.6337134146341463 0.002729301948051948 0.008890243902439024
22 0.7007964691558441 0.6342667682926829 0.0018364448051948054 0.008167682926829269
2 0.47760856331168833 0.6346753048780488 0.0063534902597402595 0.003496951219512195
2 0.4675882711038961 0.6347454268292684 0.002546672077922078 0.009734756097560976
22 0.7033299512987014 0.6346951219512196 0.0024391233766233767 0.00902439024390244
2 0.4522463474025974 0.6348993902439024 0.0031128246753246752 0.009432926829268292
22 0.4547290990259741 0.634858231707317 0.0019906655844155845 0.008740853658536586
22 0.46462763798701295 0.6349176829268294 0.002307224025974026 0.008859756097560975
22 0.4487997159090909 0.6354939024390244 0.0027130681818181815 0.009402439024390244
2 0.69796875 0.6357621951219513 0.003080357142857143 0.011158536585365855
2 0.4606919642857143 0.6403170731707316 0.007017045454545455 0.003804878048780488
2 0.7794480519480519 0.6409039634146342 0.006948051948051949 0.0037591463414634145
2 0.46503043831168833 0.6442621951219512 0.005953733766233766 0.004378048780487804
22 0.4568922483766234 0.6444649390243902 0.006316964285714285 0.003564024390243902
22 0.8262195616883117 0.6451539634146342 0.0022767857142857143 0.008600609756097562
2 0.45031757305194803 0.6451615853658537 0.006560470779220779 0.004347560975609756
22 0.8232457386363636 0.6451250000000001 0.0024168019480519482 0.009152439024390243
7 0.8160795454545454 0.6465762195121951 0.011217532467532468 0.006567073170731707
24 0.734231939935065 0.6471128048780488 0.0066132305194805206 0.011908536585365854
22 0.765872564935065 0.6479908536585366 0.0057711038961038965 0.003908536585365854
22 0.36886160714285715 0.6504024390243903 0.0003043831168831169 0.0001951219512195122
22 0.7590107548701299 0.651876524390244 0.007063717532467533 0.003753048780487805
22 0.7662236201298701 0.651966463414634 0.006067370129870129 0.002103658536585366
24 0.750744724025974 0.6535167682926829 0.006765422077922079 0.011911585365853659
22 0.7956016639610389 0.6542530487804877 0.005570211038961039 0.004237804878048781
2 0.8231422483766234 0.6548689024390243 0.0026156655844155846 0.010347560975609755
2 0.8263271103896104 0.6551676829268293 0.0024918831168831168 0.009115853658536585
2 0.775872564935065 0.6556234756097562 0.003043831168831169 0.010027439024390244
2 0.47381696428571424 0.6556737804878049 0.002828733766233766 0.009518292682926829
13 0.779494724025974 0.6558643292682927 0.003388798701298701 0.010509146341463414
22 0.7662236201298701 0.6560548780487805 0.006067370129870129 0.003573170731707317
22 0.7585511363636364 0.6560457317073171 0.005738636363636364 0.002945121951219512
2 0.8344886363636363 0.6576631097560977 0.0021753246753246753 0.008618902439024391
2 0.734715909090909 0.658875 0.007175324675324675 0.004335365853658537
22 0.7589914772727273 0.6604024390243902 0.00580762987012987 0.003731707317073171
6 0.8148762175324675 0.6606189024390243 0.006781655844155844 0.017579268292682925
7 0.7995434253246754 0.6607454268292683 0.014671266233766233 0.007466463414634146
2 0.7659902597402598 0.6610685975609756 0.005194805194805195 0.0032347560975609754
2 0.7506189123376624 0.662219512195122 0.006107954545454546 0.003707317073170732
22 0.48003652597402596 0.6620945121951219 0.002686688311688312 0.009554878048780488
7 0.830630073051948 0.6622667682926829 0.0041984577922077925 0.017216463414634144
2 0.7659070616883117 0.6648460365853659 0.005840097402597403 0.003472560975609756
22 0.7589214691558441 0.664986280487805 0.005667613636363636 0.004362804878048781
2 0.6275842126623377 0.6653490853658536 0.0035450487012987013 0.009966463414634145
24 0.5428480113636364 0.6654756097560977 0.006962256493506494 0.009609756097560975
24 0.5519470373376623 0.665452743902439 0.007709009740259741 0.008344512195121952
2 0.8262631899350649 0.6657682926829268 0.0027698863636363637 0.01019512195121951
2 0.5690371347402597 0.665640243902439 0.0025223214285714285 0.008719512195121952
2 0.823257913961039 0.6658246951219513 0.0024411525974025973 0.009698170731707317
2 0.5356534090909091 0.665827743902439 0.002719155844155844 0.008484756097560974
24 0.5238859577922078 0.666202743902439 0.007593344155844156 0.008624999999999999
2 0.7506747159090909 0.6673125 0.007031249999999999 0.003527439024390244
22 0.834521103896104 0.6684115853658537 0.002646103896103896 0.009384146341463414
2 0.4953683035714286 0.668280487804878 0.0021002435064935063 0.010341463414634147
2 0.8075801542207792 0.6686463414634146 0.007205762987012986 0.005585365853658536
2 0.7812591314935065 0.668778963414634 0.009758522727272729 0.011338414634146341
22 0.7590462662337663 0.6691021341463416 0.005511363636363636 0.003448170731707317
22 0.7658959009740259 0.6693780487804878 0.00622362012987013 0.004
22 0.7508938717532468 0.6715518292682927 0.0058461850649350645 0.004079268292682927
22 0.48004870129870125 0.6722560975609756 0.002305194805194805 0.00853658536585366
22 0.4828267045454545 0.6722560975609756 0.002585227272727273 0.00853658536585366
13 0.665413961038961 0.672922256097561 0.0033116883116883116 0.009868902439024389
2 0.8078896103896104 0.673204268292683 0.007012987012987013 0.0037256097560975612
13 0.6612733360389611 0.6733353658536585 0.0031473214285714286 0.00947560975609756
2 0.6685622970779221 0.6734618902439025 0.0027090097402597403 0.01033841463414634
22 0.8148853490259741 0.6737012195121951 0.005582386363636364 0.0028902439024390244
22 0.7590158279220779 0.6741493902439024 0.006262175324675325 0.004396341463414634
22 0.7671296672077922 0.6750731707317073 0.007879464285714285 0.005024390243902439
22 0.7510967938311689 0.6756158536585366 0.0058461850649350645 0.0030609756097560972
22 0.49717126623376623 0.6770091463414635 0.005706168831168831 0.004018292682926829
13 0.7780549918831169 0.6774192073170732 0.010655438311688312 0.006667682926829269
2 0.7398407061688311 0.6778780487804879 0.007278814935064935 0.003926829268292683
22 0.733565340909091 0.677983231707317 0.004874188311688311 0.00413719512195122
2 0.8289011769480519 0.678327743902439 0.0027698863636363637 0.009704268292682927
22 0.8262195616883117 0.6786432926829268 0.0026826298701298702 0.007896341463414634
22 0.8346631493506494 0.6788490853658536 0.002524350649350649 0.008917682926829268
22 0.8318658685064936 0.6789024390243903 0.0026116071428571425 0.00902439024390244
2 0.7398193993506493 0.6820091463414634 0.006424512987012987 0.004871951219512195
22 0.7333877840909091 0.6822560975609757 0.006548295454545455 0.0035365853658536586
24 0.7588342126623376 0.683216463414634 0.006710633116883117 0.011554878048780488
22 0.7516071428571429 0.6836356707317073 0.006055194805194805 0.0032469512195121954
14 0.704075689935065 0.6838414634146341 0.04979099025974026 0.07317073170731707
22 0.7517806412337662 0.6876143292682927 0.006402191558441558 0.0032774390243902438
24 0.767867288961039 0.6878109756097561 0.006919642857142858 0.011597560975609756
6 0.5803236607142858 0.6885167682926829 0.1553713474025974 0.026423780487804877
13 0.6623133116883118 0.6892240853658537 0.003603896103896104 0.009545731707317073
29 0.8295312499999999 0.6896737804878049 0.008088474025974025 0.010445121951219511
2 0.6688646509740259 0.6899146341463415 0.007372159090909091 0.015195121951219514
22 0.759283685064935 0.6912728658536585 0.005580357142857143 0.0032774390243902438
22 0.7436241883116883 0.6919359756097562 0.005917207792207792 0.0033841463414634146
22 0.812205762987013 0.6949161585365853 0.00671672077922078 0.005076219512195121
22 0.7595373376623377 0.6953170731707317 0.006087662337662338 0.0034390243902439025
22 0.7594429788961039 0.6994451219512194 0.0054931006493506495 0.0025487804878048777
24 0.7485602678571429 0.6999131097560976 0.0072666396103896105 0.012631097560975609
2 0.7864620535714285 0.7000487804878048 0.0027130681818181815 0.010463414634146342
24 0.7674573863636364 0.7016402439024391 0.0065056818181818184 0.010597560975609755
24 0.7791649756493506 0.7018307926829268 0.0075994318181818185 0.012198170731707316
29 0.8194257305194805 0.7021814024390245 0.007357954545454545 0.012289634146341464
2 0.7352221996753248 0.7027317073170731 0.006564529220779221 0.003024390243902439
29 0.8112905844155844 0.7029557926829268 0.007727272727272727 0.011399390243902439
22 0.4641294642857143 0.7038094512195122 0.002528409090909091 0.00883841463414634
22 0.4585511363636363 0.7042987804878048 0.002329545454545455 0.008597560975609755
2 0.6517755681818181 0.7044740853658538 0.002414772727272727 0.008338414634146342
22 0.4551217532467533 0.7045731707317073 0.00237012987012987 0.00853658536585366
22 0.4615117694805195 0.7048475609756097 0.0025689935064935063 0.008475609756097562
2 0.4524523133116883 0.7049009146341463 0.0027130681818181815 0.009801829268292683
2 0.4492157061688312 0.7050975609756097 0.0027333603896103897 0.01019512195121951
22 0.47587662337662334 0.7049618902439024 0.002483766233766234 0.009923780487804876
29 0.47024350649350655 0.7053231707317074 0.007857142857142858 0.010646341463414635
29 0.4811069399350649 0.7057515243902438 0.00807426948051948 0.010283536585365852
2 0.7349340503246753 0.7070762195121951 0.00598823051948052 0.0037865853658536584
6 0.8310754870129871 0.7078048780487805 0.012394480519480519 0.021097560975609757
22 0.7384395292207793 0.713282012195122 0.00244724025974026 0.008271341463414635
22 0.8212987012987013 0.7138125 0.0025811688311688312 0.00811280487804878
22 0.8176004464285714 0.7143841463414634 0.0016781655844155844 0.007426829268292683
4 0.6617512175324676 0.7155243902439025 0.006538149350649351 0.01153658536585366
4 0.6541842532467533 0.7154771341463414 0.006826298701298701 0.012051829268292683
22 0.4495038555194806 0.7167469512195122 0.0024979707792207794 0.00849390243902439
22 0.45240158279220777 0.7167576219512195 0.0030174512987012985 0.009125
2 0.6277424918831168 0.7168353658536585 0.0030499188311688312 0.009890243902439025
2 0.5097686688311688 0.7168399390243902 0.015478896103896104 0.024533536585365855
2 0.5272088068181818 0.7176280487804878 0.014644886363636363 0.02428048780487805
15 0.4926410308441559 0.7177499999999999 0.013285308441558442 0.04159756097560976
2 0.569862012987013 0.7194085365853659 0.002142857142857143 0.009548780487804878
24 0.8056148538961039 0.7196798780487805 0.007333603896103896 0.011310975609756097
7 0.4682153003246753 0.721390243902439 0.022469561688311688 0.019609756097560972
2 0.8210673701298701 0.7237179878048781 0.002930194805194805 0.010240853658536586
2 0.8137388392857143 0.723952743902439 0.006941964285714286 0.004003048780487805
22 0.761861810064935 0.7247759146341463 0.0022138798701298703 0.009307926829268292
22 0.7592694805194805 0.7250335365853658 0.002711038961038961 0.009213414634146341
22 0.6951369724025974 0.7284375000000001 0.0030986201298701297 0.010533536585365853
7 0.834424715909091 0.7285823170731708 0.004076704545454546 0.015091463414634146
22 0.7140361201298702 0.7285076219512195 0.002341720779220779 0.008234756097560976
22 0.717348823051948 0.7289054878048781 0.0024736201298701296 0.00903048780487805
7 0.8287743506493506 0.7293201219512195 0.004951298701298701 0.015957317073170732
29 0.754205560064935 0.7296143292682927 0.008005275974025975 0.011057926829268294
24 0.709301948051948 0.729609756097561 0.005454545454545454 0.011658536585365854
24 0.6788403003246752 0.7296707317073171 0.007437094155844155 0.011780487804878049
22 0.4512692775974026 0.7297850609756098 0.0023762175324675327 0.008350609756097561
22 0.44861201298701303 0.7300411585365854 0.0023376623376623377 0.008862804878048781
4 0.6633512581168831 0.7304710365853659 0.008114853896103896 0.009722560975609756
24 0.6896803977272727 0.7311051829268292 0.00679586038961039 0.010990853658536585
24 0.7262560876623376 0.7314131097560975 0.007301136363636363 0.009777439024390244
14 0.7837084009740259 0.7329771341463415 0.039007711038961036 0.051320121951219516
22 0.7472179383116883 0.7329512195121951 0.006611201298701299 0.004926829268292683
22 0.824361810064935 0.7331097560975609 0.0022138798701298703 0.00951219512195122
22 0.8187885551948052 0.7331996951219513 0.002025162337662338 0.00786280487804878
22 0.8215797483766234 0.7335426829268292 0.0027374188311688314 0.007939024390243903
22 0.48271509740259744 0.733907012195122 0.0031737012987012986 0.00988719512195122
22 0.7617451298701299 0.7343536585365853 0.002792207792207792 0.007731707317073171
22 0.7595373376623377 0.7349740853658537 0.002029220779220779 0.008972560975609755
22 0.6884283685064935 0.7404298780487806 0.006321022727272727 0.004030487804878049
22 0.7604078733766234 0.740672256097561 0.005393668831168831 0.0032957317073170735
24 0.6632224025974026 0.7416371951219513 0.008668831168831168 0.00949390243902439
14 0.8100578327922078 0.7420731707317073 0.015002029220779221 0.024390243902439025
6 0.5810328733766233 0.7425304878048781 0.15638392857142858 0.028963414634146343
24 0.7452810470779221 0.743484756097561 0.008013392857142858 0.010140243902439023
29 0.46719358766233765 0.745920731707317 0.022049512987012986 0.020499999999999997
22 0.6930215097402598 0.7471737804878049 0.00333198051948052 0.012640243902439025
24 0.7366294642857143 0.7474451219512195 0.007349837662337662 0.008914634146341463
24 0.726635551948052 0.7475213414634146 0.007248376623376623 0.010286585365853659
2 0.6896459009740259 0.7487439024390244 0.0026684253246753247 0.010292682926829267
2 0.6870505275974026 0.7485838414634146 0.0023478084415584416 0.009972560975609756
2 0.6723538961038962 0.755233231707317 0.0033928571428571428 0.011685975609756098
22 0.8101937905844157 0.7602118902439025 0.002286931818181818 0.00883841463414634
2 0.804338474025974 0.7606996951219511 0.001939935064935065 0.009204268292682928
22 0.6905945616883117 0.7605518292682927 0.00294237012987013 0.009518292682926829
2 0.6871479301948051 0.7609969512195123 0.0025426136363636363 0.010408536585365854
22 0.8074695616883117 0.7608963414634146 0.002114448051948052 0.009597560975609756
24 0.7877130681818182 0.7623246951219512 0.005620941558441559 0.011234756097560975
24 0.7655448457792208 0.7623079268292683 0.005927353896103897 0.010591463414634147
22 0.7812550730519481 0.7634679878048781 0.002445211038961039 0.009253048780487806
2 0.682583198051948 0.7634268292682926 0.006400162337662337 0.004292682926829269
24 0.7744003652597402 0.7640945121951219 0.006592938311688312 0.013554878048780488
2 0.6746043019480519 0.7640548780487805 0.007081980519480519 0.004329268292682926
24 0.5921174918831169 0.7671006097560976 0.00606939935064935 0.010420731707317074
2 0.45919845779220775 0.7683338414634147 0.01864042207792208 0.023253048780487805
2 0.47680194805194803 0.769797256097561 0.01650974025974026 0.02739939024390244
2 0.5216213474025975 0.7698567073170732 0.01808035714285714 0.022640243902439027
15 0.4900395698051948 0.7701432926829269 0.0141700487012987 0.04028658536585365
2 0.6110379464285715 0.7731768292682927 0.0029200487012987016 0.010378048780487805
22 0.5501663961038961 0.7747012195121952 0.0021185064935064935 0.007939024390243903
22 0.5471398133116883 0.7757484756097561 0.0029646915584415584 0.007594512195121951
24 0.729544439935065 0.7782362804878048 0.005355113636363636 0.011960365853658535
24 0.7294186282467532 0.7789192073170732 0.006321022727272727 0.012106707317073171
22 0.6638869724025974 0.7818064024390243 0.005939529220779221 0.0032469512195121954
22 0.7133451704545454 0.7834192073170732 0.006235795454545455 0.004643292682926829
29 0.4725263798701299 0.784875 0.008364448051948052 0.00999390243902439
29 0.46406757305194807 0.7848262195121951 0.008086444805194805 0.01050609756097561
2 0.66390625 0.7857057926829267 0.006383928571428572 0.003728658536585366
22 0.7135927353896104 0.7873963414634146 0.006325081168831169 0.004670731707317073
22 0.7215574269480519 0.7881051829268293 0.006426542207792208 0.0036493902439024392
22 0.4651542207792208 0.7922393292682927 0.0053896103896103895 0.0039908536585365854
2 0.7133400974025974 0.7922393292682927 0.007037337662337662 0.0039908536585365854
22 0.7210978084415585 0.7922332317073171 0.006318993506493507 0.003978658536585366
22 0.4962144886363636 0.7954070121951219 0.0058218344155844155 0.00361890243902439
6 0.5805255681818182 0.7957317073170732 0.15536931818181818 0.027439024390243903
22 0.7214630681818182 0.7959969512195122 0.006643668831168832 0.004189024390243903
22 0.4592390422077922 0.796344512195122 0.005734577922077922 0.0030548780487804875
22 0.46484172077922076 0.7964390243902439 0.005982142857142857 0.0038536585365853662
22 0.4728327922077922 0.7964390243902439 0.00573051948051948 0.0038536585365853662
2 0.7134760551948053 0.7966798780487805 0.006091720779220779 0.0037256097560975612
29 0.4846266233766233 0.7983536585365854 0.015113636363636364 0.015000000000000001
22 0.4965888798701299 0.7993719512195122 0.005758928571428571 0.004841463414634146
24 0.8194663149350649 0.7999969512195121 0.006221590909090909 0.012189024390243901
24 0.8271448863636364 0.7998216463414634 0.005750811688311689 0.011228658536585365
24 0.792637987012987 0.7999649390243904 0.006948051948051949 0.011515243902439026
22 0.803942775974026 0.8003841463414635 0.0023660714285714288 0.009304878048780487
22 0.8094206574675324 0.8002408536585366 0.0023640422077922077 0.009018292682926829
22 0.8123133116883117 0.8002865853658536 0.0028733766233766233 0.009719512195121951
2 0.7131534090909091 0.8007560975609757 0.006258116883116883 0.003951219512195122
24 0.7764103084415584 0.8020899390243903 0.0077719155844155835 0.009667682926829268
24 0.7675618912337663 0.8020167682926829 0.007932224025974027 0.010131097560975608
24 0.754940137987013 0.8021798780487805 0.006633522727272727 0.007408536585365854
22 0.7393455762987012 0.8029878048780489 0.0026359577922077924 0.009634146341463415
22 0.7421174918831169 0.803185975609756 0.0024979707792207794 0.009420731707317073
24 0.7223752029220779 0.8032560975609756 0.007656249999999999 0.009560975609756097
2 0.7135470779220779 0.8046234756097561 0.006233766233766234 0.004978658536585365
2 0.4964640827922078 0.8049542682926829 0.006726866883116883 0.0025914634146341465
22 0.4767217938311688 0.8122515243902438 0.0029565746753246755 0.00864939024390244
22 0.4798873782467533 0.8122743902439025 0.0027942370129870127 0.008695121951219511
2 0.6650091314935065 0.8141798780487806 0.006560470779220779 0.0045792682926829266
22 0.5497321428571429 0.815625 0.0028733766233766233 0.007469512195121951
22 0.5525243506493507 0.8156905487804879 0.00237012987012987 0.006381097560975609
22 0.5155712256493507 0.8165975609756098 0.0031392045454545457 0.006975609756097561
22 0.7089387175324675 0.8166432926829269 0.006351461038961039 0.004018292682926829
22 0.7188798701298701 0.816859756097561 0.006753246753246753 0.004451219512195122
14 0.4599939123376623 0.8209344512195121 0.02672483766233766 0.04064939024390244
2 0.7090665584415585 0.8209283536585366 0.007012987012987013 0.004051829268292683
2 0.7190797483766234 0.8248567073170733 0.007153003246753247 0.004591463414634146
22 0.7200071022727274 0.8301722560975611 0.008601866883116883 0.005466463414634146
22 0.8168384740259741 0.8396920731707317 0.005836038961038961 0.0031646341463414636
2 0.8236891233766234 0.8400045731707317 0.00614448051948052 0.0037896341463414633
22 0.7038129058441558 0.8399725609756098 0.0021874999999999998 0.008603658536585365
22 0.7010643262987013 0.8400518292682927 0.002372159090909091 0.008762195121951219
2 0.698395900974026 0.840045731707317 0.0019054383116883118 0.009969512195121951
22 0.695757913961039 0.8403506097560975 0.0019054383116883118 0.009969512195121951
22 0.8105610795454545 0.8403810975609756 0.005862418831168831 0.003323170731707317
22 0.6849360795454545 0.8404679878048781 0.002583198051948052 0.010204268292682927
22 0.6821043019480519 0.8407271341463415 0.002195616883116883 0.009503048780487805
24 0.6902506087662338 0.840875 0.007936282467532467 0.010408536585365854
22 0.7872311282467532 0.8408460365853658 0.002627840909090909 0.00913109756097561
2 0.679760551948052 0.8411219512195123 0.0023782467532467533 0.009073170731707318
24 0.765942573051948 0.8427362804878049 0.006316964285714285 0.011692073170731707
24 0.7515807629870129 0.8433780487804878 0.006408279220779221 0.012365853658536586
22 0.7058918425324676 0.8475091463414633 0.005533685064935065 0.004164634146341464
6 0.5785308441558441 0.8483231707317073 0.15706168831168832 0.028963414634146343
22 0.47838676948051945 0.8513368902439025 0.006286525974025974 0.0045030487804878045
2 0.7839468344155844 0.8515076219512195 0.00255275974025974 0.009722560975609756
2 0.7870931412337663 0.8514100609756098 0.0027577110389610388 0.009527439024390244
22 0.48606534090909087 0.8516646341463415 0.006221590909090909 0.0039390243902439025
2 0.4865016233766234 0.8550670731707317 0.006282467532467533 0.003426829268292683
2 0.47855823863636365 0.8551600609756098 0.00622362012987013 0.0036128048780487802
22 0.7479971590909091 0.8574314024390244 0.002893668831168831 0.009984756097560976
22 0.7452039366883116 0.8585289634146341 0.002583198051948052 0.010960365853658538
2 0.6789640827922078 0.8622073170731708 0.014178165584415585 0.021365853658536584
22 0.835299310064935 0.8626768292682927 0.0029849837662337666 0.0095
15 0.7145454545454546 0.8668338414634147 0.010665584415584416 0.00561890243902439
6 0.777752637987013 0.8672560975609755 0.010456574675324676 0.03451219512195122
6 0.8103358360389611 0.8695182926829268 0.04559050324675325 0.02379268292682927
2 0.6123589691558441 0.8723810975609756 0.006373782467532467 0.003908536585365854
22 0.46832081980519485 0.8739512195121951 0.001982548701298701 0.008878048780487806
22 0.465822849025974 0.8743033536585366 0.0022625811688311687 0.007753048780487805
29 0.7393131087662338 0.8755335365853658 0.007441152597402597 0.011432926829268292
29 0.7311637581168832 0.8756951219512196 0.007782061688311689 0.01053658536585366
29 0.7231605113636363 0.8759024390243902 0.00760349025974026 0.010341463414634147
22 0.6122991071428571 0.8760914634146342 0.005848214285714286 0.00401219512195122
22 0.6186028814935065 0.8762073170731708 0.006280438311688312 0.003634146341463415
22 0.5891842532467533 0.8763765243902438 0.002232142857142857 0.008850609756097562
6 0.7475121753246753 0.8770533536585366 0.008417207792207792 0.02605792682926829
2 0.5861982548701299 0.8771341463414634 0.0023478084415584416 0.01097560975609756
14 0.5999979707792208 0.877486280487805 0.016554383116883117 0.015948170731707317
22 0.7137337662337663 0.877640243902439 0.002548701298701299 0.008939024390243902
22 0.716828327922078 0.8778734756097561 0.002650162337662338 0.009405487804878048
22 0.708000202922078 0.8777759146341464 0.002445211038961039 0.009210365853658536
4 0.6958137175324675 0.8778064024390244 0.0056696428571428575 0.012320121951219511
24 0.7031808035714285 0.877891768292683 0.0066051136363636355 0.01188109756097561
2 0.6314742288961039 0.8790396341463415 0.015789366883116884 0.020884146341463416
22 0.6190198863636364 0.879579268292683 0.00630275974025974 0.003670731707317073
6 0.6799320211038961 0.8800868902439024 0.0226075487012987 0.01810060975609756
22 0.6125821834415585 0.8802073170731707 0.006008522727272727 0.003707317073170732
6 0.6519967532467532 0.880344512195122 0.02314935064935065 0.01251829268292683
2 0.755734577922078 0.8826295731707318 0.006599025974025975 0.004893292682926829
22 0.6189194399350649 0.8842271341463415 0.006507711038961039 0.004429878048780487
22 0.7294105113636363 0.884390243902439 0.0063047889610389615 0.004146341463414634
22 0.7229991883116883 0.8842149390243902 0.005657467532467532 0.003795731707317073
22 0.6124452110389611 0.8844588414634147 0.005734577922077922 0.0036737804878048783
22 0.5873021509740259 0.8853109756097561 0.006178977272727273 0.004158536585365854
29 0.46837662337662334 0.8861783536585366 0.007775974025974026 0.01260060975609756
22 0.4732203733766234 0.8864085365853659 0.00244724025974026 0.008792682926829267
22 0.4759050324675325 0.8867134146341463 0.0025405844155844156 0.01001219512195122
22 0.4786363636363636 0.8870655487804877 0.0019155844155844155 0.008277439024390244
6 0.5394521103896104 0.8893323170731708 0.08620941558441558 0.026835365853658536
6 0.766778612012987 0.10354573170731707 0.012453327922077921 0.03696951219512195
29 0.8035978084415585 0.10470121951219513 0.007763798701298701 0.010621951219512196
29 0.7951308847402598 0.10461890243902439 0.007875405844155844 0.01045731707317073
22 0.7898153409090909 0.10485365853658538 0.002520292207792208 0.009097560975609756
6 0.7509141639610389 0.10509756097560977 0.013597808441558442 0.03641463414634146
22 0.7872554788961038 0.10565548780487805 0.0026765422077922076 0.010091463414634147
6 0.7343993506493506 0.10693292682926829 0.016688311688311686 0.02301219512195122
2 0.7905225243506494 0.112625 0.006775568181818182 0.005128048780487805
22 0.8034892451298701 0.11276371951219512 0.0063291396103896105 0.004795731707317073
22 0.796750202922078 0.11282926829268292 0.006243912337662337 0.004926829268292683
9 0.6326603084415584 0.11298475609756098 0.023031655844155844 0.03511585365853659
6 0.44619521103896104 0.11353353658536584 0.03484172077922078 0.039871951219512196
14 0.7793618100649351 0.11367682926829269 0.01286323051948052 0.026134146341463414
2 0.46935064935064935 0.11477743902439025 0.006477272727272727 0.003945121951219512
29 0.602330560064935 0.11802591463414634 0.03258319805194805 0.02934451219512195
9 0.6589924918831168 0.11877896341463415 0.02253043831168831 0.03511890243902439
15 0.46991375811688313 0.11974695121951219 0.007197646103896104 0.00473780487804878
2 0.4699786931818182 0.12490091463414635 0.007327516233766234 0.0034603658536585366
15 0.6804809253246753 0.12539786585365853 0.015588474025974025 0.03860060975609756
2 0.7145393668831169 0.12561737804878048 0.004159902597402597 0.0030640243902439026
29 0.5753591720779221 0.12705792682926828 0.021659902597402598 0.04801829268292683
29 0.5542238230519481 0.12701981707317073 0.020379464285714285 0.04611280487804878
15 0.46945008116883113 0.1296158536585366 0.007081980519480519 0.0049634146341463415
15 0.5307041396103896 0.13060518292682927 0.01960633116883117 0.05023475609756098
14 0.7997879464285714 0.13295121951219513 0.024494724025974024 0.03419512195121951
29 0.715174512987013 0.13301829268292684 0.00502435064935065 0.010548780487804879
2 0.46992694805194807 0.1345609756097561 0.006412337662337663 0.0032682926829268296
24 0.7829941152597402 0.13513719512195121 0.007546672077922078 0.008689024390243903
2 0.5083198051948052 0.13665091463414636 0.021915584415584416 0.039765243902439025
15 0.46976258116883113 0.1388109756097561 0.006083603896103896 0.004451219512195122
22 0.6326897321428572 0.14272408536585365 0.014567775974025976 0.009838414634146343
2 0.4703439529220779 0.14378201219512196 0.007246347402597403 0.002807926829268293
2 0.4928104707792208 0.14416615853658538 0.002666396103896104 0.009673780487804878
22 0.7815066964285714 0.14890853658536585 0.0025426136363636363 0.010621951219512196
29 0.6035734577922077 0.1489329268292683 0.03182224025974026 0.028963414634146343
22 0.5636830357142857 0.15379268292682927 0.008453733766233765 0.004536585365853659
2 0.5357599431818182 0.1559466463414634 0.010237418831168832 0.005795731707317074
7 0.5499624594155844 0.15676676829268293 0.01632102272727273 0.007435975609756098
22 0.8103946834415584 0.15679115853658535 0.0026887175324675325 0.008704268292682928
2 0.8074441964285715 0.15682164634146342 0.0024695616883116884 0.010594512195121952
2 0.799093952922078 0.15736432926829266 0.0032203733766233765 0.010460365853658537
22 0.8020647321428571 0.15802743902439026 0.0026684253246753247 0.008737804878048781
22 0.8047027191558441 0.15809451219512194 0.0026684253246753247 0.008871951219512196
22 0.7962469561688312 0.15834908536585365 0.002802353896103896 0.008771341463414633
22 0.793065137987013 0.15910213414634147 0.002120535714285714 0.009667682926829268
14 0.576255073051948 0.15914024390243903 0.015334821428571427 0.01523170731707317
6 0.7030062905844155 0.15992378048780487 0.018431412337662337 0.12228658536585367
22 0.5638352272727273 0.15972560975609756 0.008352272727272727 0.004207317073170732
29 0.7879799107142857 0.1599405487804878 0.008183847402597403 0.011954268292682927
2 0.5852181412337663 0.16143749999999998 0.0020109577922077923 0.008850609756097562
2 0.5345779220779221 0.1622942073170732 0.0066558441558441555 0.004466463414634147
22 0.7821976461038961 0.16283841463414633 0.0023011363636363637 0.010432926829268292
2 0.5553794642857143 0.16347256097560978 0.006051136363636364 0.0037743902439024393
2 0.5636576704545454 0.16335670731707316 0.006373782467532467 0.003542682926829268
22 0.548643465909091 0.16344969512195123 0.006377840909090909 0.004338414634146342
29 0.6770870535714285 0.1668170731707317 0.01975852272727273 0.045829268292682926
29 0.6555225243506494 0.16709603658536587 0.021678165584415585 0.04638719512195122
2 0.5941243912337661 0.16801981707317074 0.0060247564935064935 0.0031128048780487807
2 0.4728368506493506 0.16794512195121952 0.006550324675324675 0.003573170731707317
2 0.4966578733766234 0.16879268292682925 0.002650162337662338 0.009536585365853658
22 0.4935480925324675 0.16869664634146342 0.0025182629870129872 0.008734756097560975
22 0.49910714285714286 0.16884603658536587 0.0026785714285714286 0.008423780487804879
6 0.44409598214285717 0.16995579268292685 0.0351075487012987 0.04539939024390244
22 0.7905265827922078 0.17003048780487806 0.0023193993506493505 0.009573170731707317
2 0.7932041396103896 0.1702957317073171 0.002804383116883117 0.010103658536585366
2 0.6331229707792209 0.17096646341463415 0.006911525974025974 0.00473780487804878
2 0.4836038961038961 0.17122103658536586 0.015097402597402599 0.021710365853658535
22 0.472716112012987 0.17177134146341463 0.0067146915584415596 0.003908536585365854
7 0.5768851461038961 0.17228506097560978 0.016594967532467534 0.007984756097560976
2 0.6244703733766234 0.17261890243902442 0.009898538961038962 0.005603658536585366
24 0.5569176136363636 0.17278506097560975 0.007504058441558441 0.008984756097560975
24 0.5648224431818182 0.1727621951219512 0.007485795454545455 0.009548780487804878
2 0.6168536931818182 0.17283231707317073 0.003187905844155844 0.010908536585365855
2 0.5442228084415585 0.17310975609756096 0.002406655844155844 0.01024390243902439
24 0.5497635957792208 0.1730564024390244 0.006994724025974026 0.008917682926829268
2 0.6129301948051948 0.1731341463414634 0.003051948051948052 0.010292682926829267
2 0.606226663961039 0.17318597560975607 0.0030377435064935067 0.010396341463414635
22 0.6095982142857143 0.17318597560975607 0.002881493506493506 0.010396341463414635
22 0.6024563717532468 0.17331707317073172 0.003208198051948052 0.011268292682926829
14 0.8034648944805195 0.17488871951219512 0.01723823051948052 0.023557926829268293
24 0.5971672077922078 0.17495274390243903 0.00724025974025974 0.009051829268292684
24 0.5900771103896104 0.1750121951219512 0.007264610389610389 0.009780487804878049
2 0.473106737012987 0.17642835365853657 0.0066842532467532466 0.003466463414634146
22 0.628479099025974 0.17792378048780488 0.00614650974025974 0.0034085365853658537
29 0.4991558441558442 0.17932774390243905 0.012922077922077922 0.009875
22 0.4728398944805195 0.18053658536585365 0.0061505681818181815 0.00375609756097561
22 0.6338676948051948 0.1809359756097561 0.003125 0.011871951219512195
22 0.6375903003246753 0.1808719512195122 0.0036708603896103897 0.011743902439024392
29 0.7808877840909091 0.18184603658536586 0.0073924512987012985 0.007594512195121951
22 0.6286373782467533 0.1821295731707317 0.005651379870129871 0.0032835365853658535
2 0.6211028814935065 0.18203658536585368 0.0031635551948051947 0.011024390243902438
22 0.6239823457792208 0.18366920731707315 0.0024289772727272728 0.009411585365853658
2 0.4728743912337662 0.18465091463414635 0.006625405844155844 0.003448170731707317
22 0.6179301948051947 0.18521189024390244 0.0025 0.00761890243902439
22 0.5095738636363636 0.18568749999999998 0.00575487012987013 0.003692073170731707
22 0.6448498376623377 0.1857576219512195 0.0031737012987012986 0.010539634146341464
2 0.6283563311688312 0.18598170731707317 0.005089285714285714 0.003670731707317073
2 0.6412144886363637 0.18598628048780486 0.003208198051948052 0.01038719512195122
2 0.7900720373376623 0.18640548780487803 0.002627840909090909 0.009396341463414634
22 0.4728916396103896 0.18810975609756098 0.0062540584415584416 0.003048780487804878
2 0.7152759740259741 0.1910670731707317 0.002792207792207792 0.008353658536585365
2 0.4729778814935065 0.1924862804878049 0.006832386363636364 0.0038750000000000004
24 0.4804109172077922 0.19276829268292683 0.00627637987012987 0.01175609756097561
2 0.510096387987013 0.19249695121951219 0.005582386363636364 0.0032865853658536584
29 0.7811140422077922 0.19335060975609758 0.015150162337662337 0.01353048780487805
15 0.4904230925324675 0.1945091463414634 0.004385146103896104 0.015847560975609756
22 0.6184314123376624 0.19609908536585366 0.003096590909090909 0.010490853658536584
22 0.473010349025974 0.1968719512195122 0.006491477272727272 0.0035
22 0.7903967126623376 0.1970716463414634 0.0028713474025974027 0.009996951219512195
14 0.6299502840909091 0.19958079268292683 0.017611607142857144 0.021112804878048782
2 0.44890625 0.20098475609756097 0.006578733766233766 0.0037987804878048784
22 0.45582284902597403 0.20128658536585367 0.006207386363636364 0.0044024390243902435
2 0.4647524350649351 0.20134146341463413 0.006615259740259741 0.0032926829268292686
14 0.8034872159090909 0.2020594512195122 0.017282873376623376 0.023021341463414637
24 0.5099066558441558 0.20420731707317072 0.006420454545454545 0.010853658536585367
2 0.46463879870129865 0.20514329268292683 0.005982142857142857 0.003579268292682927
2 0.44869521103896104 0.20520731707317075 0.006156655844155844 0.003707317073170732
22 0.4553348214285714 0.20544969512195121 0.006448863636363636 0.003582317073170732
2 0.6188849431818182 0.20691615853658535 0.00278612012987013 0.010173780487804877
29 0.6764874188311688 0.20738871951219512 0.03154626623376623 0.031240853658536585
24 0.7828632305194805 0.20894054878048782 0.006879058441558441 0.008734756097560975
22 0.510164366883117 0.21128353658536586 0.0057183441558441555 0.0030548780487804875
7 0.48512885551948054 0.2115030487804878 0.0043486201298701295 0.018128048780487804
29 0.5020931412337662 0.21312652439024388 0.007433035714285715 0.009789634146341463
6 0.44015016233766235 0.21371036585365855 0.025998376623376625 0.013396341463414634
29 0.6499015827922078 0.21536280487804876 0.019364853896103897 0.04414024390243902
22 0.5104494724025974 0.21566920731707317 0.006288555194805195 0.0038993902439024386
7 0.4657254464285714 0.21643597560975608 0.0045028409090909095 0.01701829268292683
22 0.6325558035714286 0.21687347560975612 0.0025304383116883118 0.00813719512195122
22 0.6353764204545455 0.21704878048780488 0.002489853896103896 0.008487804878048781
22 0.6378784496753247 0.21690396341463417 0.0026237824675324675 0.008198170731707317
22 0.6210095373376624 0.21728201219512194 0.0021651785714285714 0.008954268292682928
14 0.47546875000000005 0.2173780487804878 0.014249188311688312 0.027439024390243903
2 0.4596996753246753 0.21735213414634144 0.0070616883116883114 0.004826219512195122
22 0.618130073051948 0.21832926829268293 0.002088068181818182 0.00921951219512195
2 0.48586647727272725 0.22209451219512197 0.006229707792207792 0.0033353658536585365
2 0.5049411525974026 0.22364176829268292 0.0021712662337662336 0.009478658536585366
24 0.5101034902597402 0.224 0.006002435064935065 0.011414634146341463
2 0.7858431412337663 0.22407774390243904 0.01770900974025974 0.023765243902439025
2 0.4941132305194805 0.22517835365853658 0.008924512987012986 0.016210365853658537
2 0.4856290584415584 0.22617073170731708 0.006566558441558442 0.0035609756097560977
22 0.6355691964285715 0.22666310975609757 0.0024695616883116884 0.008814024390243903
22 0.6212418831168831 0.22676524390243902 0.00262987012987013 0.009018292682926829
2 0.632679586038961 0.22711432926829267 0.001966314935064935 0.009106707317073172
22 0.618400974025974 0.22791158536585365 0.002224025974025974 0.00826219512195122
22 0.5108411120129871 0.2319939024390244 0.005854301948051949 0.0030121951219512196
2 0.632843952922078 0.23777743902439025 0.0063534902597402595 0.004823170731707317
15 0.6812388392857143 0.23777896341463414 0.024815340909090912 0.023728658536585366
4 0.47143973214285717 0.23790853658536587 0.006191152597402598 0.011792682926829268
22 0.5124147727272726 0.23926676829268292 0.002913961038961039 0.009021341463414633
7 0.48411221590909087 0.24065701219512195 0.003938717532467532 0.015460365853658536
7 0.47947544642857143 0.2410609756097561 0.004405438311688312 0.015658536585365854
2 0.7136607142857143 0.24714939024390242 0.015795454545454547 0.021128048780487803
2 0.696213474025974 0.2478170731707317 0.0028165584415584415 0.01026829268292683
22 0.512145900974026 0.24857164634146342 0.0027820616883116886 0.008728658536585365
29 0.7850172483766233 0.24893597560975608 0.007940340909090909 0.010067073170731708
24 0.7934222808441559 0.24923170731707317 0.006487418831168831 0.011268292682926829
29 0.7765969967532468 0.24928810975609755 0.007739448051948052 0.01138109756097561
4 0.4720484983766234 0.25110518292682926 0.006191152597402598 0.011966463414634147
14 0.6473934659090909 0.252140243902439 0.01516030844155844 0.015865853658536586
2 0.6692146915584415 0.255172256097561 0.017812500000000002 0.04449085365853659
22 0.5087784090909091 0.25608841463414633 0.005787337662337662 0.0030304878048780484
2 0.6854667207792208 0.2560838414634147 0.006079545454545455 0.00363109756097561
22 0.5017704951298702 0.25631859756097564 0.005976055194805195 0.003490853658536585
24 0.7942958603896104 0.25995884146341464 0.005799512987012987 0.010771341463414633
22 0.5089285714285714 0.2601829268292683 0.005681818181818182 0.0032926829268292686
29 0.7777242288961039 0.2603323170731707 0.01080560064935065 0.010298780487804879
29 0.7860917207792208 0.2611600609756098 0.009277597402597402 0.009515243902439024
14 0.47513798701298704 0.26133993902439023 0.013993506493506492 0.007435975609756098
22 0.6456767451298702 0.26316615853658537 0.007262581168831168 0.0049908536585365855
22 0.5089417613636363 0.26427286585365856 0.005708198051948052 0.002935975609756098
2 0.5792512175324676 0.26426829268292684 0.0030641233766233763 0.00902439024390244
22 0.5823163555194806 0.2649481707317073 0.0027008928571428574 0.009774390243902439
2 0.5407000811688312 0.2649451219512195 0.002260551948051948 0.009158536585365853
2 0.5705397727272727 0.26521036585365854 0.003498376623376623 0.012128048780487805
2 0.5675720373376623 0.26528963414634144 0.0024330357142857144 0.01045731707317073
2 0.6404788961038962 0.26557012195121954 0.00336038961038961 0.010408536585365854
22 0.5540229301948052 0.2656219512195122 0.002120535714285714 0.008682926829268293
22 0.5569551542207792 0.2657576219512195 0.0027090097402597403 0.008954268292682928
2 0.5599543425324676 0.2662545731707317 0.003025568181818182 0.010557926829268293
2 0.5516558441558441 0.2663856707317073 0.0022564935064935065 0.008990853658536585
2 0.479075689935065 0.2674253048780488 0.006852678571428572 0.0031432926829268295
2 0.47109983766233765 0.2675655487804878 0.006323051948051948 0.003423780487804878
2 0.6468262987012987 0.26840396341463413 0.00672077922077922 0.004490853658536586
22 0.5029778814935065 0.2685975609756098 0.005549918831168832 0.003658536585365854
22 0.5089945211038961 0.26841768292682927 0.005813717532467532 0.003298780487804878
7 0.47643364448051945 0.2720701219512195 0.01049715909090909 0.005725609756097562
2 0.5803429383116883 0.27222865853658534 0.006059253246753247 0.003603658536585366
22 0.5029778814935065 0.2721966463414634 0.005549918831168832 0.003539634146341463
22 0.5092278814935065 0.27252743902439025 0.00546875 0.0029817073170731703
2 0.7765625 0.2723185975609756 0.006047077922077922 0.0031737804878048783
2 0.7837276785714286 0.27265243902439024 0.007390422077922078 0.005060975609756098
7 0.6533025568181818 0.2729237804878049 0.006280438311688312 0.02389634146341463
2 0.5423904220779221 0.27414634146341466 0.005641233766233766 0.004390243902439025
22 0.6833187905844156 0.27553353658536583 0.0034070616883116883 0.010213414634146342
22 0.6864336444805195 0.27553048780487804 0.003143262987012987 0.009597560975609756
2 0.5538534902597403 0.2761326219512195 0.0021874999999999998 0.010801829268292682
22 0.5090178571428572 0.2760015243902439 0.005454545454545454 0.0032225609756097564
2 0.5594013798701298 0.27660213414634144 0.002731331168831169 0.009301829268292684
2 0.5513291396103895 0.2768201219512195 0.002414772727272727 0.00851829268292683
2 0.5569987824675324 0.27658841463414635 0.0023904220779220778 0.009884146341463415
22 0.5027881493506493 0.27695731707317073 0.005576298701298702 0.0033048780487804877
22 0.7172412743506493 0.2774435975609756 0.0034760551948051946 0.00915548780487805
22 0.7142116477272727 0.2778155487804878 0.002692775974025974 0.009289634146341463
2 0.6487723214285714 0.27839786585365855 0.0029017857142857144 0.010454268292682926
2 0.542794237012987 0.2786219512195122 0.005637175324675325 0.002975609756097561
24 0.7860967938311689 0.28012499999999996 0.005635146103896104 0.009640243902439024
22 0.5011191152597403 0.28039634146341463 0.005484983766233766 0.0028658536585365853
24 0.7791426542207792 0.28078963414634145 0.005525568181818182 0.00975
2 0.5100984172077921 0.28080182926829267 0.006398133116883117 0.0030670731707317074
6 0.8082640016233766 0.28178353658536587 0.017907873376623376 0.13795731707317074
2 0.5635592532467532 0.28216310975609754 0.002524350649350649 0.010057926829268293
22 0.5055681818181819 0.2830899390243902 0.001801948051948052 0.007643292682926829
2 0.5785501217532467 0.28340396341463414 0.00937297077922078 0.006442073170731707
2 0.5103317775974026 0.28434603658536584 0.006053165584415584 0.003448170731707317
2 0.545059862012987 0.2844359756097561 0.008950892857142857 0.004847560975609756
22 0.5010927353896104 0.284765243902439 0.005432224025974026 0.0030670731707317074
22 0.6809547483766234 0.2850243902439024 0.003143262987012987 0.009073170731707318
22 0.6837530438311687 0.28512957317073173 0.00346387987012987 0.008673780487804877
13 0.6905641233766233 0.28635823170731706 0.003287337662337662 0.010521341463414633
22 0.6864336444805195 0.2864862804878049 0.003143262987012987 0.009557926829268292
22 0.7143729707792208 0.28746493902439024 0.003015422077922078 0.009685975609756097
22 0.7173285308441558 0.287577743902439 0.0036505681818181815 0.009911585365853659
2 0.5511150568181818 0.28846189024390245 0.0023924512987012984 0.009240853658536585
2 0.5542025162337663 0.28858841463414636 0.0020738636363636367 0.011323170731707317
2 0.5804809253246753 0.2893094512195122 0.006741071428571429 0.004228658536585365
2 0.6578814935064935 0.28988871951219514 0.0020454545454545456 0.009045731707317074
2 0.5427607548701299 0.29026981707317073 0.005570211038961039 0.003100609756097561
14 0.47774147727272726 0.2912728658536585 0.013518668831168833 0.027057926829268292
6 0.4484253246753247 0.2918338414634146 0.03483766233766234 0.14464329268292683
22 0.660252637987013 0.2926768292682927 0.0019176136363636361 0.00852439024390244
2 0.6333756087662338 0.29277896341463416 0.0066051136363636355 0.004460365853658537
22 0.6261637581168832 0.2927835365853659 0.006791801948051948 0.004469512195121951
2 0.6679931006493506 0.29339634146341464 0.006440746753246753 0.0038658536585365853
24 0.7861312905844156 0.2933109756097561 0.004892451298701299 0.010402439024390243
2 0.675073051948052 0.293625 0.003149350649350649 0.007981707317073171
24 0.7791558441558442 0.29359908536585366 0.006363636363636364 0.009759146341463415
24 0.5026532061688311 0.2938399390243902 0.006523944805194805 0.011460365853658538
2 0.49828632305194803 0.2941692073170732 0.0022544642857142854 0.009070121951219512
24 0.5104048295454545 0.2941219512195122 0.005387581168831169 0.009585365853658536
22 0.6630955762987013 0.29454115853658536 0.0023275162337662338 0.007984756097560976
2 0.543166599025974 0.29477896341463417 0.005164366883116883 0.003582317073170732
2 0.6775040584415584 0.29535060975609756 0.002329545454545455 0.00899390243902439
2 0.6806818181818182 0.2958216463414634 0.0030032467532467534 0.010545731707317074
2 0.6829149756493507 0.29573170731707316 0.0034111201298701295 0.010365853658536586
2 0.6895992288961038 0.29641158536585366 0.0029809253246753245 0.009896341463414634
2 0.6865777191558441 0.2967713414634146 0.002619724025974026 0.01000609756097561
2 0.6677546672077922 0.29741158536585366 0.006369724025974026 0.0045792682926829266
13 0.7037753652597403 0.29905640243902437 0.002924107142857143 0.009698170731707317
22 0.6380580357142857 0.29916615853658535 0.006229707792207792 0.004429878048780487
2 0.5776866883116883 0.29985060975609756 0.010892857142857143 0.005189024390243903
13 0.708041801948052 0.3000579268292683 0.0037459415584415586 0.009871951219512195
2 0.5446448863636364 0.3007484756097561 0.009338474025974026 0.005155487804878049
2 0.5517907873376623 0.30101524390243906 0.002120535714285714 0.008737804878048781
2 0.5545200892857143 0.30144207317073174 0.0027090097402597403 0.009591463414634146
22 0.57122362012987 0.30247103658536584 0.002431006493506494 0.008600609756097562
2 0.5103409090909091 0.3034908536585366 0.006477272727272727 0.003323170731707317