6 0.5852191558441558 0.3121798780487805 0.21142857142857144 0.0213109756097561
14 0.7193131087662338 0.3206692073170732 0.048609983766233766 0.05414329268292683
14 0.42564630681818183 0.3288765243902439 0.02377637987012987 0.03702134146341464
22 0.5911373782467533 0.3289192073170732 0.006950081168831169 0.006009146341463415
6 0.5687226055194805 0.344015243902439 0.25432832792207793 0.021567073170731706
22 0.6940807629870129 0.3588948170731707 0.006668019480519481 0.005594512195121952
22 0.6871134334415584 0.3595350609756098 0.0061262175324675325 0.005045731707317073
22 0.5742248376623377 0.36176676829268295 0.007215909090909091 0.005850609756097561
7 0.5481818181818182 0.3628978658536586 0.020064935064935063 0.007503048780487805
2 0.38646103896103895 0.3671387195121951 0.00465909090909091 0.01110670731707317
2 0.3911231737012987 0.36727439024390246 0.0038372564935064937 0.01076829268292683
2 0.37725243506493505 0.3674542682926829 0.003693181818181818 0.009908536585365854
2 0.3822047483766234 0.36746798780487805 0.004263392857142857 0.010545731707317074
22 0.7109466314935065 0.36793292682926826 0.0067146915584415596 0.005378048780487805
7 0.5486109983766233 0.3694908536585366 0.0205174512987013 0.006054878048780488
24 0.43551542207792204 0.3723338414634147 0.0061769480519480524 0.008692073170731708
6 0.4902130681818182 0.37309451219512196 0.09122159090909092 0.020579268292682928
22 0.5546428571428572 0.3791432926829268 0.0062012987012987015 0.005237804878048781
22 0.6106899350649351 0.3818323170731708 0.004253246753246754 0.01000609756097561
22 0.6066193181818182 0.3821783536585366 0.003823051948051948 0.010698170731707318
24 0.43566355519480515 0.38229420731707314 0.005255681818181818 0.009100609756097562
22 0.5864539366883117 0.3838704268292683 0.006917613636363637 0.006155487804878049
22 0.554862012987013 0.38420731707317074 0.006233766233766234 0.004999999999999999
22 0.6525963879870129 0.3880228658536585 0.007709009740259741 0.004704268292682927
22 0.5548883928571429 0.38990091463414633 0.007098214285714285 0.004192073170731708
14 0.41400974025974024 0.3910625 0.03743506493506493 0.07175914634146342
24 0.4357061688311688 0.3913795731707317 0.0061525974025974026 0.0071493902439024384
22 0.5864539366883117 0.3947926829268293 0.006917613636363637 0.005439024390243902
14 0.7305194805194806 0.39768902439024395 0.03530844155844156 0.06854878048780488
6 0.4973863636363636 0.39816158536585367 0.10313311688311688 0.023152439024390244
22 0.6581767451298701 0.3981951219512195 0.0034476461038961035 0.015902439024390244
22 0.6547798295454546 0.3988368902439024 0.003959009740259741 0.013527439024390244
14 0.6904687500000001 0.39887804878048777 0.035564123376623374 0.06909756097560975
22 0.6508116883116882 0.39918597560975605 0.002922077922077922 0.01422560975609756
22 0.5862621753246753 0.4001356707317073 0.0065340909090909095 0.005149390243902439
22 0.5550385551948052 0.4002987804878049 0.00658685064935065 0.004865853658536585
22 0.4370160308441558 0.40349542682926826 0.00755478896103896 0.005161585365853659
14 0.6296418425324676 0.4044878048780488 0.017806412337662336 0.048
22 0.5862672483766234 0.40556554878048784 0.006950081168831169 0.004423780487804878
22 0.5549370941558441 0.40582012195121947 0.006383928571428572 0.005542682926829268
14 0.5713950892857143 0.40684756097560976 0.022660308441558443 0.047231707317073164
22 0.5867593344155845 0.4110350609756097 0.006310876623376624 0.004996951219512195
22 0.5550010146103896 0.41151829268292683 0.0065117694805194816 0.005353658536585365
22 0.6097504058441559 0.41458384146341465 0.003997564935064935 0.010265243902439025
22 0.5866416396103896 0.41628810975609754 0.0068871753246753245 0.00513719512195122
22 0.5547128652597403 0.4163658536585366 0.007153003246753247 0.0046829268292682925
24 0.4676501623376623 0.4168338414634146 0.006728896103896103 0.008667682926829269
22 0.5289488636363636 0.41715243902439025 0.003108766233766234 0.009914634146341464
22 0.5326856737012987 0.41728201219512195 0.003683035714285714 0.009564024390243902
24 0.5388676948051948 0.41720884146341464 0.006306818181818182 0.010027439024390244
22 0.5250436282467532 0.41720731707317077 0.0030093344155844156 0.008195121951219513
24 0.46130884740259737 0.41726981707317073 0.006627435064935064 0.008929878048780487
22 0.510974025974026 0.4175259146341463 0.0036850649350649353 0.010661585365853658
22 0.5143861607142857 0.41738871951219514 0.003609983766233766 0.009167682926829268
24 0.4742765827922078 0.4173628048780488 0.006183035714285714 0.009115853658536585
24 0.4845140016233766 0.4174634146341463 0.005553977272727273 0.009317073170731707
24 0.45493810876623375 0.4176859756097561 0.006872970779220779 0.009152439024390243
22 0.5072980925324676 0.41764481707317075 0.003638392857142857 0.010289634146341464
24 0.4414184253246753 0.4175807926829268 0.006213474025974026 0.008942073170731707
24 0.49845576298701294 0.41786890243902436 0.006245941558441558 0.01073780487804878
22 0.4790056818181818 0.41791158536585366 0.0034659090909090907 0.010213414634146342
24 0.4479677353896104 0.418015243902439 0.006325081168831169 0.008591463414634147
22 0.4896996753246753 0.4180609756097561 0.0033441558441558443 0.010512195121951218
24 0.6018689123376624 0.419672256097561 0.006497564935064936 0.008246951219512196
22 0.3928327922077922 0.42061890243902444 0.003603896103896104 0.010140243902439023
22 0.5865827922077922 0.4213978658536585 0.007175324675324675 0.0049908536585365855
22 0.586705560064935 0.42726219512195124 0.007015016233766234 0.005134146341463415
22 0.5551937905844155 0.4274237804878049 0.006897321428571429 0.005457317073170731
24 0.5956006493506494 0.4284359756097561 0.00573051948051948 0.009310975609756097
24 0.6073518668831169 0.4291905487804878 0.0056939935064935065 0.00960060975609756
24 0.4413900162337662 0.43172103658536587 0.006562500000000001 0.009173780487804878
24 0.4150446428571428 0.43198932926829264 0.0066314935064935064 0.009100609756097562
24 0.4070038555194805 0.4321814024390244 0.0067836850649350645 0.008875
24 0.39573660714285713 0.4322560975609756 0.006164772727272727 0.00902439024390244
22 0.5569551542207792 0.4351371951219512 0.010014204545454545 0.005030487804878049
6 0.4986637581168831 0.43585365853658536 0.10447037337662339 0.025365853658536587
22 0.5551237824675325 0.4407713414634146 0.006351461038961039 0.0053231707317073175
4 0.3791781655844156 0.4421295731707317 0.019314123376623377 0.006210365853658537
24 0.4412784090909091 0.44265701219512193 0.006339285714285714 0.009704268292682927
22 0.5556310876623377 0.44572256097560975 0.0069602272727272724 0.005469512195121952
4 0.37908685064935066 0.4488673780487805 0.019537337662337662 0.0062713414634146345
24 0.38015625000000003 0.4569390243902439 0.0062540584415584416 0.009609756097560975
24 0.3869013798701299 0.4572545731707317 0.0067573051948051945 0.008411585365853659
2 0.36998579545454546 0.45839024390243904 0.0037702922077922077 0.010073170731707317
2 0.3743293425324675 0.4588384146341463 0.004340503246753247 0.01096951219512195
6 0.5038027597402597 0.4690640243902439 0.1537094155844156 0.02349390243902439
14 0.6156787743506493 0.4833292682926829 0.05359780844155844 0.08312195121951219
22 0.5651471185064936 0.4927606707317074 0.0065117694805194816 0.00564329268292683
22 0.5716852678571428 0.49303201219512194 0.006601055194805195 0.004966463414634146
2 0.45516741071428574 0.4934085365853659 0.0032731331168831166 0.00998780487804878
24 0.44959719967532463 0.49344512195121953 0.006337256493506494 0.009451219512195122
2 0.4595596590909091 0.49342530487804875 0.003940746753246753 0.009411585365853658
24 0.5578206168831169 0.49636128048780487 0.006063311688311688 0.01040548780487805
13 0.3699381087662338 0.5220091463414634 0.007327516233766234 0.026335365853658536
14 0.38725852272727274 0.5224710365853659 0.016400162337662335 0.019942073170731708
13 0.37647930194805196 0.5225640243902439 0.004987824675324675 0.028054878048780485
6 0.5064620535714286 0.5257271341463414 0.1521286525974026 0.022795731707317073
24 0.7234689529220779 0.5429329268292683 0.006191152597402598 0.009036585365853658
2 0.45440036525974026 0.5449237804878049 0.007015016233766234 0.0050914634146341465
2 0.46126318993506493 0.5450335365853659 0.006941964285714286 0.004701219512195122
24 0.47272625811688307 0.5486204268292683 0.0059232954545454545 0.009435975609756097
6 0.5081442775974027 0.5796143292682927 0.15468141233766233 0.024472560975609754
2 0.4574715909090909 0.5997698170731707 0.006258116883116883 0.004417682926829269
2 0.45043222402597405 0.6001676829268292 0.006383928571428572 0.004603658536585366
14 0.6143841314935065 0.6052286585365854 0.05871956168831169 0.0811890243902439
14 0.38168019480519483 0.6120929878048781 0.031217532467532467 0.1418689024390244
22 0.5015219155844156 0.6130960365853658 0.006696428571428571 0.004240853658536586
2 0.4635643262987013 0.6166935975609756 0.007079951298701299 0.006557926829268293
2 0.4542075892857143 0.6167484756097561 0.006629464285714286 0.005448170731707318
22 0.7396854707792208 0.6204756097560976 0.0077800324675324686 0.004975609756097561
22 0.7137571022727273 0.6275228658536586 0.004218749999999999 0.011143292682926829
22 0.7184050324675325 0.6274939024390244 0.004180194805194806 0.00925609756097561
22 0.7047869318181819 0.6277149390243904 0.003323863636363636 0.009698170731707317
22 0.7227069805194806 0.6276143292682926 0.004261363636363636 0.010106707317073171
22 0.7095556006493506 0.627858231707317 0.004744318181818182 0.011204268292682926
22 0.6587763798701298 0.6280411585365854 0.004241071428571428 0.010960365853658538
22 0.7011972402597403 0.6280807926829268 0.0034496753246753245 0.010429878048780488
22 0.6657315340909091 0.6286295731707318 0.003946834415584416 0.010307926829268293
22 0.6698173701298702 0.6288033536585366 0.004001623376623377 0.010045731707317073
22 0.654471387987013 0.6288125 0.003747970779220779 0.009454268292682927
6 0.5083066152597403 0.6353307926829269 0.15419439935064935 0.02432012195121951
22 0.5736840503246753 0.6562621951219512 0.007351866883116883 0.005817073170731706
22 0.48638494318181824 0.6576310975609757 0.006860795454545455 0.004896341463414634
22 0.49408887987012984 0.6579283536585366 0.007658279220779221 0.006100609756097561
15 0.741984577922078 0.659202743902439 0.029829545454545456 0.025722560975609758
6 0.5246966314935064 0.6754588414634146 0.24622767857142858 0.027746951219512195
14 0.38234983766233765 0.6918185975609756 0.01916396103896104 0.016564024390243903
14 0.6262520292207793 0.7005350609756098 0.03334821428571429 0.018753048780487804
14 0.5906270292207793 0.7014512195121951 0.035556006493506494 0.02119512195121951
14 0.5431422483766234 0.7017301829268293 0.04570008116883117 0.021753048780487803
14 0.4477282873376624 0.7033551829268293 0.03871956168831169 0.020125
14 0.49200588474025975 0.7037530487804878 0.04610592532467533 0.022140243902439027
22 0.6470454545454545 0.705611280487805 0.0026948051948051947 0.010612804878048781
22 0.6502323457792207 0.7062118902439024 0.0037926136363636365 0.010594512195121952
22 0.7070606737012987 0.7082652439024391 0.0034070616883116883 0.009213414634146341
2 0.7111181006493507 0.7084481707317073 0.0034050324675324677 0.010798780487804879
2 0.704361810064935 0.7198536585365853 0.003285308441558442 0.010439024390243903
22 0.7076288555194805 0.7199146341463415 0.0029200487012987016 0.009341463414634146
22 0.7117278814935065 0.7200060975609756 0.0034070616883116883 0.010134146341463415
14 0.38354910714285717 0.7217179878048781 0.017909902597402598 0.020265243902439025
22 0.7358096590909091 0.7228734756097561 0.0032751623376623376 0.009771341463414632
22 0.6949472402597402 0.7250381097560976 0.003936688311688311 0.009832317073170732
22 0.6859395292207792 0.7254344512195122 0.003778409090909091 0.010015243902439025
22 0.681374797077922 0.7257088414634146 0.003171672077922078 0.009954268292682927
2 0.6900730519480519 0.7258307926829268 0.003116883116883117 0.010198170731707317
2 0.6993070211038961 0.7259618902439025 0.0037276785714285715 0.009850609756097561
6 0.5257924107142857 0.7330975609756097 0.2459841720779221 0.029609756097560978
2 0.7361749188311688 0.7338826219512196 0.0031939935064935064 0.009228658536585365
22 0.707973823051948 0.7342789634146342 0.0032041396103896103 0.009411585365853658
22 0.7183441558441559 0.7348323170731708 0.0036525974025974025 0.009908536585365854
22 0.7114032061688312 0.735015243902439 0.0031635551948051947 0.009664634146341463
22 0.7150760957792208 0.7348932926829268 0.003609983766233766 0.009420731707317073
22 0.6645738636363636 0.736689024390244 0.006907467532467532 0.005085365853658537
22 0.7329768668831169 0.7451661585365854 0.0032913961038961038 0.011064024390243902
22 0.7366294642857143 0.7456204268292683 0.004103084415584416 0.01014329268292683
14 0.7007426948051948 0.7646524390243902 0.06138798701298701 0.04393902439024391
6 0.5269460227272728 0.7822911585365854 0.24950892857142856 0.024338414634146342
22 0.45938108766233765 0.2336173780487805 0.006830357142857142 0.004429878048780487
6 0.584291801948052 0.23479115853658536 0.20754464285714286 0.019582317073170732
2 0.45989245129870127 0.23932926829268292 0.0066355519480519485 0.004878048780487805
2 0.4599025974025974 0.24451067073170732 0.00625 0.004875
14 0.7187723214285715 0.24928963414634145 0.04874594155844156 0.05467682926829268
2 0.4597635957792208 0.24994969512195123 0.006377840909090909 0.004777439024390244
13 0.3774918831168831 0.25084146341463415 0.019594155844155844 0.008390243902439025
2 0.459807224025974 0.2553079268292683 0.006465097402597403 0.005128048780487805
6 0.5856310876623376 0.25926524390243905 0.20778814935064935 0.02645731707317073
2 0.45992491883116887 0.26064939024390243 0.006700487012987014 0.0048353658536585365
15 0.37921063311688313 0.26115091463414636 0.0234375 0.010106707317073171
6 0.47279626623376625 0.2750975609756097 0.016209415584415583 0.10568292682926829
6 0.4473538961038961 0.27719969512195125 0.01646103896103896 0.11171646341463415
14 0.4252181412337662 0.2858689024390244 0.02089082792207792 0.03576219512195122
6 0.5831960227272727 0.2873978658536585 0.20778814935064935 0.022966463414634146
6 0.40354809253246754 0.29064176829268296 0.01975852272727273 0.1257957317073171
6 0.3762631899350649 0.294515243902439 0.030935470779220778 0.05854268292682927
22 0.7476887175324676 0.2966310975609756 0.0030884740259740262 0.010335365853658535