6 0.38461538461538464 0.3317307692307692 0.21153846153846154 0.057692307692307696
14 0.2548076923076923 0.36177884615384615 0.057692307692307696 0.06009615384615385
14 0.5444711538461539 0.31850961538461536 0.03125 0.040865384615384616
23 0.38100961538461536 0.3485576923076923 0.007211538461538462 0.004807692307692308
6 0.40625 0.359375 0.2548076923076923 0.06490384615384616
23 0.2848557692307692 0.39663461538461536 0.007211538461538462 0.004807692307692308
23 0.29086538461538464 0.3942307692307692 0.004807692307692308 0.004807692307692308
23 0.4026442307692308 0.37740384615384615 0.007211538461538462 0.004807692307692308
7 0.43028846153846156 0.375 0.019230769230769232 0.009615384615384616
3 0.5901442307692307 0.35096153846153844 0.007211538461538462 0.009615384615384616
3 0.5853365384615384 0.35096153846153844 0.007211538461538462 0.009615384615384616
3 0.5973557692307693 0.3485576923076923 0.007211538461538462 0.009615384615384616
3 0.5925480769230769 0.35096153846153844 0.007211538461538462 0.009615384615384616
23 0.2704326923076923 0.40625 0.007211538461538462 0.004807692307692308
7 0.43028846153846156 0.38100961538461536 0.019230769230769232 0.007211538461538462
22 0.5420673076923077 0.3629807692307692 0.007211538461538462 0.009615384615384616
6 0.48677884615384615 0.37259615384615385 0.09375 0.03365384615384615
23 0.4254807692307692 0.3918269230769231 0.004807692307692308 0.004807692307692308
23 0.3713942307692308 0.40384615384615385 0.007211538461538462 0.009615384615384616
23 0.3737980769230769 0.40384615384615385 0.007211538461538462 0.009615384615384616
22 0.5444711538461539 0.37259615384615385 0.007211538461538462 0.009615384615384616
23 0.3954326923076923 0.4014423076923077 0.007211538461538462 0.004807692307692308
23 0.4254807692307692 0.39663461538461536 0.004807692307692308 0.004807692307692308
23 0.33052884615384615 0.41586538461538464 0.007211538461538462 0.004807692307692308
23 0.4266826923076923 0.4014423076923077 0.007211538461538462 0.004807692307692308
14 0.5661057692307693 0.37740384615384615 0.05048076923076923 0.07692307692307693
22 0.5456730769230769 0.38341346153846156 0.004807692307692308 0.007211538461538462
23 0.39783653846153844 0.4110576923076923 0.007211538461538462 0.004807692307692308
14 0.25600961538461536 0.43990384615384615 0.04567307692307692 0.07211538461538461
6 0.4855769230769231 0.40024038461538464 0.10576923076923077 0.040865384615384616
23 0.32572115384615385 0.42788461538461536 0.007211538461538462 0.014423076923076924
23 0.33052884615384615 0.42788461538461536 0.007211538461538462 0.014423076923076924
14 0.2956730769230769 0.43509615384615385 0.04807692307692308 0.07211538461538461
23 0.33413461538461536 0.42788461538461536 0.004807692307692308 0.014423076923076924
23 0.39903846153846156 0.4182692307692308 0.004807692307692308 0.004807692307692308
23 0.42788461538461536 0.4110576923076923 0.004807692307692308 0.004807692307692308
23 0.5444711538461539 0.3942307692307692 0.007211538461538462 0.004807692307692308
14 0.35697115384615385 0.42908653846153844 0.026442307692307692 0.05048076923076923
23 0.39783653846153844 0.4230769230769231 0.007211538461538462 0.004807692307692308
23 0.43028846153846156 0.4182692307692308 0.004807692307692308 0.004807692307692308
14 0.41466346153846156 0.421875 0.03125 0.05048076923076923
23 0.39903846153846156 0.42788461538461536 0.004807692307692308 0.004807692307692308
23 0.43028846153846156 0.4230769230769231 0.004807692307692308 0.004807692307692308
23 0.3786057692307692 0.43509615384615385 0.007211538461538462 0.009615384615384616
23 0.40024038461538464 0.4326923076923077 0.007211538461538462 0.004807692307692308
23 0.43149038461538464 0.42788461538461536 0.007211538461538462 0.004807692307692308
22 0.5192307692307693 0.41346153846153844 0.009615384615384616 0.009615384615384616
23 0.4579326923076923 0.4230769230769231 0.007211538461538462 0.009615384615384616
23 0.453125 0.4254807692307692 0.007211538461538462 0.009615384615384616
22 0.4483173076923077 0.4254807692307692 0.007211538461538462 0.009615384615384616
23 0.46033653846153844 0.4230769230769231 0.007211538461538462 0.009615384615384616
22 0.5240384615384616 0.4110576923076923 0.009615384615384616 0.009615384615384616
23 0.47475961538461536 0.4206730769230769 0.007211538461538462 0.009615384615384616
23 0.4723557692307692 0.4206730769230769 0.007211538461538462 0.009615384615384616
22 0.5108173076923077 0.41346153846153844 0.007211538461538462 0.009615384615384616
22 0.5012019230769231 0.41586538461538464 0.007211538461538462 0.009615384615384616
22 0.5288461538461539 0.4110576923076923 0.009615384615384616 0.009615384615384616
23 0.4795673076923077 0.4206730769230769 0.007211538461538462 0.009615384615384616
22 0.5444711538461539 0.4110576923076923 0.007211538461538462 0.009615384615384616
22 0.48677884615384615 0.4206730769230769 0.007211538461538462 0.009615384615384616
23 0.5060096153846154 0.41586538461538464 0.007211538461538462 0.009615384615384616
22 0.5372596153846154 0.4110576923076923 0.007211538461538462 0.009615384615384616
23 0.4963942307692308 0.4182692307692308 0.007211538461538462 0.009615384615384616
22 0.3858173076923077 0.43990384615384615 0.007211538461538462 0.009615384615384616
23 0.5925480769230769 0.40384615384615385 0.007211538461538462 0.009615384615384616
23 0.4026442307692308 0.4375 0.007211538461538462 0.004807692307692308
23 0.4026442307692308 0.4423076923076923 0.007211538461538462 0.004807692307692308
23 0.4338942307692308 0.43990384615384615 0.007211538461538462 0.004807692307692308
22 0.39302884615384615 0.44711538461538464 0.007211538461538462 0.009615384615384616
22 0.38341346153846156 0.4495192307692308 0.007211538461538462 0.009615384615384616
22 0.546875 0.4230769230769231 0.007211538461538462 0.009615384615384616
22 0.5721153846153846 0.4182692307692308 0.009615384615384616 0.009615384615384616
22 0.5793269230769231 0.4182692307692308 0.009615384615384616 0.009615384615384616
22 0.5925480769230769 0.41586538461538464 0.007211538461538462 0.009615384615384616
23 0.4326923076923077 0.44591346153846156 0.009615384615384616 0.007211538461538462
6 0.49158653846153844 0.4387019230769231 0.10817307692307693 0.040865384615384616
23 0.43509615384615385 0.4519230769230769 0.004807692307692308 0.004807692307692308
2 0.6105769230769231 0.421875 0.019230769230769232 0.007211538461538462
22 0.5492788461538461 0.4326923076923077 0.007211538461538462 0.009615384615384616
23 0.4362980769230769 0.4567307692307692 0.007211538461538462 0.004807692307692308
2 0.6105769230769231 0.42908653846153844 0.019230769230769232 0.007211538461538462
22 0.6117788461538461 0.4375 0.007211538461538462 0.009615384615384616
22 0.6033653846153846 0.4375 0.009615384615384616 0.009615384615384616
3 0.6213942307692307 0.4375 0.007211538461538462 0.009615384615384616
3 0.6189903846153846 0.4375 0.007211538461538462 0.009615384615384616
6 0.49158653846153844 0.4699519230769231 0.15625 0.05048076923076923
14 0.38461538461538464 0.5036057692307693 0.0673076923076923 0.0889423076923077
23 0.43509615384615385 0.5048076923076923 0.004807692307692308 0.004807692307692308
23 0.42788461538461536 0.5072115384615384 0.004807692307692308 0.004807692307692308
3 0.5420673076923077 0.4855769230769231 0.007211538461538462 0.009615384615384616
22 0.5492788461538461 0.4855769230769231 0.007211538461538462 0.009615384615384616
3 0.5396634615384616 0.4879807692307692 0.007211538461538462 0.009615384615384616
22 0.44350961538461536 0.5072115384615384 0.007211538461538462 0.009615384615384616
13 0.6310096153846154 0.4987980769230769 0.01201923076923077 0.026442307692307692
14 0.6153846153846154 0.5036057692307693 0.019230769230769232 0.021634615384615384
13 0.6274038461538461 0.5024038461538461 0.009615384615384616 0.028846153846153848
6 0.4987980769230769 0.5276442307692307 0.15625 0.05048076923076923
22 0.28725961538461536 0.5817307692307693 0.007211538461538462 0.009615384615384616
3 0.5540865384615384 0.5360576923076923 0.007211538461538462 0.004807692307692308
3 0.546875 0.5384615384615384 0.007211538461538462 0.004807692307692308
22 0.5372596153846154 0.5432692307692307 0.007211538461538462 0.009615384615384616
6 0.5060096153846154 0.5805288461538461 0.15625 0.05048076923076923
3 0.5600961538461539 0.5913461538461539 0.004807692307692308 0.004807692307692308
3 0.5673076923076923 0.5913461538461539 0.004807692307692308 0.004807692307692308
14 0.40625 0.625 0.07211538461538461 0.09134615384615384
14 0.6358173076923077 0.5913461538461539 0.055288461538461536 0.14423076923076922
23 0.5180288461538461 0.6129807692307693 0.007211538461538462 0.004807692307692308
3 0.5564903846153846 0.6081730769230769 0.007211538461538462 0.004807692307692308
3 0.5661057692307693 0.6081730769230769 0.007211538461538462 0.004807692307692308
23 0.2848557692307692 0.6610576923076923 0.007211538461538462 0.004807692307692308
23 0.3112980769230769 0.6634615384615384 0.007211538461538462 0.009615384615384616
23 0.30649038461538464 0.6634615384615384 0.007211538461538462 0.009615384615384616
23 0.32091346153846156 0.6610576923076923 0.007211538461538462 0.009615384615384616
23 0.30408653846153844 0.6658653846153846 0.007211538461538462 0.009615384615384616
23 0.3161057692307692 0.6634615384615384 0.007211538461538462 0.009615384615384616
23 0.36658653846153844 0.6538461538461539 0.007211538461538462 0.009615384615384616
23 0.32572115384615385 0.6610576923076923 0.007211538461538462 0.009615384615384616
23 0.359375 0.65625 0.007211538461538462 0.009615384615384616
23 0.35697115384615385 0.65625 0.007211538461538462 0.009615384615384616
23 0.3713942307692308 0.6538461538461539 0.007211538461538462 0.009615384615384616
6 0.515625 0.6358173076923077 0.15625 0.05048076923076923
23 0.45552884615384615 0.6682692307692307 0.007211538461538462 0.004807692307692308
23 0.5420673076923077 0.6538461538461539 0.007211538461538462 0.004807692307692308
23 0.5348557692307693 0.6538461538461539 0.007211538461538462 0.004807692307692308
15 0.29086538461538464 0.6995192307692307 0.03365384615384615 0.028846153846153848
6 0.5084134615384616 0.6778846153846154 0.24759615384615385 0.07211538461538461
14 0.6502403846153846 0.6706730769230769 0.021634615384615384 0.019230769230769232
14 0.41225961538461536 0.7211538461538461 0.036057692307692304 0.02403846153846154
14 0.44711538461538464 0.7151442307692307 0.038461538461538464 0.026442307692307692
14 0.49278846153846156 0.7067307692307693 0.04807692307692308 0.028846153846153848
14 0.5877403846153846 0.6911057692307693 0.040865384615384616 0.026442307692307692
14 0.5432692307692307 0.6995192307692307 0.04807692307692308 0.028846153846153848
23 0.3918269230769231 0.7283653846153846 0.004807692307692308 0.009615384615384616
23 0.38822115384615385 0.7283653846153846 0.007211538461538462 0.009615384615384616
23 0.3329326923076923 0.7403846153846154 0.007211538461538462 0.009615384615384616
3 0.328125 0.7427884615384616 0.007211538461538462 0.009615384615384616
3 0.33774038461538464 0.7524038461538461 0.007211538461538462 0.009615384615384616
23 0.33413461538461536 0.7524038461538461 0.004807692307692308 0.009615384615384616
23 0.33052884615384615 0.7548076923076923 0.007211538461538462 0.009615384615384616
14 0.6526442307692307 0.6983173076923077 0.021634615384615384 0.021634615384615384
23 0.30649038461538464 0.7620192307692307 0.007211538461538462 0.009615384615384616
23 0.3473557692307692 0.7548076923076923 0.007211538461538462 0.009615384615384616
23 0.35697115384615385 0.7548076923076923 0.007211538461538462 0.009615384615384616
23 0.36177884615384615 0.7548076923076923 0.007211538461538462 0.009615384615384616
3 0.35216346153846156 0.7572115384615384 0.007211538461538462 0.009615384615384616
3 0.3425480769230769 0.7572115384615384 0.007211538461538462 0.009615384615384616
6 0.515625 0.7355769230769231 0.24759615384615385 0.07211538461538461
3 0.3088942307692308 0.7716346153846154 0.007211538461538462 0.009615384615384616
23 0.33533653846153844 0.7668269230769231 0.007211538461538462 0.009615384615384616
23 0.32572115384615385 0.7692307692307693 0.007211538461538462 0.009615384615384616
23 0.3329326923076923 0.7692307692307693 0.007211538461538462 0.009615384615384616
23 0.33052884615384615 0.7692307692307693 0.007211538461538462 0.009615384615384616
23 0.3786057692307692 0.7620192307692307 0.007211538461538462 0.004807692307692308
23 0.3137019230769231 0.7836538461538461 0.007211538461538462 0.009615384615384616
23 0.3088942307692308 0.7836538461538461 0.007211538461538462 0.009615384615384616
14 0.34975961538461536 0.7956730769230769 0.06971153846153846 0.052884615384615384
6 0.5240384615384616 0.7836538461538461 0.25 0.0673076923076923
23 0.49399038461538464 0.23076923076923078 0.007211538461538462 0.004807692307692308
6 0.37259615384615385 0.2536057692307692 0.20673076923076922 0.055288461538461536
3 0.49399038461538464 0.23798076923076922 0.007211538461538462 0.004807692307692308
3 0.4951923076923077 0.24278846153846154 0.004807692307692308 0.004807692307692308
14 0.2403846153846154 0.2920673076923077 0.057692307692307696 0.06009615384615385
3 0.49759615384615385 0.24759615384615385 0.004807692307692308 0.004807692307692308
13 0.578125 0.234375 0.021634615384615384 0.01201923076923077
3 0.49759615384615385 0.25240384615384615 0.004807692307692308 0.004807692307692308
6 0.3737980769230769 0.27884615384615385 0.2091346153846154 0.0625
3 0.4987980769230769 0.25721153846153844 0.007211538461538462 0.004807692307692308
15 0.578125 0.24519230769230768 0.026442307692307692 0.014423076923076924
6 0.4879807692307692 0.27403846153846156 0.03365384615384615 0.10576923076923077
6 0.5132211538461539 0.27283653846153844 0.036057692307692304 0.11298076923076923
14 0.5360576923076923 0.2764423076923077 0.02403846153846154 0.038461538461538464
6 0.38221153846153844 0.30649038461538464 0.20673076923076922 0.06009615384615385
6 0.5588942307692307 0.2776442307692308 0.040865384615384616 0.12740384615384615
6 0.5877403846153846 0.2764423076923077 0.040865384615384616 0.0625
23 0.22235576923076922 0.34375 0.007211538461538462 0.009615384615384616