22 0.745 0.30671951219512195 0.0033928571428571428 0.0024634146341463415
2 0.7499655032467533 0.30696493902439026 0.0035836038961038963 0.002344512195121951
22 0.7640361201298701 0.3076234756097561 0.003721590909090909 0.003051829268292683
15 0.7812844967532467 0.30766310975609756 0.0033157467532467532 0.008009146341463415
2 0.8120068993506494 0.31020731707317073 0.008754058441558441 0.02651219512195122
2 0.5305448457792208 0.31057774390243903 0.0014306006493506494 0.005301829268292683
7 0.8420657467532467 0.3108826219512195 0.005154220779220779 0.018716463414634146
2 0.7639782873376624 0.31077286585365854 0.0036059253246753247 0.0026432926829268294
7 0.8470870535714285 0.31107164634146345 0.005456574675324675 0.018484756097560975
2 0.7781584821428571 0.3116189024390244 0.0027455357142857142 0.009213414634146341
14 0.7861241883116883 0.3119878048780488 0.004878246753246753 0.011170731707317073
22 0.8584456168831169 0.31232621951219514 0.0017938311688311687 0.00575
2 0.8611079545454545 0.31233689024390243 0.0018425324675324676 0.005161585365853659
22 0.8716203327922079 0.3126387195121951 0.003386769480519481 0.008204268292682927
2 0.8551288555194805 0.31283689024390243 0.0028713474025974027 0.008600609756097562
2 0.6579200487012987 0.31332317073170735 0.002122564935064935 0.007134146341463414
29 0.7464661120129871 0.31329878048780485 0.006730925324675325 0.008304878048780487
7 0.851557426948052 0.3135594512195122 0.002627840909090909 0.011265243902439026
29 0.8238210227272728 0.3137545731707317 0.012901785714285715 0.01409451219512195
29 0.6413260957792207 0.31427286585365855 0.00911323051948052 0.021228658536585364
29 0.6515269886363636 0.314452743902439 0.00841112012987013 0.02036890243902439
2 0.805450487012987 0.3146920731707317 0.0021347402597402597 0.006823170731707317
2 0.5798163555194805 0.31491310975609754 0.004600243506493507 0.002996951219512195
22 0.7511262175324676 0.31494054878048783 0.001846590909090909 0.004881097560975611
2 0.5304352678571429 0.31716768292682923 0.0028348214285714287 0.006896341463414634
29 0.8605113636363637 0.31948932926829265 0.006331168831168831 0.006661585365853659
2 0.5798072240259741 0.3203521341463415 0.004581980519480519 0.0035091463414634147
2 0.7816670048701299 0.32058689024390247 0.0028632305194805194 0.008246951219512196
22 0.7978327922077921 0.3212210365853659 0.0019155844155844155 0.007076219512195122
15 0.5193242694805195 0.3213551829268293 0.018762175324675324 0.028076219512195123
22 0.8005012175324675 0.3215594512195122 0.002382305194805195 0.0071432926829268295
2 0.7847047483766234 0.32155030487804875 0.0016335227272727274 0.0052957317073170735
22 0.7884638798701299 0.3215487804878049 0.001440746753246753 0.005902439024390244
6 0.761856737012987 0.3230167682926829 0.01924918831168831 0.012496951219512196
2 0.530036525974026 0.32471493902439025 0.0020373376623376623 0.004917682926829268
2 0.8624624594155844 0.3255015243902439 0.0033340097402597404 0.0028323170731707316
2 0.8582477678571429 0.32692682926829264 0.0022098214285714286 0.006292682926829269
2 0.5791619318181819 0.32782926829268294 0.0036972402597402593 0.0026097560975609758
22 0.862489853896104 0.32955030487804876 0.003388798701298701 0.0023932926829268292
2 0.8240472808441559 0.33119664634146345 0.0023965097402597405 0.006905487804878048
22 0.8213555194805194 0.3313048780487805 0.001883116883116883 0.007731707317073171
2 0.7784344561688312 0.33190091463414634 0.003297483766233766 0.002826219512195122
2 0.8434892451298701 0.3322865853658537 0.003536931818181818 0.0029878048780487805
2 0.5302982954545454 0.3326981707317073 0.0021550324675324675 0.00625
6 0.5553551136363636 0.3329481707317073 0.04374594155844156 0.19028658536585366
22 0.8012276785714285 0.3333292682926829 0.0038352272727272723 0.0032439024390243905
2 0.5792431006493507 0.3333963414634146 0.003453733766233766 0.002158536585365854
22 0.797164163961039 0.3332850609756097 0.0038250811688311692 0.0031554878048780485
2 0.8709598214285714 0.33485060975609754 0.0036891233766233765 0.0032378048780487803
2 0.8749563717532467 0.3348948170731707 0.003971185064935065 0.002106707317073171
7 0.817307224025974 0.3363185975609756 0.003526785714285714 0.011051829268292682
22 0.8310359172077921 0.3379420731707317 0.003386769480519481 0.002103658536585366
2 0.5794703733766234 0.33796951219512195 0.005125811688311689 0.003378048780487805
22 0.6820474837662338 0.3380411585365854 0.0020819805194805196 0.005960365853658537
22 0.6800771103896104 0.33825457317073165 0.0017938311688311687 0.005167682926829268
22 0.8116700487012987 0.3388567073170732 0.001992694805194805 0.00698170731707317
2 0.8710562094155844 0.33867987804878047 0.0034760551948051946 0.0023597560975609755
2 0.5301237824675324 0.3391905487804878 0.0018060064935064937 0.0039908536585365854
2 0.8749330357142857 0.3391478658536585 0.003518668831168831 0.0026859756097560978
22 0.6999320211038961 0.3394740853658536 0.0017309253246753245 0.005167682926829268
22 0.6977901785714286 0.3397698170731707 0.001911525974025974 0.0057591463414634145
22 0.7273630275974027 0.339890243902439 0.0022098214285714286 0.004780487804878049
2 0.7330702110389611 0.3400365853658536 0.002260551948051948 0.005073170731707317
22 0.7248701298701299 0.3401021341463415 0.0016883116883116883 0.005204268292682927
2 0.7303013392857143 0.341594512195122 0.003216314935064935 0.008189024390243903
6 0.8906473214285714 0.34253201219512197 0.019525162337662338 0.0899420731707317
2 0.8035734577922078 0.34271493902439026 0.003250811688311688 0.007990853658536586
2 0.8750984172077921 0.34346951219512195 0.003849431818181818 0.002792682926829268
2 0.8708502435064935 0.34323475609756093 0.0038758116883116887 0.002323170731707317
2 0.7905306412337663 0.3436021341463415 0.0035450487012987013 0.008545731707317074
2 0.7867613636363636 0.34397256097560974 0.002905844155844156 0.009286585365853658
2 0.7833999594155844 0.3442484756097561 0.002270698051948052 0.007399390243902439
2 0.7810298295454545 0.34472256097560977 0.001994724025974026 0.007128048780487804
22 0.8102100243506494 0.34504420731707314 0.0047544642857142855 0.003503048780487805
22 0.814526176948052 0.3453993902439025 0.0032406655844155847 0.0023841463414634146
2 0.5176663961038961 0.34616615853658533 0.017475649350649353 0.011844512195121951
2 0.5298995535714285 0.34646646341463416 0.001763392857142857 0.0063475609756097565
14 0.7967593344155843 0.34625 0.009103084415584415 0.02054878048780488
14 0.8249492694805195 0.3466448170731707 0.009882305194805195 0.015240853658536587
22 0.8398762175324676 0.3471173780487805 0.0036160714285714286 0.0015518292682926828
22 0.8728723620129871 0.34742682926829266 0.00507913961038961 0.0027804878048780486
15 0.7530803571428571 0.3487012195121951 0.004943181818181818 0.0028902439024390244
2 0.8141720779220779 0.3490442073170732 0.004561688311688312 0.0029664634146341464
2 0.6685612824675324 0.3488582317073171 0.0023011363636363637 0.006862804878048781
15 0.8431676136363636 0.3493140243902439 0.0020819805194805196 0.007164634146341464
22 0.8333441558441559 0.3494557926829268 0.003133116883116883 0.0025701219512195123
22 0.6754170048701299 0.3498993902439025 0.0018080357142857143 0.004676829268292683
22 0.6711617288961039 0.3498612804878049 0.001820211038961039 0.005820121951219512
22 0.6794500811688311 0.35 0.0017573051948051948 0.004878048780487805
2 0.6731828327922078 0.35007774390243906 0.0013981331168831169 0.005033536585365854
22 0.6774705762987012 0.3501661585365854 0.001856737012987013 0.005820121951219512
22 0.839153814935065 0.35060213414634145 0.0025771103896103896 0.0018140243902439025
22 0.8730032467532467 0.3506234756097561 0.0049350649350649355 0.003076219512195122
22 0.7055864448051948 0.35089634146341464 0.0016761363636363636 0.004841463414634146
22 0.7034314123376624 0.35083079268292683 0.0018303571428571427 0.005320121951219512
2 0.8531879058441559 0.3512301829268293 0.0018303571428571427 0.005509146341463414
2 0.7904677353896105 0.3523368902439024 0.0022017045454545453 0.006503048780487805
22 0.7880631087662338 0.3529375 0.001856737012987013 0.005265243902439024
2 0.814112215909091 0.35320121951219513 0.004847808441558442 0.00274390243902439
2 0.8332010957792209 0.3530396341463415 0.003658685064935065 0.002420731707317073
2 0.7539265422077922 0.3534298780487805 0.006229707792207792 0.005030487804878049
29 0.8653449675324676 0.35398475609756097 0.006258116883116883 0.010408536585365854
2 0.8571215503246754 0.35526219512195123 0.003609983766233766 0.002597560975609756
22 0.7335450487012987 0.3555533536585366 0.0036160714285714286 0.0031798780487804876
22 0.8330986201298701 0.3561890243902439 0.003859577922077922 0.002621951219512195
22 0.7289397321428571 0.3561265243902439 0.003739853896103896 0.0031067073170731705
22 0.814429788961039 0.3567576219512195 0.003453733766233766 0.0025396341463414635
14 0.7428155438311688 0.3568262195121952 0.01322849025974026 0.013652439024390244
22 0.8727272727272728 0.35702591463414635 0.001948051948051948 0.005515243902439024
2 0.7830164366883117 0.35710975609756096 0.003938717532467532 0.0032439024390243905
22 0.852978896103896 0.35728658536585367 0.0018181818181818184 0.005426829268292683
2 0.7527008928571428 0.3576189024390244 0.003778409090909091 0.0024329268292682927
7 0.8406737012987013 0.3583551829268293 0.00724025974025974 0.0032957317073170735
7 0.5117907873376624 0.3586387195121951 0.003289366883116883 0.011179878048780489
22 0.51471387987013 0.3593795731707317 0.0022362012987012987 0.007173780487804878
22 0.7334719967532468 0.35934298780487806 0.0034699675324675328 0.002222560975609756
22 0.7293648538961038 0.3593795731707317 0.0033725649350649354 0.002295731707317073
2 0.5174381087662338 0.35961432926829273 0.002408685064935065 0.0064237804878048786
22 0.5197504058441559 0.3601128048780488 0.0021631493506493508 0.006201219512195122
2 0.7828601866883117 0.36042530487804875 0.0032203733766233765 0.001948170731707317
22 0.8255194805194805 0.3606051829268293 0.002094155844155844 0.004746951219512195
2 0.8277232142857143 0.3606920731707317 0.0020373376623376623 0.006140243902439025
22 0.823455762987013 0.36053048780487806 0.0016193181818181818 0.005207317073170731
22 0.8216335227272727 0.3607682926829268 0.0020332792207792207 0.006292682926829269
2 0.5222727272727273 0.360733231707317 0.0019318181818181817 0.007442073170731707
22 0.7526187094155845 0.36125609756097565 0.0036140422077922075 0.003
22 0.8302840909090908 0.3617759146341463 0.0022889610389610388 0.007088414634146342
22 0.7296103896103896 0.3624481707317073 0.003457792207792208 0.002945121951219512
22 0.7334598214285714 0.3626234756097561 0.003851461038961039 0.0026859756097560978
2 0.833033685064935 0.3627225609756098 0.002106331168831169 0.0053231707317073175
22 0.8415898944805194 0.3627560975609756 0.001767451298701299 0.005390243902439024
22 0.8353784496753247 0.36296341463414633 0.0019257305194805194 0.005195121951219512
2 0.8394551542207792 0.3630426829268293 0.0019622564935064934 0.005353658536585365
22 0.8373427353896105 0.36295579268292677 0.0017958603896103896 0.005179878048780487
2 0.8476826298701299 0.3631996951219512 0.0017775974025974026 0.005057926829268293
22 0.7632163149350649 0.364202743902439 0.002487824675324675 0.005844512195121952
22 0.7605245535714286 0.3652012195121951 0.0019744318181818183 0.006012195121951219
2 0.805114650974026 0.3690396341463415 0.003492288961038961 0.003323170731707317
22 0.818708400974026 0.3691676829268292 0.00348823051948052 0.0029695121951219513
2 0.8148731737012987 0.3693246951219512 0.003528814935064935 0.0032835365853658535
2 0.8232224025974026 0.36946189024390247 0.004805194805194805 0.002948170731707317
22 0.7716781655844156 0.37020274390243907 0.0019602272727272728 0.00564939024390244
22 0.7755722402597403 0.3703307926829268 0.0020373376623376623 0.0052957317073170735
22 0.7822321428571429 0.37016310975609756 0.0015584415584415584 0.004960365853658537
22 0.7736099837662338 0.3702134146341463 0.0021712662337662336 0.006280487804878049
2 0.7937510146103897 0.3701875 0.001868912337662338 0.005009146341463415
2 0.7801734983766234 0.37027743902439025 0.0019054383116883118 0.006408536585365853
22 0.7847412743506493 0.37026524390243903 0.0017065746753246753 0.005164634146341464
22 0.7474918831168831 0.37027743902439025 0.0022889610389610388 0.0045792682926829266
22 0.749659090909091 0.37057774390243897 0.0017532467532467534 0.005789634146341463
22 0.7632010957792208 0.3705503048780488 0.002051542207792208 0.005124999999999999
22 0.7517329545454545 0.37091768292682925 0.0018425324675324676 0.0052499999999999995
22 0.7683745941558442 0.370875 0.001846590909090909 0.005164634146341464
22 0.7452090097402597 0.37098475609756093 0.001781655844155844 0.005384146341463415
22 0.7655580357142857 0.37088262195121946 0.001489448051948052 0.004570121951219512
22 0.7580265827922078 0.37092682926829273 0.0014427759740259741 0.00526829268292683
2 0.5253003246753246 0.37308231707317074 0.004334415584415584 0.003481707317073171
2 0.5290168425324675 0.3747103658536585 0.0016213474025974027 0.00551829268292683
14 0.5159172077922078 0.3760975609756097 0.011542207792207793 0.01926829268292683
2 0.7368262987012987 0.3799146341463414 0.0036850649350649353 0.0025121951219512196
2 0.8333948863636365 0.3805762195121951 0.0020170454545454545 0.005664634146341463
2 0.5245474837662337 0.38201676829268294 0.002828733766233766 0.007935975609756098
2 0.5280793425324676 0.38253810975609753 0.003804788961038961 0.008978658536585365
22 0.5080793425324676 0.38291920731707313 0.0015482954545454545 0.005472560975609756
22 0.7433705357142857 0.38315548780487807 0.00013392857142857144 0.00045731707317073173
2 0.7369724025974026 0.3842896341463415 0.003977272727272728 0.002725609756097561
22 0.7415422077922078 0.38431859756097564 0.0033766233766233766 0.0033932926829268297
2 0.7966213474025974 0.38500152439024393 0.0015219155844155845 0.0047591463414634145
22 0.7417258522727272 0.38756859756097556 0.004149756493506494 0.0031859756097560974
22 0.5093394886363637 0.38873780487804876 0.003662743506493507 0.0030853658536585363
22 0.5162124594155844 0.3885838414634147 0.0027982954545454543 0.0021676829268292685
2 0.5194957386363636 0.39050457317073173 0.0016538149350649352 0.0053993902439024395
22 0.7414681412337663 0.3915716463414634 0.0036343344155844158 0.002655487804878049
22 0.5097706980519481 0.39165091463414636 0.003713474025974026 0.002204268292682927
2 0.5133796672077922 0.3920426829268293 0.002408685064935065 0.007865853658536585
22 0.7365574269480519 0.3921966463414634 0.0031473214285714286 0.0026859756097560978
22 0.5162459415584415 0.3921966463414634 0.00286525974025974 0.0014664634146341461
22 0.7363504464285715 0.39537804878048777 0.0035450487012987013 0.0023414634146341463
22 0.7415056818181818 0.39585518292682925 0.0033035714285714287 0.0026859756097560978
14 0.8492258522727272 0.3960594512195122 0.020691964285714286 0.04211890243902439
22 0.7362479707792208 0.3989329268292683 0.0033400974025974027 0.002134146341463415
22 0.7412286931818182 0.4009756097560976 0.003561282467532468 0.0031707317073170734
22 0.7364103084415585 0.40234603658536583 0.003664772727272727 0.002862804878048781
22 0.7362611607142857 0.4055365853658537 0.0033664772727272727 0.0025365853658536586
22 0.7412956574675325 0.4058993902439024 0.003289366883116883 0.0032621951219512194
22 0.7133624188311688 0.4081814024390244 0.0034293831168831167 0.002948170731707317
22 0.7364275568181817 0.40921036585365855 0.003293425324675325 0.0025670731707317074
22 0.7174553571428571 0.4093841463414634 0.0030925324675324674 0.0023048780487804877
14 0.6732071834415585 0.41103048780487805 0.06516436688311689 0.10132926829268293
22 0.7132558847402598 0.4114283536585365 0.003216314935064935 0.002734756097560976
2 0.7965614853896104 0.41228658536585366 0.0022138798701298703 0.0068902439024390244
22 0.7362662337662338 0.4122423780487805 0.0033766233766233766 0.0025335365853658537
22 0.741359577922078 0.41251981707317076 0.0030113636363636362 0.002478658536585366
2 0.7691923701298701 0.41255335365853657 0.05015422077922078 0.07754573170731707
22 0.7173843344155844 0.4133490853658537 0.0037621753246753244 0.0023079268292682926
22 0.7132883522727272 0.41408536585365857 0.0036870941558441563 0.0025609756097560977
22 0.7409953327922078 0.4157530487804878 0.00390625 0.0022378048780487803
22 0.7363524756493506 0.41599847560975606 0.003954951298701298 0.0033384146341463414
22 0.7134232954545454 0.4169573170731707 0.003145292207792208 0.0028170731707317072
2 0.804260349025974 0.4172957317073171 0.003812905844155844 0.002884146341463415
22 0.7172747564935065 0.41764939024390246 0.003948863636363637 0.002371951219512195
2 0.8110866477272727 0.4178628048780488 0.003666801948051948 0.002798780487804878
2 0.8162824675324675 0.41799237804878053 0.0035064935064935067 0.0030579268292682924
2 0.8245140016233766 0.4182545731707317 0.0037357954545454547 0.002972560975609756
6 0.882393465909091 0.41895426829268295 0.033455762987012985 0.0519329268292683
22 0.7361394074675325 0.41932926829268297 0.003934659090909091 0.002682926829268293
22 0.7410196834415584 0.4191524390243902 0.003143262987012987 0.0023292682926829267
2 0.8038484172077922 0.42197865853658534 0.003394886363636364 0.0031036585365853656
2 0.8110795454545454 0.42221798780487807 0.0036525974025974025 0.002972560975609756
2 0.8162824675324675 0.42226219512195123 0.0035064935064935067 0.0030609756097560972
22 0.8200213068181819 0.42239329268292686 0.0036789772727272726 0.0027134146341463417
2 0.8245221185064935 0.4225670731707317 0.0033461850649350645 0.0030609756097560972
2 0.740114650974026 0.42290091463414636 0.003362418831168831 0.0025091463414634147
2 0.8497463474025975 0.4236996951219512 0.005093344155844156 0.004716463414634146
22 0.7131777597402598 0.42402134146341464 0.003060064935064935 0.009018292682926829
2 0.715812702922078 0.42675457317073173 0.0018364448051948054 0.004728658536585366
22 0.7358025568181817 0.4270167682926829 0.0048843344155844156 0.0028140243902439028
14 0.8394023944805195 0.42728353658536583 0.0034801136363636362 0.008835365853658537
2 0.8430803571428571 0.42749847560975607 0.003125 0.00865548780487805
2 0.8499989853896104 0.4292789634146342 0.006004464285714286 0.005509146341463414
2 0.8327455357142858 0.43049237804878054 0.0019358766233766231 0.005496951219512196
22 0.7362073863636364 0.43085060975609757 0.003664772727272727 0.002554878048780488
22 0.7410612824675324 0.43073475609756096 0.0036323051948051947 0.002323170731707317
15 0.7144013798701299 0.4314283536585366 0.005913149350649351 0.006149390243902439
2 0.7231280438311688 0.43349695121951215 0.008350243506493505 0.026140243902439023
22 0.7360257711038961 0.4335625 0.0037073863636363637 0.0024908536585365854
22 0.7408908279220779 0.4340182926829268 0.0036972402597402593 0.002182926829268293
15 0.8497879464285715 0.4347012195121951 0.005582386363636364 0.004768292682926829
15 0.8415229301948052 0.4353673780487805 0.006097808441558441 0.005490853658536586
22 0.7409375 0.4372515243902439 0.002978896103896104 0.0019420731707317073
2 0.7956980519480519 0.43714481707317077 0.0021103896103896107 0.00538719512195122
22 0.735960836038961 0.43715091463414635 0.0035775162337662336 0.002960365853658537
22 0.5191974431818182 0.4404466463414634 0.004303977272727273 0.002844512195121951
22 0.859851866883117 0.44087652439024394 0.0017654220779220779 0.005533536585365853
2 0.7412855113636363 0.4415137195121951 0.0016456980519480519 0.005588414634146341
14 0.7369409496753246 0.44165548780487807 0.005943587662337662 0.006481707317073171
22 0.519200487012987 0.4438856707317073 0.003498376623376623 0.0024054878048780487
22 0.5189924918831168 0.4473185975609756 0.0030823863636363635 0.001954268292682927
22 0.8598356331168832 0.4483963414634146 0.0017329545454545453 0.006548780487804878
22 0.7128784496753247 0.44840853658536584 0.0032731331168831166 0.009012195121951219
15 0.7163940746753247 0.44852439024390245 0.0034050324675324677 0.00802439024390244
22 0.5188078327922078 0.45088262195121953 0.003524756493506494 0.0029847560975609752
14 0.8478683035714286 0.4538536585365854 0.01919439935064935 0.02904878048780488
22 0.5190543831168831 0.45438414634146346 0.004017857142857143 0.002670731707317073
22 0.791263189935065 0.45452896341463417 0.003386769480519481 0.002350609756097561
22 0.7858512581168832 0.455467987804878 0.0018973214285714286 0.005448170731707318
2 0.7117512175324676 0.4555 0.001424512987012987 0.005512195121951219
2 0.796057224025974 0.4575518292682927 0.0016112012987012988 0.00473780487804878
22 0.5188139204545454 0.45747103658536586 0.003536931818181818 0.002746951219512195
2 0.7300801542207792 0.46084756097560975 0.0035856331168831173 0.002792682926829268
22 0.5187814529220779 0.4609435975609756 0.003471996753246753 0.002375
2 0.7303754058441558 0.4640289634146342 0.0033644480519480517 0.002448170731707317
22 0.5188139204545454 0.4643643292682927 0.003536931818181818 0.0025091463414634147
22 0.7777242288961039 0.46429878048780493 0.003500405844155844 0.0029878048780487805
2 0.8341477272727273 0.46441310975609756 0.003928571428571429 0.002606707317073171
22 0.5188321834415585 0.46777591463414636 0.003979301948051948 0.0026249999999999997
22 0.7816517857142857 0.46889634146341463 0.0016152597402597402 0.004865853658536585
2 0.6493638392857143 0.4701692073170732 0.004490665584415584 0.003753048780487805
2 0.8031828327922078 0.47073170731707314 0.0036870941558441563 0.003048780487804878
22 0.5187672483766234 0.4710899390243902 0.003849431818181818 0.0025457317073170733
2 0.7131818181818181 0.47102591463414634 0.005909090909090909 0.02436890243902439
2 0.7239498782467533 0.4711798780487805 0.001471185064935065 0.0045548780487804875
2 0.8143415178571428 0.471094512195122 0.003683035714285714 0.0031646341463414636
22 0.8183289366883116 0.4713429878048781 0.0031351461038961036 0.0024420731707317073
2 0.7256777597402597 0.47133231707317075 0.0020860389610389608 0.004859756097560976
2 0.6561759334415584 0.4714786585365854 0.0018810876623376622 0.005152439024390243
2 0.6845119724025974 0.47152896341463413 0.0021408279220779224 0.005253048780487805
2 0.8261069399350649 0.47182164634146345 0.004486607142857143 0.003399390243902439
2 0.6722920048701299 0.47165548780487804 0.002051542207792208 0.004896341463414634
2 0.6702597402597402 0.47184603658536584 0.0016396103896103896 0.004667682926829268
2 0.6581868912337663 0.4716814024390244 0.0018445616883116882 0.005557926829268292
2 0.682481737012987 0.4718719512195122 0.0021387987012987013 0.005329268292682927
2 0.6801734983766233 0.47184756097560976 0.0023924512987012984 0.005890243902439024
2 0.676190137987013 0.47178353658536587 0.0017309253246753245 0.005762195121951219
2 0.6864985795454546 0.4720503048780488 0.0020556006493506495 0.005076219512195121
2 0.6744825487012986 0.4719100609756098 0.0023741883116883116 0.005405487804878049
2 0.8308015422077922 0.47221646341463414 0.003729707792207792 0.0029695121951219513
2 0.6782883522727273 0.47198780487804876 0.0022747564935064937 0.006170731707317073
2 0.6885196834415584 0.4721143292682927 0.0020393668831168834 0.005814024390243902
2 0.6989214691558441 0.47219054878048783 0.0017390422077922078 0.005356707317073171
2 0.6904484577922079 0.47235518292682926 0.002244318181818182 0.005685975609756097
2 0.6926217532467532 0.47212652439024394 0.002126623376623377 0.005228658536585365
2 0.6945829951298702 0.47212652439024394 0.0019906655844155845 0.005228658536585365
2 0.6965452516233765 0.47212652439024394 0.0022625811688311687 0.005228658536585365
2 0.7052262581168831 0.4728384146341464 0.004202516233766234 0.0029939024390243903
2 0.7005874594155844 0.472609756097561 0.0018242694805194807 0.005585365853658536
2 0.6613250811688313 0.4734893292682927 0.003250811688311688 0.008564024390243903
2 0.7311404220779221 0.47511890243902444 0.0016477272727272725 0.005725609756097562
2 0.7293516639610389 0.4752454268292683 0.0017228084415584417 0.00536890243902439
22 0.6221306818181819 0.4769817073170732 0.0019724025974025977 0.005792682926829268
2 0.7362185470779221 0.4770762195121951 0.0016578733766233766 0.004762195121951219
2 0.7344338474025974 0.4771067073170732 0.0021469155844155846 0.004823170731707317
22 0.6245150162337663 0.4770701219512195 0.0018709415584415585 0.005359756097560975
22 0.5894115259740259 0.4771295731707317 0.003904220779220779 0.0030396341463414635
29 0.6093719561688312 0.47759603658536587 0.004052353896103896 0.009460365853658536
29 0.6151268262987013 0.4778414634146341 0.0050101461038961044 0.009951219512195122
2 0.783661728896104 0.4782484756097561 0.0036059253246753247 0.002838414634146342
2 0.7056665990259741 0.4783414634146342 0.005489042207792208 0.005463414634146342
2 0.7392958603896104 0.4787942073170732 0.0017248376623376623 0.005149390243902439
2 0.7412915990259741 0.4792118902439025 0.0020637175324675324 0.005375
22 0.5187023133116883 0.4810807926829268 0.003719561688311688 0.0030152439024390245
13 0.8537875405844156 0.4814131097560976 0.008711444805194805 0.005509146341463414
7 0.8622493912337662 0.4815792682926829 0.007372159090909091 0.004621951219512195
2 0.744158887987013 0.4819146341463415 0.0021164772727272725 0.005292682926829268
2 0.7461272321428571 0.4820274390243902 0.001994724025974026 0.00551829268292683
2 0.7494470373376624 0.4825350609756097 0.0017349837662337664 0.005314024390243902
2 0.7515980113636364 0.4827378048780488 0.0019784902597402595 0.005109756097560976
22 0.8404007711038961 0.48335823170731707 0.0034476461038961035 0.0026920731707317075
22 0.624296875 0.4838795731707317 0.001434659090909091 0.005564024390243902
2 0.8352901785714286 0.483672256097561 0.0033725649350649354 0.002710365853658537
22 0.5184933035714286 0.48398323170731705 0.0037073863636363637 0.002722560975609756
29 0.8305316558441559 0.48476676829268295 0.005219155844155844 0.008557926829268293
2 0.7546814123376624 0.4858079268292683 0.0016517857142857144 0.005152439024390243
2 0.7568273133116883 0.4860625 0.0018851461038961038 0.005661585365853658
22 0.8402282873376624 0.48658689024390245 0.0035085227272727273 0.0024420731707317073
22 0.5892958603896105 0.48668597560975607 0.0036728896103896107 0.0026402439024390246
2 0.8643861607142856 0.4866814024390244 0.003528814935064935 0.0032408536585365856
29 0.8231402191558441 0.4868734756097561 0.007075892857142857 0.006064024390243903
22 0.7743191964285714 0.4871890243902439 0.0015604707792207793 0.004865853658536585
22 0.5185531655844156 0.48800304878048784 0.003421266233766234 0.002835365853658537
15 0.8582934253246753 0.4878201219512195 0.0018952922077922077 0.0073475609756097566
15 0.860892857142857 0.4884192073170732 0.002224025974025974 0.007326219512195122
22 0.8559151785714285 0.4888841463414634 0.0020089285714285717 0.005817073170731706
22 0.5888900162337662 0.4898673780487805 0.0036728896103896107 0.002295731707317073
14 0.5548153409090909 0.48986128048780486 0.055247564935064934 0.08703963414634147
2 0.818929586038961 0.4903551829268293 0.00190137987012987 0.005100609756097561
15 0.816580762987013 0.4904649390243902 0.0020738636363636367 0.006539634146341463
2 0.5186911525974026 0.4913368902439024 0.0032913961038961038 0.002795731707317073
2 0.8646550324675325 0.4914329268292683 0.00325487012987013 0.002378048780487805
22 0.8223407061688311 0.4917012195121951 0.0038534902597402595 0.0029146341463414634
22 0.8262834821428572 0.49176524390243903 0.0036221590909090912 0.0030426829268292684
22 0.8302262581168831 0.4920518292682927 0.003390827922077922 0.0030060975609756094
22 0.8345048701298701 0.4921387195121951 0.003425324675324675 0.0025701219512195123
2 0.8642491883116884 0.49427743902439025 0.00325487012987013 0.002579268292682927
6 0.8824218749999999 0.4944939024390244 0.03148336038961039 0.09508536585365854
22 0.5892197646103896 0.49459756097560975 0.0035206980519480523 0.0026097560975609758
2 0.8070018262987013 0.4949771341463415 0.0019906655844155845 0.004588414634146342
2 0.8186972402597402 0.4956905487804878 0.0034659090909090907 0.0029664634146341464
15 0.8581473214285714 0.49573170731707317 0.0020089285714285717 0.007317073170731708
15 0.8608066152597403 0.49630792682926833 0.002051542207792208 0.006640243902439025
22 0.8558867694805196 0.49679115853658534 0.0019521103896103895 0.005777439024390244
2 0.8142025162337662 0.4968353658536585 0.0013758116883116885 0.004646341463414634
15 0.8178794642857143 0.49911890243902435 0.004671266233766234 0.0031158536585365855
2 0.8644500811688313 0.4995106707317073 0.003656655844155844 0.0032896341463414633
15 0.845744724025974 0.49963871951219513 0.004801136363636363 0.0035457317073170733
22 0.5894784902597402 0.5003734756097561 0.00403814935064935 0.0031859756097560974
2 0.8424898538961039 0.5009115853658537 0.0015381493506493506 0.005481707317073171
2 0.818648538961039 0.5024115853658537 0.0033685064935064938 0.0029939024390243903
2 0.8642491883116884 0.5025990853658537 0.00325487012987013 0.0015396341463414633
2 0.8643262987012986 0.5029039634146342 0.003814935064935065 0.0021493902439024388
22 0.8558005275974027 0.5030121951219513 0.0017796266233766232 0.005414634146341464
22 0.5892877435064936 0.5034557926829268 0.003250811688311688 0.0026432926829268294
15 0.860804586038961 0.5037240853658537 0.002453327922077922 0.0068384146341463415
15 0.8582051542207791 0.5037987804878049 0.0021245941558441558 0.006987804878048781
2 0.8468476055194806 0.504577743902439 0.003760146103896104 0.002448170731707317
2 0.8641162743506493 0.5054146341463415 0.0038007305194805194 0.002292682926829268
22 0.5889874188311689 0.5065472560975609 0.003461850649350649 0.0027286585365853657
22 0.5182102272727273 0.5073094512195122 0.0031412337662337663 0.002423780487804878
22 0.518286323051948 0.5104939024390244 0.003293425324675325 0.002695121951219512
2 0.5894368912337662 0.5109375 0.0019257305194805194 0.005411585365853658
22 0.5888900162337662 0.5172637195121951 0.0036728896103896107 0.002820121951219512
22 0.5888687094155844 0.5204085365853659 0.004441964285714286 0.002402439024390244
2 0.588833198051948 0.5236875 0.0035592532467532464 0.002862804878048781
2 0.588791599025974 0.5264024390243902 0.004287743506493506 0.0028048780487804877
2 0.5886201298701298 0.5294207317073171 0.003538961038961039 0.00274390243902439
22 0.6110947646103896 0.5319740853658537 0.0014103084415584416 0.004801829268292683
2 0.5885998376623376 0.5323963414634146 0.003904220779220779 0.002597560975609756
22 0.3280570211038961 0.5358948170731707 0.0031107954545454546 0.0022774390243902438
22 0.38530539772727274 0.5384512195121951 0.0019419642857142858 0.004951219512195121
22 0.387265625 0.5386387195121951 0.0013981331168831169 0.004716463414634146
22 0.3753825081168831 0.5389939024390245 0.0015767045454545454 0.005426829268292683
22 0.37344358766233765 0.5390731707317074 0.0021631493506493508 0.005585365853658536
22 0.377145900974026 0.5390853658536585 0.001856737012987013 0.005609756097560975
2 0.3815198863636364 0.5393246951219511 0.0016761363636363636 0.0054786585365853655
14 0.3913200081168831 0.5393948170731707 0.005854301948051949 0.007448170731707317
22 0.37955458603896103 0.5394298780487805 0.0018039772727272729 0.005689024390243902
7 0.46220474837662334 0.540172256097561 0.007201704545454546 0.0047347560975609755
22 0.39806107954545455 0.5404496951219512 0.0018851461038961038 0.005899390243902439
2 0.4061678165584416 0.5408460365853658 0.001864853896103896 0.006082317073170732
22 0.5298701298701298 0.5417256097560975 0.0021103896103896107 0.0054024390243902435
22 0.5217715097402598 0.5418993902439024 0.0033644480519480517 0.0027012195121951217
2 0.5254910714285714 0.5419070121951219 0.003904220779220779 0.003326219512195122
22 0.5525060876623377 0.5422240853658536 0.003145292207792208 0.003350609756097561
29 0.3273417207792208 0.5438475609756097 0.005738636363636364 0.009646341463414634
29 0.33404220779220783 0.5441676829268293 0.0061525974025974026 0.009676829268292683
29 0.34745941558441557 0.5443384146341463 0.0062012987012987015 0.009408536585365853
29 0.34095576298701297 0.544657012195122 0.005775162337662338 0.01065548780487805
29 0.36139001623376626 0.5450457317073171 0.004841720779220779 0.00899390243902439
29 0.3551420454545455 0.5451265243902439 0.00614448051948052 0.009765243902439024
2 0.2911992694805195 0.545875 0.002041396103896104 0.00577439024390244
2 0.6017704951298701 0.5463521341463415 0.003459821428571429 0.0030701219512195123
22 0.4672686688311688 0.5479298780487805 0.0015016233766233767 0.007445121951219513
2 0.4592664366883117 0.5495838414634147 0.003760146103896104 0.01441158536585366
22 0.6345251623376623 0.5527911585365853 0.0032224025974025975 0.0025335365853658537
2 0.30435267857142856 0.5553064024390244 0.0015625 0.005124999999999999
2 0.3642491883116883 0.5565807926829268 0.00325487012987013 0.0021859756097560973
2 0.3592096185064935 0.5565701219512195 0.005351055194805195 0.005213414634146342
2 0.2988687094155844 0.5574862804878049 0.00804586038961039 0.024728658536585367
29 0.6329657061688312 0.5575213414634147 0.006596996753246753 0.007115853658536586
22 0.46424310064935065 0.557907012195122 0.0015381493506493506 0.006057926829268293
15 0.43725344967532465 0.5584192073170732 0.01817573051948052 0.02842378048780488
14 0.2918638392857143 0.5589801829268293 0.005399756493506493 0.016740853658536583
22 0.6316487418831168 0.5626966463414634 0.003963068181818182 0.0028323170731707316
2 0.4728987418831169 0.5626981707317074 0.0018039772727272729 0.005274390243902439
2 0.47801034902597406 0.5643963414634147 0.00796875 0.02574390243902439
2 0.4266233766233766 0.5697088414634146 0.0017857142857142859 0.00588109756097561
2 0.29077313311688313 0.5704009146341463 0.0028125 0.002996951219512195
2 0.45239549512987015 0.571077743902439 0.0034111201298701295 0.0025213414634146342
7 0.45901278409090907 0.5719710365853659 0.006905438311688312 0.004307926829268293
22 0.46421875 0.5736798780487805 0.001083603896103896 0.004676829268292683
7 0.41874492694805193 0.5745274390243903 0.0022625811688311687 0.01125
2 0.35912642045454546 0.5748780487804878 0.003967126623376623 0.0034146341463414634
2 0.5043739853896103 0.5747820121951219 0.003471996753246753 0.014807926829268292
2 0.507752637987013 0.574983231707317 0.0017065746753246753 0.005454268292682927
22 0.4528713474025974 0.5754649390243902 0.0035511363636363635 0.002759146341463415
6 0.2780783279220779 0.5765899390243903 0.019630681818181818 0.039765243902439025
2 0.3441528003246753 0.5772881097560976 0.004052353896103896 0.0033567073170731707
2 0.30079849837662337 0.5773185975609756 0.0033827110389610393 0.0034176829268292687
15 0.49220474837662337 0.5774573170731707 0.01768871753246753 0.028695121951219513
14 0.3222260551948052 0.5787698170731708 0.03933847402597403 0.029490853658536587
2 0.36419439935064934 0.5796829268292683 0.0035511363636363635 0.0032682926829268296
2 0.4327627840909091 0.5802484756097561 0.016905438311688312 0.012935975609756097
29 0.4589174107142857 0.5806036585365854 0.0067146915584415596 0.00998780487804878
2 0.3008573457792208 0.5807439024390244 0.003500405844155844 0.0023414634146341463
2 0.34395799512987013 0.5808475609756097 0.004068587662337662 0.003768292682926829
14 0.3921469155844156 0.581859756097561 0.048498376623376624 0.07530487804878049
22 0.3637408685064935 0.5830411585365853 0.003861607142857143 0.0026676829268292685
15 0.29266943993506495 0.5856478658536586 0.0066051136363636355 0.005442073170731708
22 0.3637956574675325 0.5858429878048781 0.003565340909090909 0.002173780487804878
2 0.3637885551948052 0.5888628048780488 0.0035511363636363635 0.0021158536585365855
6 0.8852901785714286 0.590734756097561 0.024232954545454547 0.03451829268292683
2 0.3589174107142857 0.5919664634146342 0.003954951298701298 0.002835365853658537
22 0.3639103084415584 0.5920823170731707 0.003388798701298701 0.0030670731707317074
22 0.35891233766233765 0.5949939024390244 0.003538961038961039 0.002182926829268293
2 0.3638118912337662 0.5952317073170731 0.003597808441558442 0.002658536585365854
2 0.4536201298701299 0.5957698170731708 0.004642857142857143 0.004954268292682927
2 0.4605093344155844 0.5958948170731707 0.005840097402597403 0.003984756097560976
2 0.4663382711038961 0.5964603658536586 0.004916801948051948 0.0032865853658536584
6 0.5266862824675325 0.5975381097560976 0.0196875 0.08166158536585366
2 0.4480986201298701 0.5986371951219512 0.004151785714285715 0.003371951219512195
7 0.36227272727272725 0.5991112804878049 0.007418831168831169 0.003100609756097561
14 0.34878348214285715 0.5993734756097561 0.012907873376623377 0.01338109756097561
6 0.6161779626623377 0.6010777439024391 0.01604099025974026 0.08203353658536586
22 0.44801440746753246 0.6024115853658537 0.004389204545454545 0.0023841463414634146
2 0.4705204951298701 0.6051875 0.0019176136363636361 0.007326219512195122
14 0.3591030844155844 0.6065685975609756 0.005949675324675325 0.010088414634146342
15 0.4311241883116883 0.6065365853658536 0.018092532467532466 0.028317073170731705
7 0.44920556006493506 0.6072682926829268 0.003524756493506494 0.005390243902439024
2 0.47316254058441554 0.6080762195121951 0.0015198863636363637 0.00700609756097561
22 0.36524249188311686 0.6117545731707317 0.0015888798701298701 0.005216463414634146
14 0.45950182629870134 0.6118246951219513 0.01721793831168831 0.019990853658536582
15 0.488781452922078 0.6120533536585366 0.017741477272727273 0.030204268292682926
22 0.44662439123376624 0.6122865853658537 0.003638392857142857 0.002621951219512195
22 0.3406158685064935 0.6129268292682927 0.003471996753246753 0.002682926829268293
22 0.3447879464285714 0.6131905487804878 0.003699269480519481 0.0032103658536585364
22 0.4495261769480519 0.613907012195122 0.0017309253246753245 0.005253048780487805
2 0.33463575487012986 0.6143170731707317 0.0016578733766233766 0.006073170731707317
22 0.44609374999999996 0.6150640243902439 0.003794642857142857 0.002079268292682927
2 0.505565137987013 0.6151615853658536 0.007883522727272727 0.026054878048780487
7 0.47022118506493504 0.6153079268292683 0.00294237012987013 0.011103658536585367
22 0.47328835227272725 0.6158109756097561 0.0021773538961038963 0.00723170731707317
22 0.3406422483766234 0.616375 0.00393060064935065 0.002871951219512195
22 0.3445515422077922 0.6164618902439024 0.0036323051948051947 0.0024359756097560976
6 0.6561424512987013 0.6176737804878049 0.022512175324675324 0.15485975609756097
22 0.3406574675324675 0.6198140243902439 0.003961038961038961 0.0024329268292682927
22 0.34467025162337667 0.619969512195122 0.00346387987012987 0.002134146341463415
22 0.448244724025974 0.6206371951219513 0.00403814935064935 0.0034695121951219513
2 0.5105073051948052 0.6208658536585366 0.001939935064935065 0.006365853658536585
2 0.37040787337662334 0.6219176829268293 0.0013676948051948052 0.006030487804878049
22 0.3724076704545454 0.6221554878048781 0.0013088474025974026 0.004676829268292683
2 0.38301440746753246 0.6223628048780487 0.0018242694805194807 0.00448170731707317
2 0.38057021103896105 0.622577743902439 0.0018060064935064937 0.0049115853658536586
22 0.38546469155844154 0.6227454268292683 0.0014488636363636364 0.005856707317073171
22 0.3874289772727273 0.6229329268292683 0.0017248376623376623 0.005621951219512196
22 0.40930600649350646 0.6231021341463415 0.0016477272727272725 0.005350609756097561
22 0.34485288149350646 0.6231326219512195 0.0038291396103896105 0.0023628048780487804
22 0.3405549918831169 0.6231387195121951 0.003350243506493507 0.0017652439024390244
22 0.37818283279220777 0.6232515243902439 0.002307224025974026 0.00686890243902439
2 0.389903612012987 0.6235884146341463 0.0018039772727272729 0.006932926829268292
22 0.4119855925324675 0.6233643292682927 0.0017309253246753245 0.005265243902439024
22 0.39663555194805195 0.6235990853658536 0.0018750000000000001 0.0057347560975609755
2 0.40182528409090906 0.6241112804878048 0.0017025162337662339 0.005539634146341464
7 0.39882406655844155 0.6246219512195123 0.0017877435064935067 0.010219512195121952
7 0.374669237012987 0.6247118902439024 0.002179383116883117 0.009789634146341463
14 0.355744724025974 0.625405487804878 0.014249188311688312 0.025810975609756096
7 0.3924310064935065 0.6259024390243902 0.001988636363636364 0.010951219512195123
2 0.4647402597402597 0.6261798780487805 0.0033441558441558443 0.0029695121951219513
2 0.47964793019480517 0.6275884146341463 0.0035328733766233768 0.002128048780487805
2 0.32842938311688313 0.6282012195121951 0.00588474025974026 0.0039634146341463415
2 0.44865361201298704 0.6283201219512194 0.001609172077922078 0.005420731707317074
2 0.4510907061688311 0.628422256097561 0.002019074675324675 0.005625
2 0.3852617694805195 0.6284375 0.0014488636363636364 0.005045731707317073
2 0.3874797077922078 0.6288445121951219 0.0018262987012987013 0.005859756097560976
22 0.3641690340909091 0.6286539634146342 0.001471185064935065 0.00486890243902439
2 0.43296063311688315 0.6288094512195121 0.01689529220779221 0.012496951219512196
22 0.38315848214285714 0.629047256097561 0.0017065746753246753 0.005045731707317073
2 0.36665888798701296 0.6293003048780488 0.001986607142857143 0.0055518292682926835
22 0.39654728084415586 0.6298734756097562 0.002104301948051948 0.0054786585365853655
2 0.47965807629870133 0.6311676829268292 0.0031473214285714286 0.002579268292682927
2 0.40170860389610386 0.632282012195122 0.0018750000000000001 0.005417682926829268
2 0.34750507305194805 0.6326600609756098 0.001422483766233766 0.006173780487804878
29 0.4888555194805195 0.6337164634146342 0.013831168831168831 0.013164634146341463
2 0.45284090909090907 0.6355670731707317 0.0018668831168831166 0.005280487804878049
22 0.8615969967532467 0.6360731707317073 0.0036323051948051947 0.0032439024390243905
29 0.4492461444805195 0.6373109756097561 0.005229301948051948 0.00876829268292683
2 0.3474705762987013 0.6389298780487805 0.0017593344155844156 0.0052987804878048776
2 0.4296367694805195 0.6392317073170731 0.004565746753246753 0.0034634146341463415
6 0.8846509740259741 0.6391326219512196 0.02173701298701299 0.03680182926829268
2 0.5046996753246753 0.6396249999999999 0.0037175324675324676 0.0030304878048780484
6 0.2975344967532468 0.6421707317073171 0.052861201298701296 0.08556097560975609
2 0.35548295454545453 0.6422606707317072 0.00398538961038961 0.003423780487804878
29 0.8619784902597403 0.6430228658536584 0.006424512987012987 0.009216463414634146
2 0.328023538961039 0.6435975609756097 0.0038555194805194805 0.003658536585365854
2 0.4787753652597403 0.6442408536585367 0.0034111201298701295 0.00250609756097561
2 0.4513981331168831 0.6446493902439023 0.004663149350649351 0.003932926829268293
2 0.5319500811688311 0.645407012195122 0.0022118506493506492 0.005448170731707318
29 0.5365330762987013 0.646844512195122 0.0052901785714285715 0.005884146341463415
29 0.4885633116883117 0.647734756097561 0.013652597402597402 0.01376219512195122
22 0.328125 0.6477134146341463 0.005681818181818182 0.0039634146341463415
29 0.54387987012987 0.6494253048780487 0.006185064935064935 0.010435975609756096
2 0.45487114448051946 0.651359756097561 0.001868912337662338 0.00576829268292683
2 0.45755580357142855 0.6512240853658536 0.0019622564935064934 0.0048871951219512195
22 0.5322148944805195 0.6521021341463414 0.001929788961038961 0.005423780487804878
29 0.44661424512987014 0.6532713414634146 0.012546672077922077 0.012640243902439025
2 0.6253936688311689 0.6533079268292683 0.001599025974025974 0.005396341463414634
2 0.49117086038961033 0.6563582317073171 0.0034456168831168833 0.002960365853658537
22 0.5329839691558441 0.6567362804878049 0.0034679383116883117 0.002496951219512195
2 0.48488027597402594 0.6566768292682927 0.005068993506493507 0.0029878048780487805
2 0.42460024350649345 0.6581158536585365 0.003421266233766234 0.0028170731707317072
2 0.42846185064935066 0.6583125 0.003433441558441559 0.0026006097560975607
22 0.43254870129870127 0.6586935975609756 0.00349025974025974 0.0027530487804878047
22 0.5363971185064934 0.658498475609756 0.0021773538961038963 0.007240853658536586
22 0.5439579951298701 0.6593948170731707 0.0022828733766233765 0.007204268292682926
22 0.5393648538961039 0.6598810975609756 0.0016193181818181818 0.00573780487804878
22 0.5412784090909091 0.6598810975609756 0.001387987012987013 0.00573780487804878
2 0.4968597808441559 0.6622393292682927 0.003053977272727273 0.0031371951219512193
6 0.5116903409090909 0.6648064024390244 0.00958198051948052 0.035710365853658534
2 0.8676217532467533 0.6651173780487805 0.0022889610389610388 0.005234756097560976
2 0.8619977678571429 0.6656219512195122 0.008086444805194805 0.02697560975609756
22 0.6340827922077923 0.6731509146341463 0.001525974025974026 0.005448170731707318
29 0.6295109577922078 0.6746859756097561 0.006181006493506494 0.009128048780487806
22 0.6243902191558441 0.6753033536585366 0.0016213474025974027 0.005484756097560975
22 0.6339265422077922 0.6796676829268292 0.0016193181818181818 0.005676829268292684
22 0.6241680194805195 0.6825503048780488 0.001988636363636364 0.005954268292682927
29 0.6291781655844156 0.6849573170731706 0.0067329545454545454 0.009548780487804878
2 0.3286323051948052 0.6858231707317073 0.004261363636363636 0.0039634146341463415
22 0.56927049512987 0.6925381097560976 0.0017715097402597403 0.004588414634146342
22 0.5655032467532468 0.6925640243902439 0.002353896103896104 0.005859756097560976
6 0.8848051948051947 0.6929496951219513 0.02042207792207792 0.03650914634146341
22 0.5526724837662338 0.6941280487804877 0.006318993506493507 0.005329268292682927
22 0.5881158685064936 0.694439024390244 0.0017187500000000002 0.006560975609756097
22 0.6021164772727273 0.6954588414634146 0.002122564935064935 0.00738109756097561
15 0.5237124594155844 0.7039222560975609 0.005217126623376624 0.003576219512195122
2 0.5177039366883117 0.7041646341463415 0.0033461850649350645 0.0028414634146341463
22 0.29200487012987014 0.7064024390243903 0.002840909090909091 0.00853658536585366
29 0.29728084415584416 0.7070121951219512 0.007305194805194805 0.007926829268292683
2 0.5174624594155843 0.707734756097561 0.0032690746753246754 0.002054878048780488
15 0.5233766233766234 0.7079268292682926 0.004139610389610389 0.0024390243902439024
22 0.3079342532467532 0.7094512195121951 0.002637987012987013 0.007926829268292683
22 0.32184050324675323 0.7098216463414635 0.00244724025974026 0.007448170731707317
22 0.34940239448051946 0.7100960365853658 0.0019703733766233767 0.007996951219512195
29 0.3271438717532468 0.7102362804878048 0.006154626623376623 0.007667682926829268
22 0.34713676948051947 0.7105167682926828 0.002309253246753247 0.007009146341463414
29 0.33594155844155843 0.710452743902439 0.006298701298701298 0.007490853658536585
29 0.3425629058441559 0.7107637195121951 0.006148538961038961 0.006283536585365853
2 0.5175497159090909 0.7113719512195122 0.0030377435064935067 0.0020121951219512196
15 0.5229728084415585 0.7115106707317074 0.004549512987012987 0.002899390243902439
2 0.5173082386363637 0.715280487804878 0.0029606331168831167 0.0025121951219512196
15 0.5230245535714286 0.7153231707317074 0.0046530032467532465 0.0032073170731707315
6 0.6220342938311689 0.7190030487804878 0.018825081168831168 0.04959146341463415
6 0.5691304788961039 0.7226768292682927 0.016507711038961037 0.03925609756097561
6 0.5946377840909091 0.7236280487804878 0.015980113636363636 0.0399390243902439
6 0.5430458603896104 0.7250685975609756 0.017098214285714286 0.03916158536585365
6 0.5171611201298701 0.19463414634146342 0.04122159090909091 0.029512195121951218
2 0.5213565340909091 0.21466920731707317 0.0021286525974025974 0.007996951219512195
29 0.5896864853896103 0.21611737804878048 0.006077516233766234 0.010893292682926829
29 0.5963575487012986 0.21625609756097564 0.005620941558441559 0.011780487804878049
29 0.6051045048701299 0.21696036585365855 0.005663555194805195 0.010140243902439023
22 0.609825487012987 0.2171859756097561 0.0017126623376623375 0.006932926829268292
22 0.6007558847402598 0.21794969512195123 0.0022422889610389614 0.00663109756097561
2 0.5286059253246753 0.21834298780487804 0.002828733766233766 0.014734756097560975
2 0.5245596590909092 0.21858536585365854 0.003258928571428571 0.014
2 0.614351663961039 0.2185685975609756 0.005489042207792208 0.004820121951219512
2 0.6205367288961039 0.2187591463414634 0.006089691558441559 0.005201219512195121
22 0.5340696022727273 0.22015701219512196 0.007262581168831168 0.011655487804878047
13 0.5160379464285714 0.22309451219512194 0.0056960227272727275 0.019359756097560975
15 0.5482609577922077 0.22345731707317074 0.018193993506493505 0.027402439024390244
22 0.5080022321428571 0.2236189024390244 0.004640827922077922 0.0033353658536585365
29 0.6147899756493507 0.22610670731707316 0.006365665584415585 0.007091463414634147
7 0.6096418425324676 0.22738414634146342 0.0017512175324675325 0.01025609756097561
29 0.6045627029220779 0.2275564024390244 0.0062033279220779225 0.009990853658536586
22 0.5078683035714285 0.227422256097561 0.004778814935064935 0.0030152439024390245
7 0.5901765422077921 0.22765243902439025 0.0021874999999999998 0.011402439024390244
22 0.5953835227272728 0.22789939024390243 0.002049512987012987 0.007018292682926829
22 0.592908887987013 0.22802286585365852 0.0019703733766233767 0.007265243902439024
22 0.6203449675324675 0.22798323170731707 0.004488636363636364 0.0029176829268292683
22 0.5978226461038961 0.22824237804878048 0.00205762987012987 0.007704268292682927
22 0.6001724837662338 0.22838414634146342 0.002293019480519481 0.006768292682926829
2 0.5077881493506494 0.2316859756097561 0.00502435064935065 0.003615853658536585
22 0.6152019074675324 0.2318048780487805 0.0047544642857142855 0.0032439024390243905
2 0.6201917613636363 0.23196798780487807 0.004588068181818182 0.0035701219512195123
29 0.6489803165584416 0.23544664634146342 0.00859375 0.020283536585365854
29 0.6381950081168831 0.23549390243902438 0.009344561688311688 0.01976829268292683
2 0.6548133116883117 0.23801676829268295 0.0024025974025974027 0.006521341463414635
22 0.513528814935065 0.2388689024390244 0.0023011363636363637 0.00700609756097561
2 0.5110430194805194 0.2531021341463415 0.005040584415584416 0.0037652439024390243
2 0.6285683847402598 0.2543109756097561 0.012818587662337663 0.01898780487804878
22 0.6099594155844156 0.2547393292682927 0.003603896103896104 0.0033810975609756097
22 0.5960511363636364 0.2547362804878049 0.0041964285714285714 0.003375
2 0.6656544237012987 0.2548216463414634 0.00825689935064935 0.025496951219512193
22 0.5300771103896104 0.25610060975609755 0.004147727272727273 0.0030548780487804875
2 0.7489316152597403 0.2565518292682927 0.008821022727272728 0.024079268292682927
22 0.5112571022727272 0.2571448170731707 0.0046570616883116886 0.0033140243902439023
2 0.5958198051948052 0.2579451219512195 0.0037337662337662333 0.0024756097560975606
2 0.6029393262987013 0.25790243902439025 0.0017390422077922078 0.0066585365853658535
2 0.5992471590909091 0.25822256097560975 0.002065746753246753 0.007908536585365854
2 0.6096793831168831 0.25841768292682926 0.005073051948051948 0.003420731707317073
2 0.6057893668831169 0.2585060975609756 0.0021631493506493508 0.00725609756097561
22 0.5201734983766234 0.25874085365853655 0.004226866883116883 0.0040670731707317075
7 0.5277972808441559 0.26021951219512196 0.007299107142857143 0.0027560975609756096
15 0.6489072646103896 0.2601478658536585 0.023869724025974023 0.029442073170731706
22 0.5110775162337663 0.2608658536585366 0.004703733766233766 0.0028292682926829267
22 0.5959669237012988 0.26095121951219513 0.003216314935064935 0.003
22 0.6166183035714285 0.2625685975609756 0.0023112824675324676 0.0074542682926829265
22 0.5957903814935065 0.2640640243902439 0.003674918831168831 0.0025182926829268293
2 0.5254281655844155 0.26533993902439024 0.006213474025974026 0.004460365853658537
2 0.5175030438311689 0.2657530487804878 0.002132711038961039 0.007725609756097561
22 0.519890422077922 0.2659893292682927 0.0016314935064935063 0.006368902439024391
22 0.6342877435064935 0.26960670731707315 0.0015300324675324676 0.005676829268292684
22 0.6317765827922078 0.270109756097561 0.0017836850649350648 0.007902439024390244
22 0.6374066558441558 0.27093902439024387 0.0037094155844155847 0.002853658536585366
2 0.5981057224025974 0.27113871951219515 0.003841314935064935 0.0032530487804878047
22 0.5932518262987013 0.27453963414634147 0.0018445616883116882 0.007615853658536585
22 0.6374979707792208 0.27857317073170734 0.00429788961038961 0.002878048780487805
22 0.6315188717532467 0.27874390243902436 0.0016741071428571428 0.006878048780487805
2 0.5990462662337662 0.2789893292682927 0.0020698051948051946 0.005539634146341464
2 0.8520748782467532 0.2789283536585366 0.009750405844155844 0.005417682926829268
22 0.5970119724025974 0.27923323170731706 0.002059659090909091 0.006027439024390244
22 0.6339306006493507 0.27972256097560977 0.0020332792207792207 0.005176829268292683
22 0.6090827922077922 0.2798734756097561 0.002662337662337662 0.006698170731707317
2 0.861369724025974 0.2821509146341464 0.0027719155844155843 0.008814024390243903
22 0.7684040178571429 0.2825365853658537 0.0019054383116883118 0.005317073170731708
2 0.7706929788961039 0.28271646341463413 0.0016132305194805196 0.0050670731707317075
2 0.7480762987012987 0.2848155487804878 0.007516233766233766 0.025728658536585364
7 0.8528794642857143 0.2868338414634147 0.01257711038961039 0.007814024390243902
15 0.648395900974026 0.28966768292682926 0.024876217532467534 0.028725609756097562
15 0.8648295454545455 0.29097865853658533 0.009285714285714286 0.005128048780487805
15 0.8274350649350649 0.2912408536585366 0.01891233766233766 0.026384146341463417
2 0.8725852272727274 0.2924786585365854 0.00450487012987013 0.0026402439024390246
7 0.8529494724025974 0.2952530487804878 0.012717126623376623 0.006969512195121951
2 0.8725852272727274 0.2957057926829268 0.00450487012987013 0.002996951219512195
15 0.8648265016233766 0.2973567073170732 0.009685470779220778 0.006908536585365854
14 0.5192065746753247 0.2973170731707317 0.013656655844155844 0.012317073170731706
2 0.7901440746753247 0.29966310975609756 0.0035836038961038963 0.002375
2 0.7647077922077922 0.2996783536585366 0.005876623376623377 0.004844512195121951
2 0.7761252029220779 0.30096036585365854 0.0035491071428571425 0.0031402439024390246
7 0.8546398133116883 0.3016295731707317 0.007169237012987013 0.0032591463414634145
2 0.7819693587662337 0.30159908536585367 0.0034679383116883117 0.0031981707317073173
22 0.7452830762987013 0.30337195121951216 0.0035531655844155846 0.0030853658536585363
22 0.7500436282467533 0.3032057926829268 0.003739853896103896 0.0027530487804878047
2 0.7640655438311689 0.3041143292682927 0.0037804383116883116 0.0027408536585365856
2 0.7872148944805195 0.30411280487804876 0.0034070616883116883 0.002128048780487805
2 0.7760663555194806 0.30463262195121954 0.0034314123376623378 0.002557926829268293
2 0.6644997970779222 0.30477286585365854 0.007976866883116884 0.026009146341463417