6 0.41688717532467534 0.38726371951219507 0.048060064935064935 0.022698170731707316
6 0.5500304383116883 0.3876890243902439 0.015239448051948051 0.024768292682926827
6 0.5300689935064935 0.38824542682926827 0.015900974025974027 0.021612804878048782
6 0.5704991883116883 0.38867073170731703 0.018839285714285715 0.023682926829268296
6 0.5089681412337662 0.3890350609756098 0.01590706168831169 0.023192073170731704
6 0.4698467938311689 0.38965701219512194 0.04764813311688312 0.02565548780487805
6 0.7028246753246753 0.40540548780487806 0.10248376623376623 0.04617682926829268
22 0.45482041396103895 0.40909451219512194 0.0021732954545454547 0.004774390243902439
22 0.4519003652597403 0.4093109756097561 0.002015016233766234 0.005817073170731706
14 0.4428551136363636 0.4127759146341463 0.007869318181818182 0.017625000000000002
22 0.5023163555194805 0.4144420731707317 0.002197646103896104 0.00449390243902439
22 0.49932325487012985 0.4146158536585366 0.0018932629870129871 0.006060975609756097
22 0.5228175730519481 0.4148521341463414 0.0018039772727272729 0.004094512195121951
22 0.5182913961038961 0.41495579268292687 0.0028977272727272727 0.003692073170731707
22 0.5149015827922078 0.41496798780487804 0.001799918831168831 0.004935975609756098
22 0.5348650568181819 0.4149939024390244 0.0019541396103896105 0.003768292682926829
22 0.7632792207792208 0.41522865853658536 0.005048701298701298 0.004847560975609756
22 0.5551907467532468 0.41524847560975614 0.002426948051948052 0.005496951219512196
22 0.5428145292207792 0.4153292682926829 0.002431006493506494 0.0056585365853658535
22 0.5386525974025974 0.41568140243902435 0.0018181818181818184 0.004533536585365853
22 0.5755874594155844 0.4159146341463415 0.0026359577922077924 0.006219512195121951
2 0.43000101461038964 0.41789176829268293 0.007323457792207793 0.008344512195121952
2 0.4559527191558441 0.41806554878048785 0.008496347402597403 0.008082317073170732
22 0.7623650568181818 0.4193551829268292 0.005249594155844156 0.0033445121951219516
22 0.7574330357142858 0.42023170731707316 0.0022849025974025976 0.004487804878048781
2 0.46584009740259735 0.42259298780487803 0.0071672077922077925 0.009210365853658536
22 0.522554788961039 0.4230167682926829 0.002090097402597403 0.005179878048780487
22 0.5435592532467532 0.42380792682926827 0.002297077922077922 0.005542682926829268
22 0.5615107548701299 0.4240929878048781 0.004109172077922078 0.005503048780487805
22 0.5176166801948052 0.42421646341463415 0.0023599837662337665 0.005140243902439025
14 0.4798396915584416 0.42538262195121956 0.010815746753246753 0.018448170731707316
2 0.5092867288961038 0.4256737804878049 0.007615665584415584 0.006225609756097561
6 0.7833299512987013 0.4257560975609756 0.015929383116883116 0.0344390243902439
2 0.5497656249999999 0.4255990853658536 0.009028003246753248 0.007295731707317073
2 0.5300101461038961 0.4258795731707317 0.010101461038961038 0.00785670731707317
14 0.4905418019480519 0.42586890243902437 0.00908685064935065 0.016371951219512196
2 0.5695829951298702 0.4261692073170732 0.008890016233766234 0.008435975609756098
22 0.468479099025974 0.42858536585365853 0.0027049512987012986 0.002292682926829268
2 0.4990381493506494 0.42955945121951217 0.003758116883116883 0.010948170731707316
22 0.4682893668831169 0.432797256097561 0.002731331168831169 0.004009146341463415
29 0.5195261769480519 0.43467225609756094 0.0065848214285714295 0.00836890243902439
29 0.5291487418831169 0.4352667682926829 0.005943587662337662 0.008338414634146342
29 0.5089671266233766 0.43550609756097564 0.005353084415584415 0.010036585365853659
14 0.5589894480519481 0.43894969512195126 0.009212662337662337 0.018753048780487804
6 0.8103794642857143 0.43996341463414634 0.01605113636363636 0.07809756097560977
22 0.7092928165584416 0.44080182926829264 0.004624594155844155 0.007213414634146342
22 0.49061992694805195 0.44093750000000004 0.002749594155844156 0.0038262195121951223
14 0.5816943993506494 0.44121493902439024 0.008762175324675325 0.020234756097560976
22 0.495596590909091 0.4410792682926829 0.0029626623376623378 0.004109756097560976
14 0.5395292207792208 0.4418506097560976 0.008035714285714287 0.01845731707317073
6 0.4463331980519481 0.442782012195122 0.014419642857142858 0.038003048780487804
14 0.6071783685064935 0.44303658536585366 0.008999594155844157 0.020829268292682925
22 0.5922585227272728 0.444609756097561 0.0018871753246753249 0.005073170731707317
22 0.5061810064935065 0.4446753048780488 0.001810064935064935 0.004594512195121951
22 0.5693242694805195 0.44458993902439026 0.0018790584415584416 0.005033536585365854
22 0.5155042613636364 0.4446173780487805 0.0034111201298701295 0.00386890243902439
22 0.5958979301948052 0.4446692073170732 0.0018607954545454546 0.005192073170731708
22 0.5992633928571429 0.44479420731707314 0.0025040584415584417 0.004832317073170732
22 0.5226856737012987 0.44490243902439025 0.0035693993506493507 0.003829268292682927
22 0.5893455762987013 0.4449984756097561 0.002554788961038961 0.0046310975609756095
22 0.5723082386363636 0.4449908536585366 0.002976866883116883 0.0058353658536585366
22 0.5753784496753247 0.445342987804878 0.0030296266233766234 0.004710365853658536
22 0.5658857548701298 0.44575762195121954 0.0031189123376623375 0.006759146341463415
22 0.6230996347402598 0.44747865853658536 0.002692775974025974 0.005932926829268293
22 0.6200618912337662 0.4476006097560976 0.0022991071428571427 0.006786585365853659
22 0.6412307224025974 0.4477332317073171 0.002023133116883117 0.007051829268292682
22 0.6974847808441559 0.44757469512195125 0.004547483766233766 0.0067347560975609755
22 0.6348954951298701 0.4481356707317073 0.0027455357142857142 0.007246951219512195
22 0.6380803571428572 0.44808841463414634 0.002215909090909091 0.005932926829268293
22 0.6171235795454545 0.44847408536585365 0.002510146103896104 0.007314024390243902
22 0.547036323051948 0.44910060975609756 0.004381087662337663 0.00551829268292683
22 0.5279809253246753 0.45033689024390244 0.0023904220779220778 0.006161585365853659
22 0.598846387987013 0.4543612804878049 0.0020758928571428573 0.006283536585365853
22 0.596171875 0.45464634146341465 0.0028145292207792205 0.006243902439024391
6 0.3877059659090909 0.46018749999999997 0.016077516233766236 0.07220426829268294
2 0.650031452922078 0.46036128048780484 0.008666801948051948 0.009746951219512195
6 0.41849837662337663 0.4611478658536586 0.014756493506493506 0.0790030487804878
2 0.460749797077922 0.465625 0.006321022727272727 0.011128048780487804
2 0.47494825487012987 0.4671387195121951 0.005497159090909091 0.0037896341463414633
22 0.46815848214285716 0.46717225609756097 0.004092938311688312 0.0026371951219512197
6 0.61265625 0.46720579268292683 0.017926136363636363 0.027704268292682927
6 0.5824239042207792 0.46779268292682924 0.01671469155844156 0.02826829268292683
6 0.5423975243506494 0.4683567073170732 0.021889204545454545 0.029396341463414636
22 0.6505489042207793 0.4684268292682927 0.0044257305194805195 0.003926829268292683
22 0.6603256899350649 0.4694146341463415 0.0020637175324675324 0.0046829268292682925
14 0.6291467126623377 0.4699954268292683 0.012757711038961039 0.0320640243902439
6 0.5604991883116883 0.4702576219512195 0.019537337662337662 0.029539634146341462
6 0.7842461444805194 0.47030182926829267 0.015732548701298702 0.03633536585365854
22 0.6680976055194806 0.4714176829268293 0.0038088474025974027 0.004420731707317073
2 0.47566355519480524 0.4723414634146341 0.005710227272727273 0.0032195121951219515
22 0.46829748376623376 0.47250457317073175 0.0035592532467532464 0.0035457317073170733
14 0.6750324675324675 0.47738262195121955 0.009561688311688311 0.013301829268292684
22 0.6577079951298701 0.4783551829268293 0.0029159902597402595 0.006100609756097561
2 0.7494510957792208 0.48298932926829263 0.0037723214285714287 0.0037835365853658535
2 0.733364448051948 0.4834314024390244 0.004878246753246753 0.004667682926829268
2 0.7656422483766234 0.48365243902439026 0.004904626623376623 0.005109756097560976
29 0.6477749594155845 0.4855701219512195 0.007400568181818182 0.012603658536585367
6 0.4456594967532468 0.48575152439024394 0.014289772727272727 0.03674695121951219
22 0.5994399350649351 0.48799390243902435 0.0032629870129870127 0.008304878048780487
22 0.6289417613636364 0.4887835365853659 0.0030133928571428573 0.004396341463414634
22 0.6081016639610389 0.48868292682926834 0.002729301948051948 0.005414634146341464
22 0.6046834415584416 0.4885914634146341 0.002386363636363636 0.005841463414634146
2 0.6399350649350649 0.48997560975609755 0.003896103896103896 0.007390243902439024
22 0.5711292613636364 0.490297256097561 0.003053977272727273 0.006204268292682927
2 0.6208867694805195 0.49041768292682925 0.0019196428571428574 0.00827439024390244
2 0.5388545048701299 0.4913384146341463 0.004251217532467533 0.011335365853658536
2 0.5568973214285714 0.4921387195121951 0.004216720779220779 0.011716463414634146
22 0.6321408279220779 0.4933140243902439 0.004135551948051948 0.006140243902439025
14 0.7467207792207793 0.49372408536585366 0.010487012987012987 0.013667682926829268
14 0.763304586038961 0.4938048780487805 0.008346185064935065 0.01321951219512195
14 0.6580945616883117 0.49396798780487805 0.008559253246753247 0.015984756097560976
14 0.7297828733766234 0.49425914634146345 0.009484577922077922 0.014737804878048781
2 0.5779839691558442 0.4948170731707317 0.004993912337662338 0.012804878048780487
14 0.4754210633116883 0.49851676829268293 0.018212256493506492 0.031789634146341464
22 0.5887885551948052 0.49884451219512194 0.001846590909090909 0.0068353658536585375
14 0.6780712256493506 0.500157012195122 0.009145698051948052 0.01616768292682927
29 0.6485480925324676 0.5004542682926829 0.005700081168831169 0.010054878048780486
22 0.7502100243506493 0.502594512195122 0.003666801948051948 0.002140243902439024
22 0.7256757305194805 0.5026463414634147 0.003705357142857143 0.0034634146341463415
22 0.7331990665584416 0.5027530487804878 0.002924107142857143 0.0030670731707317074
22 0.7671114042207792 0.5028597560975611 0.0029728084415584417 0.002670731707317073
22 0.7592715097402597 0.503141768292683 0.0031209415584415585 0.0026249999999999997
22 0.7421611201298701 0.5031676829268293 0.00380275974025974 0.0032865853658536584
2 0.7262023133116883 0.5077545731707317 0.0007000811688311688 0.0002652439024390244
2 0.729908685064935 0.5077179878048781 0.008112824675324674 0.004460365853658537
2 0.6586505681818182 0.5081417682926829 0.006424512987012987 0.004088414634146342
2 0.7633319805194805 0.5080746951219511 0.007183441558441558 0.005783536585365854
2 0.4608999594155844 0.5087911585365854 0.004592126623376623 0.013923780487804878
2 0.7464914772727272 0.5089634146341464 0.0071875 0.005121951219512195
2 0.6497737418831169 0.5112362804878049 0.008557224025974027 0.009057926829268294
14 0.547007913961039 0.5126265243902439 0.007976866883116884 0.014887195121951219
22 0.7137642045454545 0.5148475609756098 0.003421266233766234 0.007134146341463414
22 0.676700487012987 0.515859756097561 0.002751623376623377 0.006109756097560975
6 0.7828053977272728 0.5159390243902439 0.014880275974025973 0.03675609756097561
22 0.6584760551948051 0.5180213414634146 0.002828733766233766 0.0037256097560975612
6 0.8098366477272727 0.5182164634146341 0.016183035714285716 0.07301829268292682
2 0.47343648538961036 0.5224405487804878 0.008967126623376624 0.009515243902439024
2 0.658744926948052 0.5267164634146342 0.005395698051948052 0.004652439024390244
6 0.44551440746753246 0.5313765243902439 0.03632102272727273 0.026167682926829267
6 0.40022828733766236 0.5326143292682927 0.04112215909090909 0.024984756097560977
14 0.7463626217532467 0.5337713414634147 0.011799918831168831 0.0218109756097561
29 0.6479748376623377 0.5338780487804877 0.0069886363636363635 0.00921951219512195
14 0.6751623376623376 0.5341859756097561 0.008198051948051947 0.01654268292682927
22 0.6644368912337661 0.5365167682926829 0.0037926136363636365 0.002911585365853659
2 0.5412530438311689 0.5383262195121952 0.018788555194805195 0.030310975609756097
14 0.6565209009740259 0.5394314024390244 0.007846996753246753 0.014228658536585366
22 0.6647575081168832 0.5432926829268293 0.004028003246753247 0.004878048780487805
2 0.5141619318181818 0.5463734756097561 0.003161525974025974 0.007990853658536586
29 0.6478155438311688 0.5470884146341464 0.007481737012987012 0.009420731707317073
2 0.6591710633116883 0.5534420731707317 0.005436282467532467 0.004445121951219512
22 0.4152739448051948 0.5538170731707317 0.0018141233766233765 0.0076341463414634145
22 0.42180905032467536 0.5543018292682926 0.0027090097402597403 0.006164634146341463
22 0.45782163149350646 0.5546981707317074 0.0024939123376623374 0.0063475609756097565
22 0.39949269480519484 0.5549085365853659 0.0035308441558441557 0.0049390243902439025
2 0.6499756493506493 0.5582012195121951 0.009772727272727271 0.009085365853658536
2 0.6730093344155844 0.5587545731707316 0.0034862012987012985 0.008972560975609755
22 0.607247362012987 0.5589908536585366 0.0026440746753246753 0.005176829268292683
22 0.632518262987013 0.5588963414634146 0.0036728896103896107 0.006207317073170731
22 0.6007650162337662 0.5591326219512195 0.0014488636363636364 0.004850609756097561
22 0.6041548295454545 0.5593445121951219 0.0013291396103896104 0.004054878048780488
22 0.6258218344155845 0.5595350609756098 0.002861201298701299 0.0038262195121951223
22 0.6292491883116883 0.5596478658536586 0.00200487012987013 0.004661585365853658
22 0.6696570616883117 0.5600350609756097 0.002463474025974026 0.005435975609756097
22 0.41243506493506493 0.5624146341463415 0.00262987012987013 0.006536585365853659
14 0.4796043019480519 0.5625030487804878 0.016838474025974028 0.027445121951219512
2 0.6594521103896104 0.5661585365853659 0.003563311688311688 0.00853658536585366
2 0.5444338474025974 0.566952743902439 0.018656655844155844 0.029637195121951218
2 0.6822321428571428 0.5676280487804878 0.0032629870129870127 0.008426829268292683
2 0.5254261363636364 0.5679359756097561 0.016761363636363637 0.028554878048780485
2 0.6499421672077922 0.5685167682926829 0.008488230519480519 0.007765243902439024
22 0.5775700081168831 0.5687789634146342 0.0017309253246753245 0.005240853658536586
2 0.5060582386363637 0.5688368902439025 0.014957386363636362 0.033405487804878044
22 0.6794592126623377 0.5690381097560976 0.0021814123376623375 0.005149390243902439
22 0.5730864448051948 0.5692362804878048 0.0029099025974025972 0.006155487804878049
2 0.6580336850649351 0.575611280487805 0.002755681818181818 0.00914939024390244
22 0.6388078327922078 0.5776067073170732 0.0036708603896103897 0.002774390243902439
6 0.4447686688311689 0.5790381097560975 0.03645292207792208 0.023929878048780485
2 0.6820109577922078 0.581266768292683 0.002820616883116883 0.008875
6 0.40049005681818184 0.5812301829268293 0.04164569805194805 0.023435975609756098
22 0.6787540584415584 0.5815106707317074 0.0023944805194805194 0.005094512195121951
2 0.6911779626623377 0.5819634146341464 0.0028916396103896105 0.0072195121951219516
29 0.4786728896103896 0.5888628048780488 0.009293831168831168 0.009432926829268292
22 0.6457802353896104 0.5887850609756098 0.0025994318181818184 0.007448170731707317
2 0.5699107142857143 0.5893140243902439 0.002646103896103896 0.006676829268292683
2 0.649880275974026 0.589890243902439 0.0030884740259740262 0.008439024390243903
22 0.691875 0.5902210365853658 0.0022564935064935065 0.004832317073170732
22 0.6821905438311688 0.5904451219512196 0.0027739448051948053 0.004670731707317073
2 0.5002922077922078 0.5909237804878049 0.0030194805194805195 0.008676829268292684
22 0.47277597402597404 0.5913262195121951 0.003181818181818182 0.006432926829268293
2 0.5464924918831169 0.5916554878048781 0.002481737012987013 0.007091463414634147
22 0.7151450892857143 0.5924542682926829 0.003747970779220779 0.00625
22 0.7196296672077922 0.5935792682926829 0.0033827110389610393 0.007280487804878048
2 0.673268060064935 0.5936875 0.003191964285714286 0.009326219512195122
14 0.5103003246753247 0.5953338414634146 0.015324675324675324 0.014448170731707318
14 0.5547027191558441 0.5954862804878048 0.011191152597402597 0.01780182926829268
22 0.5739092938311688 0.5977118902439024 0.0065848214285714295 0.005789634146341463
14 0.6649340503246753 0.5989298780487805 0.01330965909090909 0.020420731707317074
6 0.8113108766233766 0.5995335365853659 0.01669642857142857 0.07711585365853658
22 0.6823711444805195 0.5996112804878049 0.002729301948051948 0.005320121951219512
22 0.5468384740259741 0.6003140243902438 0.001956168831168831 0.006115853658536585
2 0.4832853084415585 0.6006524390243903 0.003502435064935065 0.010451219512195123
29 0.47669744318181817 0.6008795731707317 0.005748782467532467 0.010295731707317074
22 0.4708887987012987 0.6022698170731707 0.003060064935064935 0.004539634146341464
22 0.41575994318181814 0.6035243902439025 0.0011627435064935066 0.006439024390243903
22 0.39987723214285714 0.603891768292683 0.0030823863636363635 0.007173780487804878
22 0.45250608766233763 0.6040091463414634 0.002414772727272727 0.004969512195121951
2 0.6863433441558442 0.6051646341463415 0.0037743506493506497 0.009719512195121951
2 0.6728997564935065 0.6054725609756098 0.002861201298701299 0.007896341463414634
14 0.6514417613636363 0.606734756097561 0.009458198051948051 0.017128048780487806
22 0.5627749594155844 0.606967987804878 0.0025791396103896106 0.004789634146341463
14 0.7205671672077922 0.6095685975609756 0.017027191558441557 0.017307926829268294
14 0.6958806818181819 0.6096509146341463 0.015137987012987011 0.01686280487804878
22 0.5722392451298701 0.6115228658536586 0.0020271915584415584 0.0041432926829268295
2 0.5463443587662338 0.6128384146341463 0.0029971590909090907 0.008603658536585365
29 0.48688210227272727 0.6135045731707317 0.005825892857142858 0.0099359756097561
22 0.566705560064935 0.6139283536585366 0.002323457792207792 0.0052957317073170735
14 0.5547027191558441 0.6158597560975609 0.011191152597402597 0.01647560975609756
22 0.5771215503246753 0.6191829268292683 0.0024573863636363634 0.0066585365853658535
22 0.5741335227272727 0.6193795731707318 0.0021631493506493508 0.005832317073170732
22 0.7436130275974027 0.6197621951219512 0.0022422889610389614 0.005378048780487805
22 0.7468313717532468 0.6199908536585366 0.002185470779220779 0.0058353658536585366
22 0.7368323863636363 0.619967987804878 0.0020738636363636367 0.005179878048780487
22 0.7717299107142858 0.6200670731707317 0.0020637175324675324 0.005378048780487805
22 0.7648275162337662 0.6201814024390244 0.002463474025974026 0.0056067073170731705
14 0.5072209821428572 0.6203719512195122 0.007542613636363636 0.01574390243902439
22 0.7616842532467533 0.6205152439024391 0.0018587662337662338 0.005664634146341463
2 0.6509801136363637 0.6213932926829269 0.0060998376623376625 0.004371951219512195
22 0.5834537337662338 0.6217698170731707 0.001728896103896104 0.005124999999999999
22 0.5899655032467532 0.622359756097561 0.0017654220779220779 0.004475609756097561
22 0.5868638392857143 0.6227088414634147 0.0016497564935064938 0.006393292682926829
22 0.5798508522727273 0.6226935975609756 0.001828327922077922 0.004533536585365853
2 0.4694419642857143 0.6241875 0.0062540584415584416 0.014228658536585366
2 0.49410917207792204 0.6240503048780488 0.0048579545454545455 0.01090548780487805
29 0.48706473214285717 0.6246067073170731 0.005785308441558442 0.010189024390243903
2 0.4793090503246753 0.6256676829268293 0.004072646103896104 0.011701219512195122
2 0.5641984577922078 0.626329268292683 0.0029910714285714284 0.008146341463414634
6 0.4455346996753246 0.6271234756097561 0.03717329545454545 0.02375914634146342
22 0.7008664772727272 0.6277850609756098 0.002788149350649351 0.006179878048780488
6 0.39994724025974027 0.6280503048780488 0.0417775974025974 0.02622256097560976
22 0.7369084821428572 0.6281966463414634 0.0022260551948051948 0.005783536585365854
22 0.6016284496753246 0.6283795731707317 0.001958198051948052 0.0037103658536585364
22 0.7650537743506494 0.6282865853658537 0.002104301948051948 0.005353658536585365
22 0.7615665584415584 0.6284634146341463 0.002029220779220779 0.005097560975609755
22 0.7402019074675324 0.6285548780487804 0.0023193993506493505 0.004670731707317073
22 0.7683796672077922 0.6284268292682926 0.001856737012987013 0.004414634146341464
22 0.7719521103896103 0.6287393292682927 0.0021022727272727274 0.0050396341463414636
22 0.7433857548701299 0.6285411585365853 0.0017877435064935067 0.004643292682926829
22 0.7469825487012988 0.6289451219512195 0.002487824675324675 0.004841463414634146
2 0.7130803571428571 0.6336143292682928 0.0032711038961038964 0.007472560975609757
2 0.5972696834415584 0.6356539634146342 0.0029809253246753245 0.00789329268292683
22 0.4981321022727273 0.6358185975609757 0.002351866883116883 0.007003048780487804
2 0.5464610389610389 0.6382896341463415 0.002824675324675325 0.0070670731707317075
2 0.5794155844155845 0.6386265243902439 0.0029870129870129872 0.007740853658536585
14 0.570919237012987 0.6402057926829269 0.010750811688311688 0.015167682926829268
14 0.679812297077922 0.6403414634146342 0.008975243506493506 0.014829268292682928
14 0.6976034902597402 0.6411509146341463 0.013713474025974025 0.017057926829268294
14 0.5547778003246754 0.6412393292682926 0.010123782467532467 0.014795731707317074
14 0.507260551948052 0.6413826219512195 0.008027597402597402 0.015082317073170731
2 0.7572930194805195 0.6415228658536586 0.0032224025974025975 0.008045731707317073
14 0.5880854301948052 0.6417972560975609 0.011398133116883117 0.017131097560975608
14 0.6053896103896104 0.6421189024390244 0.01150974025974026 0.01472560975609756
2 0.48864853896103894 0.6441935975609756 0.0032711038961038964 0.009728658536585366
2 0.48058847402597404 0.6454512195121951 0.002573051948051948 0.00675609756097561
22 0.6614610389610389 0.6456295731707317 0.0018993506493506492 0.005893292682926828
22 0.6641548295454546 0.6455823170731708 0.0020109577922077923 0.005189024390243903
22 0.6584983766233766 0.6456448170731708 0.0016558441558441558 0.005923780487804878
22 0.6727709009740259 0.6459039634146342 0.002197646103896104 0.005832317073170732
22 0.6669622564935065 0.6458338414634146 0.0015381493506493506 0.005082317073170732
22 0.6530671672077922 0.645797256097561 0.0021570616883116885 0.00561890243902439
22 0.65578125 0.646092987804878 0.002309253246753247 0.0049908536585365855
22 0.49862418831168825 0.6463826219512195 0.0021185064935064935 0.006789634146341463
22 0.6700121753246754 0.646484756097561 0.002362012987012987 0.006384146341463415
22 0.48500507305194807 0.6462865853658537 0.0028835227272727276 0.007817073170731707
22 0.44961546266233765 0.647032012195122 0.002721185064935065 0.006259146341463415
2 0.49420150162337667 0.6470899390243903 0.0038250811688311692 0.007594512195121951
22 0.5626917613636364 0.6473003048780488 0.0028185876623376626 0.004966463414634146
22 0.3998173701298701 0.6477118902439024 0.0033685064935064938 0.006399390243902439
22 0.5460846185064935 0.6482682926829268 0.0028835227272727276 0.006902439024390244
22 0.4121682224025974 0.6490625000000001 0.0025020292207792207 0.006051829268292683
22 0.578947849025974 0.649515243902439 0.002051542207792208 0.003908536585365854
14 0.4701826298701299 0.6504893292682927 0.007329545454545454 0.012564024390243903
14 0.721364650974026 0.6504801829268292 0.01578125 0.013765243902439024
2 0.6886404220779221 0.6510243902439025 0.002280844155844156 0.007536585365853658
2 0.7072098214285715 0.6514054878048781 0.002893668831168831 0.007689024390243902
14 0.7449655032467533 0.6516356707317073 0.021586850649350647 0.02339329268292683
14 0.7724310064935065 0.6521554878048781 0.020511363636363637 0.026871951219512195
22 0.40764306006493506 0.6520396341463415 0.00278612012987013 0.007128048780487804
22 0.6404525162337662 0.6527926829268292 0.002090097402597403 0.004365853658536586
22 0.6349188311688312 0.6530533536585366 0.0019805194805194806 0.0048871951219512195
22 0.6322098214285715 0.6533414634146342 0.001838474025974026 0.0042439024390243905
22 0.625932426948052 0.6535274390243903 0.002270698051948052 0.004615853658536585
22 0.6291507711038961 0.653295731707317 0.002619724025974026 0.005981707317073171
22 0.6380945616883117 0.6534664634146341 0.002244318181818182 0.005713414634146341
22 0.48051339285714284 0.654983231707317 0.0020170454545454545 0.006307926829268293
22 0.49173295454545457 0.6551204268292683 0.0025405844155844156 0.007192073170731708
22 0.48490564123376617 0.6552621951219513 0.0022788149350649353 0.006865853658536585
2 0.49855519480519483 0.6552667682926829 0.002792207792207792 0.008094512195121951
22 0.4885886769480519 0.6553917682926829 0.0023396915584415583 0.006515243902439025
22 0.6851704545454546 0.6556554878048781 0.002646103896103896 0.005213414634146342
22 0.7030965909090909 0.6559603658536586 0.004001623376623377 0.006432926829268293
22 0.5794754464285715 0.656077743902439 0.003106737012987013 0.004838414634146341
22 0.4951268262987013 0.6560564024390243 0.0028348214285714287 0.007844512195121951
22 0.5485825892857142 0.6568856707317073 0.003415178571428571 0.005234756097560976
22 0.5959070616883118 0.6569512195121952 0.002690746753246753 0.005365853658536586
22 0.6200365259740259 0.6576753048780488 0.002654220779220779 0.006204268292682927
22 0.5628185876623377 0.658329268292683 0.0034780844155844156 0.006292682926829269
2 0.4611059253246753 0.6617652439024391 0.004598214285714285 0.013774390243902439
22 0.6927536525974026 0.6618948170731707 0.0023904220779220778 0.006106707317073171
2 0.4533005275974026 0.6626387195121951 0.005627029220779221 0.016740853658536583
22 0.4770941558441558 0.6631448170731706 0.002483766233766234 0.006777439024390244
22 0.7261333198051948 0.6631158536585365 0.004620535714285714 0.003670731707317073
22 0.6750476866883117 0.6636280487804878 0.0030986201298701297 0.007134146341463414
2 0.5014032061688312 0.6638368902439025 0.0024005681818181817 0.008161585365853659
2 0.5191984577922079 0.6638201219512195 0.0026826298701298702 0.008128048780487805
7 0.4450395698051948 0.6657728658536586 0.0061505681818181815 0.026667682926829268
2 0.5463545048701298 0.6658612804878049 0.002205762987012987 0.006722560975609756
2 0.5965959821428571 0.6663780487804878 0.003256899350649351 0.007756097560975611
2 0.5792400568181818 0.6666265243902438 0.0022301136363636364 0.007033536585365854
2 0.620151176948052 0.6668643292682928 0.003695211038961039 0.00811890243902439
2 0.6890533685064936 0.6675182926829268 0.003106737012987013 0.007597560975609757
2 0.6721590909090909 0.6674603658536585 0.0025974025974025974 0.006871951219512195
2 0.5634527191558442 0.6676753048780487 0.0027171266233766236 0.007911585365853659
14 0.5093486201298701 0.6688262195121951 0.011797889610389611 0.019359756097560975
14 0.5716619318181818 0.6693932926829269 0.009801136363636363 0.01500609756097561
14 0.5308471996753247 0.6696051829268292 0.019486607142857142 0.01786890243902439
14 0.6055631087662338 0.6701234756097562 0.011450892857142857 0.014027439024390242
14 0.5878368506493507 0.6711935975609755 0.01252435064935065 0.01616768292682927
14 0.5545403814935065 0.6718551829268292 0.009648944805194805 0.017490853658536584
2 0.7087784090909092 0.6722469512195122 0.0023782467532467533 0.007908536585365854
14 0.6288910308441559 0.6720853658536585 0.011028814935064935 0.017951219512195124
2 0.3876065340909091 0.6723414634146342 0.018313717532467532 0.028219512195121952
2 0.43452211850649347 0.6724634146341463 0.0025669642857142857 0.007731707317073171
22 0.6676958198051949 0.6736509146341463 0.0021935876623376625 0.0058384146341463414
14 0.4941751217532468 0.6737896341463415 0.0066132305194805206 0.014652439024390245
14 0.48346793831168833 0.6744207317073171 0.00833198051948052 0.013475609756097563
14 0.6980245535714286 0.6753750000000001 0.01252637987012987 0.015384146341463414
14 0.47092431006493507 0.6759695121951219 0.008001217532467532 0.012914634146341463
6 0.8101653814935065 0.6766783536585366 0.01643465909090909 0.07469817073170731
14 0.6795667613636364 0.6770762195121951 0.012948457792207792 0.019396341463414634
14 0.7195748782467533 0.6779649390243903 0.013825081168831167 0.013246951219512196
22 0.6726836444805195 0.6778185975609756 0.0028348214285714287 0.005027439024390243
6 0.4179342532467532 0.6804207317073171 0.027021103896103897 0.04132926829268293
22 0.5041172889610389 0.683390243902439 0.00255275974025974 0.0076341463414634145
22 0.6327587256493507 0.6838185975609756 0.003747970779220779 0.004222560975609756
22 0.5962205762987013 0.6844862804878048 0.004941152597402598 0.004338414634146342
22 0.5737408685064935 0.6849817073170731 0.002189529220779221 0.004109756097560976
22 0.6057426948051948 0.6852286585365854 0.0024756493506493506 0.005213414634146342
22 0.5853743912337662 0.6852637195121951 0.0019176136363636361 0.004064024390243903
22 0.5885267857142857 0.6852118902439024 0.0021347402597402597 0.005789634146341463
22 0.557481737012987 0.6853551829268293 0.0013271103896103896 0.005466463414634146
22 0.5601278409090908 0.6854878048780488 0.0021550324675324675 0.005121951219512195
22 0.5912642045454546 0.6857408536585365 0.002333603896103896 0.0056280487804878055
22 0.5768161525974026 0.6858155487804878 0.002252435064935065 0.005167682926829268
2 0.44934963474025974 0.6879161585365853 0.006247970779220779 0.004490853658536586
2 0.4932883522727273 0.6885259146341463 0.005245535714285715 0.004490853658536586
22 0.4820880681818182 0.6888643292682927 0.002325487012987013 0.005167682926829268
22 0.4867623782467532 0.6891067073170731 0.0023396915584415583 0.006262195121951219
2 0.5189579951298702 0.6894908536585367 0.0030133928571428573 0.007030487804878048
22 0.7700020292207792 0.692216463414634 0.002666396103896104 0.006384146341463415
22 0.782963676948052 0.6924740853658536 0.0022098214285714286 0.005679878048780488
22 0.7459770698051948 0.6925213414634146 0.0025060876623376623 0.00577439024390244
22 0.7765726461038961 0.6927560975609756 0.002820616883116883 0.0056341463414634144
22 0.765179586038961 0.6927804878048781 0.0023559253246753244 0.004463414634146342
22 0.780137987012987 0.6929435975609756 0.002646103896103896 0.006009146341463415
22 0.7729910714285715 0.6928963414634146 0.002150974025974026 0.006524390243902439
22 0.7603885957792208 0.6927911585365853 0.0021083603896103896 0.006314024390243903
22 0.7243607954545455 0.6939634146341462 0.0031047077922077924 0.008048780487804878
14 0.5298609983766234 0.6940853658536585 0.017514204545454545 0.017439024390243904
2 0.4389306006493507 0.6950274390243902 0.009760551948051949 0.021152439024390242
22 0.7150020292207793 0.6952317073170732 0.007520292207792208 0.006317073170731707
2 0.3926034902597403 0.6958262195121951 0.023031655844155844 0.03128658536585366
22 0.790064935064935 0.6993704268292683 0.002207792207792208 0.006667682926829269
2 0.44557021103896105 0.7005030487804879 0.0035592532467532464 0.004664634146341463
2 0.4816791801948052 0.7007652439024391 0.010030438311688311 0.008847560975609755
22 0.7166284496753247 0.7030198170731707 0.0018445616883116882 0.006039634146341463
22 0.7139052353896104 0.703359756097561 0.0020799512987012985 0.006109756097560975
22 0.7370413961038961 0.7047789634146342 0.0028977272727272727 0.006509146341463415
22 0.7402181412337663 0.7048262195121952 0.002351866883116883 0.007823170731707317
22 0.7329535308441558 0.7050731707317073 0.0024330357142857144 0.005878048780487805
14 0.46163555194805195 0.7058567073170732 0.02310876623376623 0.030615853658536585
22 0.6846519886363637 0.706248475609756 0.002015016233766234 0.005179878048780487
22 0.6818841314935065 0.7061204268292682 0.0025669642857142857 0.004923780487804877
22 0.6782335633116883 0.7063231707317073 0.0033827110389610393 0.006548780487804878
22 0.5986282467532468 0.7065426829268293 0.0020454545454545456 0.006378048780487805
22 0.7894632711038961 0.7067378048780487 0.0030336850649350646 0.006158536585365853
22 0.5811049107142857 0.7067835365853659 0.0027130681818181815 0.005640243902439024
22 0.5771530032467532 0.7069283536585366 0.002114448051948052 0.005320121951219512
22 0.5954494724025974 0.7070198170731707 0.0021814123376623375 0.006722560975609756
22 0.5840269886363636 0.7070426829268293 0.0024695616883116884 0.005548780487804878
22 0.6026379870129871 0.7070426829268293 0.002353896103896104 0.005548780487804878
22 0.6267177353896104 0.7071173780487804 0.0022179383116883115 0.005088414634146342
22 0.546520900974026 0.7072957317073171 0.0029443993506493506 0.005445121951219512
22 0.5674837662337662 0.7075716463414634 0.0018506493506493505 0.0041676829268292685
22 0.5915553977272727 0.7072728658536586 0.002104301948051948 0.006009146341463415
22 0.5429068587662338 0.7073719512195121 0.0030215097402597406 0.006207317073170731
22 0.5619470373376624 0.7073704268292683 0.002952516233766234 0.005594512195121952
22 0.6234222808441559 0.7074801829268292 0.0017146915584415584 0.005204268292682927
22 0.6071174918831169 0.7079283536585366 0.0023843344155844155 0.004881097560975611
22 0.615137987012987 0.7082743902439024 0.002191558441558442 0.004353658536585365
22 0.611424512987013 0.7082240853658537 0.0020698051948051946 0.0073018292682926825
22 0.6197392451298701 0.7082576219512196 0.0024655032467532467 0.004929878048780489
22 0.5574208603896104 0.7092576219512194 0.0020170454545454545 0.0057103658536585365
22 0.553736810064935 0.7094832317073171 0.002765827922077922 0.0055518292682926835
22 0.5717542613636364 0.7095807926829268 0.001868912337662338 0.006356707317073171
2 0.48203124999999997 0.7100503048780489 0.009517045454545455 0.008515243902439025
22 0.5507021103896104 0.7099695121951219 0.0019724025974025977 0.005914634146341463
22 0.534632711038961 0.7102042682926829 0.0027069805194805193 0.006384146341463415
22 0.5873122970779221 0.7107317073170731 0.00335836038961039 0.004999999999999999
22 0.43850142045454543 0.712236280487805 0.002002840909090909 0.006179878048780488
22 0.4454464285714285 0.7126128048780488 0.002094155844155844 0.005713414634146341
22 0.7297767857142857 0.7126493902439024 0.002978896103896104 0.005176829268292683
22 0.4419084821428571 0.712704268292683 0.002729301948051948 0.0065060975609756095
22 0.7656868912337662 0.7133292682926828 0.0017471590909090909 0.005926829268292683
22 0.7358025568181817 0.7134131097560975 0.0024492694805194806 0.005484756097560975
22 0.7331868912337662 0.7134588414634147 0.0024939123376623374 0.005576219512195122
22 0.7590767045454545 0.7137515243902439 0.002325487012987013 0.006161585365853659
22 0.5242075892857143 0.7136768292682927 0.0033664772727272727 0.006621951219512195
22 0.738846387987013 0.7139405487804877 0.003260957792207792 0.005929878048780488
22 0.773161525974026 0.713891768292683 0.0033035714285714287 0.006442073170731707
22 0.769213676948052 0.7139390243902438 0.002307224025974026 0.006536585365853659
22 0.7488413149350649 0.7142103658536586 0.00255275974025974 0.0052499999999999995
22 0.7769551542207792 0.7141509146341464 0.0019622564935064934 0.005131097560975609
22 0.7798498376623376 0.7143384146341464 0.0016639610389610389 0.004896341463414634
22 0.7425355113636364 0.7145030487804879 0.0025223214285714285 0.006445121951219513
22 0.5190249594155845 0.7144679878048781 0.0027414772727272726 0.005155487804878049
22 0.7829707792207792 0.7145137195121951 0.00262987012987013 0.0052469512195121954
22 0.7879494724025974 0.7146661585365853 0.0028469967532467532 0.0055518292682926835
22 0.5161647727272727 0.7148963414634146 0.003108766233766234 0.006621951219512195
22 0.7940909090909092 0.7150884146341463 0.002142857142857143 0.006396341463414635
22 0.6313778409090909 0.7173719512195122 0.002609577922077922 0.004865853658536585
22 0.6255965909090909 0.7176128048780488 0.00200487012987013 0.005347560975609756
22 0.628341112012987 0.7176935975609756 0.0026237824675324675 0.004289634146341464
2 0.4401166801948052 0.7188003048780488 0.006450892857142857 0.005893292682926828
2 0.4083350243506494 0.7237759146341464 0.020403814935064934 0.03169817073170732
6 0.7040432224025974 0.7361753048780488 0.06393060064935065 0.0339359756097561
6 0.5769287743506494 0.7367179878048781 0.05848417207792207 0.027704268292682927
6 0.7737804383116883 0.7383932926829267 0.058924512987012984 0.028615853658536586