4 0.7475961538461539 0.8076923076923077 0.03365384615384615 0.04807692307692308
18 0.7427884615384616 0.2704326923076923 0.014423076923076924 0.021634615384615384
4 0.7439903846153846 0.3317307692307692 0.06971153846153846 0.02403846153846154
17 0.7560096153846154 0.9759615384615384 0.04567307692307692 0.014423076923076924
11 0.7524038461538461 0.44350961538461536 0.028846153846153848 0.007211538461538462
4 0.7608173076923077 0.7548076923076923 0.01201923076923077 0.019230769230769232
18 0.765625 0.27283653846153844 0.016826923076923076 0.021634615384615384
6 0.7692307692307693 0.13341346153846154 0.2980769230769231 0.25721153846153844
18 0.7824519230769231 0.44471153846153844 0.03125 0.009615384615384616
14 0.7920673076923077 0.7548076923076923 0.055288461538461536 0.04326923076923077
15 0.7956730769230769 0.9338942307692307 0.0673076923076923 0.05048076923076923
7 0.8052884615384616 0.8221153846153846 0.0625 0.07692307692307693
18 0.7980769230769231 0.2692307692307692 0.014423076923076924 0.019230769230769232
17 0.8137019230769231 0.9747596153846154 0.04567307692307692 0.01201923076923077
4 0.8028846153846154 0.3245192307692308 0.03365384615384615 0.04326923076923077
6 0.8137019230769231 0.6959134615384616 0.36778846153846156 0.07451923076923077
4 0.8161057692307693 0.2692307692307692 0.01201923076923077 0.019230769230769232
4 0.8293269230769231 0.7536057692307693 0.014423076923076924 0.021634615384615384
24 0.828125 0.5276442307692307 0.01201923076923077 0.016826923076923076
24 0.8449519230769231 0.5264423076923077 0.01201923076923077 0.014423076923076924
6 0.8581730769230769 0.3894230769230769 0.2548076923076923 0.08173076923076923
6 0.8641826923076923 0.6310096153846154 0.21394230769230768 0.17548076923076922
14 0.8846153846153846 0.7620192307692307 0.0625 0.03365384615384615
4 0.8858173076923077 0.7848557692307693 0.026442307692307692 0.007211538461538462
24 0.8834134615384616 0.7367788461538461 0.026442307692307692 0.007211538461538462
6 0.9050480769230769 0.8665865384615384 0.11298076923076923 0.0889423076923077
4 0.11778846153846154 0.25721153846153844 0.07211538461538461 0.02403846153846154
4 0.13942307692307693 0.6778846153846154 0.014423076923076924 0.019230769230769232
24 0.14423076923076922 0.8473557692307693 0.014423076923076924 0.021634615384615384
4 0.1466346153846154 0.8894230769230769 0.028846153846153848 0.009615384615384616
24 0.1466346153846154 0.8774038461538461 0.028846153846153848 0.009615384615384616
6 0.1502403846153846 0.3125 0.040865384615384616 0.057692307692307696
6 0.15865384615384615 0.11899038461538461 0.23076923076923078 0.19951923076923078
4 0.16706730769230768 0.3701923076923077 0.01201923076923077 0.019230769230769232
24 0.1814903846153846 0.3701923076923077 0.01201923076923077 0.019230769230769232
30 0.20192307692307693 0.9807692307692307 0.10096153846153846 0.028846153846153848
4 0.20072115384615385 0.27884615384615385 0.01201923076923077 0.019230769230769232
4 0.21153846153846154 0.34134615384615385 0.02403846153846154 0.009615384615384616
24 0.21153846153846154 0.40024038461538464 0.028846153846153848 0.007211538461538462
7 0.21754807692307693 0.37259615384615385 0.05048076923076923 0.04326923076923077
14 0.21754807692307693 0.3125 0.05048076923076923 0.04326923076923077
24 0.21754807692307693 0.2764423076923077 0.01201923076923077 0.019230769230769232
18 0.24158653846153846 0.27884615384615385 0.01201923076923077 0.019230769230769232
24 0.2704326923076923 0.7704326923076923 0.026442307692307692 0.007211538461538462
24 0.2704326923076923 0.7403846153846154 0.026442307692307692 0.009615384615384616
24 0.2704326923076923 0.7608173076923077 0.026442307692307692 0.007211538461538462
24 0.2704326923076923 0.7512019230769231 0.026442307692307692 0.007211538461538462
4 0.2824519230769231 0.8701923076923077 0.026442307692307692 0.009615384615384616
24 0.2800480769230769 0.7247596153846154 0.026442307692307692 0.007211538461538462
4 0.27884615384615385 0.4543269230769231 0.019230769230769232 0.028846153846153848
4 0.28725961538461536 0.8846153846153846 0.03125 0.009615384615384616
24 0.2800480769230769 0.30649038461538464 0.026442307692307692 0.007211538461538462
24 0.2800480769230769 0.31850961538461536 0.026442307692307692 0.007211538461538462
24 0.2860576923076923 0.6514423076923077 0.014423076923076924 0.019230769230769232
18 0.2920673076923077 0.47475961538461536 0.026442307692307692 0.007211538461538462
4 0.2920673076923077 0.49399038461538464 0.026442307692307692 0.007211538461538462
4 0.29447115384615385 0.5204326923076923 0.026442307692307692 0.007211538461538462
11 0.29086538461538464 0.3918269230769231 0.019230769230769232 0.028846153846153848
4 0.3016826923076923 0.45552884615384615 0.01201923076923077 0.021634615384615384
11 0.31490384615384615 0.8834134615384616 0.019230769230769232 0.03125
30 0.32091346153846156 0.44711538461538464 0.01201923076923077 0.019230769230769232
30 0.3233173076923077 0.49759615384615385 0.01201923076923077 0.019230769230769232
4 0.33774038461538464 0.39783653846153844 0.04567307692307692 0.01201923076923077
4 0.3449519230769231 0.44350961538461536 0.021634615384615384 0.03125
30 0.34975961538461536 0.5048076923076923 0.01201923076923077 0.019230769230769232
4 0.35216346153846156 0.5324519230769231 0.026442307692307692 0.007211538461538462
24 0.3605769230769231 0.8509615384615384 0.028846153846153848 0.009615384615384616
24 0.36658653846153844 0.90625 0.01201923076923077 0.019230769230769232
14 0.36899038461538464 0.5048076923076923 0.021634615384615384 0.014423076923076924
30 0.36778846153846156 0.4891826923076923 0.02403846153846154 0.007211538461538462
24 0.38341346153846156 0.9074519230769231 0.01201923076923077 0.016826923076923076
30 0.3786057692307692 0.4651442307692308 0.026442307692307692 0.007211538461538462
4 0.38100961538461536 0.5637019230769231 0.01201923076923077 0.016826923076923076
4 0.38341346153846156 0.5396634615384616 0.01201923076923077 0.016826923076923076
14 0.3786057692307692 0.328125 0.1466346153846154 0.0985576923076923
4 0.3894230769230769 0.45072115384615385 0.028846153846153848 0.007211538461538462
4 0.390625 0.5048076923076923 0.01201923076923077 0.019230769230769232
14 0.40024038461538464 0.875 0.036057692307692304 0.03365384615384615
4 0.39783653846153844 0.5432692307692307 0.01201923076923077 0.019230769230769232
4 0.41947115384615385 0.6947115384615384 0.24278846153846154 0.16826923076923078
4 0.41586538461538464 0.39783653846153844 0.04326923076923077 0.01201923076923077
18 0.4170673076923077 0.5060096153846154 0.021634615384615384 0.03125
4 0.42788461538461536 0.8990384615384616 0.014423076923076924 0.019230769230769232
4 0.4266826923076923 0.46875 0.01201923076923077 0.019230769230769232
4 0.43149038461538464 0.5264423076923077 0.026442307692307692 0.009615384615384616
4 0.43509615384615385 0.4483173076923077 0.028846153846153848 0.007211538461538462
24 0.44471153846153844 0.875 0.028846153846153848 0.009615384615384616
4 0.4411057692307692 0.5048076923076923 0.01201923076923077 0.019230769230769232
11 0.4651442307692308 0.3954326923076923 0.04567307692307692 0.01201923076923077
4 0.4699519230769231 0.453125 0.01201923076923077 0.016826923076923076
6 0.4651442307692308 0.11298076923076923 0.2283653846153846 0.20192307692307693
4 0.4723557692307692 0.5384615384615384 0.01201923076923077 0.019230769230769232
4 0.4723557692307692 0.4735576923076923 0.01201923076923077 0.019230769230769232
4 0.47475961538461536 0.5576923076923077 0.01201923076923077 0.019230769230769232
6 0.4855769230769231 0.9543269230769231 0.3798076923076923 0.08173076923076923
4 0.47836538461538464 0.49399038461538464 0.028846153846153848 0.016826923076923076
24 0.48677884615384615 0.3762019230769231 0.026442307692307692 0.007211538461538462
24 0.4951923076923077 0.28966346153846156 0.028846153846153848 0.007211538461538462
11 0.49759615384615385 0.27283653846153844 0.04326923076923077 0.01201923076923077
24 0.49759615384615385 0.36658653846153844 0.02403846153846154 0.007211538461538462
24 0.49759615384615385 0.3245192307692308 0.028846153846153848 0.009615384615384616
24 0.5012019230769231 0.34975961538461536 0.026442307692307692 0.007211538461538462
24 0.5 0.3401442307692308 0.02403846153846154 0.007211538461538462
24 0.5048076923076923 0.3918269230769231 0.014423076923076924 0.019230769230769232
4 0.5072115384615384 0.24519230769230768 0.07211538461538461 0.02403846153846154
24 0.5264423076923077 0.5961538461538461 0.028846153846153848 0.009615384615384616
24 0.5600961538461539 0.7367788461538461 0.028846153846153848 0.007211538461538462
4 0.5673076923076923 0.25721153846153844 0.03365384615384615 0.04807692307692308
24 0.59375 0.7836538461538461 0.009615384615384616 0.019230769230769232
24 0.6117788461538461 0.7836538461538461 0.01201923076923077 0.019230769230769232
4 0.6237980769230769 0.39783653846153844 0.026442307692307692 0.007211538461538462
4 0.6274038461538461 0.4206730769230769 0.019230769230769232 0.028846153846153848
4 0.6310096153846154 0.33533653846153844 0.01201923076923077 0.016826923076923076
4 0.6310096153846154 0.3798076923076923 0.01201923076923077 0.014423076923076924
15 0.6442307692307693 0.875 0.07211538461538461 0.052884615384615384
4 0.6466346153846154 0.8125 0.028846153846153848 0.04807692307692308
14 0.6466346153846154 0.359375 0.057692307692307696 0.026442307692307692
24 0.6466346153846154 0.3798076923076923 0.009615384615384616 0.019230769230769232
24 0.6478365384615384 0.33413461538461536 0.01201923076923077 0.019230769230769232
24 0.6586538461538461 0.7548076923076923 0.028846153846153848 0.009615384615384616
24 0.6646634615384616 0.33653846153846156 0.01201923076923077 0.019230769230769232
24 0.6646634615384616 0.3786057692307692 0.01201923076923077 0.016826923076923076
14 0.6682692307692307 0.40625 0.057692307692307696 0.02403846153846154
18 0.6766826923076923 0.7415865384615384 0.03125 0.01201923076923077
6 0.07211538461538461 0.6382211538461539 0.10096153846153846 0.5745192307692307
14 0.6887019230769231 0.7728365384615384 0.026442307692307692 0.026442307692307692
4 0.6899038461538461 0.7956730769230769 0.052884615384615384 0.019230769230769232
4 0.6862980769230769 0.3485576923076923 0.01201923076923077 0.019230769230769232
15 0.6971153846153846 0.8209134615384616 0.052884615384615384 0.026442307692307692
7 0.6887019230769231 0.4375 0.06490384615384616 0.03365384615384615
24 0.6887019230769231 0.3786057692307692 0.01201923076923077 0.016826923076923076
24 0.7007211538461539 0.7247596153846154 0.026442307692307692 0.007211538461538462
29 0.7019230769230769 0.7055288461538461 0.03365384615384615 0.026442307692307692
18 0.7007211538461539 0.27163461538461536 0.01201923076923077 0.019230769230769232
4 0.703125 0.40625 0.01201923076923077 0.019230769230769232
24 0.703125 0.3786057692307692 0.01201923076923077 0.016826923076923076
30 0.7115384615384616 0.7548076923076923 0.028846153846153848 0.019230769230769232
4 0.71875 0.8557692307692307 0.04807692307692308 0.019230769230769232
14 0.7211538461538461 0.9038461538461539 0.052884615384615384 0.03365384615384615
4 0.7199519230769231 0.9314903846153846 0.05048076923076923 0.016826923076923076
4 0.7199519230769231 0.8762019230769231 0.05048076923076923 0.016826923076923076
14 0.7175480769230769 0.671875 0.021634615384615384 0.016826923076923076
4 0.7211538461538461 0.953125 0.052884615384615384 0.016826923076923076
15 0.7235576923076923 0.6382211538461539 0.02403846153846154 0.01201923076923077
15 0.7247596153846154 0.6213942307692307 0.026442307692307692 0.01201923076923077
15 0.7235576923076923 0.6045673076923077 0.02403846153846154 0.01201923076923077
15 0.7247596153846154 0.5877403846153846 0.026442307692307692 0.01201923076923077
18 0.7235576923076923 0.27163461538461536 0.014423076923076924 0.02403846153846154
29 0.734375 0.7055288461538461 0.03125 0.026442307692307692
18 0.7355769230769231 0.7247596153846154 0.028846153846153848 0.007211538461538462