3 0.1875 0.7427884615384616 0.04807692307692308 0.03365384615384615
18 0.7271634615384616 0.7451923076923077 0.021634615384615384 0.014423076923076924
3 0.6646634615384616 0.7463942307692307 0.021634615384615384 0.06971153846153846
17 0.021634615384615384 0.7463942307692307 0.014423076923076924 0.04567307692307692
11 0.5516826923076923 0.7524038461538461 0.007211538461538462 0.028846153846153848
3 0.2403846153846154 0.7560096153846154 0.019230769230769232 0.01201923076923077
18 0.7247596153846154 0.7704326923076923 0.021634615384615384 0.016826923076923076
6 0.8641826923076923 0.7764423076923077 0.25240384615384615 0.2932692307692308
18 0.5528846153846154 0.7848557692307693 0.009615384615384616 0.03125
14 0.2403846153846154 0.7872596153846154 0.04326923076923077 0.055288461538461536
15 0.06370192307692307 0.7884615384615384 0.05048076923076923 0.0673076923076923
7 0.17548076923076922 0.7992788461538461 0.07692307692307693 0.06009615384615385
18 0.7283653846153846 0.8028846153846154 0.019230769230769232 0.014423076923076924
17 0.020432692307692308 0.8040865384615384 0.01201923076923077 0.04567307692307692
3 0.6706730769230769 0.8076923076923077 0.04326923076923077 0.03365384615384615
6 0.29927884615384615 0.8125 0.06490384615384616 0.3701923076923077
3 0.7259615384615384 0.8209134615384616 0.019230769230769232 0.01201923076923077
3 0.24158653846153846 0.8245192307692307 0.021634615384615384 0.014423076923076924
23 0.4675480769230769 0.828125 0.016826923076923076 0.01201923076923077
23 0.46875 0.8449519230769231 0.014423076923076924 0.01201923076923077
6 0.6057692307692307 0.8617788461538461 0.07692307692307693 0.25240384615384615
6 0.3641826923076923 0.8629807692307693 0.17067307692307693 0.21153846153846154
14 0.23076923076923078 0.8798076923076923 0.03365384615384615 0.0625
3 0.20793269230769232 0.8810096153846154 0.007211538461538462 0.026442307692307692
23 0.25600961538461536 0.8810096153846154 0.007211538461538462 0.026442307692307692
6 0.12740384615384615 0.8990384615384616 0.08653846153846154 0.11057692307692307
3 0.7512019230769231 0.12259615384615384 0.021634615384615384 0.07211538461538461
3 0.3293269230769231 0.1346153846153846 0.019230769230769232 0.014423076923076924
23 0.15985576923076922 0.13942307692307693 0.021634615384615384 0.014423076923076924
3 0.11778846153846154 0.13942307692307693 0.009615384615384616 0.028846153846153848
23 0.12980769230769232 0.14182692307692307 0.009615384615384616 0.028846153846153848
6 0.6947115384615384 0.15264423076923078 0.057692307692307696 0.040865384615384616
6 0.8882211538461539 0.16466346153846154 0.19471153846153846 0.2283653846153846
3 0.6370192307692307 0.16947115384615385 0.019230769230769232 0.01201923076923077
23 0.6370192307692307 0.18389423076923078 0.019230769230769232 0.01201923076923077
30 0.025240384615384616 0.19471153846153846 0.026442307692307692 0.10096153846153846
3 0.7283653846153846 0.20552884615384615 0.019230769230769232 0.01201923076923077
3 0.6634615384615384 0.21394230769230768 0.009615384615384616 0.02403846153846154
23 0.6045673076923077 0.21394230769230768 0.007211538461538462 0.028846153846153848
7 0.6346153846153846 0.21995192307692307 0.04326923076923077 0.05048076923076923
14 0.6923076923076923 0.21995192307692307 0.04326923076923077 0.05048076923076923
23 0.7283653846153846 0.22235576923076922 0.019230769230769232 0.01201923076923077
18 0.7283653846153846 0.2439903846153846 0.019230769230769232 0.01201923076923077
23 0.234375 0.265625 0.007211538461538462 0.026442307692307692
23 0.2644230769230769 0.265625 0.009615384615384616 0.026442307692307692
23 0.2439903846153846 0.265625 0.007211538461538462 0.026442307692307692
23 0.2536057692307692 0.265625 0.007211538461538462 0.026442307692307692
3 0.1346153846153846 0.27524038461538464 0.009615384615384616 0.026442307692307692
23 0.2800480769230769 0.2776442307692308 0.007211538461538462 0.026442307692307692
3 0.5504807692307693 0.27884615384615385 0.028846153846153848 0.019230769230769232
3 0.1201923076923077 0.2800480769230769 0.009615384615384616 0.03125
23 0.6983173076923077 0.2824519230769231 0.007211538461538462 0.026442307692307692
23 0.6862980769230769 0.2824519230769231 0.007211538461538462 0.026442307692307692
23 0.35336538461538464 0.28365384615384615 0.019230769230769232 0.014423076923076924
18 0.5300480769230769 0.2920673076923077 0.007211538461538462 0.026442307692307692
3 0.5108173076923077 0.2920673076923077 0.007211538461538462 0.026442307692307692
3 0.484375 0.29447115384615385 0.007211538461538462 0.026442307692307692
11 0.6129807692307693 0.2932692307692308 0.028846153846153848 0.019230769230769232
3 0.5492788461538461 0.30408653846153844 0.021634615384615384 0.01201923076923077
11 0.12139423076923077 0.3076923076923077 0.03125 0.019230769230769232
30 0.5576923076923077 0.3233173076923077 0.019230769230769232 0.01201923076923077
30 0.5072115384615384 0.3233173076923077 0.019230769230769232 0.01201923076923077
3 0.6069711538461539 0.3401442307692308 0.01201923076923077 0.04567307692307692
3 0.5612980769230769 0.3449519230769231 0.03125 0.021634615384615384
30 0.5 0.34975961538461536 0.019230769230769232 0.01201923076923077
3 0.4723557692307692 0.35216346153846156 0.007211538461538462 0.026442307692307692
23 0.15384615384615385 0.35336538461538464 0.009615384615384616 0.028846153846153848
23 0.0985576923076923 0.359375 0.019230769230769232 0.01201923076923077
14 0.5 0.36899038461538464 0.014423076923076924 0.021634615384615384
30 0.515625 0.36778846153846156 0.007211538461538462 0.02403846153846154
23 0.09735576923076923 0.3762019230769231 0.016826923076923076 0.01201923076923077
30 0.5372596153846154 0.3786057692307692 0.007211538461538462 0.026442307692307692
3 0.4411057692307692 0.38100961538461536 0.016826923076923076 0.01201923076923077
3 0.46274038461538464 0.38100961538461536 0.016826923076923076 0.01201923076923077
14 0.6754807692307693 0.38221153846153844 0.09615384615384616 0.14423076923076922
3 0.5540865384615384 0.3894230769230769 0.007211538461538462 0.028846153846153848
3 0.5 0.390625 0.019230769230769232 0.01201923076923077
14 0.12740384615384615 0.3954326923076923 0.03365384615384615 0.036057692307692304
3 0.45913461538461536 0.39783653846153844 0.019230769230769232 0.01201923076923077
3 0.3076923076923077 0.41586538461538464 0.16346153846153846 0.2403846153846154
3 0.6045673076923077 0.4182692307692308 0.01201923076923077 0.04326923076923077
18 0.4963942307692308 0.4170673076923077 0.03125 0.021634615384615384
3 0.10336538461538461 0.4206730769230769 0.019230769230769232 0.014423076923076924
3 0.5336538461538461 0.4266826923076923 0.019230769230769232 0.01201923076923077
3 0.47596153846153844 0.43149038461538464 0.009615384615384616 0.026442307692307692
3 0.5540865384615384 0.43509615384615385 0.007211538461538462 0.028846153846153848
23 0.12740384615384615 0.4375 0.009615384615384616 0.028846153846153848
3 0.49759615384615385 0.4411057692307692 0.019230769230769232 0.01201923076923077
11 0.6069711538461539 0.4675480769230769 0.01201923076923077 0.04567307692307692
3 0.5492788461538461 0.4723557692307692 0.016826923076923076 0.01201923076923077
6 0.8894230769230769 0.47115384615384615 0.1971153846153846 0.22596153846153846
3 0.4639423076923077 0.4723557692307692 0.019230769230769232 0.01201923076923077
3 0.5264423076923077 0.4723557692307692 0.019230769230769232 0.01201923076923077
3 0.4423076923076923 0.47475961538461536 0.019230769230769232 0.01201923076923077
6 0.046875 0.47716346153846156 0.07451923076923077 0.37740384615384615
3 0.5060096153846154 0.47836538461538464 0.016826923076923076 0.028846153846153848
23 0.6262019230769231 0.4891826923076923 0.007211538461538462 0.026442307692307692
23 0.7127403846153846 0.5 0.007211538461538462 0.028846153846153848
11 0.7271634615384616 0.5 0.01201923076923077 0.04326923076923077
23 0.6358173076923077 0.5 0.007211538461538462 0.02403846153846154
23 0.6778846153846154 0.5024038461538461 0.009615384615384616 0.028846153846153848
23 0.6502403846153846 0.5036057692307693 0.007211538461538462 0.026442307692307692
23 0.6622596153846154 0.5024038461538461 0.007211538461538462 0.02403846153846154
23 0.6081730769230769 0.5072115384615384 0.019230769230769232 0.014423076923076924
3 0.7560096153846154 0.5120192307692307 0.021634615384615384 0.07211538461538461
23 0.40384615384615385 0.5264423076923077 0.009615384615384616 0.028846153846153848
23 0.26322115384615385 0.5552884615384616 0.007211538461538462 0.028846153846153848
3 0.7427884615384616 0.5721153846153846 0.04807692307692308 0.03365384615384615
23 0.21634615384615385 0.5889423076923077 0.019230769230769232 0.009615384615384616
23 0.21394230769230768 0.6069711538461539 0.019230769230769232 0.01201923076923077
3 0.6021634615384616 0.6262019230769231 0.007211538461538462 0.026442307692307692
3 0.5769230769230769 0.6298076923076923 0.028846153846153848 0.019230769230769232
3 0.6646634615384616 0.6334134615384616 0.016826923076923076 0.01201923076923077
3 0.6201923076923077 0.6334134615384616 0.014423076923076924 0.01201923076923077
15 0.12379807692307693 0.6370192307692307 0.05048076923076923 0.07211538461538461
3 0.18509615384615385 0.6394230769230769 0.04807692307692308 0.028846153846153848
14 0.640625 0.6490384615384616 0.026442307692307692 0.057692307692307696
23 0.6177884615384616 0.6490384615384616 0.019230769230769232 0.009615384615384616
23 0.6634615384615384 0.6502403846153846 0.019230769230769232 0.01201923076923077
23 0.24278846153846154 0.6538461538461539 0.009615384615384616 0.028846153846153848
23 0.6634615384615384 0.6670673076923077 0.019230769230769232 0.01201923076923077
23 0.6189903846153846 0.6670673076923077 0.016826923076923076 0.01201923076923077
14 0.59375 0.6706730769230769 0.02403846153846154 0.057692307692307696
18 0.25600961538461536 0.671875 0.01201923076923077 0.03125
6 0.3701923076923077 0.06971153846153846 0.5721153846153846 0.09134615384615384
14 0.2247596153846154 0.6838942307692307 0.026442307692307692 0.026442307692307692
3 0.20192307692307693 0.6850961538461539 0.019230769230769232 0.052884615384615384
3 0.6490384615384616 0.6887019230769231 0.019230769230769232 0.01201923076923077
15 0.17668269230769232 0.6899038461538461 0.026442307692307692 0.052884615384615384
7 0.5600961538461539 0.6911057692307693 0.03365384615384615 0.06490384615384616
23 0.6189903846153846 0.6911057692307693 0.016826923076923076 0.01201923076923077
23 0.27283653846153844 0.6959134615384616 0.007211538461538462 0.026442307692307692
29 0.2920673076923077 0.6971153846153846 0.026442307692307692 0.03365384615384615
18 0.7259615384615384 0.703125 0.019230769230769232 0.01201923076923077
3 0.5913461538461539 0.703125 0.019230769230769232 0.01201923076923077
23 0.6189903846153846 0.7055288461538461 0.016826923076923076 0.01201923076923077
30 0.24278846153846154 0.7067307692307693 0.019230769230769232 0.028846153846153848
3 0.14182692307692307 0.7115384615384616 0.019230769230769232 0.04807692307692308
14 0.09375 0.7139423076923077 0.03365384615384615 0.052884615384615384
3 0.06610576923076923 0.7127403846153846 0.016826923076923076 0.05048076923076923
3 0.12139423076923077 0.7127403846153846 0.016826923076923076 0.05048076923076923
14 0.32572115384615385 0.7127403846153846 0.016826923076923076 0.021634615384615384
3 0.04447115384615385 0.7139423076923077 0.016826923076923076 0.052884615384615384
15 0.359375 0.7211538461538461 0.01201923076923077 0.02403846153846154
15 0.3762019230769231 0.7223557692307693 0.01201923076923077 0.026442307692307692
15 0.39302884615384615 0.7211538461538461 0.01201923076923077 0.02403846153846154
15 0.4098557692307692 0.7223557692307693 0.01201923076923077 0.026442307692307692
18 0.7259615384615384 0.7259615384615384 0.02403846153846154 0.014423076923076924
29 0.2920673076923077 0.7319711538461539 0.026442307692307692 0.03125
18 0.27283653846153844 0.7307692307692307 0.007211538461538462 0.028846153846153848