14 0.30649038461538464 0.27884615384615385 0.0889423076923077 0.10096153846153846
23 0.36899038461538464 0.30528846153846156 0.007211538461538462 0.019230769230769232
23 0.3581730769230769 0.30528846153846156 0.009615384615384616 0.019230769230769232
9 0.38100961538461536 0.30528846153846156 0.016826923076923076 0.038461538461538464
16 0.43149038461538464 0.3173076923076923 0.016826923076923076 0.052884615384615384
16 0.44711538461538464 0.3161057692307692 0.019230769230769232 0.05048076923076923
16 0.4639423076923077 0.3173076923076923 0.014423076923076924 0.04807692307692308
6 0.5408653846153846 0.328125 0.09615384615384616 0.05048076923076923
6 0.17908653846153846 0.3389423076923077 0.12740384615384615 0.2692307692307692
9 0.3076923076923077 0.34615384615384615 0.02403846153846154 0.02403846153846154
3 0.8040865384615384 0.35336538461538464 0.007211538461538462 0.019230769230769232
3 0.6875 0.3557692307692308 0.009615384615384616 0.019230769230769232
3 0.7956730769230769 0.36177884615384615 0.009615384615384616 0.021634615384615384
3 0.6959134615384616 0.3641826923076923 0.007211538461538462 0.021634615384615384
3 0.8125 0.36899038461538464 0.014423076923076924 0.01201923076923077
3 0.6778846153846154 0.3713942307692308 0.014423076923076924 0.01201923076923077
3 0.8076923076923077 0.38100961538461536 0.014423076923076924 0.01201923076923077
3 0.6826923076923077 0.38341346153846156 0.014423076923076924 0.01201923076923077
23 0.3173076923076923 0.4362980769230769 0.009615384615384616 0.021634615384615384
17 0.3076923076923077 0.4387019230769231 0.009615384615384616 0.03125
0 0.27283653846153844 0.4387019230769231 0.05048076923076923 0.06009615384615385
6 0.9158653846153846 0.4423076923076923 0.08173076923076923 0.44711538461538464
14 0.7451923076923077 0.46033653846153844 0.10096153846153846 0.1466346153846154
6 0.1971153846153846 0.5192307692307693 0.10096153846153846 0.08173076923076923
3 0.8076923076923077 0.5324519230769231 0.014423076923076924 0.01201923076923077
3 0.6826923076923077 0.5324519230769231 0.014423076923076924 0.01201923076923077
3 0.8161057692307693 0.5444711538461539 0.01201923076923077 0.01201923076923077
3 0.6778846153846154 0.5444711538461539 0.014423076923076924 0.01201923076923077
3 0.6959134615384616 0.5504807692307693 0.007211538461538462 0.019230769230769232
3 0.796875 0.5504807692307693 0.007211538461538462 0.019230769230769232
23 0.7848557692307693 0.5516826923076923 0.007211538461538462 0.021634615384615384
23 0.7463942307692307 0.5588942307692307 0.007211538461538462 0.021634615384615384
3 0.8052884615384616 0.5600961538461539 0.009615384615384616 0.019230769230769232
3 0.6887019230769231 0.5625 0.007211538461538462 0.019230769230769232
9 0.8197115384615384 0.5793269230769231 0.019230769230769232 0.038461538461538464
3 0.7439903846153846 0.5925480769230769 0.007211538461538462 0.021634615384615384
3 0.7536057692307693 0.5925480769230769 0.007211538461538462 0.021634615384615384
17 0.27283653846153844 0.6009615384615384 0.01201923076923077 0.03365384615384615
23 0.8665865384615384 0.6045673076923077 0.01201923076923077 0.01201923076923077
23 0.8653846153846154 0.6189903846153846 0.014423076923076924 0.01201923076923077
23 0.8653846153846154 0.6334134615384616 0.014423076923076924 0.01201923076923077
3 0.26322115384615385 0.6430288461538461 0.007211538461538462 0.021634615384615384
23 0.8665865384615384 0.6478365384615384 0.016826923076923076 0.01201923076923077
23 0.8653846153846154 0.6622596153846154 0.014423076923076924 0.01201923076923077
3 0.24879807692307693 0.6670673076923077 0.007211538461538462 0.021634615384615384
14 0.2776442307692308 0.6983173076923077 0.040865384615384616 0.0889423076923077
3 0.24879807692307693 0.6983173076923077 0.007211538461538462 0.021634615384615384
6 0.8942307692307693 0.7007211538461539 0.014423076923076924 0.026442307692307692
16 0.8713942307692307 0.703125 0.03125 0.026442307692307692
6 0.5180288461538461 0.7103365384615384 0.06009615384615385 0.0889423076923077
3 0.24879807692307693 0.7223557692307693 0.007211538461538462 0.021634615384615384
6 0.1778846153846154 0.7355769230769231 0.12980769230769232 0.28846153846153844
16 0.25721153846153844 0.7800480769230769 0.019230769230769232 0.04567307692307692
17 0.45552884615384615 0.7848557692307693 0.01201923076923077 0.03125
17 0.4831730769230769 0.7848557692307693 0.009615384615384616 0.03125
17 0.34375 0.7872596153846154 0.009615384615384616 0.03125
17 0.4014423076923077 0.7860576923076923 0.009615384615384616 0.028846153846153848
17 0.42908653846153844 0.7872596153846154 0.01201923076923077 0.03125
17 0.37259615384615385 0.7860576923076923 0.009615384615384616 0.03365384615384615
17 0.3173076923076923 0.7872596153846154 0.009615384615384616 0.03125
17 0.28966346153846156 0.7872596153846154 0.01201923076923077 0.03125
6 0.8966346153846154 0.8028846153846154 0.08173076923076923 0.14903846153846154
25 0.8269230769230769 0.8786057692307693 0.038461538461538464 0.11298076923076923
25 0.6466346153846154 0.8798076923076923 0.038461538461538464 0.11057692307692307
25 0.6911057692307693 0.8798076923076923 0.036057692307692304 0.11057692307692307
25 0.7355769230769231 0.8798076923076923 0.038461538461538464 0.11057692307692307
25 0.5552884615384616 0.8822115384615384 0.038461538461538464 0.11057692307692307
25 0.78125 0.8822115384615384 0.038461538461538464 0.11057692307692307
25 0.5120192307692307 0.8822115384615384 0.038461538461538464 0.11057692307692307
25 0.5997596153846154 0.8822115384615384 0.036057692307692304 0.11057692307692307
0 0.453125 0.8870192307692307 0.040865384615384616 0.07692307692307693
0 0.390625 0.8870192307692307 0.040865384615384616 0.07692307692307693
0 0.33052884615384615 0.8882211538461539 0.040865384615384616 0.07932692307692307
0 0.2704326923076923 0.8894230769230769 0.040865384615384616 0.08173076923076923
6 0.7043269230769231 0.1346153846153846 0.2932692307692308 0.125
6 0.37259615384615385 0.140625 0.2932692307692308 0.12740384615384615
3 0.5420673076923077 0.1502403846153846 0.01201923076923077 0.01201923076923077
14 0.5420673076923077 0.171875 0.01201923076923077 0.016826923076923076
23 0.5420673076923077 0.1935096153846154 0.01201923076923077 0.01201923076923077
16 0.8245192307692307 0.21394230769230768 0.03365384615384615 0.028846153846153848
6 0.8461538461538461 0.21394230769230768 0.014423076923076924 0.028846153846153848
6 0.5420673076923077 0.23197115384615385 0.0889423076923077 0.026442307692307692
14 0.7379807692307693 0.23317307692307693 0.038461538461538464 0.057692307692307696
6 0.44591346153846156 0.23677884615384615 0.03125 0.026442307692307692
9 0.38221153846153844 0.24519230769230768 0.019230769230769232 0.038461538461538464
9 0.3641826923076923 0.24519230769230768 0.016826923076923076 0.038461538461538464