14 0.23557692307692307 0.21875 0.38461538461538464 0.28365384615384615
6 0.06850961538461539 0.5673076923076923 0.13701923076923078 0.8509615384615384
14 0.39783653846153844 0.6394230769230769 0.6754807692307693 0.6730769230769231
6 0.5612980769230769 0.9314903846153846 0.8533653846153846 0.13221153846153846
6 0.4375 0.0673076923076923 0.8557692307692307 0.1346153846153846
24 0.5192307692307693 0.22355769230769232 0.08653846153846154 0.052884615384615384
24 0.5300480769230769 0.27524038461538464 0.0889423076923077 0.055288461538461536
25 0.5432692307692307 0.12740384615384615 0.22115384615384615 0.13942307692307693
4 0.6814903846153846 0.23798076923076922 0.06490384615384616 0.1201923076923077
17 0.7127403846153846 0.46274038461538464 0.06009615384615385 0.11298076923076923
17 0.78125 0.45072115384615385 0.0625 0.11778846153846154
14 0.8425480769230769 0.7235576923076923 0.28125 0.35096153846153844
8 0.7620192307692307 0.0889423076923077 0.14903846153846154 0.10096153846153846
14 0.8052884615384616 0.2439903846153846 0.14903846153846154 0.13701923076923078
17 0.8425480769230769 0.44711538461538464 0.055288461538461536 0.11057692307692307
24 0.8485576923076923 0.33774038461538464 0.09134615384615384 0.05048076923076923
4 0.8365384615384616 0.13942307692307693 0.08653846153846154 0.04807692307692308
6 0.9302884615384616 0.4338942307692308 0.1346153846153846 0.8581730769230769