30 0.3701923076923077 0.19951923076923078 0.04807692307692308 0.08173076923076923
23 0.5012019230769231 0.2512019230769231 0.07451923076923077 0.040865384615384616
18 0.5901442307692307 0.25240384615384615 0.07932692307692307 0.04326923076923077
30 0.6899038461538461 0.25600961538461536 0.04326923076923077 0.06971153846153846
22 0.8557692307692307 0.27403846153846156 0.10576923076923077 0.09134615384615384
30 0.38822115384615385 0.2848557692307692 0.07451923076923077 0.04567307692307692
30 0.5637019230769231 0.3076923076923077 0.07451923076923077 0.038461538461538464
30 0.47475961538461536 0.31850961538461536 0.040865384615384616 0.06971153846153846
6 0.4987980769230769 0.03485576923076923 0.8485576923076923 0.06971153846153846
30 0.37740384615384615 0.3557692307692308 0.038461538461538464 0.07211538461538461
30 0.31009615384615385 0.375 0.07692307692307693 0.04326923076923077
30 0.5516826923076923 0.375 0.06971153846153846 0.038461538461538464
30 0.12139423076923077 0.3798076923076923 0.07451923076923077 0.04807692307692308
30 0.19951923076923078 0.38221153846153844 0.08173076923076923 0.04326923076923077
14 0.7151442307692307 0.38822115384615385 0.13221153846153846 0.15625
30 0.44471153846153844 0.39302884615384615 0.038461538461538464 0.07451923076923077
30 0.5492788461538461 0.42427884615384615 0.07451923076923077 0.04567307692307692
30 0.328125 0.4375 0.07451923076923077 0.04326923076923077
30 0.16706730769230768 0.43990384615384615 0.07932692307692307 0.04807692307692308
30 0.38221153846153844 0.4495192307692308 0.038461538461538464 0.08653846153846154
30 0.4831730769230769 0.4651442307692308 0.04326923076923077 0.07451923076923077
30 0.5336538461538461 0.49399038461538464 0.04326923076923077 0.07451923076923077
30 0.2608173076923077 0.49759615384615385 0.07451923076923077 0.04326923076923077
6 0.036057692307692304 0.4987980769230769 0.07211538461538461 0.84375
6 0.9603365384615384 0.5012019230769231 0.07451923076923077 0.8389423076923077
30 0.41225961538461536 0.5072115384615384 0.07451923076923077 0.04807692307692308
23 0.5985576923076923 0.5204326923076923 0.038461538461538464 0.07932692307692307
30 0.6778846153846154 0.5336538461538461 0.08173076923076923 0.04807692307692308
14 0.8389423076923077 0.5456730769230769 0.12980769230769232 0.1346153846153846
30 0.5120192307692307 0.5625 0.08173076923076923 0.038461538461538464
30 0.3641826923076923 0.5721153846153846 0.07451923076923077 0.04326923076923077
30 0.2860576923076923 0.6045673076923077 0.04326923076923077 0.07932692307692307
30 0.10817307692307693 0.609375 0.04326923076923077 0.07451923076923077
30 0.15625 0.6105769230769231 0.038461538461538464 0.08173076923076923
30 0.3581730769230769 0.6262019230769231 0.08173076923076923 0.05048076923076923
30 0.7379807692307693 0.6370192307692307 0.038461538461538464 0.08173076923076923
23 0.3641826923076923 0.6682692307692307 0.07451923076923077 0.038461538461538464
22 0.84375 0.6947115384615384 0.10576923076923077 0.09615384615384616
23 0.45552884615384615 0.7019230769230769 0.07932692307692307 0.03365384615384615
23 0.359375 0.7115384615384616 0.07932692307692307 0.038461538461538464
23 0.16706730769230768 0.7211538461538461 0.07932692307692307 0.038461538461538464
23 0.49399038461538464 0.7403846153846154 0.07451923076923077 0.038461538461538464
23 0.359375 0.7524038461538461 0.07932692307692307 0.028846153846153848
22 0.5264423076923077 0.8221153846153846 0.10096153846153846 0.08653846153846154
14 0.39302884615384615 0.8245192307692307 0.15625 0.10096153846153846
23 0.27283653846153844 0.8353365384615384 0.07451923076923077 0.040865384615384616
30 0.8377403846153846 0.8353365384615384 0.06490384615384616 0.06009615384615385
3 0.6778846153846154 0.8377403846153846 0.057692307692307696 0.11298076923076923
30 0.16706730769230768 0.8389423076923077 0.07451923076923077 0.0673076923076923
3 0.7355769230769231 0.8389423076923077 0.038461538461538464 0.07692307692307693
30 0.38341346153846156 0.9026442307692307 0.07932692307692307 0.040865384615384616
6 0.49759615384615385 0.9627403846153846 0.8413461538461539 0.06971153846153846
30 0.3954326923076923 0.11298076923076923 0.07451923076923077 0.04326923076923077
30 0.49158653846153844 0.1141826923076923 0.07451923076923077 0.04567307692307692
30 0.7524038461538461 0.14423076923076922 0.04326923076923077 0.08173076923076923
30 0.6947115384615384 0.14543269230769232 0.04807692307692308 0.0889423076923077
30 0.4230769230769231 0.15985576923076922 0.07692307692307693 0.036057692307692304
30 0.2439903846153846 0.1658653846153846 0.040865384615384616 0.07692307692307693
30 0.8401442307692307 0.16466346153846154 0.06971153846153846 0.06971153846153846
30 0.6322115384615384 0.16706730769230768 0.04326923076923077 0.07932692307692307
30 0.16346153846153846 0.16706730769230768 0.07211538461538461 0.06971153846153846