14 0.6778846153846154 0.84375 0.38461538461538464 0.28365384615384615
6 0.9314903846153846 0.5625 0.13221153846153846 0.8509615384615384
14 0.6382211538461539 0.39663461538461536 0.6754807692307693 0.6730769230769231
6 0.5685096153846154 0.06850961538461539 0.8533653846153846 0.13701923076923078
6 0.43509615384615385 0.9314903846153846 0.8557692307692307 0.13221153846153846
24 0.40625 0.7620192307692307 0.08653846153846154 0.052884615384615384
24 0.4098557692307692 0.7079326923076923 0.0889423076923077 0.055288461538461536
25 0.3557692307692308 0.8461538461538461 0.22115384615384615 0.13942307692307693
4 0.25600961538461536 0.7019230769230769 0.06490384615384616 0.1201923076923077
17 0.2848557692307692 0.47716346153846156 0.06009615384615385 0.11298076923076923
17 0.21634615384615385 0.4723557692307692 0.0625 0.11778846153846154
14 0.234375 0.19230769230769232 0.28125 0.35096153846153844
8 0.13701923076923078 0.8245192307692307 0.14903846153846154 0.10096153846153846
14 0.13701923076923078 0.6646634615384616 0.14903846153846154 0.13701923076923078
17 0.15745192307692307 0.45913461538461536 0.055288461538461536 0.11057692307692307
24 0.1201923076923077 0.5612980769230769 0.09134615384615384 0.05048076923076923
4 0.07932692307692307 0.7548076923076923 0.08653846153846154 0.04807692307692308
6 0.06850961538461539 0.4362980769230769 0.13701923076923078 0.8581730769230769