23 0.21033653846153846 0.43028846153846156 0.06009615384615385 0.057692307692307696
24 0.20673076923076922 0.48197115384615385 0.028846153846153848 0.036057692307692304
4 0.21995192307692307 0.6382211538461539 0.10817307692307693 0.05048076923076923
16 0.19230769230769232 0.921875 0.10576923076923077 0.04567307692307692
16 0.20072115384615385 0.8894230769230769 0.10817307692307693 0.04807692307692308
18 0.28846153846153844 0.15384615384615385 0.27403846153846156 0.24519230769230768
24 0.2620192307692308 0.4879807692307692 0.028846153846153848 0.038461538461538464
4 0.24278846153846154 0.8317307692307693 0.0625 0.07211538461538461
4 0.2536057692307692 0.765625 0.06490384615384616 0.06490384615384616
8 0.2776442307692308 0.6995192307692307 0.05048076923076923 0.057692307692307696
6 0.2620192307692308 0.9254807692307693 0.052884615384615384 0.03365384615384615
6 0.2704326923076923 0.8966346153846154 0.05048076923076923 0.038461538461538464
26 0.29927884615384615 0.6442307692307693 0.055288461538461536 0.03365384615384615
24 0.3401442307692308 0.3245192307692308 0.055288461538461536 0.019230769230769232
24 0.3425480769230769 0.30408653846153844 0.055288461538461536 0.021634615384615384
26 0.3112980769230769 0.9579326923076923 0.04567307692307692 0.040865384615384616
4 0.3713942307692308 0.7235576923076923 0.10336538461538461 0.04807692307692308
14 0.3641826923076923 0.8088942307692307 0.17067307692307693 0.1466346153846154
4 0.38221153846153844 0.65625 0.10576923076923077 0.04807692307692308
15 0.421875 0.3233173076923077 0.04567307692307692 0.03125
24 0.4206730769230769 0.3449519230769231 0.057692307692307696 0.016826923076923076
23 0.45552884615384615 0.12259615384615384 0.06009615384615385 0.057692307692307696
14 0.44471153846153844 0.21995192307692307 0.04807692307692308 0.05048076923076923
17 0.4483173076923077 0.28125 0.03125 0.038461538461538464
4 0.390625 0.9110576923076923 0.10336538461538461 0.04807692307692308
24 0.5096153846153846 0.0829326923076923 0.028846153846153848 0.036057692307692304
14 0.5024038461538461 0.22716346153846154 0.052884615384615384 0.055288461538461536
29 0.5048076923076923 0.3329326923076923 0.0673076923076923 0.04567307692307692
26 0.45072115384615385 0.8870192307692307 0.036057692307692304 0.014423076923076924
6 0.5192307692307693 0.2920673076923077 0.09615384615384616 0.040865384615384616
6 0.4495192307692308 0.9699519230769231 0.13942307692307693 0.04567307692307692
24 0.5432692307692307 0.08533653846153846 0.028846153846153848 0.036057692307692304
14 0.5036057692307693 0.5048076923076923 0.4543269230769231 0.3125
4 0.49038461538461536 0.6682692307692307 0.10096153846153846 0.04807692307692308
24 0.46274038461538464 0.9338942307692307 0.03125 0.036057692307692304
4 0.4795673076923077 0.8016826923076923 0.06490384615384616 0.06971153846153846
8 0.49278846153846156 0.71875 0.057692307692307696 0.057692307692307696
26 0.4795673076923077 0.8629807692307693 0.04567307692307692 0.019230769230769232
6 0.07692307692307693 0.47475961538461536 0.15384615384615385 0.9495192307692307
24 0.5769230769230769 0.09134615384615384 0.028846153846153848 0.038461538461538464
6 0.5829326923076923 0.037259615384615384 0.3389423076923077 0.06490384615384616
24 0.5552884615384616 0.33533653846153844 0.03365384615384615 0.040865384615384616
17 0.49759615384615385 0.9387019230769231 0.02403846153846154 0.040865384615384616
23 0.5733173076923077 0.23677884615384615 0.055288461538461536 0.06009615384615385
24 0.6081730769230769 0.09375 0.03365384615384615 0.038461538461538464
18 0.6033653846153846 0.3161057692307692 0.038461538461538464 0.040865384615384616
18 0.6382211538461539 0.31850961538461536 0.036057692307692304 0.040865384615384616
4 0.5997596153846154 0.7451923076923077 0.10336538461538461 0.04807692307692308
4 0.6081730769230769 0.6778846153846154 0.10096153846153846 0.04807692307692308
14 0.59375 0.8317307692307693 0.17307692307692307 0.14903846153846154
18 0.6514423076923077 0.3701923076923077 0.0625 0.028846153846153848
4 0.6069711538461539 0.9314903846153846 0.10336538461538461 0.05048076923076923
24 0.6706730769230769 0.3233173076923077 0.028846153846153848 0.040865384615384616
4 0.6045673076923077 0.9711538461538461 0.10336538461538461 0.04807692307692308
24 0.703125 0.32572115384615385 0.026442307692307692 0.036057692307692304
18 0.7115384615384616 0.375 0.057692307692307696 0.02403846153846154
14 0.7379807692307693 0.16706730769230768 0.24519230769230768 0.15144230769230768
23 0.6862980769230769 0.7391826923076923 0.055288461538461536 0.06009615384615385
26 0.6766826923076923 0.9254807692307693 0.021634615384615384 0.028846153846153848
26 0.7007211538461539 0.8269230769230769 0.040865384615384616 0.019230769230769232
7 0.7055288461538461 0.9711538461538461 0.0889423076923077 0.052884615384615384
18 0.7716346153846154 0.38221153846153844 0.057692307692307696 0.02403846153846154
26 0.8076923076923077 0.05889423076923077 0.052884615384615384 0.03125
24 0.7584134615384616 0.5420673076923077 0.026442307692307692 0.036057692307692304
17 0.7560096153846154 0.7680288461538461 0.06009615384615385 0.021634615384615384
23 0.8052884615384616 0.3545673076923077 0.052884615384615384 0.03125
25 0.8161057692307693 0.2860576923076923 0.18028846153846154 0.09134615384615384
17 0.7632211538461539 0.7992788461538461 0.055288461538461536 0.016826923076923076
17 0.7776442307692307 0.6935096153846154 0.06009615384615385 0.021634615384615384
17 0.7704326923076923 0.7800480769230769 0.055288461538461536 0.016826923076923076
17 0.7716346153846154 0.7644230769230769 0.057692307692307696 0.019230769230769232
17 0.7764423076923077 0.7091346153846154 0.057692307692307696 0.019230769230769232
23 0.8004807692307693 0.49158653846153844 0.057692307692307696 0.06009615384615385
17 0.7764423076923077 0.7259615384615384 0.057692307692307696 0.019230769230769232
17 0.7824519230769231 0.6778846153846154 0.06009615384615385 0.02403846153846154
5 0.7920673076923077 0.6153846153846154 0.14182692307692307 0.10576923076923077
24 0.8125 0.546875 0.028846153846153848 0.036057692307692304
9 0.7860576923076923 0.8665865384615384 0.1346153846153846 0.0985576923076923
6 0.8028846153846154 0.9471153846153846 0.08653846153846154 0.038461538461538464
24 0.8701923076923077 0.5504807692307693 0.028846153846153848 0.038461538461538464
6 0.9206730769230769 0.5288461538461539 0.15384615384615385 0.9375
24 0.14302884615384615 0.47716346153846156 0.026442307692307692 0.036057692307692304
6 0.10336538461538461 0.8762019230769231 0.08653846153846154 0.036057692307692304
9 0.13942307692307693 0.796875 0.14903846153846154 0.11298076923076923
0 0.20552884615384615 0.30288461538461536 0.16105769230769232 0.0673076923076923
0 0.20072115384615385 0.35336538461538464 0.16105769230769232 0.0673076923076923
5 0.18990384615384615 0.5456730769230769 0.13942307692307693 0.10576923076923077