22 0.5408653846153846 0.20552884615384615 0.052884615384615384 0.055288461538461536
23 0.4879807692307692 0.20793269230769232 0.03365384615384615 0.026442307692307692
3 0.3329326923076923 0.23677884615384615 0.040865384615384616 0.10336538461538461
16 0.04927884615384615 0.23677884615384615 0.036057692307692304 0.10336538461538461
16 0.0829326923076923 0.24278846153846154 0.036057692307692304 0.10576923076923077
18 0.8221153846153846 0.2536057692307692 0.22115384615384615 0.25240384615384615
23 0.4891826923076923 0.2620192307692308 0.036057692307692304 0.02403846153846154
3 0.14423076923076922 0.2800480769230769 0.0673076923076923 0.055288461538461536
3 0.2127403846153846 0.2824519230769231 0.06009615384615385 0.06009615384615385
8 0.27884615384615385 0.29927884615384615 0.052884615384615384 0.04567307692307692
6 0.052884615384615384 0.30649038461538464 0.028846153846153848 0.05048076923076923
6 0.08413461538461539 0.3125 0.03365384615384615 0.04807692307692308
26 0.33653846153846156 0.31490384615384615 0.028846153846153848 0.052884615384615384
23 0.6586538461538461 0.3245192307692308 0.014423076923076924 0.052884615384615384
23 0.6790865384615384 0.3245192307692308 0.016826923076923076 0.052884615384615384
26 0.027644230769230768 0.3605769230769231 0.036057692307692304 0.04326923076923077
3 0.2644230769230769 0.3942307692307692 0.038461538461538464 0.10096153846153846
14 0.18028846153846154 0.39663461538461536 0.12980769230769232 0.15865384615384615
3 0.33413461538461536 0.39783653846153844 0.038461538461538464 0.10336538461538461
15 0.6694711538461539 0.40384615384615385 0.026442307692307692 0.04326923076923077
23 0.6454326923076923 0.40625 0.01201923076923077 0.057692307692307696
22 0.8701923076923077 0.41466346153846156 0.052884615384615384 0.055288461538461536
14 0.7728365384615384 0.41586538461538464 0.04567307692307692 0.04326923076923077
17 0.7127403846153846 0.4266826923076923 0.036057692307692304 0.026442307692307692
3 0.08173076923076923 0.43509615384615385 0.038461538461538464 0.10096153846153846
23 0.9158653846153846 0.4651442307692308 0.03365384615384615 0.026442307692307692
14 0.7728365384615384 0.4735576923076923 0.05048076923076923 0.04807692307692308
29 0.6682692307692307 0.4855769230769231 0.038461538461538464 0.0625
26 0.11057692307692307 0.49158653846153844 0.009615384615384616 0.036057692307692304
6 0.7103365384615384 0.4987980769230769 0.03125 0.09375
6 0.027644230769230768 0.4987980769230769 0.03125 0.13701923076923078
23 0.9182692307692307 0.4987980769230769 0.03365384615384615 0.026442307692307692
14 0.49759615384615385 0.5024038461538461 0.2692307692307692 0.42788461538461536
3 0.33413461538461536 0.5084134615384616 0.038461538461538464 0.0985576923076923
23 0.0673076923076923 0.5096153846153846 0.03365384615384615 0.028846153846153848
3 0.19831730769230768 0.5120192307692307 0.06490384615384616 0.057692307692307696
8 0.28125 0.5144230769230769 0.052884615384615384 0.052884615384615384
26 0.13942307692307693 0.5168269230769231 0.014423076923076924 0.04326923076923077
6 0.4963942307692308 0.052884615384615384 0.9735576923076923 0.09134615384615384
23 0.9170673076923077 0.5336538461538461 0.036057692307692304 0.02403846153846154
6 0.9711538461538461 0.5324519230769231 0.028846153846153848 0.3389423076923077
23 0.6706730769230769 0.5360576923076923 0.038461538461538464 0.028846153846153848
17 0.06490384615384616 0.5432692307692307 0.038461538461538464 0.019230769230769232
22 0.7704326923076923 0.5444711538461539 0.055288461538461536 0.05048076923076923
23 0.9170673076923077 0.5649038461538461 0.036057692307692304 0.028846153846153848
18 0.6947115384615384 0.5841346153846154 0.038461538461538464 0.03365384615384615
18 0.6971153846153846 0.6165865384615384 0.038461538461538464 0.03125
3 0.2692307692307692 0.625 0.038461538461538464 0.10096153846153846
3 0.33413461538461536 0.6262019230769231 0.038461538461538464 0.0985576923076923
14 0.1814903846153846 0.6262019230769231 0.13221153846153846 0.16105769230769232
18 0.6454326923076923 0.6358173076923077 0.021634615384615384 0.06009615384615385
3 0.0829326923076923 0.6502403846153846 0.040865384615384616 0.0985576923076923
23 0.6947115384615384 0.6514423076923077 0.038461538461538464 0.02403846153846154
3 0.04326923076923077 0.6538461538461539 0.038461538461538464 0.10096153846153846
23 0.6947115384615384 0.6826923076923077 0.03365384615384615 0.02403846153846154
18 0.6466346153846154 0.6959134615384616 0.019230769230769232 0.055288461538461536
14 0.8569711538461539 0.7007211538461539 0.12740384615384615 0.23317307692307693
22 0.2824519230769231 0.7103365384615384 0.055288461538461536 0.05048076923076923
26 0.09495192307692307 0.7211538461538461 0.026442307692307692 0.019230769230769232
26 0.1971153846153846 0.7331730769230769 0.014423076923076924 0.038461538461538464
7 0.04927884615384615 0.7548076923076923 0.05048076923076923 0.08173076923076923
18 0.6466346153846154 0.7584134615384616 0.019230769230769232 0.055288461538461536
26 0.9723557692307693 0.7584134615384616 0.026442307692307692 0.05048076923076923
23 0.4879807692307692 0.7620192307692307 0.03365384615384615 0.02403846153846154
17 0.2620192307692308 0.7824519230769231 0.014423076923076924 0.06009615384615385
22 0.6766826923076923 0.7872596153846154 0.026442307692307692 0.05048076923076923
25 0.7463942307692307 0.7932692307692307 0.07451923076923077 0.17307692307692307
17 0.23197115384615385 0.7944711538461539 0.01201923076923077 0.055288461538461536
17 0.3389423076923077 0.796875 0.014423076923076924 0.06009615384615385
17 0.2512019230769231 0.796875 0.01201923076923077 0.055288461538461536
17 0.2668269230769231 0.796875 0.014423076923076924 0.055288461538461536
17 0.32211538461538464 0.796875 0.014423076923076924 0.055288461538461536
22 0.5396634615384616 0.7980769230769231 0.055288461538461536 0.052884615384615384
17 0.30528846153846156 0.7992788461538461 0.014423076923076924 0.055288461538461536
17 0.35336538461538464 0.7980769230769231 0.019230769230769232 0.057692307692307696
5 0.4182692307692308 0.8040865384615384 0.09134615384615384 0.13221153846153846
23 0.4879807692307692 0.8161057692307693 0.03365384615384615 0.026442307692307692
9 0.1658653846153846 0.8233173076923077 0.08653846153846154 0.12740384615384615
6 0.08653846153846154 0.8497596153846154 0.028846153846153848 0.08413461538461539
23 0.4891826923076923 0.8725961538461539 0.036057692307692304 0.02403846153846154
6 0.49759615384615385 0.9447115384615384 0.9711538461538461 0.09615384615384616
23 0.4879807692307692 0.14423076923076922 0.03365384615384615 0.02403846153846154
6 0.08533653846153846 0.14543269230769232 0.026442307692307692 0.08413461538461539
9 0.16706730769230768 0.17307692307692307 0.0985576923076923 0.13942307692307693
0 0.6670673076923077 0.18629807692307693 0.05048076923076923 0.15625
0 0.6141826923076923 0.18629807692307693 0.05048076923076923 0.15625
5 0.421875 0.19471153846153846 0.09375 0.12980769230769232