30 0.3329326923076923 0.20192307692307693 0.016826923076923076 0.04326923076923077
30 0.055288461538461536 0.20192307692307693 0.014423076923076924 0.04326923076923077
14 0.546875 0.203125 0.08413461538461539 0.15625
14 0.8401442307692307 0.203125 0.0889423076923077 0.16105769230769232
14 0.2512019230769231 0.20432692307692307 0.0889423076923077 0.16346153846153846
14 0.6995192307692307 0.20432692307692307 0.09134615384615384 0.15865384615384615
30 0.6322115384615384 0.20432692307692307 0.019230769230769232 0.038461538461538464
14 0.3942307692307692 0.20552884615384615 0.09134615384615384 0.15625
30 0.484375 0.20552884615384615 0.016826923076923076 0.036057692307692304
30 0.18990384615384615 0.20793269230769232 0.014423076923076924 0.036057692307692304
14 0.11658653846153846 0.20673076923076922 0.08413461538461539 0.15865384615384615
30 0.7776442307692307 0.20793269230769232 0.016826923076923076 0.036057692307692304
19 0.9266826923076923 0.26802884615384615 0.055288461538461536 0.1466346153846154
18 0.17427884615384615 0.3112980769230769 0.016826923076923076 0.055288461538461536
18 0.19471153846153846 0.3112980769230769 0.014423076923076924 0.05048076923076923
26 0.6610576923076923 0.3137019230769231 0.02403846153846154 0.040865384615384616
30 0.5 0.3557692307692308 0.02403846153846154 0.02403846153846154
3 0.18509615384615385 0.3581730769230769 0.038461538461538464 0.03365384615384615
26 0.9711538461538461 0.35697115384615385 0.03365384615384615 0.055288461538461536
30 0.5697115384615384 0.38221153846153844 0.02403846153846154 0.028846153846153848
30 0.43028846153846156 0.3942307692307692 0.02403846153846154 0.028846153846153848
30 0.47716346153846156 0.39783653846153844 0.021634615384615384 0.021634615384615384
30 0.5192307692307693 0.40625 0.019230769230769232 0.04326923076923077
30 0.5492788461538461 0.40625 0.016826923076923076 0.038461538461538464
3 0.22355769230769232 0.4266826923076923 0.038461538461538464 0.026442307692307692
23 0.28725961538461536 0.4266826923076923 0.036057692307692304 0.026442307692307692
3 0.8149038461538461 0.4254807692307692 0.019230769230769232 0.057692307692307696
30 0.4723557692307692 0.4375 0.021634615384615384 0.02403846153846154
30 0.5 0.4519230769230769 0.028846153846153848 0.028846153846153848
30 0.4411057692307692 0.4567307692307692 0.026442307692307692 0.02403846153846154
23 0.9338942307692307 0.45913461538461536 0.036057692307692304 0.028846153846153848
30 0.5504807692307693 0.4651442307692308 0.014423076923076924 0.040865384615384616
3 0.2247596153846154 0.47115384615384615 0.036057692307692304 0.03365384615384615
3 0.3401442307692308 0.484375 0.016826923076923076 0.055288461538461536
23 0.3173076923076923 0.48677884615384615 0.019230769230769232 0.055288461538461536
23 0.9350961538461539 0.49158653846153844 0.03365384615384615 0.026442307692307692
6 0.28846153846153844 0.4951923076923077 0.03365384615384615 0.09615384615384616
30 0.4831730769230769 0.49759615384615385 0.019230769230769232 0.04326923076923077
30 0.5192307692307693 0.49759615384615385 0.019230769230769232 0.03365384615384615
30 0.5877403846153846 0.4987980769230769 0.016826923076923076 0.040865384615384616
30 0.5396634615384616 0.5 0.016826923076923076 0.038461538461538464
14 0.12740384615384615 0.5 0.09615384615384616 0.13942307692307693
6 0.96875 0.5012019230769231 0.03365384615384615 0.13701923076923078
30 0.38341346153846156 0.5084134615384616 0.026442307692307692 0.026442307692307692
30 0.45913461538461536 0.5168269230769231 0.019230769230769232 0.04326923076923077
19 0.027644230769230768 0.5288461538461539 0.036057692307692304 0.34615384615384615
30 0.5048076923076923 0.5384615384615384 0.019230769230769232 0.038461538461538464
6 0.5012019230769231 0.055288461538461536 0.9735576923076923 0.09615384615384616
30 0.5757211538461539 0.5552884615384616 0.016826923076923076 0.038461538461538464
23 0.5540865384615384 0.5612980769230769 0.01201923076923077 0.06009615384615385
30 0.46274038461538464 0.5769230769230769 0.01201923076923077 0.038461538461538464
30 0.49038461538461536 0.5805288461538461 0.028846153846153848 0.026442307692307692
30 0.5348557692307693 0.5829326923076923 0.026442307692307692 0.021634615384615384
30 0.43028846153846156 0.5901442307692307 0.02403846153846154 0.021634615384615384
30 0.12740384615384615 0.5985576923076923 0.02403846153846154 0.028846153846153848
23 0.4074519230769231 0.6141826923076923 0.016826923076923076 0.055288461538461536
30 0.5649038461538461 0.6274038461538461 0.019230769230769232 0.03365384615384615
30 0.5048076923076923 0.6370192307692307 0.014423076923076924 0.03365384615384615
30 0.45913461538461536 0.6454326923076923 0.019230769230769232 0.04567307692307692
3 0.8149038461538461 0.6574519230769231 0.019230769230769232 0.055288461538461536
3 0.609375 0.734375 0.016826923076923076 0.055288461538461536
26 0.027644230769230768 0.7536057692307693 0.036057692307692304 0.06009615384615385
30 0.7620192307692307 0.7908653846153846 0.019230769230769232 0.04326923076923077
14 0.6971153846153846 0.7908653846153846 0.08653846153846154 0.16346153846153846
14 0.11778846153846154 0.7920673076923077 0.08653846153846154 0.16105769230769232
30 0.3137019230769231 0.7920673076923077 0.021634615384615384 0.05048076923076923
14 0.39302884615384615 0.7932692307692307 0.0889423076923077 0.15384615384615385
30 0.9014423076923077 0.7932692307692307 0.014423076923076924 0.038461538461538464
30 0.18028846153846154 0.7932692307692307 0.02403846153846154 0.038461538461538464
30 0.45913461538461536 0.7932692307692307 0.019230769230769232 0.038461538461538464
14 0.5456730769230769 0.7932692307692307 0.09615384615384616 0.15865384615384615
14 0.25 0.7944711538461539 0.08653846153846154 0.15625
14 0.8425480769230769 0.7944711538461539 0.0889423076923077 0.15625
30 0.6069711538461539 0.7956730769230769 0.021634615384615384 0.04326923076923077
18 0.6298076923076923 0.8004807692307693 0.02403846153846154 0.057692307692307696
6 0.9110576923076923 0.8509615384615384 0.028846153846153848 0.08653846153846154
6 0.5012019230769231 0.9423076923076923 0.9735576923076923 0.09615384615384616
3 0.18389423076923078 0.14543269230769232 0.03125 0.026442307692307692
3 0.6274038461538461 0.14543269230769232 0.014423076923076924 0.05048076923076923
6 0.9122596153846154 0.14903846153846154 0.026442307692307692 0.09134615384615384
18 0.609375 0.18990384615384615 0.021634615384615384 0.057692307692307696