14 0.2932692307692308 0.29086538461538464 0.10576923076923077 0.09615384615384616
24 0.31490384615384615 0.3557692307692308 0.019230769230769232 0.009615384615384616
24 0.3173076923076923 0.3449519230769231 0.019230769230769232 0.01201923076923077
9 0.31490384615384615 0.36778846153846156 0.038461538461538464 0.019230769230769232
16 0.32211538461538464 0.41947115384615385 0.052884615384615384 0.021634615384615384
16 0.31971153846153844 0.4338942307692308 0.052884615384615384 0.021634615384615384
16 0.31971153846153844 0.45072115384615385 0.04807692307692308 0.016826923076923076
6 0.3245192307692308 0.5300480769230769 0.057692307692307696 0.0985576923076923
6 0.36177884615384615 0.16706730769230768 0.2764423076923077 0.1466346153846154
9 0.359375 0.296875 0.026442307692307692 0.026442307692307692
4 0.33413461538461536 0.7932692307692307 0.019230769230769232 0.009615384615384616
4 0.34375 0.6766826923076923 0.019230769230769232 0.01201923076923077
4 0.3425480769230769 0.7848557692307693 0.021634615384615384 0.01201923076923077
4 0.35216346153846156 0.6850961538461539 0.021634615384615384 0.009615384615384616
4 0.3473557692307692 0.8028846153846154 0.01201923076923077 0.014423076923076924
4 0.359375 0.6682692307692307 0.01201923076923077 0.014423076923076924
4 0.359375 0.7980769230769231 0.01201923076923077 0.014423076923076924
4 0.3713942307692308 0.6754807692307693 0.01201923076923077 0.014423076923076924
24 0.4483173076923077 0.3137019230769231 0.021634615384615384 0.01201923076923077
17 0.45072115384615385 0.30408653846153844 0.03125 0.01201923076923077
0 0.4543269230769231 0.2704326923076923 0.0625 0.055288461538461536
6 0.41346153846153844 0.9098557692307693 0.4519230769230769 0.11298076923076923
14 0.4423076923076923 0.7427884615384616 0.15384615384615385 0.11057692307692307
6 0.5420673076923077 0.19951923076923078 0.0889423076923077 0.10576923076923077
4 0.5108173076923077 0.8100961538461539 0.01201923076923077 0.014423076923076924
4 0.5204326923076923 0.6850961538461539 0.01201923076923077 0.014423076923076924
4 0.5228365384615384 0.8185096153846154 0.01201923076923077 0.01201923076923077
4 0.5324519230769231 0.6802884615384616 0.01201923076923077 0.014423076923076924
4 0.5384615384615384 0.6995192307692307 0.019230769230769232 0.009615384615384616
4 0.53125 0.8004807692307693 0.019230769230769232 0.009615384615384616
24 0.5324519230769231 0.7884615384615384 0.021634615384615384 0.009615384615384616
24 0.5420673076923077 0.75 0.021634615384615384 0.009615384615384616
4 0.5384615384615384 0.8088942307692307 0.019230769230769232 0.01201923076923077
4 0.5480769230769231 0.6923076923076923 0.019230769230769232 0.009615384615384616
9 0.5564903846153846 0.8233173076923077 0.040865384615384616 0.021634615384615384
4 0.5757211538461539 0.75 0.021634615384615384 0.009615384615384616
4 0.5757211538461539 0.7596153846153846 0.021634615384615384 0.009615384615384616
17 0.6153846153846154 0.27884615384615385 0.03365384615384615 0.014423076923076924
24 0.5805288461538461 0.8713942307692307 0.01201923076923077 0.01201923076923077
24 0.5925480769230769 0.8725961538461539 0.01201923076923077 0.014423076923076924
24 0.6069711538461539 0.875 0.01201923076923077 0.014423076923076924
4 0.6598557692307693 0.27403846153846156 0.021634615384615384 0.009615384615384616
24 0.6213942307692307 0.8762019230769231 0.01201923076923077 0.016826923076923076
24 0.6358173076923077 0.8774038461538461 0.01201923076923077 0.014423076923076924
4 0.6838942307692307 0.2620192307692308 0.021634615384615384 0.009615384615384616
14 0.7139423076923077 0.2932692307692308 0.09134615384615384 0.04807692307692308
4 0.7151442307692307 0.2644230769230769 0.021634615384615384 0.009615384615384616
6 0.6742788461538461 0.9074519230769231 0.026442307692307692 0.016826923076923076
16 0.6754807692307693 0.8846153846153846 0.028846153846153848 0.03365384615384615
6 0.7103365384615384 0.5336538461538461 0.09375 0.0673076923076923
4 0.7391826923076923 0.2644230769230769 0.021634615384615384 0.009615384615384616
6 0.7584134615384616 0.19471153846153846 0.2956730769230769 0.14903846153846154
16 0.7956730769230769 0.2776442307692308 0.04807692307692308 0.021634615384615384
17 0.7872596153846154 0.47596153846153844 0.03125 0.014423076923076924
17 0.7848557692307693 0.5036057692307693 0.03125 0.01201923076923077
17 0.796875 0.3641826923076923 0.03125 0.01201923076923077
17 0.7932692307692307 0.421875 0.028846153846153848 0.01201923076923077
17 0.7920673076923077 0.4495192307692308 0.03125 0.014423076923076924
17 0.7956730769230769 0.39302884615384615 0.03365384615384615 0.01201923076923077
17 0.7992788461538461 0.33774038461538464 0.03125 0.01201923076923077
17 0.8016826923076923 0.31009615384615385 0.03125 0.014423076923076924
6 0.7740384615384616 0.9158653846153846 0.15384615384615385 0.09134615384615384
25 0.8557692307692307 0.8521634615384616 0.11538461538461539 0.04567307692307692
25 0.8689903846153846 0.671875 0.11298076923076923 0.04567307692307692
25 0.8665865384615384 0.7163461538461539 0.11298076923076923 0.04326923076923077
25 0.8641826923076923 0.7632211538461539 0.11298076923076923 0.04567307692307692
25 0.8762019230769231 0.5829326923076923 0.11298076923076923 0.04567307692307692
25 0.8617788461538461 0.8088942307692307 0.11298076923076923 0.04567307692307692
25 0.8810096153846154 0.5372596153846154 0.11298076923076923 0.04567307692307692
25 0.8737980769230769 0.6274038461538461 0.11298076923076923 0.04326923076923077
0 0.8882211538461539 0.4795673076923077 0.07932692307692307 0.04567307692307692
0 0.8930288461538461 0.41947115384615385 0.07932692307692307 0.04567307692307692
0 0.8990384615384616 0.359375 0.08173076923076923 0.04567307692307692
0 0.9050480769230769 0.296875 0.08413461538461539 0.04567307692307692
6 0.12259615384615384 0.6790865384615384 0.14423076923076922 0.3004807692307692
6 0.1502403846153846 0.3473557692307692 0.1466346153846154 0.3004807692307692
4 0.14783653846153846 0.5180288461538461 0.01201923076923077 0.01201923076923077
14 0.16947115384615385 0.5204326923076923 0.016826923076923076 0.01201923076923077
24 0.19110576923076922 0.5204326923076923 0.01201923076923077 0.01201923076923077
16 0.19110576923076922 0.8040865384615384 0.03125 0.036057692307692304
6 0.18990384615384615 0.8257211538461539 0.028846153846153848 0.016826923076923076
6 0.2283653846153846 0.5216346153846154 0.03365384615384615 0.09134615384615384
14 0.21754807692307693 0.71875 0.06009615384615385 0.04326923076923077
6 0.24278846153846154 0.42788461538461536 0.028846153846153848 0.03365384615384615
9 0.2536057692307692 0.3641826923076923 0.040865384615384616 0.021634615384615384
9 0.2548076923076923 0.34615384615384615 0.038461538461538464 0.019230769230769232