19 0.26802884615384615 0.5228365384615384 0.06009615384615385 0.10336538461538461
6 0.2644230769230769 0.7307692307692307 0.14903846153846154 0.07692307692307693
6 0.2956730769230769 0.6742788461538461 0.11538461538461539 0.06490384615384616
19 0.35216346153846156 0.6165865384615384 0.1466346153846154 0.06009615384615385
19 0.3870192307692308 0.4807692307692308 0.14423076923076922 0.057692307692307696
14 0.36899038461538464 0.5492788461538461 0.15144230769230768 0.11778846153846154
6 0.4387019230769231 0.3762019230769231 0.34375 0.10817307692307693
19 0.47115384615384615 0.5745192307692307 0.057692307692307696 0.10096153846153846
6 0.43149038461538464 0.7536057692307693 0.18028846153846154 0.06971153846153846
30 0.5360576923076923 0.5973557692307693 0.02403846153846154 0.01201923076923077
30 0.5396634615384616 0.5841346153846154 0.026442307692307692 0.014423076923076924
6 0.5336538461538461 0.6189903846153846 0.08173076923076923 0.040865384615384616
5 0.5480769230769231 0.5637019230769231 0.08173076923076923 0.040865384615384616
6 0.5709134615384616 0.6057692307692307 0.026442307692307692 0.028846153846153848
16 0.5757211538461539 0.5817307692307693 0.026442307692307692 0.028846153846153848
6 0.6502403846153846 0.6177884615384616 0.09375 0.23557692307692307
6 0.6286057692307693 0.8401442307692307 0.23317307692307693 0.14182692307692307
6 0.7355769230769231 0.41586538461538464 0.23076923076923078 0.13942307692307693
4 0.734375 0.6033653846153846 0.016826923076923076 0.019230769230769232
16 0.7163461538461539 0.7560096153846154 0.02403846153846154 0.03125
14 0.7439903846153846 0.6430288461538461 0.06490384615384616 0.06009615384615385
6 0.7824519230769231 0.5264423076923077 0.040865384615384616 0.03365384615384615
24 0.7680288461538461 0.5913461538461539 0.026442307692307692 0.014423076923076924
4 0.7451923076923077 0.6862980769230769 0.028846153846153848 0.016826923076923076
4 0.765625 0.6033653846153846 0.026442307692307692 0.014423076923076924
4 0.7475961538461539 0.6766826923076923 0.028846153846153848 0.016826923076923076
4 0.7427884615384616 0.6983173076923077 0.028846153846153848 0.016826923076923076
4 0.7632211538461539 0.6129807692307693 0.026442307692307692 0.014423076923076924
16 0.7331730769230769 0.7584134615384616 0.02403846153846154 0.03125
4 0.7932692307692307 0.625 0.019230769230769232 0.019230769230769232
4 0.7980769230769231 0.6081730769230769 0.019230769230769232 0.019230769230769232
4 0.7884615384615384 0.6466346153846154 0.019230769230769232 0.019230769230769232
24 0.7836538461538461 0.6682692307692307 0.019230769230769232 0.019230769230769232
17 0.8161057692307693 0.7079326923076923 0.021634615384615384 0.026442307692307692
6 0.859375 0.5396634615384616 0.06971153846153846 0.18990384615384615
17 0.8233173076923077 0.6814903846153846 0.021634615384615384 0.026442307692307692
17 0.8305288461538461 0.65625 0.021634615384615384 0.02403846153846154
17 0.8100961538461539 0.7331730769230769 0.02403846153846154 0.028846153846153848
17 0.7932692307692307 0.8100961538461539 0.02403846153846154 0.028846153846153848
17 0.7860576923076923 0.8377403846153846 0.02403846153846154 0.03125
17 0.7980769230769231 0.7836538461538461 0.02403846153846154 0.028846153846153848
17 0.8040865384615384 0.7596153846153846 0.026442307692307692 0.028846153846153848
0 0.7836538461538461 0.8701923076923077 0.0673076923076923 0.04807692307692308
0 0.9302884615384616 0.5144230769230769 0.0673076923076923 0.04807692307692308
0 0.8978365384615384 0.65625 0.06971153846153846 0.04807692307692308
0 0.8629807692307693 0.7944711538461539 0.0673076923076923 0.05048076923076923
0 0.9206730769230769 0.5600961538461539 0.0673076923076923 0.04807692307692308
0 0.8737980769230769 0.7487980769230769 0.06490384615384616 0.04567307692307692
0 0.9086538461538461 0.6081730769230769 0.0673076923076923 0.04807692307692308
0 0.8509615384615384 0.84375 0.0673076923076923 0.04807692307692308
0 0.8858173076923077 0.703125 0.06490384615384616 0.04567307692307692
4 0.15985576923076922 0.3389423076923077 0.016826923076923076 0.019230769230769232
6 0.17427884615384615 0.29086538461538464 0.055288461538461536 0.0673076923076923
4 0.17908653846153846 0.34134615384615385 0.016826923076923076 0.019230769230769232
6 0.15264423076923078 0.5120192307692307 0.09375 0.23557692307692307
6 0.19591346153846154 0.34134615384615385 0.021634615384615384 0.019230769230769232
24 0.19471153846153846 0.38221153846153844 0.019230769230769232 0.019230769230769232
6 0.11778846153846154 0.6947115384615384 0.14903846153846154 0.07692307692307693
6 0.21394230769230768 0.34615384615384615 0.019230769230769232 0.019230769230769232
14 0.23076923076923078 0.30649038461538464 0.057692307692307696 0.055288461538461536
17 0.2127403846153846 0.3858173076923077 0.021634615384615384 0.026442307692307692
4 0.2283653846153846 0.33533653846153844 0.028846153846153848 0.016826923076923076
16 0.23918269230769232 0.34975961538461536 0.040865384615384616 0.026442307692307692