16 0.6033653846153846 0.34975961538461536 0.038461538461538464 0.016826923076923076
18 0.5685096153846154 0.35216346153846156 0.01201923076923077 0.016826923076923076
25 0.6850961538461539 0.3605769230769231 0.10096153846153846 0.0625
25 0.4254807692307692 0.3629807692307692 0.057692307692307696 0.0625
23 0.5673076923076923 0.3858173076923077 0.019230769230769232 0.01201923076923077
23 0.5673076923076923 0.3954326923076923 0.019230769230769232 0.01201923076923077
23 0.6129807692307693 0.4110576923076923 0.019230769230769232 0.009615384615384616
23 0.5673076923076923 0.41225961538461536 0.019230769230769232 0.01201923076923077
18 0.4735576923076923 0.4170673076923077 0.014423076923076924 0.016826923076923076
16 0.5072115384615384 0.4170673076923077 0.03365384615384615 0.016826923076923076
9 0.5913461538461539 0.43028846153846156 0.009615384615384616 0.038461538461538464
17 0.3173076923076923 0.43149038461538464 0.014423076923076924 0.021634615384615384
23 0.30288461538461536 0.43149038461538464 0.009615384615384616 0.036057692307692304
3 0.6334134615384616 0.4338942307692308 0.007211538461538462 0.026442307692307692
3 0.6670673076923077 0.4326923076923077 0.007211538461538462 0.02403846153846154
3 0.6526442307692307 0.43509615384615385 0.007211538461538462 0.02403846153846154
23 0.609375 0.4362980769230769 0.007211538461538462 0.026442307692307692
23 0.6189903846153846 0.4387019230769231 0.007211538461538462 0.026442307692307692
6 0.0733173076923077 0.44471153846153844 0.021634615384615384 0.1346153846153846
3 0.6947115384615384 0.44591346153846156 0.019230769230769232 0.01201923076923077
9 0.7115384615384616 0.45552884615384615 0.009615384615384616 0.036057692307692304
9 0.5745192307692307 0.4579326923076923 0.02403846153846154 0.01201923076923077
9 0.44711538461538464 0.46033653846153844 0.009615384615384616 0.036057692307692304
3 0.41947115384615385 0.46875 0.007211538461538462 0.02403846153846154
9 0.34615384615384615 0.46875 0.009615384615384616 0.038461538461538464
3 0.390625 0.4699519230769231 0.007211538461538462 0.026442307692307692
3 0.4026442307692308 0.4699519230769231 0.007211538461538462 0.026442307692307692
3 0.375 0.47115384615384615 0.009615384615384616 0.02403846153846154
23 0.35697115384615385 0.4723557692307692 0.007211538461538462 0.026442307692307692
3 0.5745192307692307 0.4723557692307692 0.019230769230769232 0.01201923076923077
0 0.31490384615384615 0.47475961538461536 0.028846153846153848 0.040865384615384616
9 0.5564903846153846 0.47596153846153844 0.007211538461538462 0.038461538461538464
23 0.7644230769230769 0.4855769230769231 0.019230769230769232 0.009615384615384616
26 0.5757211538461539 0.4879807692307692 0.01201923076923077 0.019230769230769232
9 0.46634615384615385 0.49038461538461536 0.009615384615384616 0.038461538461538464
3 0.47716346153846156 0.49158653846153844 0.007211538461538462 0.026442307692307692
3 0.5444711538461539 0.49158653846153844 0.007211538461538462 0.026442307692307692
14 0.5120192307692307 0.49158653846153844 0.057692307692307696 0.07932692307692307
23 0.7644230769230769 0.5 0.019230769230769232 0.009615384615384616
3 0.3245192307692308 0.5060096153846154 0.019230769230769232 0.01201923076923077
3 0.7644230769230769 0.5144230769230769 0.019230769230769232 0.009615384615384616
23 0.3245192307692308 0.5204326923076923 0.019230769230769232 0.01201923076923077
6 0.8822115384615384 0.5204326923076923 0.1875 0.31490384615384615
3 0.7139423076923077 0.5204326923076923 0.019230769230769232 0.01201923076923077
23 0.7860576923076923 0.5240384615384616 0.009615384615384616 0.009615384615384616
14 0.6466346153846154 0.5252403846153846 0.10096153846153846 0.14182692307692307
3 0.5769230769230769 0.5264423076923077 0.019230769230769232 0.009615384615384616
6 0.140625 0.5276442307692307 0.026442307692307692 0.2620192307692308
6 0.21754807692307693 0.5276442307692307 0.026442307692307692 0.2620192307692308
9 0.7620192307692307 0.5300480769230769 0.02403846153846154 0.01201923076923077
3 0.7139423076923077 0.5348557692307693 0.019230769230769232 0.01201923076923077
23 0.7644230769230769 0.5456730769230769 0.019230769230769232 0.009615384615384616
3 0.5769230769230769 0.5492788461538461 0.019230769230769232 0.01201923076923077
3 0.32572115384615385 0.5516826923076923 0.016826923076923076 0.01201923076923077
3 0.4675480769230769 0.5564903846153846 0.016826923076923076 0.01201923076923077
23 0.7644230769230769 0.5600961538461539 0.019230769230769232 0.009615384615384616
14 0.39783653846153844 0.5661057692307693 0.10336538461538461 0.14182692307692307
3 0.46875 0.5685096153846154 0.019230769230769232 0.01201923076923077
3 0.3245192307692308 0.5685096153846154 0.019230769230769232 0.007211538461538462
9 0.7139423076923077 0.5685096153846154 0.02403846153846154 0.01201923076923077
0 0.5072115384615384 0.5721153846153846 0.028846153846153848 0.038461538461538464
26 0.5757211538461539 0.5841346153846154 0.01201923076923077 0.019230769230769232
3 0.7127403846153846 0.5841346153846154 0.016826923076923076 0.009615384615384616
9 0.3245192307692308 0.5877403846153846 0.02403846153846154 0.01201923076923077
9 0.46875 0.5949519230769231 0.02403846153846154 0.01201923076923077
6 0.0733173076923077 0.6129807692307693 0.021634615384615384 0.1346153846153846
23 0.5757211538461539 0.6129807692307693 0.007211538461538462 0.02403846153846154
23 0.5637019230769231 0.6129807692307693 0.007211538461538462 0.02403846153846154
23 0.6430288461538461 0.6165865384615384 0.007211538461538462 0.026442307692307692
3 0.6237980769230769 0.6153846153846154 0.007211538461538462 0.02403846153846154
3 0.6334134615384616 0.6153846153846154 0.007211538461538462 0.02403846153846154
3 0.6526442307692307 0.6177884615384616 0.007211538461538462 0.02403846153846154
3 0.671875 0.6177884615384616 0.007211538461538462 0.02403846153846154
9 0.5925480769230769 0.6177884615384616 0.007211538461538462 0.03365384615384615
3 0.6622596153846154 0.6165865384615384 0.007211538461538462 0.026442307692307692
23 0.6117788461538461 0.6165865384615384 0.007211538461538462 0.026442307692307692
3 0.46875 0.6237980769230769 0.019230769230769232 0.01201923076923077
9 0.6923076923076923 0.6237980769230769 0.02403846153846154 0.01201923076923077
3 0.6923076923076923 0.6394230769230769 0.019230769230769232 0.009615384615384616
9 0.6706730769230769 0.640625 0.02403846153846154 0.01201923076923077
23 0.7824519230769231 0.6442307692307693 0.007211538461538462 0.03365384615384615
17 0.7439903846153846 0.6442307692307693 0.01201923076923077 0.02403846153846154
9 0.3389423076923077 0.6502403846153846 0.02403846153846154 0.01201923076923077
3 0.3762019230769231 0.6538461538461539 0.007211538461538462 0.02403846153846154
3 0.359375 0.6550480769230769 0.007211538461538462 0.026442307692307692
3 0.390625 0.6538461538461539 0.007211538461538462 0.02403846153846154
3 0.4026442307692308 0.6538461538461539 0.007211538461538462 0.02403846153846154
23 0.42908653846153844 0.6550480769230769 0.007211538461538462 0.026442307692307692
9 0.625 0.6550480769230769 0.02403846153846154 0.01201923076923077
9 0.44711538461538464 0.6598557692307693 0.009615384615384616 0.036057692307692304
3 0.4170673076923077 0.6610576923076923 0.007211538461538462 0.02403846153846154
23 0.6298076923076923 0.6670673076923077 0.019230769230769232 0.01201923076923077
23 0.5745192307692307 0.6682692307692307 0.019230769230769232 0.009615384615384616
9 0.7560096153846154 0.671875 0.03125 0.021634615384615384
3 0.7151442307692307 0.6754807692307693 0.007211538461538462 0.02403846153846154
3 0.6310096153846154 0.6790865384615384 0.016826923076923076 0.01201923076923077
23 0.6033653846153846 0.6862980769230769 0.019230769230769232 0.01201923076923077
30 0.7295673076923077 0.6850961538461539 0.016826923076923076 0.13942307692307693
22 0.3233173076923077 0.6887019230769231 0.026442307692307692 0.026442307692307692
14 0.6778846153846154 0.6911057692307693 0.057692307692307696 0.07932692307692307
26 0.6370192307692307 0.6935096153846154 0.014423076923076924 0.016826923076923076
3 0.6033653846153846 0.6971153846153846 0.019230769230769232 0.009615384615384616
26 0.27163461538461536 0.7043269230769231 0.019230769230769232 0.028846153846153848
0 0.47115384615384615 0.703125 0.028846153846153848 0.040865384615384616
17 0.7439903846153846 0.7091346153846154 0.01201923076923077 0.02403846153846154
26 0.6370192307692307 0.7103365384615384 0.014423076923076924 0.016826923076923076
3 0.1141826923076923 0.7115384615384616 0.007211538461538462 0.02403846153846154
9 0.7139423076923077 0.7115384615384616 0.009615384615384616 0.03365384615384615
17 0.39903846153846156 0.7127403846153846 0.014423076923076924 0.021634615384615384
17 0.38221153846153844 0.7127403846153846 0.014423076923076924 0.021634615384615384
17 0.41586538461538464 0.7127403846153846 0.014423076923076924 0.021634615384615384
17 0.4326923076923077 0.7127403846153846 0.014423076923076924 0.021634615384615384
9 0.12259615384615384 0.7163461538461539 0.009615384615384616 0.03365384615384615
22 0.32211538461538464 0.7223557692307693 0.02403846153846154 0.026442307692307692
5 0.6021634615384616 0.7247596153846154 0.03125 0.040865384615384616
23 0.5733173076923077 0.7247596153846154 0.007211538461538462 0.026442307692307692
26 0.6370192307692307 0.7247596153846154 0.014423076923076924 0.016826923076923076
23 0.7668269230769231 0.7271634615384616 0.02403846153846154 0.01201923076923077
17 0.4326923076923077 0.7391826923076923 0.014423076923076924 0.021634615384615384
17 0.39903846153846156 0.7415865384615384 0.014423076923076924 0.021634615384615384
17 0.38221153846153844 0.7415865384615384 0.014423076923076924 0.021634615384615384
17 0.41586538461538464 0.7415865384615384 0.014423076923076924 0.021634615384615384
23 0.6875 0.7415865384615384 0.019230769230769232 0.01201923076923077
23 0.6670673076923077 0.7439903846153846 0.021634615384615384 0.01201923076923077
17 0.7439903846153846 0.7463942307692307 0.01201923076923077 0.021634615384615384
23 0.9182692307692307 0.75 0.019230769230769232 0.009615384615384616
23 0.25 0.7536057692307693 0.019230769230769232 0.01201923076923077
22 0.32211538461538464 0.7560096153846154 0.02403846153846154 0.026442307692307692
23 0.5709134615384616 0.7584134615384616 0.007211538461538462 0.026442307692307692
23 0.9158653846153846 0.7644230769230769 0.019230769230769232 0.009615384615384616
17 0.39903846153846156 0.7680288461538461 0.014423076923076924 0.021634615384615384
17 0.41586538461538464 0.7680288461538461 0.014423076923076924 0.021634615384615384
17 0.4326923076923077 0.7680288461538461 0.014423076923076924 0.021634615384615384
17 0.38221153846153844 0.7680288461538461 0.014423076923076924 0.021634615384615384
23 0.25 0.7680288461538461 0.019230769230769232 0.01201923076923077
23 0.7572115384615384 0.7704326923076923 0.02403846153846154 0.01201923076923077
26 0.5 0.7704326923076923 0.019230769230769232 0.026442307692307692
22 0.32211538461538464 0.7920673076923077 0.02403846153846154 0.026442307692307692
17 0.41586538461538464 0.7944711538461539 0.014423076923076924 0.021634615384615384
17 0.38221153846153844 0.7944711538461539 0.014423076923076924 0.021634615384615384
17 0.39903846153846156 0.7944711538461539 0.014423076923076924 0.021634615384615384
17 0.4326923076923077 0.7944711538461539 0.014423076923076924 0.021634615384615384
6 0.8653846153846154 0.8076923076923077 0.2644230769230769 0.0625
6 0.19831730769230768 0.8100961538461539 0.07932692307692307 0.028846153846153848
23 0.7475961538461539 0.8353365384615384 0.019230769230769232 0.01201923076923077
20 0.5673076923076923 0.8389423076923077 0.04326923076923077 0.0625
25 0.6862980769230769 0.8389423076923077 0.10336538461538461 0.0625
6 0.36177884615384615 0.8605769230769231 0.06971153846153846 0.019230769230769232
6 0.1971153846153846 0.8665865384615384 0.11057692307692307 0.026442307692307692
6 0.8665865384615384 0.8990384615384616 0.17548076923076922 0.10576923076923077
23 0.5276442307692307 0.11538461538461539 0.007211538461538462 0.019230769230769232
23 0.5108173076923077 0.11658653846153846 0.007211538461538462 0.016826923076923076
14 0.5420673076923077 0.11899038461538461 0.01201923076923077 0.016826923076923076
23 0.5012019230769231 0.11899038461538461 0.007211538461538462 0.026442307692307692
23 0.5973557692307693 0.11899038461538461 0.007211538461538462 0.026442307692307692
23 0.5877403846153846 0.11899038461538461 0.007211538461538462 0.026442307692307692
23 0.6814903846153846 0.1201923076923077 0.007211538461538462 0.03365384615384615
23 0.6923076923076923 0.1201923076923077 0.009615384615384616 0.03365384615384615
17 0.6502403846153846 0.11899038461538461 0.01201923076923077 0.016826923076923076
26 0.4795673076923077 0.12259615384615384 0.01201923076923077 0.019230769230769232
26 0.7127403846153846 0.125 0.01201923076923077 0.019230769230769232
6 0.19591346153846154 0.12980769230769232 0.11298076923076923 0.028846153846153848
26 0.4495192307692308 0.13581730769230768 0.019230769230769232 0.026442307692307692
9 0.5432692307692307 0.1466346153846154 0.04326923076923077 0.019230769230769232
9 0.6814903846153846 0.1502403846153846 0.040865384615384616 0.021634615384615384
9 0.6201923076923077 0.15264423076923078 0.04326923076923077 0.021634615384615384
3 0.5805288461538461 0.16105769230769232 0.007211538461538462 0.02403846153846154
3 0.49158653846153844 0.16346153846153846 0.007211538461538462 0.02403846153846154
6 0.7572115384615384 0.16826923076923078 0.052884615384615384 0.07211538461538461
9 0.4375 0.17427884615384615 0.04326923076923077 0.021634615384615384
6 0.19471153846153846 0.18269230769230768 0.08173076923076923 0.03365384615384615
9 0.4723557692307692 0.18870192307692307 0.016826923076923076 0.05048076923076923
25 0.9182692307692307 0.19471153846153846 0.125 0.08173076923076923
14 0.5264423076923077 0.20673076923076922 0.08173076923076923 0.08653846153846154
14 0.6418269230769231 0.20793269230769232 0.08653846153846154 0.08413461538461539
9 0.5853365384615384 0.2091346153846154 0.01201923076923077 0.038461538461538464
14 0.7079326923076923 0.2247596153846154 0.03125 0.06971153846153846
9 0.30649038461538464 0.23076923076923078 0.036057692307692304 0.02403846153846154
23 0.13581730769230768 0.234375 0.016826923076923076 0.01201923076923077
6 0.4362980769230769 0.23798076923076922 0.06971153846153846 0.019230769230769232
23 0.13822115384615385 0.24759615384615385 0.016826923076923076 0.009615384615384616
9 0.47596153846153844 0.2608173076923077 0.009615384615384616 0.036057692307692304
3 0.48677884615384615 0.2620192307692308 0.007211538461538462 0.02403846153846154
9 0.5240384615384616 0.2704326923076923 0.052884615384615384 0.026442307692307692
9 0.6346153846153846 0.27163461538461536 0.057692307692307696 0.028846153846153848
29 0.5793269230769231 0.27403846153846156 0.04326923076923077 0.038461538461538464
18 0.4411057692307692 0.28365384615384615 0.007211538461538462 0.02403846153846154
6 0.7584134615384616 0.2848557692307692 0.05048076923076923 0.06971153846153846
14 0.42788461538461536 0.28365384615384615 0.014423076923076924 0.02403846153846154
23 0.4050480769230769 0.2860576923076923 0.007211538461538462 0.02403846153846154
23 0.41466346153846156 0.2860576923076923 0.007211538461538462 0.02403846153846154
6 0.9134615384615384 0.31971153846153844 0.07211538461538461 0.0673076923076923
6 0.36538461538461536 0.328125 0.019230769230769232 0.1658653846153846
6 0.2980769230769231 0.328125 0.019230769230769232 0.1658653846153846