6 0.9375 0.41346153846153844 0.038461538461538464 0.14423076923076922
19 0.5 0.4026442307692308 0.038461538461538464 0.03125
19 0.42908653846153844 0.43028846153846156 0.026442307692307692 0.11538461538461539
19 0.859375 0.4891826923076923 0.055288461538461536 0.2620192307692308
19 0.7824519230769231 0.4795673076923077 0.055288461538461536 0.2668269230769231
19 0.6826923076923077 0.5252403846153846 0.038461538461538464 0.026442307692307692
6 0.9182692307692307 0.5805288461538461 0.038461538461538464 0.14182692307692307
19 0.49278846153846156 0.5612980769230769 0.0625 0.03125
19 0.5564903846153846 0.6201923076923077 0.055288461538461536 0.0673076923076923
19 0.2980769230769231 0.59375 0.10096153846153846 0.08173076923076923
19 0.390625 0.6141826923076923 0.06009615384615385 0.026442307692307692
6 0.6814903846153846 0.6694711538461539 0.04567307692307692 0.17548076923076922
6 0.6129807692307693 0.6646634615384616 0.04326923076923077 0.17548076923076922
19 0.078125 0.6225961538461539 0.06490384615384616 0.08173076923076923
6 0.21514423076923078 0.6610576923076923 0.06490384615384616 0.08173076923076923
19 0.5300480769230769 0.7475961538461539 0.06971153846153846 0.028846153846153848
19 0.0733173076923077 0.734375 0.08413461538461539 0.0985576923076923
25 0.010817307692307692 0.7319711538461539 0.021634615384615384 0.04567307692307692
6 0.7668269230769231 0.828125 0.08653846153846154 0.04567307692307692
6 0.203125 0.7764423076923077 0.06971153846153846 0.08173076923076923
6 0.7596153846153846 0.8822115384615384 0.1201923076923077 0.052884615384615384
19 0.47596153846153844 0.8533653846153846 0.019230769230769232 0.02403846153846154
19 0.24158653846153846 0.8257211538461539 0.016826923076923076 0.026442307692307692
6 0.8425480769230769 0.14903846153846154 0.11778846153846154 0.04807692307692308
19 0.6790865384615384 0.13341346153846154 0.06971153846153846 0.021634615384615384
19 0.18028846153846154 0.07692307692307693 0.1201923076923077 0.052884615384615384
19 0.4723557692307692 0.12980769230769232 0.055288461538461536 0.052884615384615384
19 0.35697115384615385 0.1201923076923077 0.10336538461538461 0.08653846153846154
6 0.8377403846153846 0.20192307692307693 0.08413461538461539 0.04326923076923077
19 0.17427884615384615 0.12980769230769232 0.0889423076923077 0.04807692307692308
19 0.3870192307692308 0.25240384615384615 0.019230769230769232 0.052884615384615384
19 0.5504807692307693 0.2764423076923077 0.038461538461538464 0.028846153846153848
19 0.2932692307692308 0.265625 0.03365384615384615 0.14182692307692307