6 0.5961538461538461 0.06610576923076923 0.14423076923076922 0.036057692307692304
19 0.5973557692307693 0.5048076923076923 0.03125 0.038461538461538464
19 0.5697115384615384 0.5745192307692307 0.11538461538461539 0.02403846153846154
19 0.5180288461538461 0.140625 0.2620192307692308 0.05048076923076923
19 0.5252403846153846 0.22115384615384615 0.2668269230769231 0.052884615384615384
19 0.4795673076923077 0.31971153846153844 0.026442307692307692 0.038461538461538464
6 0.4266826923076923 0.08052884615384616 0.14182692307692307 0.036057692307692304
19 0.4387019230769231 0.5072115384615384 0.03125 0.0625
19 0.38221153846153844 0.4411057692307692 0.0673076923076923 0.055288461538461536
19 0.4026442307692308 0.7019230769230769 0.07932692307692307 0.10096153846153846
19 0.38461538461538464 0.609375 0.02403846153846154 0.06009615384615385
6 0.3329326923076923 0.3161057692307692 0.17548076923076922 0.040865384615384616
6 0.33774038461538464 0.38461538461538464 0.17548076923076922 0.038461538461538464
19 0.3713942307692308 0.9206730769230769 0.07932692307692307 0.0625
6 0.33533653846153844 0.7836538461538461 0.07932692307692307 0.0625
19 0.2548076923076923 0.4675480769230769 0.028846153846153848 0.06971153846153846
19 0.25841346153846156 0.9242788461538461 0.0985576923076923 0.08413461538461539
25 0.25961538461538464 0.9867788461538461 0.04326923076923077 0.021634615384615384
6 0.1778846153846154 0.22956730769230768 0.04326923076923077 0.08413461538461539
6 0.21995192307692307 0.7932692307692307 0.07932692307692307 0.0673076923076923
6 0.12379807692307693 0.234375 0.05048076923076923 0.11778846153846154
19 0.1466346153846154 0.5192307692307693 0.02403846153846154 0.019230769230769232
19 0.16947115384615385 0.7536057692307693 0.026442307692307692 0.016826923076923076
6 0.859375 0.16466346153846154 0.04567307692307692 0.11778846153846154
19 0.8713942307692307 0.3293269230769231 0.021634615384615384 0.0673076923076923
19 0.9170673076923077 0.828125 0.05048076923076923 0.11778846153846154
19 0.8701923076923077 0.5348557692307693 0.052884615384615384 0.055288461538461536
19 0.8786057692307693 0.6526442307692307 0.08413461538461539 0.10336538461538461
6 0.8064903846153846 0.16947115384615385 0.040865384615384616 0.08413461538461539
19 0.8677884615384616 0.8341346153846154 0.04807692307692308 0.08653846153846154
19 0.7451923076923077 0.6189903846153846 0.052884615384615384 0.016826923076923076
19 0.7259615384615384 0.4543269230769231 0.028846153846153848 0.038461538461538464
19 0.7319711538461539 0.7127403846153846 0.14182692307692307 0.03125