6 0.5204326923076923 0.6009615384615384 0.06009615384615385 0.11057692307692307
6 0.051682692307692304 0.5120192307692307 0.06971153846153846 0.038461538461538464
24 0.5216346153846154 0.8100961538461539 0.019230769230769232 0.014423076923076924
24 0.5288461538461539 0.859375 0.019230769230769232 0.016826923076923076
14 0.5384615384615384 0.8389423076923077 0.02403846153846154 0.019230769230769232
24 0.5396634615384616 0.8100961538461539 0.016826923076923076 0.014423076923076924
6 0.5576923076923077 0.9555288461538461 0.11057692307692307 0.06009615384615385
24 0.5661057692307693 0.8317307692307693 0.03125 0.009615384615384616
14 0.5853365384615384 0.4074519230769231 0.45913461538461536 0.2860576923076923
6 0.5901442307692307 0.24639423076923078 0.2283653846153846 0.04567307692307692
9 0.5829326923076923 0.8125 0.055288461538461536 0.019230769230769232
6 0.6009615384615384 0.6009615384615384 0.052884615384615384 0.11538461538461539
6 0.6213942307692307 0.08052884615384616 0.21394230769230768 0.15144230769230768
4 0.5925480769230769 0.90625 0.03125 0.009615384615384616
14 0.6045673076923077 0.8653846153846154 0.0889423076923077 0.052884615384615384
14 0.6081730769230769 0.796875 0.04326923076923077 0.021634615384615384
4 0.6069711538461539 0.8978365384615384 0.036057692307692304 0.01201923076923077
24 0.0625 0.5384615384615384 0.057692307692307696 0.019230769230769232
4 0.609375 0.9206730769230769 0.03125 0.009615384615384616
4 0.6129807692307693 0.78125 0.028846153846153848 0.009615384615384616
4 0.6141826923076923 0.7716346153846154 0.03125 0.009615384615384616
15 0.6165865384615384 0.9098557692307693 0.016826923076923076 0.016826923076923076
4 0.625 0.8245192307692307 0.028846153846153848 0.009615384615384616
6 0.6682692307692307 0.6081730769230769 0.057692307692307696 0.11057692307692307
4 0.6670673076923077 0.8665865384615384 0.016826923076923076 0.016826923076923076
4 0.671875 0.8822115384615384 0.03125 0.009615384615384616
24 0.07091346153846154 0.45552884615384615 0.03125 0.007211538461538462
6 0.6911057692307693 0.9615384615384616 0.11298076923076923 0.0625
9 0.6971153846153846 0.8305288461538461 0.10576923076923077 0.06009615384615385
4 0.7271634615384616 0.7355769230769231 0.03125 0.03365384615384615
4 0.7584134615384616 0.6730769230769231 0.06490384615384616 0.019230769230769232
7 0.7716346153846154 0.703125 0.07211538461538461 0.021634615384615384
24 0.7848557692307693 0.7788461538461539 0.03125 0.009615384615384616
18 0.7848557692307693 0.7692307692307693 0.03125 0.009615384615384616
4 0.7848557692307693 0.7884615384615384 0.03125 0.009615384615384616
4 0.7896634615384616 0.7548076923076923 0.03125 0.009615384615384616
9 0.7920673076923077 0.8377403846153846 0.0889423076923077 0.06009615384615385
16 0.8185096153846154 0.6177884615384616 0.06971153846153846 0.028846153846153848
24 0.8161057692307693 0.7283653846153846 0.07451923076923077 0.019230769230769232
6 0.8209134615384616 0.5997596153846154 0.06971153846153846 0.016826923076923076
24 0.8233173076923077 0.7908653846153846 0.03125 0.009615384615384616
14 0.8221153846153846 0.7680288461538461 0.03365384615384615 0.026442307692307692
7 0.8257211538461539 0.8774038461538461 0.07451923076923077 0.02403846153846154
6 0.84375 0.47596153846153844 0.07692307692307693 0.038461538461538464
26 0.8509615384615384 0.5516826923076923 0.04326923076923077 0.026442307692307692
24 0.8497596153846154 0.7848557692307693 0.016826923076923076 0.016826923076923076
6 0.8846153846153846 0.0889423076923077 0.22115384615384615 0.15384615384615385
4 0.8617788461538461 0.7620192307692307 0.03125 0.009615384615384616
6 0.8569711538461539 0.9435096153846154 0.17548076923076922 0.10817307692307693
4 0.8689903846153846 0.6274038461538461 0.03125 0.009615384615384616
15 0.8677884615384616 0.6838942307692307 0.10096153846153846 0.06009615384615385
4 0.8737980769230769 0.6165865384615384 0.036057692307692304 0.01201923076923077
6 0.8677884615384616 0.8353365384615384 0.07692307692307693 0.036057692307692304
18 0.8737980769230769 0.7908653846153846 0.03125 0.009615384615384616
29 0.8966346153846154 0.734375 0.0625 0.040865384615384616
18 0.9002403846153846 0.7896634615384616 0.016826923076923076 0.016826923076923076
26 0.9098557692307693 0.5901442307692307 0.040865384615384616 0.03125
18 0.9242788461538461 0.37740384615384615 0.12259615384615384 0.16346153846153846
26 0.9194711538461539 0.5504807692307693 0.040865384615384616 0.028846153846153848
25 0.9254807692307693 0.4699519230769231 0.08173076923076923 0.026442307692307692
26 0.9615384615384616 0.8269230769230769 0.04326923076923077 0.028846153846153848
26 0.9615384615384616 0.8545673076923077 0.038461538461538464 0.03125
24 0.9663461538461539 0.9134615384615384 0.019230769230769232 0.014423076923076924
17 0.9663461538461539 0.9302884615384616 0.019230769230769232 0.014423076923076924
17 0.08774038461538461 0.8822115384615384 0.016826923076923076 0.014423076923076924
6 0.11899038461538461 0.07091346153846154 0.2091346153846154 0.14182692307692307
16 0.11057692307692307 0.5576923076923077 0.04326923076923077 0.014423076923076924
16 0.11298076923076923 0.5204326923076923 0.052884615384615384 0.016826923076923076
16 0.11298076923076923 0.5456730769230769 0.04326923076923077 0.014423076923076924
16 0.11298076923076923 0.5336538461538461 0.04326923076923077 0.014423076923076924
4 0.11538461538461539 0.47716346153846156 0.009615384615384616 0.01201923076923077
16 0.11658653846153846 0.6442307692307693 0.06971153846153846 0.019230769230769232
6 0.11658653846153846 0.6009615384615384 0.05048076923076923 0.07692307692307693
16 0.1141826923076923 0.6682692307692307 0.06971153846153846 0.019230769230769232
25 0.10576923076923077 0.9387019230769231 0.09615384615384616 0.05048076923076923
16 0.1141826923076923 0.6947115384615384 0.06971153846153846 0.019230769230769232
16 0.11658653846153846 0.6826923076923077 0.06971153846153846 0.019230769230769232
16 0.11658653846153846 0.65625 0.06971153846153846 0.019230769230769232
14 0.12620192307692307 0.49278846153846156 0.021634615384615384 0.009615384615384616
6 0.13221153846153846 0.4014423076923077 0.04326923076923077 0.1201923076923077
24 0.1141826923076923 0.8834134615384616 0.016826923076923076 0.016826923076923076
6 0.1346153846153846 0.8365384615384616 0.08173076923076923 0.03365384615384615
24 0.14423076923076922 0.8858173076923077 0.019230769230769232 0.016826923076923076
6 0.15144230769230768 0.7608173076923077 0.1201923076923077 0.040865384615384616
17 0.19230769230769232 0.8882211538461539 0.019230769230769232 0.016826923076923076
6 0.21033653846153846 0.8377403846153846 0.07451923076923077 0.036057692307692304
25 0.21514423076923078 0.9435096153846154 0.09375 0.05048076923076923
24 0.22235576923076922 0.8882211538461539 0.016826923076923076 0.016826923076923076
24 0.23677884615384615 0.65625 0.03125 0.009615384615384616
24 0.23918269230769232 0.6442307692307693 0.03125 0.009615384615384616
24 0.2512019230769231 0.890625 0.016826923076923076 0.016826923076923076
6 0.2644230769230769 0.7644230769230769 0.09615384615384616 0.038461538461538464
6 0.2848557692307692 0.8401442307692307 0.07451923076923077 0.036057692307692304
17 0.30288461538461536 0.8930288461538461 0.019230769230769232 0.016826923076923076
25 0.3269230769230769 0.9483173076923077 0.09134615384615384 0.05048076923076923
24 0.33052884615384615 0.8930288461538461 0.016826923076923076 0.016826923076923076
6 0.3629807692307692 0.07572115384615384 0.21634615384615385 0.15144230769230768
26 0.042067307692307696 0.35336538461538464 0.040865384615384616 0.028846153846153848
26 0.04326923076923077 0.3125 0.038461538461538464 0.028846153846153848
24 0.359375 0.8954326923076923 0.016826923076923076 0.016826923076923076
0 0.03125 0.7127403846153846 0.04326923076923077 0.04567307692307692
16 0.03485576923076923 0.7872596153846154 0.06971153846153846 0.040865384615384616
26 0.042067307692307696 0.42427884615384615 0.040865384615384616 0.026442307692307692
26 0.3786057692307692 0.8425480769230769 0.040865384615384616 0.03125
17 0.41346153846153844 0.8978365384615384 0.019230769230769232 0.016826923076923076
6 0.45072115384615385 0.5973557692307693 0.06009615384615385 0.11298076923076923
25 0.4411057692307692 0.953125 0.09375 0.05048076923076923
24 0.44350961538461536 0.9002403846153846 0.016826923076923076 0.016826923076923076
4 0.4735576923076923 0.7992788461538461 0.03365384615384615 0.01201923076923077
24 0.4735576923076923 0.9002403846153846 0.019230769230769232 0.016826923076923076
6 0.49278846153846156 0.7536057692307693 0.16826923076923078 0.040865384615384616
24 0.5024038461538461 0.8100961538461539 0.019230769230769232 0.014423076923076924
4 0.5036057692307693 0.8293269230769231 0.03125 0.009615384615384616