9 0.8341346153846154 0.45552884615384615 0.08653846153846154 0.06490384615384616
4 0.8641826923076923 0.6526442307692307 0.016826923076923076 0.021634615384615384
4 0.8473557692307693 0.6538461538461539 0.021634615384615384 0.02403846153846154
4 0.8257211538461539 0.6574519230769231 0.021634615384615384 0.021634615384615384
14 0.8161057692307693 0.6021634615384616 0.08413461538461539 0.07451923076923077
24 0.7704326923076923 0.39302884615384615 0.03125 0.036057692307692304
24 0.8269230769230769 0.7692307692307693 0.028846153846153848 0.03365384615384615
15 0.8173076923076923 0.7151442307692307 0.03365384615384615 0.036057692307692304
4 0.8161057692307693 0.7415865384615384 0.040865384615384616 0.016826923076923076
4 0.7764423076923077 0.5637019230769231 0.02403846153846154 0.026442307692307692
4 0.7884615384615384 0.6622596153846154 0.019230769230769232 0.026442307692307692
6 0.8016826923076923 0.8930288461538461 0.3918269230769231 0.17067307692307693
8 0.7319711538461539 0.3894230769230769 0.04567307692307692 0.04807692307692308
4 0.765625 0.6670673076923077 0.021634615384615384 0.026442307692307692
9 0.7283653846153846 0.4735576923076923 0.09134615384615384 0.0673076923076923
14 0.7403846153846154 0.6141826923076923 0.08653846153846154 0.07451923076923077
4 0.7043269230769231 0.41947115384615385 0.019230769230769232 0.021634615384615384
4 0.7439903846153846 0.6706730769230769 0.016826923076923076 0.02403846153846154
4 0.6959134615384616 0.38461538461538464 0.021634615384615384 0.02403846153846154
24 0.7512019230769231 0.78125 0.03125 0.03365384615384615
15 0.734375 0.7283653846153846 0.03125 0.038461538461538464
4 0.7319711538461539 0.7560096153846154 0.040865384615384616 0.016826923076923076
4 0.7043269230769231 0.5745192307692307 0.028846153846153848 0.028846153846153848
14 0.6490384615384616 0.27403846153846156 0.22596153846153846 0.19230769230769232
4 0.7103365384615384 0.6742788461538461 0.021634615384615384 0.026442307692307692
4 0.6875 0.6802884615384616 0.019230769230769232 0.02403846153846154
26 0.640625 0.41346153846153844 0.036057692307692304 0.02403846153846154
26 0.6418269230769231 0.4326923076923077 0.03365384615384615 0.02403846153846154
14 0.6502403846153846 0.5396634615384616 0.040865384615384616 0.03125
14 0.6646634615384616 0.625 0.0889423076923077 0.07211538461538461
4 0.6670673076923077 0.6814903846153846 0.021634615384615384 0.026442307692307692
4 0.5588942307692307 0.028846153846153848 0.05048076923076923 0.052884615384615384
8 0.5817307692307693 0.18269230769230768 0.07211538461538461 0.03365384615384615
15 0.6658653846153846 0.7379807692307693 0.02403846153846154 0.03365384615384615
4 0.6021634615384616 0.38100961538461536 0.026442307692307692 0.026442307692307692
4 0.6165865384615384 0.46875 0.021634615384615384 0.02403846153846154
24 0.6682692307692307 0.7944711538461539 0.028846153846153848 0.03125
4 0.65625 0.7680288461538461 0.038461538461538464 0.016826923076923076
4 0.6201923076923077 0.5492788461538461 0.02403846153846154 0.026442307692307692
4 0.625 0.5769230769230769 0.02403846153846154 0.028846153846153848
4 0.6430288461538461 0.6862980769230769 0.021634615384615384 0.026442307692307692
6 0.5372596153846154 0.0889423076923077 0.40625 0.10096153846153846
26 0.9867788461538461 0.703125 0.021634615384615384 0.03125
4 0.6045673076923077 0.6742788461538461 0.055288461538461536 0.04567307692307692
4 0.5276442307692307 0.19591346153846154 0.021634615384615384 0.026442307692307692
4 0.59375 0.6225961538461539 0.04807692307692308 0.04807692307692308
9 0.5348557692307693 0.33533653846153844 0.05048076923076923 0.06009615384615385
14 0.5288461538461539 0.5084134615384616 0.17307692307692307 0.10336538461538461
14 0.5132211538461539 0.4230769230769231 0.18509615384615385 0.10576923076923077
6 0.45072115384615385 0.14903846153846154 0.8052884615384616 0.18269230769230768
9 0.47115384615384615 0.2956730769230769 0.11538461538461539 0.08173076923076923
9 0.4567307692307692 0.23076923076923078 0.11538461538461539 0.08173076923076923
4 0.49759615384615385 0.65625 0.04807692307692308 0.04807692307692308
4 0.5036057692307693 0.7091346153846154 0.05048076923076923 0.04807692307692308
18 0.5024038461538461 0.7487980769230769 0.028846153846153848 0.03125
4 0.43509615384615385 0.35697115384615385 0.052884615384615384 0.05048076923076923
4 0.5036057692307693 0.8485576923076923 0.04567307692307692 0.04326923076923077
4 0.96875 0.6153846153846154 0.04807692307692308 0.04807692307692308
4 0.4338942307692308 0.4987980769230769 0.026442307692307692 0.026442307692307692
24 0.4735576923076923 0.7524038461538461 0.028846153846153848 0.03365384615384615
4 0.453125 0.6213942307692307 0.021634615384615384 0.026442307692307692
4 0.41947115384615385 0.4110576923076923 0.021634615384615384 0.02403846153846154
4 0.9591346153846154 0.5661057692307693 0.04326923076923077 0.04567307692307692
4 0.4579326923076923 0.6862980769230769 0.021634615384615384 0.026442307692307692
14 0.4411057692307692 0.6538461538461539 0.05048076923076923 0.038461538461538464
23 0.36778846153846156 0.21995192307692307 0.04807692307692308 0.03125
4 0.4362980769230769 0.6899038461538461 0.026442307692307692 0.02403846153846154
24 0.4411057692307692 0.7584134615384616 0.026442307692307692 0.03125
4 0.328125 0.06490384615384616 0.04567307692307692 0.04807692307692308
4 0.375 0.40384615384615385 0.02403846153846154 0.02403846153846154
4 0.39783653846153844 0.5588942307692307 0.021634615384615384 0.021634615384615384
24 0.4411057692307692 0.8545673076923077 0.03125 0.036057692307692304
18 0.41346153846153844 0.7632211538461539 0.028846153846153848 0.03125
14 0.41466346153846156 0.8076923076923077 0.10336538461538461 0.0625
4 0.3858173076923077 0.6322115384615384 0.021634615384615384 0.02403846153846154
4 0.390625 0.6971153846153846 0.021634615384615384 0.02403846153846154
24 0.41346153846153844 0.8569711538461539 0.028846153846153848 0.03125
4 0.33413461538461536 0.36538461538461536 0.04807692307692308 0.04807692307692308
14 0.37740384615384615 0.6646634615384616 0.04807692307692308 0.040865384615384616
24 0.9795673076923077 0.7463942307692307 0.03125 0.036057692307692304
17 0.9831730769230769 0.7872596153846154 0.028846153846153848 0.040865384615384616
24 0.38221153846153844 0.7692307692307693 0.028846153846153848 0.03365384615384615
4 0.36778846153846156 0.7019230769230769 0.019230769230769232 0.02403846153846154
24 0.38221153846153844 0.8617788461538461 0.028846153846153848 0.03125
9 0.2824519230769231 0.2403846153846154 0.09375 0.0625
24 0.35336538461538464 0.7728365384615384 0.028846153846153848 0.03125
4 0.35697115384615385 0.8341346153846154 0.021634615384615384 0.02403846153846154
8 0.9194711538461539 0.39302884615384615 0.04567307692307692 0.05048076923076923
14 0.2860576923076923 0.4423076923076923 0.1778846153846154 0.10576923076923077
14 0.30288461538461536 0.5444711538461539 0.17307692307692307 0.0985576923076923
24 0.35096153846153844 0.8665865384615384 0.028846153846153848 0.03125
4 0.3088942307692308 0.6454326923076923 0.021634615384615384 0.026442307692307692
4 0.31490384615384615 0.7079326923076923 0.02403846153846154 0.026442307692307692
24 0.31971153846153844 0.7776442307692307 0.028846153846153848 0.03125
4 0.22956730769230768 0.22956730769230768 0.021634615384615384 0.026442307692307692
14 0.3004807692307692 0.6790865384615384 0.052884615384615384 0.040865384615384616
24 0.32211538461538464 0.8713942307692307 0.028846153846153848 0.03125
4 0.2920673076923077 0.7139423076923077 0.021634615384615384 0.02403846153846154
6 0.3233173076923077 0.9435096153846154 0.43990384615384615 0.10817307692307693
24 0.2920673076923077 0.7836538461538461 0.03125 0.03365384615384615
26 0.21875 0.3293269230769231 0.03365384615384615 0.02403846153846154
9 0.21394230769230768 0.38221153846153844 0.04326923076923077 0.057692307692307696
24 0.2920673076923077 0.8774038461538461 0.03125 0.03365384615384615
8 0.1778846153846154 0.23677884615384615 0.07211538461538461 0.036057692307692304
18 0.2620192307692308 0.7872596153846154 0.028846153846153848 0.03125
14 0.2620192307692308 0.8329326923076923 0.10576923076923077 0.06009615384615385
4 0.23197115384615385 0.65625 0.021634615384615384 0.02403846153846154
4 0.23798076923076922 0.7223557692307693 0.02403846153846154 0.026442307692307692
4 0.19831730769230768 0.4879807692307692 0.021634615384615384 0.02403846153846154
24 0.2608173076923077 0.8810096153846154 0.03125 0.036057692307692304
4 0.21634615384615385 0.5901442307692307 0.02403846153846154 0.026442307692307692
14 0.22355769230769232 0.6899038461538461 0.04807692307692308 0.038461538461538464
24 0.23197115384615385 0.7920673076923077 0.03125 0.036057692307692304
4 0.2127403846153846 0.7247596153846154 0.021634615384615384 0.026442307692307692
24 0.23076923076923078 0.8846153846153846 0.03365384615384615 0.03365384615384615
4 0.18990384615384615 0.6418269230769231 0.019230769230769232 0.02403846153846154
9 0.14783653846153846 0.46033653846153844 0.0985576923076923 0.07451923076923077
4 0.16947115384615385 0.6057692307692307 0.021634615384615384 0.02403846153846154
24 0.20192307692307693 0.796875 0.028846153846153848 0.03125
7 0.15384615384615385 0.5132211538461539 0.0625 0.040865384615384616
17 0.09615384615384616 0.15504807692307693 0.028846153846153848 0.03125
4 0.20552884615384615 0.8617788461538461 0.021634615384615384 0.026442307692307692
14 0.13581730769230768 0.5673076923076923 0.0985576923076923 0.07211538461538461
18 0.17067307692307693 0.8016826923076923 0.028846153846153848 0.03125
14 0.1466346153846154 0.6586538461538461 0.052884615384615384 0.03365384615384615
17 0.06129807692307692 0.1622596153846154 0.03125 0.036057692307692304
14 0.1045673076923077 0.3545673076923077 0.2091346153846154 0.19471153846153846
14 0.9194711538461539 0.5240384615384616 0.040865384615384616 0.03365384615384615
4 0.15625 0.8713942307692307 0.04807692307692308 0.04567307692307692
4 0.11177884615384616 0.6153846153846154 0.021634615384615384 0.02403846153846154
4 0.08653846153846154 0.46875 0.014423076923076924 0.02403846153846154
24 0.03125 0.16466346153846154 0.028846153846153848 0.036057692307692304
4 0.12620192307692307 0.78125 0.04567307692307692 0.04326923076923077
9 0.1141826923076923 0.7175480769230769 0.09375 0.06490384615384616
24 0.12139423076923077 0.875 0.03125 0.03365384615384615
8 0.056490384615384616 0.48197115384615385 0.05048076923076923 0.05048076923076923
26 0.06610576923076923 0.5360576923076923 0.036057692307692304 0.02403846153846154
26 0.07572115384615384 0.5961538461538461 0.036057692307692304 0.02403846153846154
17 0.125 0.9170673076923077 0.028846153846153848 0.03125
4 0.08413461538461539 0.6598557692307693 0.04807692307692308 0.04567307692307692
24 0.008413461538461538 0.17067307692307693 0.016826923076923076 0.038461538461538464
26 0.10216346153846154 0.8365384615384616 0.040865384615384616 0.02403846153846154
4 0.9266826923076923 0.640625 0.021634615384615384 0.021634615384615384
14 0.859375 0.2403846153846154 0.2283653846153846 0.19230769230769232
4 0.8774038461538461 0.38221153846153844 0.019230769230769232 0.02403846153846154
4 0.8810096153846154 0.4074519230769231 0.021634615384615384 0.026442307692307692
26 0.8112980769230769 0.03365384615384615 0.036057692307692304 0.028846153846153848
14 0.8942307692307693 0.5901442307692307 0.08173076923076923 0.06971153846153846
4 0.9002403846153846 0.6442307692307693 0.016826923076923076 0.02403846153846154
4 0.8737980769230769 0.5096153846153846 0.04567307692307692 0.04326923076923077
15 0.8870192307692307 0.703125 0.03365384615384615 0.036057692307692304
24 0.8966346153846154 0.7584134615384616 0.03365384615384615 0.036057692307692304
4 0.8557692307692307 0.5492788461538461 0.02403846153846154 0.026442307692307692
4 0.8834134615384616 0.7319711538461539 0.040865384615384616 0.016826923076923076