9 0.16346153846153846 0.5060096153846154 0.08173076923076923 0.055288461538461536
4 0.15625 0.30528846153846156 0.014423076923076924 0.019230769230769232
4 0.17548076923076922 0.30649038461538464 0.019230769230769232 0.021634615384615384
4 0.1971153846153846 0.30528846153846156 0.019230769230769232 0.019230769230769232
14 0.19951923076923078 0.36177884615384615 0.07692307692307693 0.06490384615384616
24 0.21995192307692307 0.5733173076923077 0.026442307692307692 0.03125
24 0.2091346153846154 0.1935096153846154 0.02403846153846154 0.03125
15 0.21153846153846154 0.24879807692307693 0.028846153846153848 0.03125
4 0.21634615384615385 0.22115384615384615 0.038461538461538464 0.014423076923076924
4 0.234375 0.40625 0.021634615384615384 0.02403846153846154
4 0.234375 0.30528846153846156 0.016826923076923076 0.02403846153846154
6 0.23317307692307693 0.07211538461538461 0.41346153846153844 0.1201923076923077
8 0.25841346153846156 0.5829326923076923 0.040865384615384616 0.04567307692307692
4 0.25721153846153844 0.30288461538461536 0.019230769230769232 0.02403846153846154
9 0.27163461538461536 0.5 0.08653846153846154 0.057692307692307696
14 0.2776442307692308 0.359375 0.07932692307692307 0.06490384615384616
4 0.28966346153846156 0.5576923076923077 0.016826923076923076 0.019230769230769232
4 0.28125 0.3016826923076923 0.014423076923076924 0.021634615384615384
4 0.2932692307692308 0.5901442307692307 0.019230769230769232 0.021634615384615384
24 0.28725961538461536 0.19230769230769232 0.026442307692307692 0.028846153846153848
15 0.296875 0.24759615384615385 0.026442307692307692 0.03365384615384615
4 0.3016826923076923 0.21995192307692307 0.040865384615384616 0.01201923076923077
4 0.3088942307692308 0.40384615384615385 0.026442307692307692 0.02403846153846154
14 0.3269230769230769 0.7079326923076923 0.20673076923076922 0.17067307692307693
4 0.3125 0.3004807692307692 0.019230769230769232 0.02403846153846154
4 0.33774038461538464 0.3016826923076923 0.016826923076923076 0.021634615384615384
26 0.35096153846153844 0.5697115384615384 0.03365384615384615 0.019230769230769232
26 0.35216346153846156 0.5504807692307693 0.03125 0.019230769230769232
14 0.35697115384615385 0.4423076923076923 0.036057692307692304 0.028846153846153848
14 0.35336538461538464 0.3557692307692308 0.08173076923076923 0.0625
4 0.3581730769230769 0.3004807692307692 0.019230769230769232 0.02403846153846154
4 0.3858173076923077 0.9639423076923077 0.04567307692307692 0.04807692307692308
8 0.38341346153846156 0.8064903846153846 0.06971153846153846 0.026442307692307692
15 0.36538461538461536 0.2439903846153846 0.019230769230769232 0.03125
4 0.38461538461538464 0.6057692307692307 0.02403846153846154 0.02403846153846154
4 0.38221153846153844 0.5180288461538461 0.019230769230769232 0.021634615384615384
24 0.3701923076923077 0.18990384615384615 0.02403846153846154 0.028846153846153848
4 0.3786057692307692 0.21634615384615385 0.036057692307692304 0.014423076923076924
4 0.3858173076923077 0.4375 0.021634615384615384 0.02403846153846154
4 0.3870192307692308 0.4098557692307692 0.019230769230769232 0.026442307692307692
4 0.38221153846153844 0.2980769230769231 0.019230769230769232 0.02403846153846154
6 0.41466346153846156 0.90625 0.40625 0.052884615384615384
26 0.03245192307692308 0.23918269230769232 0.036057692307692304 0.026442307692307692
4 0.4182692307692308 0.3161057692307692 0.052884615384615384 0.040865384615384616
4 0.4375 0.8004807692307693 0.019230769230769232 0.02403846153846154
4 0.421875 0.36778846153846156 0.04567307692307692 0.04326923076923077
9 0.4483173076923077 0.6622596153846154 0.04567307692307692 0.055288461538461536
14 0.47475961538461536 0.4891826923076923 0.1658653846153846 0.08413461538461539
14 0.47836538461538464 0.5769230769230769 0.1778846153846154 0.08653846153846154
6 0.5072115384615384 0.8557692307692307 0.8076923076923077 0.08653846153846154
9 0.5060096153846154 0.7079326923076923 0.10817307692307693 0.06971153846153846
9 0.5108173076923077 0.7728365384615384 0.10817307692307693 0.06971153846153846
4 0.5228365384615384 0.34615384615384615 0.04567307692307692 0.04326923076923077
4 0.5240384615384616 0.2932692307692308 0.04807692307692308 0.04326923076923077
18 0.5288461538461539 0.25240384615384615 0.02403846153846154 0.028846153846153848
4 0.5480769230769231 0.6502403846153846 0.04807692307692308 0.04567307692307692
4 0.5408653846153846 0.15504807692307693 0.04326923076923077 0.040865384615384616
4 0.04927884615384615 0.3293269230769231 0.04567307692307692 0.04326923076923077
4 0.5649038461538461 0.5120192307692307 0.02403846153846154 0.02403846153846154
24 0.5576923076923077 0.2536057692307692 0.02403846153846154 0.03125
4 0.5625 0.38461538461538464 0.019230769230769232 0.02403846153846154
4 0.5697115384615384 0.5997596153846154 0.019230769230769232 0.021634615384615384
4 0.051682692307692304 0.3798076923076923 0.040865384615384616 0.04326923076923077
4 0.5649038461538461 0.32211538461538464 0.019230769230769232 0.02403846153846154
14 0.578125 0.3557692307692308 0.04567307692307692 0.03365384615384615
23 0.5973557692307693 0.7944711538461539 0.04567307692307692 0.026442307692307692
4 0.5865384615384616 0.31850961538461536 0.02403846153846154 0.021634615384615384
24 0.5901442307692307 0.25 0.021634615384615384 0.028846153846153848
4 0.6165865384615384 0.9555288461538461 0.040865384615384616 0.04567307692307692
4 0.6141826923076923 0.6117788461538461 0.021634615384615384 0.021634615384615384
4 0.6105769230769231 0.4543269230769231 0.019230769230769232 0.019230769230769232
24 0.6021634615384616 0.15745192307692307 0.026442307692307692 0.03125
18 0.6201923076923077 0.25 0.02403846153846154 0.028846153846153848
14 0.6213942307692307 0.20552884615384615 0.0985576923076923 0.05048076923076923
4 0.6322115384615384 0.38341346153846156 0.019230769230769232 0.021634615384615384
4 0.6346153846153846 0.31850961538461536 0.019230769230769232 0.021634615384615384
24 0.6298076923076923 0.15625 0.02403846153846154 0.028846153846153848
4 0.6502403846153846 0.6538461538461539 0.04567307692307692 0.04326923076923077
14 0.6442307692307693 0.35216346153846156 0.04326923076923077 0.036057692307692304
24 0.054086538461538464 0.19831730769230768 0.026442307692307692 0.03125
17 0.054086538461538464 0.15865384615384615 0.026442307692307692 0.03365384615384615
24 0.6514423076923077 0.24879807692307693 0.02403846153846154 0.03125
4 0.6574519230769231 0.3161057692307692 0.016826923076923076 0.021634615384615384
24 0.6634615384615384 0.15625 0.02403846153846154 0.028846153846153848
9 0.6838942307692307 0.7860576923076923 0.0889423076923077 0.052884615384615384
24 0.6802884615384616 0.24759615384615385 0.02403846153846154 0.028846153846153848
4 0.6850961538461539 0.18870192307692307 0.019230769230769232 0.021634615384615384
8 0.07091346153846154 0.5552884615384616 0.040865384615384616 0.04807692307692308
14 0.7055288461538461 0.5829326923076923 0.17067307692307693 0.08413461538461539
14 0.703125 0.4795673076923077 0.1658653846153846 0.07932692307692307
24 0.6923076923076923 0.15384615384615385 0.02403846153846154 0.028846153846153848
4 0.7091346153846154 0.3798076923076923 0.019230769230769232 0.02403846153846154
4 0.7103365384615384 0.3173076923076923 0.021634615384615384 0.02403846153846154
24 0.7139423076923077 0.24759615384615385 0.02403846153846154 0.028846153846153848
4 0.7379807692307693 0.8028846153846154 0.019230769230769232 0.02403846153846154
14 0.7211538461538461 0.34975961538461536 0.04807692307692308 0.036057692307692304
24 0.7235576923076923 0.15384615384615385 0.02403846153846154 0.028846153846153848
4 0.7355769230769231 0.3137019230769231 0.019230769230769232 0.021634615384615384
6 0.7331730769230769 0.056490384615384616 0.4326923076923077 0.11298076923076923
24 0.7439903846153846 0.24519230769230768 0.026442307692307692 0.028846153846153848
26 0.7608173076923077 0.7067307692307693 0.03125 0.019230769230769232
9 0.7716346153846154 0.6526442307692307 0.038461538461538464 0.055288461538461536
24 0.7536057692307693 0.15144230769230768 0.026442307692307692 0.028846153846153848
8 0.7872596153846154 0.8028846153846154 0.06971153846153846 0.028846153846153848
18 0.7740384615384616 0.24519230769230768 0.02403846153846154 0.028846153846153848
14 0.7776442307692307 0.19951923076923078 0.10336538461538461 0.04807692307692308
4 0.7860576923076923 0.3786057692307692 0.019230769230769232 0.021634615384615384
4 0.7896634615384616 0.31490384615384615 0.021634615384615384 0.02403846153846154
4 0.7980769230769231 0.5492788461538461 0.019230769230769232 0.021634615384615384
24 0.7848557692307693 0.15264423076923078 0.026442307692307692 0.03125
4 0.7944711538461539 0.44711538461538464 0.021634615384615384 0.02403846153846154
14 0.8004807692307693 0.34615384615384615 0.04326923076923077 0.03365384615384615
24 0.8040865384615384 0.2439903846153846 0.026442307692307692 0.03125
4 0.8125 0.3125 0.019230769230769232 0.02403846153846154
24 0.8149038461538461 0.15144230769230768 0.028846153846153848 0.028846153846153848
4 0.8257211538461539 0.40024038461538464 0.016826923076923076 0.021634615384615384
9 0.8473557692307693 0.5841346153846154 0.09375 0.0625
4 0.8413461538461539 0.4362980769230769 0.019230769230769232 0.021634615384615384
24 0.8341346153846154 0.24278846153846154 0.02403846153846154 0.028846153846153848
7 0.8461538461538461 0.5288461538461539 0.057692307692307696 0.03365384615384615
17 0.8605769230769231 0.8918269230769231 0.02403846153846154 0.028846153846153848
4 0.8389423076923077 0.1778846153846154 0.019230769230769232 0.02403846153846154
14 0.8713942307692307 0.47716346153846156 0.09375 0.06009615384615385
18 0.8653846153846154 0.2403846153846154 0.02403846153846154 0.028846153846153848
14 0.8713942307692307 0.3870192307692308 0.05048076923076923 0.028846153846153848
17 0.8954326923076923 0.890625 0.026442307692307692 0.03125
14 0.8882211538461539 0.6959134615384616 0.21875 0.17067307692307693
14 0.08774038461538461 0.4266826923076923 0.036057692307692304 0.03125
4 0.8882211538461539 0.17668269230769232 0.04567307692307692 0.040865384615384616
4 0.8990384615384616 0.4338942307692308 0.019230769230769232 0.021634615384615384
4 0.9074519230769231 0.5829326923076923 0.01201923076923077 0.021634615384615384
24 0.9278846153846154 0.8918269230769231 0.02403846153846154 0.03365384615384615
4 0.90625 0.26802884615384615 0.04326923076923077 0.040865384615384616
9 0.9098557692307693 0.33052884615384615 0.0889423076923077 0.055288461538461536
24 0.9242788461538461 0.17548076923076922 0.026442307692307692 0.028846153846153848
8 0.9387019230769231 0.5733173076923077 0.04567307692307692 0.04567307692307692
26 0.9375 0.5168269230769231 0.03365384615384615 0.019230769230769232
26 0.9350961538461539 0.4567307692307692 0.03365384615384615 0.019230769230769232
17 0.9230769230769231 0.1346153846153846 0.02403846153846154 0.028846153846153848
4 0.9338942307692307 0.39302884615384615 0.04567307692307692 0.040865384615384616
24 0.9591346153846154 0.8882211538461539 0.028846153846153848 0.03125
26 0.9375 0.21514423076923078 0.038461538461538464 0.021634615384615384
4 0.09615384615384616 0.31009615384615385 0.019230769230769232 0.019230769230769232
14 0.11177884615384616 0.7151442307692307 0.2091346153846154 0.17067307692307693
4 0.11177884615384616 0.5733173076923077 0.016826923076923076 0.021634615384615384
4 0.11057692307692307 0.5456730769230769 0.019230769230769232 0.02403846153846154
26 0.1346153846153846 0.9254807692307693 0.03365384615384615 0.02403846153846154
14 0.12139423076923077 0.36538461538461536 0.07451923076923077 0.0625
4 0.1201923076923077 0.3088942307692308 0.014423076923076924 0.021634615384615384
4 0.13221153846153846 0.4483173076923077 0.04326923076923077 0.040865384615384616
15 0.14182692307692307 0.2512019230769231 0.028846153846153848 0.03125
24 0.13942307692307693 0.19591346153846154 0.028846153846153848 0.03125
4 0.15264423076923078 0.40865384615384615 0.021634615384615384 0.02403846153846154
4 0.14903846153846154 0.22355769230769232 0.038461538461538464 0.014423076923076924