7 0.11538461538461539 0.21033653846153846 0.09615384615384616 0.07932692307692307
17 0.2824519230769231 0.8930288461538461 0.05048076923076923 0.06009615384615385
24 0.17668269230769232 0.40625 0.07451923076923077 0.038461538461538464
4 0.17307692307692307 0.3762019230769231 0.052884615384615384 0.026442307692307692
14 0.16346153846153846 0.3329326923076923 0.1201923076923077 0.06971153846153846
18 0.19951923076923078 0.47596153846153844 0.14903846153846154 0.1201923076923077
24 0.2608173076923077 0.6538461538461539 0.036057692307692304 0.04326923076923077
24 0.27163461538461536 0.6935096153846154 0.038461538461538464 0.04567307692307692
4 0.24519230769230768 0.53125 0.057692307692307696 0.028846153846153848
24 0.31009615384615385 0.8016826923076923 0.052884615384615384 0.06009615384615385
8 0.19110576923076922 0.25240384615384615 0.0889423076923077 0.057692307692307696
26 0.24519230769230768 0.3798076923076923 0.04807692307692308 0.038461538461538464
4 0.23918269230769232 0.3016826923076923 0.036057692307692304 0.040865384615384616
26 0.3545673076923077 0.7908653846153846 0.05048076923076923 0.038461538461538464
6 0.41466346153846156 0.9038461538461539 0.23317307692307693 0.1875
4 0.3798076923076923 0.7259615384615384 0.03365384615384615 0.04326923076923077
6 0.23677884615384615 0.10336538461538461 0.4735576923076923 0.16826923076923078
4 0.2920673076923077 0.31971153846153844 0.07932692307692307 0.08173076923076923
24 0.3701923076923077 0.6370192307692307 0.04807692307692308 0.057692307692307696
18 0.33413461538461536 0.47115384615384615 0.038461538461538464 0.04807692307692308
24 0.359375 0.5817307692307693 0.05048076923076923 0.057692307692307696
18 0.3473557692307692 0.5252403846153846 0.06009615384615385 0.06490384615384616
4 0.2800480769230769 0.21514423076923078 0.07451923076923077 0.07932692307692307
3 0.33052884615384615 0.4254807692307692 0.0889423076923077 0.038461538461538464
3 0.3245192307692308 0.3894230769230769 0.10096153846153846 0.0625
24 0.39663461538461536 0.6814903846153846 0.07692307692307693 0.040865384615384616
24 0.2776442307692308 0.1466346153846154 0.07932692307692307 0.04326923076923077
6 0.43028846153846156 0.7415865384615384 0.057692307692307696 0.10817307692307693
24 0.390625 0.4567307692307692 0.05048076923076923 0.057692307692307696
16 0.4675480769230769 0.7379807692307693 0.06490384615384616 0.11057692307692307
4 0.42908653846153844 0.515625 0.06009615384615385 0.03125
4 0.3954326923076923 0.34615384615384615 0.036057692307692304 0.04326923076923077
4 0.4579326923076923 0.6153846153846154 0.036057692307692304 0.04326923076923077
8 0.37740384615384615 0.21033653846153846 0.09134615384615384 0.055288461538461536
18 0.4375 0.45552884615384615 0.057692307692307696 0.03125
14 0.4675480769230769 0.5552884615384616 0.07932692307692307 0.0625
4 0.49399038461538464 0.609375 0.036057692307692304 0.040865384615384616
6 0.5264423076923077 0.7247596153846154 0.057692307692307696 0.11778846153846154
24 0.4831730769230769 0.43509615384615385 0.04807692307692308 0.057692307692307696
4 0.5 0.4987980769230769 0.057692307692307696 0.03125
4 0.47475961538461536 0.3629807692307692 0.036057692307692304 0.04326923076923077
16 0.5612980769230769 0.7151442307692307 0.06490384615384616 0.11298076923076923
4 0.46153846153846156 0.2091346153846154 0.03365384615384615 0.038461538461538464
14 0.49038461538461536 0.28125 0.14423076923076922 0.11538461538461539
24 0.5721153846153846 0.6382211538461539 0.08173076923076923 0.040865384615384616
4 0.5949519230769231 0.6754807692307693 0.040865384615384616 0.04807692307692308
18 0.5540865384615384 0.47836538461538464 0.05048076923076923 0.0625
24 0.5685096153846154 0.5324519230769231 0.05048076923076923 0.06009615384615385
24 0.5805288461538461 0.5877403846153846 0.05048076923076923 0.06009615384615385
18 0.5408653846153846 0.421875 0.04326923076923077 0.05048076923076923
23 0.49278846153846156 0.1310096153846154 0.04807692307692308 0.040865384615384616
6 0.6730769230769231 0.8701923076923077 0.23076923076923078 0.23557692307692307
15 0.5456730769230769 0.18389423076923078 0.0625 0.06490384615384616
23 0.671875 0.5901442307692307 0.05048076923076923 0.04567307692307692
23 0.6983173076923077 0.6923076923076923 0.05048076923076923 0.04326923076923077
4 0.5973557692307693 0.2247596153846154 0.055288461538461536 0.03125
4 0.6177884615384616 0.3112980769230769 0.057692307692307696 0.03125
4 0.609375 0.2644230769230769 0.06009615384615385 0.028846153846153848
4 0.7103365384615384 0.3401442307692308 0.055288461538461536 0.03125
4 0.71875 0.3713942307692308 0.057692307692307696 0.03125
25 0.6935096153846154 0.11177884615384616 0.19471153846153846 0.13701923076923078
25 0.8016826923076923 0.5612980769230769 0.19471153846153846 0.13701923076923078
25 0.8257211538461539 0.6670673076923077 0.18990384615384615 0.13221153846153846
26 0.037259615384615384 0.3449519230769231 0.06009615384615385 0.05048076923076923
6 0.8665865384615384 0.4026442307692308 0.21394230769230768 0.1658653846153846
6 0.8305288461538461 0.22956730769230768 0.21875 0.17067307692307693
26 0.9759615384615384 0.6177884615384616 0.04326923076923077 0.052884615384615384
4 0.07932692307692307 0.40384615384615385 0.07692307692307693 0.08173076923076923
6 0.17067307692307693 0.7872596153846154 0.21153846153846154 0.1658653846153846
6 0.13221153846153846 0.6129807692307693 0.21634615384615385 0.16826923076923078
4 0.078125 0.33653846153846156 0.03125 0.038461538461538464
4 0.07692307692307693 0.2848557692307692 0.11538461538461539 0.06490384615384616