7 0.12620192307692307 0.8052884615384616 0.09375 0.07692307692307693
17 0.2668269230769231 0.11658653846153846 0.04807692307692308 0.06009615384615385
24 0.1814903846153846 0.6069711538461539 0.07451923076923077 0.036057692307692304
4 0.1778846153846154 0.6370192307692307 0.052884615384615384 0.02403846153846154
14 0.16826923076923078 0.6802884615384616 0.1201923076923077 0.0673076923076923
18 0.20072115384615385 0.5372596153846154 0.1466346153846154 0.11778846153846154
24 0.25600961538461536 0.3557692307692308 0.036057692307692304 0.04326923076923077
24 0.265625 0.3161057692307692 0.036057692307692304 0.04567307692307692
4 0.24519230769230768 0.4795673076923077 0.057692307692307696 0.026442307692307692
24 0.29927884615384615 0.20793269230769232 0.05048076923076923 0.06009615384615385
8 0.20072115384615385 0.7608173076923077 0.0889423076923077 0.055288461538461536
26 0.25 0.6286057692307693 0.04807692307692308 0.036057692307692304
4 0.24639423076923078 0.7103365384615384 0.036057692307692304 0.040865384615384616
26 0.3449519230769231 0.21514423076923078 0.05048076923076923 0.036057692307692304
6 0.40024038461538464 0.09495192307692307 0.2283653846153846 0.18990384615384615
4 0.37259615384615385 0.27884615384615385 0.03365384615384615 0.04326923076923077
6 0.25240384615384615 0.9086538461538461 0.47596153846153844 0.15384615384615385
4 0.2980769230769231 0.6899038461538461 0.07692307692307693 0.08173076923076923
24 0.36538461538461536 0.3701923076923077 0.04807692307692308 0.057692307692307696
18 0.33533653846153844 0.5360576923076923 0.036057692307692304 0.04807692307692308
24 0.35697115384615385 0.4254807692307692 0.05048076923076923 0.057692307692307696
18 0.34615384615384615 0.4807692307692308 0.057692307692307696 0.0625
4 0.29086538461538464 0.7932692307692307 0.07211538461538461 0.07692307692307693
3 0.33533653846153844 0.5829326923076923 0.0889423076923077 0.036057692307692304
3 0.3293269230769231 0.6189903846153846 0.10096153846153846 0.06009615384615385
24 0.3894230769230769 0.3245192307692308 0.07692307692307693 0.038461538461538464
24 0.28966346153846156 0.8617788461538461 0.07932692307692307 0.040865384615384616
6 0.421875 0.2608173076923077 0.055288461538461536 0.10817307692307693
24 0.39302884615384615 0.5480769230769231 0.05048076923076923 0.057692307692307696
16 0.45913461538461536 0.2644230769230769 0.0625 0.11057692307692307
4 0.42908653846153844 0.4879807692307692 0.06009615384615385 0.028846153846153848
4 0.4026442307692308 0.6586538461538461 0.036057692307692304 0.04326923076923077
4 0.453125 0.3870192307692308 0.036057692307692304 0.04326923076923077
8 0.3858173076923077 0.7956730769230769 0.0889423076923077 0.052884615384615384
18 0.4375 0.5480769230769231 0.057692307692307696 0.028846153846153848
14 0.46634615384615385 0.4483173076923077 0.07692307692307693 0.06009615384615385
4 0.4891826923076923 0.39302884615384615 0.036057692307692304 0.040865384615384616
6 0.5180288461538461 0.27524038461538464 0.055288461538461536 0.11778846153846154
24 0.4855769230769231 0.5673076923076923 0.04807692307692308 0.057692307692307696
4 0.5 0.5024038461538461 0.057692307692307696 0.028846153846153848
4 0.4795673076923077 0.6394230769230769 0.036057692307692304 0.04326923076923077
16 0.5552884615384616 0.2848557692307692 0.0625 0.11298076923076923
4 0.4699519230769231 0.7932692307692307 0.03125 0.038461538461538464
14 0.4987980769230769 0.71875 0.14182692307692307 0.11057692307692307
24 0.5673076923076923 0.3605769230769231 0.08173076923076923 0.038461538461538464
4 0.5901442307692307 0.32091346153846156 0.040865384615384616 0.04567307692307692
18 0.5552884615384616 0.5216346153846154 0.04807692307692308 0.0625
24 0.5673076923076923 0.4651442307692308 0.04807692307692308 0.06009615384615385
24 0.5769230769230769 0.4098557692307692 0.04807692307692308 0.06009615384615385
18 0.5444711538461539 0.5769230769230769 0.040865384615384616 0.04807692307692308
23 0.5048076923076923 0.8701923076923077 0.04807692307692308 0.038461538461538464
6 0.6586538461538461 0.125 0.22596153846153846 0.23076923076923078
15 0.5564903846153846 0.8161057692307693 0.06009615384615385 0.06490384615384616
23 0.6694711538461539 0.40384615384615385 0.05048076923076923 0.04326923076923077
23 0.6899038461538461 0.3016826923076923 0.04807692307692308 0.040865384615384616
4 0.6069711538461539 0.7740384615384616 0.055288461538461536 0.028846153846153848
4 0.625 0.6850961538461539 0.057692307692307696 0.028846153846153848
4 0.6165865384615384 0.7319711538461539 0.06009615384615385 0.026442307692307692
4 0.7151442307692307 0.6538461538461539 0.055288461538461536 0.028846153846153848
4 0.7235576923076923 0.6225961538461539 0.057692307692307696 0.028846153846153848
25 0.7091346153846154 0.8834134615384616 0.19230769230769232 0.13221153846153846
25 0.7980769230769231 0.42908653846153844 0.19230769230769232 0.13221153846153846
25 0.8197115384615384 0.3233173076923077 0.1875 0.12740384615384615
26 0.04447115384615385 0.6730769230769231 0.06009615384615385 0.04807692307692308
6 0.8701923076923077 0.5853365384615384 0.21153846153846154 0.16105769230769232
6 0.8389423076923077 0.7620192307692307 0.21634615384615385 0.16346153846153846
26 0.9747596153846154 0.36658653846153844 0.04567307692307692 0.05048076923076923
4 0.0829326923076923 0.6117788461538461 0.07451923076923077 0.07932692307692307
6 0.1622596153846154 0.22716346153846154 0.2091346153846154 0.16105769230769232
6 0.12860576923076922 0.4026442307692308 0.21394230769230768 0.16105769230769232
4 0.08413461538461539 0.6802884615384616 0.028846153846153848 0.038461538461538464
4 0.0829326923076923 0.7295673076923077 0.11298076923076923 0.06009615384615385