29 0.7043269230769231 0.26802884615384615 0.014423076923076924 0.016826923076923076
17 0.11057692307692307 0.26802884615384615 0.014423076923076924 0.01201923076923077
6 0.1466346153846154 0.2692307692307692 0.057692307692307696 0.25961538461538464
6 0.1814903846153846 0.2704326923076923 0.01201923076923077 0.016826923076923076
17 0.11057692307692307 0.28125 0.014423076923076924 0.009615384615384616
24 0.7079326923076923 0.2848557692307692 0.007211538461538462 0.01201923076923077
6 0.1814903846153846 0.28725961538461536 0.01201923076923077 0.016826923076923076
17 0.7007211538461539 0.28725961538461536 0.007211538461538462 0.016826923076923076
4 0.20673076923076922 0.28966346153846156 0.009615384615384616 0.007211538461538462
4 0.22355769230769232 0.28966346153846156 0.009615384615384616 0.007211538461538462
6 0.38100961538461536 0.28966346153846156 0.01201923076923077 0.026442307692307692
9 0.5456730769230769 0.28966346153846156 0.028846153846153848 0.026442307692307692
9 0.27283653846153844 0.2932692307692308 0.021634615384615384 0.02403846153846154
17 0.11057692307692307 0.29447115384615385 0.014423076923076924 0.01201923076923077
6 0.7199519230769231 0.2956730769230769 0.01201923076923077 0.0673076923076923
9 0.7836538461538461 0.3016826923076923 0.03365384615384615 0.055288461538461536
9 0.22956730769230768 0.30288461538461536 0.021634615384615384 0.019230769230769232
17 0.11057692307692307 0.3076923076923077 0.014423076923076924 0.009615384615384616
24 0.2283653846153846 0.3088942307692308 0.004807692307692308 0.01201923076923077
24 0.23317307692307693 0.3076923076923077 0.004807692307692308 0.014423076923076924
24 0.23798076923076922 0.3076923076923077 0.004807692307692308 0.014423076923076924
4 0.5841346153846154 0.3088942307692308 0.004807692307692308 0.01201923076923077
25 0.6730769230769231 0.31009615384615385 0.04326923076923077 0.057692307692307696
25 0.6213942307692307 0.31009615384615385 0.06009615384615385 0.057692307692307696
6 0.75 0.3173076923076923 0.03365384615384615 0.1346153846153846
6 0.4387019230769231 0.31850961538461536 0.026442307692307692 0.040865384615384616
6 0.47716346153846156 0.31850961538461536 0.026442307692307692 0.040865384615384616
5 0.4026442307692308 0.3245192307692308 0.04567307692307692 0.0673076923076923
6 0.5180288461538461 0.32572115384615385 0.026442307692307692 0.040865384615384616
6 0.5564903846153846 0.32572115384615385 0.026442307692307692 0.040865384615384616
4 0.203125 0.3317307692307692 0.007211538461538462 0.014423076923076924
14 0.23677884615384615 0.3317307692307692 0.007211538461538462 0.02403846153846154
16 0.5805288461538461 0.33533653846153844 0.01201923076923077 0.026442307692307692
4 0.24278846153846154 0.33774038461538464 0.004807692307692308 0.01201923076923077
23 0.27283653846153844 0.34134615384615385 0.007211538461538462 0.009615384615384616
23 0.2848557692307692 0.34134615384615385 0.007211538461538462 0.009615384615384616
23 0.296875 0.34375 0.007211538461538462 0.009615384615384616
24 0.23076923076923078 0.3473557692307692 0.009615384615384616 0.007211538461538462
24 0.21995192307692307 0.3473557692307692 0.007211538461538462 0.007211538461538462
4 0.20432692307692307 0.35216346153846156 0.004807692307692308 0.01201923076923077
24 0.22115384615384615 0.3545673076923077 0.009615384615384616 0.007211538461538462
23 0.3473557692307692 0.3545673076923077 0.007211538461538462 0.01201923076923077
6 0.9050480769230769 0.35697115384615385 0.10336538461538461 0.27163461538461536
17 0.7848557692307693 0.35697115384615385 0.007211538461538462 0.021634615384615384
6 0.5793269230769231 0.35697115384615385 0.009615384615384616 0.016826923076923076
4 0.5228365384615384 0.359375 0.01201923076923077 0.01201923076923077
4 0.4050480769230769 0.359375 0.01201923076923077 0.007211538461538462
4 0.6201923076923077 0.3629807692307692 0.004807692307692308 0.014423076923076924
0 0.8100961538461539 0.3641826923076923 0.038461538461538464 0.03125
16 0.18509615384615385 0.36538461538461536 0.02403846153846154 0.019230769230769232
9 0.5625 0.36778846153846156 0.02403846153846154 0.019230769230769232
4 0.24519230769230768 0.36778846153846156 0.009615384615384616 0.009615384615384616
24 0.7788461538461539 0.36899038461538464 0.004807692307692308 0.01201923076923077
4 0.21754807692307693 0.36899038461538464 0.007211538461538462 0.007211538461538462
4 0.5420673076923077 0.3713942307692308 0.007211538461538462 0.021634615384615384
23 0.3473557692307692 0.3737980769230769 0.007211538461538462 0.01201923076923077
17 0.7860576923076923 0.38461538461538464 0.004807692307692308 0.019230769230769232
6 0.8389423076923077 0.3858173076923077 0.019230769230769232 0.026442307692307692
23 0.3473557692307692 0.390625 0.007211538461538462 0.01201923076923077
4 0.20192307692307693 0.390625 0.004807692307692308 0.01201923076923077
4 0.20673076923076922 0.3918269230769231 0.004807692307692308 0.014423076923076924
4 0.3918269230769231 0.39302884615384615 0.014423076923076924 0.01201923076923077
4 0.6418269230769231 0.39783653846153844 0.004807692307692308 0.01201923076923077
4 0.5889423076923077 0.39783653846153844 0.004807692307692308 0.01201923076923077
9 0.7283653846153846 0.4014423076923077 0.028846153846153848 0.019230769230769232
0 0.8076923076923077 0.4026442307692308 0.038461538461538464 0.03125
0 0.7596153846153846 0.40384615384615385 0.038461538461538464 0.03365384615384615
4 0.6875 0.4050480769230769 0.004807692307692308 0.01201923076923077
4 0.6033653846153846 0.4074519230769231 0.004807692307692308 0.01201923076923077
6 0.6598557692307693 0.40625 0.01201923076923077 0.028846153846153848
23 0.3473557692307692 0.4074519230769231 0.007211538461538462 0.01201923076923077
14 0.6153846153846154 0.4074519230769231 0.02403846153846154 0.026442307692307692
24 0.6322115384615384 0.4098557692307692 0.004807692307692308 0.01201923076923077
24 0.24519230769230768 0.4098557692307692 0.004807692307692308 0.01201923076923077
4 0.5889423076923077 0.4098557692307692 0.004807692307692308 0.01201923076923077
5 0.20552884615384615 0.41346153846153844 0.055288461538461536 0.028846153846153848
4 0.7007211538461539 0.41466346153846156 0.007211538461538462 0.016826923076923076
6 0.06971153846153846 0.41586538461538464 0.038461538461538464 0.057692307692307696
4 0.3918269230769231 0.42427884615384615 0.014423076923076924 0.01201923076923077
23 0.3473557692307692 0.4266826923076923 0.007211538461538462 0.01201923076923077
24 0.10336538461538461 0.4338942307692308 0.004807692307692308 0.01201923076923077
24 0.6322115384615384 0.4338942307692308 0.004807692307692308 0.01201923076923077
14 0.7560096153846154 0.4387019230769231 0.01201923076923077 0.021634615384615384
23 0.3473557692307692 0.44350961538461536 0.007211538461538462 0.01201923076923077
6 0.13341346153846154 0.44350961538461536 0.03125 0.040865384615384616
6 0.6622596153846154 0.4423076923076923 0.021634615384615384 0.028846153846153848
9 0.8269230769230769 0.44471153846153844 0.03365384615384615 0.04807692307692308
17 0.09735576923076923 0.4495192307692308 0.01201923076923077 0.019230769230769232
6 0.7319711538461539 0.4567307692307692 0.01201923076923077 0.028846153846153848
16 0.19591346153846154 0.4579326923076923 0.021634615384615384 0.016826923076923076
24 0.10336538461538461 0.46274038461538464 0.004807692307692308 0.01201923076923077
6 0.2127403846153846 0.4675480769230769 0.01201923076923077 0.03125
24 0.6802884615384616 0.46875 0.004807692307692308 0.014423076923076924
4 0.7439903846153846 0.4699519230769231 0.01201923076923077 0.026442307692307692
24 0.6838942307692307 0.4723557692307692 0.002403846153846154 0.01201923076923077
4 0.6947115384615384 0.4723557692307692 0.004807692307692308 0.01201923076923077
24 0.6586538461538461 0.4723557692307692 0.004807692307692308 0.01201923076923077
24 0.6634615384615384 0.4723557692307692 0.004807692307692308 0.01201923076923077
4 0.6730769230769231 0.4723557692307692 0.004807692307692308 0.01201923076923077
24 0.6778846153846154 0.4723557692307692 0.004807692307692308 0.01201923076923077
24 0.6682692307692307 0.4723557692307692 0.004807692307692308 0.01201923076923077
16 0.19591346153846154 0.4723557692307692 0.021634615384615384 0.016826923076923076
7 0.7019230769230769 0.4735576923076923 0.019230769230769232 0.009615384615384616
14 0.5769230769230769 0.47716346153846156 0.028846153846153848 0.036057692307692304
6 0.06971153846153846 0.47596153846153844 0.038461538461538464 0.057692307692307696
9 0.8269230769230769 0.48197115384615385 0.03365384615384615 0.026442307692307692
14 0.4699519230769231 0.4831730769230769 0.13701923076923078 0.20673076923076922
6 0.19831730769230768 0.49038461538461536 0.021634615384615384 0.014423076923076924
14 0.7584134615384616 0.49038461538461536 0.01201923076923077 0.019230769230769232
6 0.6165865384615384 0.49278846153846156 0.026442307692307692 0.052884615384615384
16 0.6478365384615384 0.49278846153846156 0.007211538461538462 0.028846153846153848
24 0.11057692307692307 0.49399038461538464 0.009615384615384616 0.007211538461538462
4 0.17668269230769232 0.49399038461538464 0.007211538461538462 0.007211538461538462
4 0.18629807692307693 0.49399038461538464 0.007211538461538462 0.007211538461538462
4 0.7836538461538461 0.49759615384615385 0.019230769230769232 0.014423076923076924
24 0.11057692307692307 0.5012019230769231 0.009615384615384616 0.007211538461538462
4 0.5492788461538461 0.5012019230769231 0.01201923076923077 0.01201923076923077
6 0.1346153846153846 0.5024038461538461 0.028846153846153848 0.038461538461538464
4 0.3918269230769231 0.5036057692307693 0.014423076923076924 0.01201923076923077
24 0.11298076923076923 0.5060096153846154 0.009615384615384616 0.007211538461538462
14 0.2283653846153846 0.5084134615384616 0.028846153846153848 0.016826923076923076
24 0.546875 0.5108173076923077 0.007211538461538462 0.007211538461538462
5 0.18269230769230768 0.5096153846153846 0.052884615384615384 0.02403846153846154
24 0.11057692307692307 0.5132211538461539 0.009615384615384616 0.007211538461538462
14 0.5769230769230769 0.515625 0.028846153846153848 0.036057692307692304
24 0.546875 0.5168269230769231 0.007211538461538462 0.004807692307692308
14 0.6802884615384616 0.5204326923076923 0.052884615384615384 0.07451923076923077
24 0.11057692307692307 0.5204326923076923 0.009615384615384616 0.007211538461538462
4 0.7331730769230769 0.5204326923076923 0.009615384615384616 0.007211538461538462
9 0.8533653846153846 0.5240384615384616 0.03365384615384615 0.04807692307692308
6 0.5012019230769231 0.5252403846153846 0.055288461538461536 0.11778846153846154
24 0.11057692307692307 0.5276442307692307 0.009615384615384616 0.007211538461538462
17 0.06610576923076923 0.5264423076923077 0.06009615384615385 0.04326923076923077
14 0.8942307692307693 0.5264423076923077 0.019230769230769232 0.03365384615384615
6 0.7584134615384616 0.5300480769230769 0.021634615384615384 0.016826923076923076
4 0.16105769230769232 0.5300480769230769 0.009615384615384616 0.01201923076923077
6 0.6418269230769231 0.5336538461538461 0.019230769230769232 0.052884615384615384
11 0.1141826923076923 0.5348557692307693 0.01201923076923077 0.007211538461538462
4 0.7235576923076923 0.5348557692307693 0.004807692307692308 0.01201923076923077
4 0.3894230769230769 0.5372596153846154 0.014423076923076924 0.01201923076923077
14 0.9302884615384616 0.5420673076923077 0.04807692307692308 0.07451923076923077
29 0.6177884615384616 0.5432692307692307 0.02403846153846154 0.04326923076923077
4 0.8786057692307693 0.5432692307692307 0.01201923076923077 0.02403846153846154
24 0.7620192307692307 0.5444711538461539 0.004807692307692308 0.01201923076923077
4 0.3894230769230769 0.5492788461538461 0.014423076923076924 0.01201923076923077
4 0.8882211538461539 0.5516826923076923 0.007211538461538462 0.007211538461538462
4 0.8233173076923077 0.5552884615384616 0.01201923076923077 0.02403846153846154
14 0.578125 0.5552884615384616 0.026442307692307692 0.03365384615384615
23 0.3485576923076923 0.5612980769230769 0.004807692307692308 0.01201923076923077
4 0.3894230769230769 0.5612980769230769 0.014423076923076924 0.01201923076923077
23 0.1346153846153846 0.5673076923076923 0.014423076923076924 0.019230769230769232
6 0.7415865384615384 0.5709134615384616 0.036057692307692304 0.01201923076923077
9 0.765625 0.5721153846153846 0.01201923076923077 0.03365384615384615
4 0.8786057692307693 0.5733173076923077 0.01201923076923077 0.026442307692307692
9 0.8521634615384616 0.578125 0.021634615384615384 0.05048076923076923
14 0.8954326923076923 0.5793269230769231 0.016826923076923076 0.03365384615384615
23 0.3485576923076923 0.5805288461538461 0.004807692307692308 0.01201923076923077
4 0.6826923076923077 0.5841346153846154 0.014423076923076924 0.03365384615384615
4 0.6670673076923077 0.5829326923076923 0.01201923076923077 0.03125
14 0.20072115384615385 0.5853365384615384 0.08413461538461539 0.09375
23 0.1346153846153846 0.5901442307692307 0.014423076923076924 0.021634615384615384
4 0.9230769230769231 0.5901442307692307 0.019230769230769232 0.016826923076923076
4 0.9411057692307693 0.5925480769230769 0.016826923076923076 0.016826923076923076
4 0.39903846153846156 0.5925480769230769 0.004807692307692308 0.01201923076923077
4 0.40384615384615385 0.5925480769230769 0.004807692307692308 0.01201923076923077
4 0.4951923076923077 0.5925480769230769 0.014423076923076924 0.01201923076923077
14 0.8173076923076923 0.59375 0.014423076923076924 0.019230769230769232
4 0.8076923076923077 0.5949519230769231 0.009615384615384616 0.007211538461538462
6 0.7475961538461539 0.5961538461538461 0.03365384615384615 0.038461538461538464
6 0.0829326923076923 0.5961538461538461 0.0889423076923077 0.08653846153846154
14 0.7860576923076923 0.5961538461538461 0.014423076923076924 0.019230769230769232
23 0.3473557692307692 0.5973557692307693 0.007211538461538462 0.01201923076923077
14 0.6478365384615384 0.6009615384615384 0.026442307692307692 0.02403846153846154
4 0.6117788461538461 0.6021634615384616 0.01201923076923077 0.01201923076923077
9 0.5685096153846154 0.6105769230769231 0.016826923076923076 0.04807692307692308
4 0.8052884615384616 0.6117788461538461 0.019230769230769232 0.016826923076923076
4 0.5865384615384616 0.6141826923076923 0.004807692307692308 0.01201923076923077
16 0.953125 0.6129807692307693 0.01201923076923077 0.028846153846153848
4 0.6117788461538461 0.6141826923076923 0.01201923076923077 0.01201923076923077
4 0.4699519230769231 0.6141826923076923 0.007211538461538462 0.021634615384615384
23 0.3485576923076923 0.6141826923076923 0.004807692307692308 0.01201923076923077
4 0.6634615384615384 0.6141826923076923 0.004807692307692308 0.01201923076923077
4 0.6682692307692307 0.6141826923076923 0.004807692307692308 0.01201923076923077
6 0.7271634615384616 0.6165865384615384 0.007211538461538462 0.055288461538461536
6 0.7067307692307693 0.6177884615384616 0.03365384615384615 0.10576923076923077
4 0.5564903846153846 0.6201923076923077 0.007211538461538462 0.009615384615384616
14 0.140625 0.6213942307692307 0.026442307692307692 0.04567307692307692
6 0.4411057692307692 0.625 0.026442307692307692 0.038461538461538464
6 0.4026442307692308 0.6237980769230769 0.026442307692307692 0.040865384615384616
4 0.6117788461538461 0.6262019230769231 0.01201923076923077 0.01201923076923077
18 0.6382211538461539 0.6286057692307693 0.007211538461538462 0.016826923076923076
6 0.7439903846153846 0.6298076923076923 0.021634615384615384 0.028846153846153848
4 0.6670673076923077 0.6298076923076923 0.01201923076923077 0.009615384615384616
9 0.7632211538461539 0.6298076923076923 0.01201923076923077 0.03365384615384615
6 0.6850961538461539 0.6310096153846154 0.009615384615384616 0.03125
9 0.8533653846153846 0.6310096153846154 0.03365384615384615 0.055288461538461536
14 0.8942307692307693 0.6322115384615384 0.019230769230769232 0.03365384615384615
23 0.3473557692307692 0.6334134615384616 0.007211538461538462 0.01201923076923077
4 0.609375 0.6382211538461539 0.01201923076923077 0.01201923076923077
23 0.3473557692307692 0.6478365384615384 0.007211538461538462 0.01201923076923077
9 0.8137019230769231 0.6502403846153846 0.016826923076923076 0.05048076923076923
24 0.0985576923076923 0.6502403846153846 0.004807692307692308 0.01201923076923077
4 0.8786057692307693 0.6526442307692307 0.01201923076923077 0.026442307692307692
14 0.9302884615384616 0.6526442307692307 0.04326923076923077 0.07451923076923077
9 0.7872596153846154 0.6514423076923077 0.03125 0.04807692307692308
14 0.15865384615384615 0.6526442307692307 0.014423076923076924 0.016826923076923076
14 0.859375 0.6538461538461539 0.03125 0.057692307692307696
4 0.8894230769230769 0.6598557692307693 0.009615384615384616 0.007211538461538462
14 0.20432692307692307 0.6730769230769231 0.04807692307692308 0.057692307692307696
24 0.27884615384615385 0.6790865384615384 0.014423076923076924 0.01201923076923077
4 0.8786057692307693 0.6814903846153846 0.01201923076923077 0.026442307692307692
14 0.8942307692307693 0.6850961538461539 0.019230769230769232 0.03365384615384615
9 0.8509615384615384 0.6850961538461539 0.019230769230769232 0.04807692307692308
9 0.8293269230769231 0.6862980769230769 0.019230769230769232 0.05048076923076923
18 0.15865384615384615 0.6862980769230769 0.009615384615384616 0.021634615384615384
4 0.2704326923076923 0.6887019230769231 0.007211538461538462 0.007211538461538462
4 0.2860576923076923 0.6887019230769231 0.009615384615384616 0.007211538461538462
0 0.7524038461538461 0.6923076923076923 0.038461538461538464 0.03365384615384615
14 0.24158653846153846 0.6959134615384616 0.01201923076923077 0.021634615384615384
4 0.921875 0.6983173076923077 0.016826923076923076 0.016826923076923076
6 0.25721153846153844 0.6983173076923077 0.019230769230769232 0.026442307692307692
17 0.7752403846153846 0.6983173076923077 0.007211538461538462 0.021634615384615384
18 0.7992788461538461 0.6983173076923077 0.03125 0.036057692307692304
4 0.9399038461538461 0.6983173076923077 0.019230769230769232 0.016826923076923076
24 0.16105769230769232 0.6983173076923077 0.009615384615384616 0.007211538461538462
11 0.1622596153846154 0.7079326923076923 0.01201923076923077 0.007211538461538462
4 0.15264423076923078 0.7175480769230769 0.007211538461538462 0.021634615384615384
11 0.09735576923076923 0.7175480769230769 0.007211538461538462 0.016826923076923076
16 0.2548076923076923 0.71875 0.02403846153846154 0.019230769230769232
6 0.3137019230769231 0.7247596153846154 0.026442307692307692 0.040865384615384616
6 0.3545673076923077 0.7259615384615384 0.026442307692307692 0.04326923076923077
4 0.8545673076923077 0.7271634615384616 0.016826923076923076 0.016826923076923076
6 0.39302884615384615 0.7271634615384616 0.016826923076923076 0.0985576923076923
14 0.8798076923076923 0.7367788461538461 0.014423076923076924 0.021634615384615384
0 0.7043269230769231 0.7379807692307693 0.03365384615384615 0.03365384615384615
0 0.7524038461538461 0.7367788461538461 0.038461538461538464 0.03125
0 0.7992788461538461 0.7379807692307693 0.040865384615384616 0.03365384615384615
9 0.9182692307692307 0.7427884615384616 0.03365384615384615 0.028846153846153848
17 0.7271634615384616 0.7427884615384616 0.007211538461538462 0.019230769230769232
6 0.056490384615384616 0.7451923076923077 0.0889423076923077 0.20673076923076922
17 0.7752403846153846 0.7451923076923077 0.007211538461538462 0.019230769230769232
5 0.2776442307692308 0.7439903846153846 0.021634615384615384 0.08413461538461539
17 0.8233173076923077 0.7451923076923077 0.007211538461538462 0.019230769230769232
14 0.20432692307692307 0.7512019230769231 0.07692307692307693 0.07451923076923077
4 0.8930288461538461 0.7560096153846154 0.01201923076923077 0.026442307692307692
4 0.15625 0.7560096153846154 0.009615384615384616 0.007211538461538462
4 0.8846153846153846 0.7596153846153846 0.004807692307692308 0.014423076923076924
18 0.8016826923076923 0.7788461538461539 0.03125 0.03365384615384615
9 0.7115384615384616 0.7800480769230769 0.03365384615384615 0.026442307692307692
9 0.9206730769230769 0.7800480769230769 0.038461538461538464 0.04567307692307692
14 0.8834134615384616 0.7824519230769231 0.01201923076923077 0.021634615384615384
11 0.09735576923076923 0.7836538461538461 0.01201923076923077 0.009615384615384616
0 0.7524038461538461 0.7836538461538461 0.038461538461538464 0.03365384615384615
17 0.7752403846153846 0.7920673076923077 0.007211538461538462 0.021634615384615384
18 0.29927884615384615 0.8569711538461539 0.18028846153846154 0.03125
9 0.20432692307692307 0.1658653846153846 0.028846153846153848 0.019230769230769232
6 0.8701923076923077 0.17548076923076922 0.038461538461538464 0.052884615384615384
17 0.9350961538461539 0.17548076923076922 0.009615384615384616 0.028846153846153848
17 0.921875 0.1778846153846154 0.01201923076923077 0.009615384615384616
16 0.1935096153846154 0.18629807692307693 0.021634615384615384 0.021634615384615384
6 0.21033653846153846 0.18629807692307693 0.01201923076923077 0.016826923076923076
6 0.33653846153846156 0.18990384615384615 0.23557692307692307 0.08173076923076923
17 0.921875 0.18990384615384615 0.01201923076923077 0.009615384615384616
6 0.5769230769230769 0.19110576923076922 0.23076923076923078 0.07932692307692307
6 0.7139423076923077 0.19471153846153846 0.02403846153846154 0.11538461538461539
24 0.9362980769230769 0.19591346153846154 0.007211538461538462 0.007211538461538462
25 0.8762019230769231 0.1971153846153846 0.05048076923076923 0.12980769230769232
6 0.9362980769230769 0.20793269230769232 0.01201923076923077 0.016826923076923076
16 0.9459134615384616 0.21033653846153846 0.01201923076923077 0.03125
17 0.8545673076923077 0.21153846153846154 0.01201923076923077 0.009615384615384616
17 0.11057692307692307 0.21514423076923078 0.014423076923076924 0.01201923076923077
16 0.7331730769230769 0.21995192307692307 0.009615384615384616 0.03125
17 0.11057692307692307 0.2283653846153846 0.014423076923076924 0.009615384615384616
16 0.20673076923076922 0.23798076923076922 0.014423076923076924 0.028846153846153848
17 0.11057692307692307 0.24158653846153846 0.014423076923076924 0.01201923076923077
6 0.1814903846153846 0.2536057692307692 0.01201923076923077 0.016826923076923076
17 0.11057692307692307 0.2548076923076923 0.014423076923076924 0.009615384615384616
6 0.20793269230769232 0.25961538461538464 0.01201923076923077 0.014423076923076924
6 0.19230769230769232 0.2608173076923077 0.014423076923076924 0.10817307692307693