14 0.30288461538461536 0.3798076923076923 0.1778846153846154 0.1875
14 0.6201923076923077 0.3076923076923077 0.21634615384615385 0.17307692307692307
4 0.7908653846153846 0.2956730769230769 0.057692307692307696 0.038461538461538464
24 0.48197115384615385 0.39903846153846156 0.036057692307692304 0.0625
4 0.45072115384615385 0.4050480769230769 0.036057692307692304 0.06490384615384616
4 0.13581730769230768 0.4879807692307692 0.036057692307692304 0.0625
19 0.8918269230769231 0.3798076923076923 0.21153846153846154 0.7596153846153846
19 0.09254807692307693 0.5576923076923077 0.18509615384615385 0.8125
24 0.6995192307692307 0.43990384615384615 0.057692307692307696 0.04326923076923077
24 0.7067307692307693 0.4723557692307692 0.057692307692307696 0.040865384615384616
24 0.7079326923076923 0.4723557692307692 0.06009615384615385 0.040865384615384616
5 0.8100961538461539 0.4495192307692308 0.125 0.13942307692307693
4 0.7019230769230769 0.5600961538461539 0.04807692307692308 0.07692307692307693
14 0.2283653846153846 0.6887019230769231 0.11538461538461539 0.1658653846153846
14 0.5300480769230769 0.6237980769230769 0.3581730769230769 0.37740384615384615
4 0.7992788461538461 0.6730769230769231 0.04567307692307692 0.07692307692307693
4 0.22716346153846154 0.8882211538461539 0.06009615384615385 0.040865384615384616
4 0.3641826923076923 0.8581730769230769 0.04567307692307692 0.07692307692307693
4 0.40024038461538464 0.8509615384615384 0.04567307692307692 0.07692307692307693
4 0.3329326923076923 0.8677884615384616 0.040865384615384616 0.0673076923076923
14 0.29927884615384615 0.8954326923076923 0.05048076923076923 0.05048076923076923
4 0.5048076923076923 0.8545673076923077 0.038461538461538464 0.06490384615384616
4 0.47596153846153844 0.8617788461538461 0.038461538461538464 0.06490384615384616
4 0.4483173076923077 0.8689903846153846 0.036057692307692304 0.06490384615384616
4 0.23317307692307693 0.9266826923076923 0.07211538461538461 0.05048076923076923
6 0.23076923076923078 0.14302884615384615 0.21153846153846154 0.20432692307692307
19 0.5564903846153846 0.8942307692307693 0.84375 0.20673076923076922
14 0.42427884615384615 0.12139423076923077 0.07932692307692307 0.06971153846153846
15 0.5084134615384616 0.10336538461538461 0.08413461538461539 0.09134615384615384
24 0.36658653846153844 0.13701923076923078 0.040865384615384616 0.0625
4 0.5625 0.09134615384615384 0.04807692307692308 0.07692307692307693
16 0.6971153846153846 0.06490384615384616 0.11057692307692307 0.08653846153846154
6 0.6310096153846154 0.08653846153846154 0.055288461538461536 0.0625
4 0.13341346153846154 0.23197115384615385 0.040865384615384616 0.06490384615384616
24 0.39302884615384615 0.18629807692307693 0.06009615384615385 0.040865384615384616
24 0.5408653846153846 0.18028846153846154 0.0625 0.038461538461538464
24 0.484375 0.19471153846153846 0.06009615384615385 0.04326923076923077
24 0.4014423076923077 0.21514423076923078 0.057692307692307696 0.040865384615384616
6 0.09014423076923077 0.31971153846153844 0.09375 0.2548076923076923
14 0.421875 0.2932692307692308 0.10817307692307693 0.1346153846153846
5 0.17668269230769232 0.38461538461538464 0.12740384615384615 0.2548076923076923