14 0.6670673076923077 0.33653846153846156 0.1466346153846154 0.15865384615384615
14 0.3401442307692308 0.3389423076923077 0.18990384615384615 0.1346153846153846
3 0.17307692307692307 0.36658653846153844 0.052884615384615384 0.026442307692307692
23 0.49759615384615385 0.39663461538461536 0.02403846153846154 0.057692307692307696
3 0.5288461538461539 0.39783653846153844 0.02403846153846154 0.06009615384615385
3 0.8533653846153846 0.40625 0.02403846153846154 0.057692307692307696
19 0.0625 0.4495192307692308 0.07211538461538461 0.8173076923076923
19 0.9387019230769231 0.4567307692307692 0.06009615384615385 0.8173076923076923
23 0.2932692307692308 0.484375 0.052884615384615384 0.03125
23 0.2932692307692308 0.5192307692307693 0.052884615384615384 0.028846153846153848
23 0.2920673076923077 0.5192307692307693 0.055288461538461536 0.028846153846153848
5 0.1875 0.5216346153846154 0.10096153846153846 0.1201923076923077
3 0.3173076923076923 0.6033653846153846 0.03365384615384615 0.07211538461538461
14 0.8064903846153846 0.6213942307692307 0.08413461538461539 0.15144230769230768
14 0.5 0.6262019230769231 0.2932692307692308 0.31971153846153844
3 0.24639423076923078 0.7355769230769231 0.03125 0.07211538461538461
3 0.8545673076923077 0.8173076923076923 0.055288461538461536 0.028846153846153848
3 0.7151442307692307 0.8197115384615384 0.03125 0.07211538461538461
3 0.6766826923076923 0.8197115384615384 0.03125 0.07211538461538461
3 0.7463942307692307 0.8221153846153846 0.026442307692307692 0.0625
14 0.7860576923076923 0.8401442307692307 0.04326923076923077 0.040865384615384616
3 0.5757211538461539 0.8473557692307693 0.026442307692307692 0.06009615384615385
3 0.6069711538461539 0.8473557692307693 0.026442307692307692 0.06009615384615385
3 0.6346153846153846 0.8473557692307693 0.02403846153846154 0.06009615384615385
3 0.8569711538461539 0.8545673076923077 0.06490384615384616 0.036057692307692304
6 0.6826923076923077 0.09134615384615384 0.1778846153846154 0.16826923076923078
19 0.5408653846153846 0.921875 0.8461538461538461 0.06971153846153846
14 0.4891826923076923 0.1141826923076923 0.06971153846153846 0.055288461538461536
15 0.4026442307692308 0.11538461538461539 0.06971153846153846 0.07692307692307693
23 0.5480769230769231 0.11538461538461539 0.028846153846153848 0.057692307692307696
3 0.3485576923076923 0.11538461538461539 0.03365384615384615 0.07211538461538461
16 0.21033653846153846 0.11899038461538461 0.0985576923076923 0.06490384615384616
6 0.28125 0.12620192307692307 0.04326923076923077 0.055288461538461536
3 0.7980769230769231 0.15504807692307693 0.028846153846153848 0.06009615384615385
23 0.5348557692307693 0.17067307692307693 0.055288461538461536 0.028846153846153848
23 0.3894230769230769 0.19591346153846154 0.057692307692307696 0.026442307692307692
23 0.4483173076923077 0.19831730769230768 0.055288461538461536 0.03125
23 0.5336538461538461 0.19951923076923078 0.052884615384615384 0.028846153846153848
6 0.8605769230769231 0.23197115384615385 0.038461538461538464 0.25240384615384615
14 0.5300480769230769 0.2800480769230769 0.08413461538461539 0.11778846153846154
5 0.7896634615384616 0.31490384615384615 0.07451923076923077 0.24519230769230768