24 0.6177884615384616 0.7896634615384616 0.02403846153846154 0.040865384615384616
9 0.5432692307692307 0.25240384615384615 0.1778846153846154 0.10096153846153846
23 0.5288461538461539 0.3269230769230769 0.04326923076923077 0.052884615384615384
24 0.49759615384615385 0.37259615384615385 0.038461538461538464 0.02403846153846154
14 0.5096153846153846 0.5649038461538461 0.35096153846153844 0.3557692307692308
23 0.5336538461538461 0.8870192307692307 0.052884615384615384 0.04326923076923077
14 0.44591346153846156 0.08052884615384616 0.08413461538461539 0.08413461538461539
14 0.5168269230769231 0.8028846153846154 0.16826923076923078 0.11057692307692307
6 0.9230769230769231 0.4675480769230769 0.14903846153846154 0.9350961538461539
17 0.4182692307692308 0.20673076923076922 0.057692307692307696 0.028846153846153848
17 0.4206730769230769 0.23317307692307693 0.057692307692307696 0.028846153846153848
25 0.4182692307692308 0.33774038461538464 0.1346153846153846 0.07932692307692307
4 0.3545673076923077 0.18028846153846154 0.026442307692307692 0.038461538461538464
24 0.40625 0.7944711538461539 0.02403846153846154 0.040865384615384616
4 0.33653846153846156 0.22956730769230768 0.02403846153846154 0.036057692307692304
24 0.38461538461538464 0.796875 0.02403846153846154 0.040865384615384616
6 0.3918269230769231 0.96875 0.14903846153846154 0.057692307692307696
14 0.2980769230769231 0.171875 0.07211538461538461 0.06971153846153846
24 0.3605769230769231 0.7992788461538461 0.02403846153846154 0.040865384615384616
4 0.3088942307692308 0.3425480769230769 0.07451923076923077 0.10817307692307693
8 0.2848557692307692 0.2512019230769231 0.06971153846153846 0.04567307692307692
4 0.3269230769230769 0.6814903846153846 0.07692307692307693 0.11298076923076923
6 0.3112980769230769 0.8894230769230769 0.05048076923076923 0.07692307692307693
23 0.2536057692307692 0.4423076923076923 0.04567307692307692 0.052884615384615384
4 0.24519230769230768 0.34975961538461536 0.07211538461538461 0.10817307692307693
4 0.2127403846153846 0.15144230769230768 0.06971153846153846 0.10576923076923077
0 0.25600961538461536 0.5673076923076923 0.16105769230769232 0.09134615384615384
17 0.25600961538461536 0.6622596153846154 0.055288461538461536 0.03125
17 0.25961538461538464 0.6947115384615384 0.057692307692307696 0.028846153846153848
22 0.23677884615384615 0.5108173076923077 0.055288461538461536 0.026442307692307692
4 0.2620192307692308 0.7932692307692307 0.10576923076923077 0.07211538461538461
14 0.18870192307692307 0.4387019230769231 0.06009615384615385 0.07932692307692307
14 0.17067307692307693 0.2776442307692308 0.0625 0.07932692307692307
24 0.11538461538461539 0.29447115384615385 0.02403846153846154 0.040865384615384616
4 0.11057692307692307 0.24759615384615385 0.02403846153846154 0.038461538461538464
6 0.08052884615384616 0.5288461538461539 0.16105769230769232 0.9375
18 0.8317307692307693 0.44591346153846156 0.028846153846153848 0.04567307692307692
14 0.8076923076923077 0.21995192307692307 0.0625 0.07932692307692307
4 0.7824519230769231 0.33774038461538464 0.07932692307692307 0.04567307692307692
4 0.7596153846153846 0.11778846153846154 0.07211538461538461 0.10576923076923077
5 0.7872596153846154 0.4387019230769231 0.06971153846153846 0.07932692307692307
4 0.7596153846153846 0.20793269230769232 0.02403846153846154 0.040865384615384616
4 0.8125 0.7235576923076923 0.10576923076923077 0.07211538461538461
24 0.7632211538461539 0.24639423076923078 0.026442307692307692 0.040865384615384616
6 0.7836538461538461 0.6177884615384616 0.057692307692307696 0.10096153846153846
23 0.7944711538461539 0.7908653846153846 0.04567307692307692 0.052884615384615384
23 0.7980769230769231 0.8473557692307693 0.04326923076923077 0.055288461538461536
24 0.6947115384615384 0.03485576923076923 0.02403846153846154 0.040865384615384616
24 0.7295673076923077 0.40384615384615385 0.040865384615384616 0.02403846153846154
24 0.7295673076923077 0.43028846153846156 0.040865384615384616 0.02403846153846154
8 0.7067307692307693 0.25 0.0625 0.04326923076923077
24 0.7451923076923077 0.8713942307692307 0.02403846153846154 0.040865384615384616
4 0.7127403846153846 0.5480769230769231 0.06971153846153846 0.10576923076923077
24 0.65625 0.019230769230769232 0.038461538461538464 0.02403846153846154
24 0.6574519230769231 0.04927884615384615 0.040865384615384616 0.021634615384615384
14 0.6899038461538461 0.4170673076923077 0.038461538461538464 0.036057692307692304
14 0.6586538461538461 0.14182692307692307 0.10576923076923077 0.14423076923076922
24 0.6887019230769231 0.4519230769230769 0.040865384615384616 0.02403846153846154
14 0.71875 0.7536057692307693 0.057692307692307696 0.07932692307692307
24 0.71875 0.8762019230769231 0.02403846153846154 0.040865384615384616
24 0.6923076923076923 0.8786057692307693 0.02403846153846154 0.040865384615384616
14 0.671875 0.7584134615384616 0.055288461538461536 0.07932692307692307
24 0.6646634615384616 0.8822115384615384 0.021634615384615384 0.038461538461538464
6 0.6634615384615384 0.9435096153846154 0.33653846153846156 0.08413461538461539