30 0.5216346153846154 0.21995192307692307 0.038461538461538464 0.021634615384615384
6 0.35096153846153844 0.23317307692307693 0.09134615384615384 0.04807692307692308
18 0.43509615384615385 0.234375 0.038461538461538464 0.021634615384615384
18 0.4338942307692308 0.25600961538461536 0.040865384615384616 0.016826923076923076
3 0.8197115384615384 0.26802884615384615 0.04326923076923077 0.021634615384615384
18 0.43509615384615385 0.2776442307692308 0.038461538461538464 0.016826923076923076
30 0.7271634615384616 0.2776442307692308 0.021634615384615384 0.040865384615384616
30 0.40625 0.28725961538461536 0.019230769230769232 0.036057692307692304
30 0.5612980769230769 0.30288461538461536 0.021634615384615384 0.038461538461538464
30 0.22355769230769232 0.3088942307692308 0.038461538461538464 0.021634615384615384
30 0.5600961538461539 0.34375 0.038461538461538464 0.019230769230769232
3 0.6983173076923077 0.3581730769230769 0.10336538461538461 0.0625
30 0.4723557692307692 0.3605769230769231 0.026442307692307692 0.038461538461538464
19 0.037259615384615384 0.38822115384615385 0.06009615384615385 0.34375
3 0.5865384615384616 0.3918269230769231 0.038461538461538464 0.07211538461538461
30 0.5 0.40384615384615385 0.038461538461538464 0.02403846153846154
30 0.3870192307692308 0.40625 0.038461538461538464 0.019230769230769232
30 0.5024038461538461 0.4254807692307692 0.038461538461538464 0.019230769230769232
23 0.43509615384615385 0.4326923076923077 0.019230769230769232 0.038461538461538464
30 0.3233173076923077 0.453125 0.021634615384615384 0.036057692307692304
30 0.25721153846153844 0.4651442307692308 0.019230769230769232 0.036057692307692304
23 0.4362980769230769 0.4675480769230769 0.021634615384615384 0.036057692307692304
15 0.5288461538461539 0.4699519230769231 0.02403846153846154 0.055288461538461536
30 0.5084134615384616 0.47115384615384615 0.021634615384615384 0.038461538461538464
15 0.3762019230769231 0.4735576923076923 0.026442307692307692 0.052884615384615384
29 0.7331730769230769 0.47475961538461536 0.04807692307692308 0.040865384615384616
30 0.3317307692307692 0.4807692307692308 0.038461538461538464 0.019230769230769232
30 0.40625 0.4987980769230769 0.038461538461538464 0.016826923076923076
23 0.4807692307692308 0.5 0.038461538461538464 0.019230769230769232
3 0.44350961538461536 0.5012019230769231 0.036057692307692304 0.021634615384615384
23 0.7295673076923077 0.5168269230769231 0.040865384615384616 0.019230769230769232
30 0.5504807692307693 0.5168269230769231 0.038461538461538464 0.02403846153846154
30 0.5084134615384616 0.5216346153846154 0.021634615384615384 0.038461538461538464
23 0.4338942307692308 0.5300480769230769 0.021634615384615384 0.036057692307692304
30 0.34975961538461536 0.5300480769230769 0.040865384615384616 0.021634615384615384
23 0.7728365384615384 0.5480769230769231 0.016826923076923076 0.038461538461538464
23 0.7992788461538461 0.5492788461538461 0.021634615384615384 0.036057692307692304
6 0.49759615384615385 0.055288461538461536 0.9663461538461539 0.09615384615384616
23 0.5096153846153846 0.5600961538461539 0.02403846153846154 0.038461538461538464
30 0.43509615384615385 0.5649038461538461 0.02403846153846154 0.03365384615384615
23 0.35336538461538464 0.5721153846153846 0.038461538461538464 0.019230769230769232
30 0.2848557692307692 0.5769230769230769 0.021634615384615384 0.038461538461538464
30 0.41466346153846156 0.6009615384615384 0.021634615384615384 0.038461538461538464
30 0.5889423076923077 0.6201923076923077 0.02403846153846154 0.038461538461538464
30 0.453125 0.6334134615384616 0.021634615384615384 0.036057692307692304
6 0.04447115384615385 0.6586538461538461 0.06490384615384616 0.14423076923076922
3 0.5276442307692307 0.7115384615384616 0.06490384615384616 0.10096153846153846
23 0.3329326923076923 0.7608173076923077 0.021634615384615384 0.040865384615384616
23 0.36538461538461536 0.7620192307692307 0.02403846153846154 0.04326923076923077
23 0.5096153846153846 0.7776442307692307 0.038461538461538464 0.021634615384615384
3 0.7908653846153846 0.8112980769230769 0.10096153846153846 0.06490384615384616
30 0.5673076923076923 0.8137019230769231 0.019230769230769232 0.036057692307692304
14 0.5180288461538461 0.8161057692307693 0.055288461538461536 0.05048076923076923
30 0.46634615384615385 0.8269230769230769 0.02403846153846154 0.038461538461538464
6 0.4987980769230769 0.9471153846153846 0.9591346153846154 0.08653846153846154