30 0.7800480769230769 0.5252403846153846 0.026442307692307692 0.040865384615384616
6 0.7403846153846154 0.6887019230769231 0.0625 0.0985576923076923
18 0.7536057692307693 0.6069711538461539 0.026442307692307692 0.040865384615384616
18 0.7331730769230769 0.6033653846153846 0.02403846153846154 0.04326923076923077
4 0.7788461538461539 0.21995192307692307 0.028846153846153848 0.04567307692307692
18 0.7103365384615384 0.5997596153846154 0.021634615384615384 0.040865384615384616
30 0.7548076923076923 0.31009615384615385 0.04326923076923077 0.028846153846153848
30 0.6947115384615384 0.6274038461538461 0.038461538461538464 0.02403846153846154
30 0.7055288461538461 0.4699519230769231 0.040865384615384616 0.026442307692307692
30 0.6478365384615384 0.8040865384615384 0.026442307692307692 0.040865384615384616
30 0.6658653846153846 0.4675480769230769 0.02403846153846154 0.040865384615384616
4 0.6730769230769231 0.328125 0.07692307692307693 0.11298076923076923
30 0.6346153846153846 0.5516826923076923 0.04326923076923077 0.03125
19 0.5384615384615384 0.9579326923076923 0.35096153846153844 0.07932692307692307
4 0.6201923076923077 0.4326923076923077 0.07692307692307693 0.04807692307692308
30 0.5961538461538461 0.5180288461538461 0.028846153846153848 0.040865384615384616
30 0.5745192307692307 0.6286057692307693 0.02403846153846154 0.040865384615384616
30 0.5745192307692307 0.5108173076923077 0.02403846153846154 0.040865384615384616
24 0.5588942307692307 0.5769230769230769 0.040865384615384616 0.02403846153846154
30 0.5192307692307693 0.6838942307692307 0.038461538461538464 0.026442307692307692
30 0.49759615384615385 0.7451923076923077 0.038461538461538464 0.02403846153846154
24 0.5216346153846154 0.5709134615384616 0.038461538461538464 0.026442307692307692
15 0.5360576923076923 0.47716346153846156 0.057692307692307696 0.03125
30 0.5300480769230769 0.4987980769230769 0.040865384615384616 0.026442307692307692
15 0.5084134615384616 0.6274038461538461 0.055288461538461536 0.03365384615384615
29 0.5625 0.27403846153846156 0.04807692307692308 0.052884615384615384
30 0.49278846153846156 0.671875 0.02403846153846154 0.040865384615384616
30 0.48677884615384615 0.5949519230769231 0.021634615384615384 0.040865384615384616
24 0.49759615384615385 0.5204326923076923 0.02403846153846154 0.040865384615384616
4 0.49158653846153844 0.5552884615384616 0.026442307692307692 0.038461538461538464
24 0.5204326923076923 0.27163461538461536 0.026442307692307692 0.04326923076923077
30 0.49278846153846156 0.4483173076923077 0.028846153846153848 0.040865384615384616
30 0.4795673076923077 0.4891826923076923 0.040865384615384616 0.026442307692307692
24 0.46153846153846156 0.5637019230769231 0.038461538461538464 0.026442307692307692
30 0.44711538461538464 0.6466346153846154 0.028846153846153848 0.04326923076923077
24 0.4963942307692308 0.2247596153846154 0.040865384615384616 0.021634615384615384
24 0.49759615384615385 0.19831730769230768 0.038461538461538464 0.026442307692307692
6 0.90625 0.5432692307692307 0.18269230769230768 0.9086538461538461
24 0.44350961538461536 0.4831730769230769 0.040865384615384616 0.028846153846153848
30 0.4266826923076923 0.5552884615384616 0.036057692307692304 0.028846153846153848
24 0.40625 0.6358173076923077 0.02403846153846154 0.040865384615384616
30 0.39302884615384615 0.703125 0.040865384615384616 0.026442307692307692
30 0.38822115384615385 0.5685096153846154 0.040865384615384616 0.026442307692307692
30 0.39783653846153844 0.3942307692307692 0.040865384615384616 0.028846153846153848
30 0.3629807692307692 0.5252403846153846 0.038461538461538464 0.026442307692307692
6 0.27283653846153844 0.9278846153846154 0.15144230769230768 0.08653846153846154
4 0.2980769230769231 0.4411057692307692 0.11057692307692307 0.07932692307692307
24 0.21634615384615385 0.625 0.04326923076923077 0.028846153846153848
24 0.21995192307692307 0.5925480769230769 0.04567307692307692 0.03125
24 0.22956730769230768 0.4483173076923077 0.026442307692307692 0.040865384615384616
4 0.23918269230769232 0.1658653846153846 0.07932692307692307 0.11057692307692307
30 0.20192307692307693 0.3870192307692308 0.038461538461538464 0.02403846153846154
14 0.18990384615384615 0.43509615384615385 0.057692307692307696 0.0625
30 0.17427884615384615 0.4831730769230769 0.040865384615384616 0.028846153846153848
6 0.0889423076923077 0.4579326923076923 0.1778846153846154 0.9158653846153846