30 0.7788461538461539 0.46153846153846156 0.028846153846153848 0.04326923076923077
6 0.7295673076923077 0.29927884615384615 0.06490384615384616 0.0985576923076923
18 0.7475961538461539 0.3798076923076923 0.028846153846153848 0.04326923076923077
18 0.7259615384615384 0.38461538461538464 0.02403846153846154 0.04326923076923077
4 0.7944711538461539 0.765625 0.03125 0.04567307692307692
18 0.7067307692307693 0.390625 0.02403846153846154 0.040865384615384616
30 0.7644230769230769 0.6754807692307693 0.04326923076923077 0.028846153846153848
30 0.6899038461538461 0.3641826923076923 0.038461538461538464 0.026442307692307692
30 0.7067307692307693 0.5192307692307693 0.04326923076923077 0.028846153846153848
30 0.6298076923076923 0.18990384615384615 0.028846153846153848 0.04326923076923077
30 0.6670673076923077 0.5252403846153846 0.026442307692307692 0.040865384615384616
4 0.6802884615384616 0.6646634615384616 0.08173076923076923 0.11298076923076923
30 0.6322115384615384 0.4423076923076923 0.04326923076923077 0.03365384615384615
19 0.5144230769230769 0.04567307692307692 0.35096153846153844 0.09134615384615384
4 0.6237980769230769 0.5625 0.07932692307692307 0.052884615384615384
30 0.5949519230769231 0.47836538461538464 0.03125 0.04326923076923077
30 0.5685096153846154 0.36899038461538464 0.026442307692307692 0.040865384615384616
30 0.5757211538461539 0.48677884615384615 0.026442307692307692 0.040865384615384616
24 0.5540865384615384 0.421875 0.040865384615384616 0.026442307692307692
30 0.5084134615384616 0.3173076923076923 0.040865384615384616 0.028846153846153848
30 0.4831730769230769 0.25600961538461536 0.038461538461538464 0.026442307692307692
24 0.5180288461538461 0.43028846153846156 0.040865384615384616 0.028846153846153848
15 0.5372596153846154 0.5204326923076923 0.06009615384615385 0.036057692307692304
30 0.53125 0.5024038461538461 0.04326923076923077 0.028846153846153848
15 0.5 0.3737980769230769 0.057692307692307696 0.036057692307692304
29 0.5733173076923077 0.7223557692307693 0.05048076923076923 0.055288461538461536
30 0.484375 0.33052884615384615 0.026442307692307692 0.040865384615384616
30 0.4831730769230769 0.4074519230769231 0.02403846153846154 0.040865384615384616
24 0.4987980769230769 0.48197115384615385 0.026442307692307692 0.040865384615384616
4 0.4879807692307692 0.44591346153846156 0.028846153846153848 0.040865384615384616
24 0.5324519230769231 0.7283653846153846 0.026442307692307692 0.04326923076923077
30 0.49399038461538464 0.5528846153846154 0.03125 0.04326923076923077
30 0.4807692307692308 0.5120192307692307 0.04326923076923077 0.028846153846153848
24 0.4579326923076923 0.43990384615384615 0.040865384615384616 0.028846153846153848
30 0.43990384615384615 0.3581730769230769 0.028846153846153848 0.04326923076923077
24 0.5108173076923077 0.7764423076923077 0.040865384615384616 0.02403846153846154
24 0.5132211538461539 0.8028846153846154 0.040865384615384616 0.028846153846153848
6 0.8918269230769231 0.44471153846153844 0.21153846153846154 0.8894230769230769
24 0.44471153846153844 0.5204326923076923 0.04326923076923077 0.03125
30 0.4230769230769231 0.4483173076923077 0.038461538461538464 0.03125
24 0.40024038461538464 0.3713942307692308 0.026442307692307692 0.040865384615384616
30 0.38221153846153844 0.30528846153846156 0.04326923076923077 0.028846153846153848
30 0.38461538461538464 0.4375 0.04326923076923077 0.028846153846153848
30 0.40384615384615385 0.6117788461538461 0.04326923076923077 0.03125
30 0.36177884615384615 0.4831730769230769 0.040865384615384616 0.028846153846153848
6 0.25240384615384615 0.08774038461538461 0.15384615384615385 0.09375
4 0.3016826923076923 0.5709134615384616 0.11298076923076923 0.08413461538461539
24 0.21153846153846154 0.3894230769230769 0.04326923076923077 0.028846153846153848
24 0.21634615384615385 0.4230769230769231 0.04807692307692308 0.03365384615384615
24 0.23317307692307693 0.5673076923076923 0.028846153846153848 0.04326923076923077
4 0.25841346153846156 0.8473557692307693 0.08413461538461539 0.11298076923076923
30 0.2091346153846154 0.6310096153846154 0.038461538461538464 0.026442307692307692
14 0.19591346153846154 0.5829326923076923 0.06009615384615385 0.06490384615384616
30 0.17548076923076922 0.5348557692307693 0.04326923076923077 0.03125
6 0.10336538461538461 0.5540865384615384 0.20673076923076922 0.8870192307692307