19 0.6298076923076923 0.8245192307692307 0.09134615384615384 0.052884615384615384
19 0.6298076923076923 0.9110576923076923 0.03365384615384615 0.04326923076923077
19 0.5396634615384616 0.06610576923076923 0.14182692307692307 0.026442307692307692
19 0.5396634615384616 0.8173076923076923 0.06490384615384616 0.02403846153846154
19 0.5252403846153846 0.7764423076923077 0.055288461538461536 0.019230769230769232
19 0.9447115384615384 0.09975961538461539 0.04807692307692308 0.01201923076923077
19 0.46875 0.10096153846153846 0.028846153846153848 0.02403846153846154
19 0.44711538461538464 0.14423076923076922 0.0625 0.052884615384615384
19 0.4495192307692308 0.21394230769230768 0.0625 0.052884615384615384
24 0.4266826923076923 0.10697115384615384 0.016826923076923076 0.007211538461538462
19 0.4110576923076923 0.10216346153846154 0.028846153846153848 0.021634615384615384
19 0.39783653846153844 0.06850961538461539 0.0889423076923077 0.021634615384615384
19 0.37259615384615385 0.18028846153846154 0.0673076923076923 0.09615384615384616
19 0.3581730769230769 0.1045673076923077 0.028846153846153848 0.021634615384615384
19 0.35216346153846156 0.2776442307692308 0.14182692307692307 0.026442307692307692
19 0.2980769230769231 0.1045673076923077 0.028846153846153848 0.021634615384615384
19 0.2800480769230769 0.07091346153846154 0.08413461538461539 0.021634615384615384
19 0.9338942307692307 0.875 0.016826923076923076 0.014423076923076924
19 0.27524038461538464 0.1814903846153846 0.09375 0.040865384615384616
19 0.2764423076923077 0.2283653846153846 0.09134615384615384 0.019230769230769232
19 0.27524038461538464 0.1346153846153846 0.09375 0.019230769230769232
19 0.2512019230769231 0.10576923076923077 0.03125 0.02403846153846154
19 0.17427884615384615 0.10817307692307693 0.03125 0.02403846153846154
19 0.16105769230769232 0.07572115384615384 0.08653846153846154 0.021634615384615384
19 0.12259615384615384 0.10817307692307693 0.04807692307692308 0.02403846153846154
19 0.12740384615384615 0.43028846153846156 0.057692307692307696 0.3557692307692308
19 0.08173076923076923 0.7596153846153846 0.028846153846153848 0.09615384615384616
24 0.8882211538461539 0.11298076923076923 0.016826923076923076 0.009615384615384616
24 0.8822115384615384 0.10216346153846154 0.009615384615384616 0.01201923076923077
6 0.8834134615384616 0.07451923076923077 0.0985576923076923 0.07211538461538461
24 0.8834134615384616 0.12620192307692307 0.01201923076923077 0.01201923076923077
19 0.8629807692307693 0.8942307692307693 0.057692307692307696 0.02403846153846154
19 0.8209134615384616 0.10216346153846154 0.04567307692307692 0.01201923076923077
19 0.8076923076923077 0.9170673076923077 0.22596153846153846 0.03125
19 0.7764423076923077 0.84375 0.12980769230769232 0.038461538461538464
19 0.7548076923076923 0.8954326923076923 0.057692307692307696 0.026442307692307692
19 0.6995192307692307 0.06129807692307692 0.13942307692307693 0.026442307692307692
19 0.9711538461538461 0.8521634615384616 0.052884615384615384 0.026442307692307692