3 0.6754807692307693 0.4050480769230769 0.014423076923076924 0.03125
19 0.6911057692307693 0.40625 0.01201923076923077 0.04807692307692308
19 0.8521634615384616 0.4182692307692308 0.036057692307692304 0.09615384615384616
19 0.07451923076923077 0.4170673076923077 0.038461538461538464 0.021634615384615384
19 0.6911057692307693 0.47836538461538464 0.01201923076923077 0.04807692307692308
3 0.21875 0.515625 0.009615384615384616 0.007211538461538462
19 0.8509615384615384 0.5168269230769231 0.02403846153846154 0.08653846153846154
6 0.9134615384615384 0.5204326923076923 0.03365384615384615 0.18990384615384615
19 0.234375 0.052884615384615384 0.036057692307692304 0.038461538461538464
19 0.3858173076923077 0.054086538461538464 0.036057692307692304 0.036057692307692304
19 0.3112980769230769 0.057692307692307696 0.08413461538461539 0.028846153846153848
19 0.8509615384615384 0.5925480769230769 0.03365384615384615 0.04567307692307692
19 0.10216346153846154 0.6502403846153846 0.03125 0.11778846153846154
19 0.1310096153846154 0.6502403846153846 0.021634615384615384 0.06971153846153846
19 0.8834134615384616 0.6754807692307693 0.01201923076923077 0.04807692307692308
19 0.7932692307692307 0.07091346153846154 0.0625 0.06971153846153846
23 0.8725961538461539 0.7319711538461539 0.009615384615384616 0.016826923076923076
18 0.8966346153846154 0.7331730769230769 0.009615384615384616 0.019230769230769232
23 0.859375 0.7391826923076923 0.01201923076923077 0.01201923076923077
23 0.8834134615384616 0.7391826923076923 0.01201923076923077 0.01201923076923077
6 0.9110576923076923 0.7379807692307693 0.0673076923076923 0.09615384615384616
19 0.09014423076923077 0.7704326923076923 0.021634615384615384 0.06009615384615385
19 0.8834134615384616 0.8016826923076923 0.01201923076923077 0.05048076923076923
19 0.06850961538461539 0.8245192307692307 0.026442307692307692 0.22115384615384615
19 0.14182692307692307 0.8581730769230769 0.038461538461538464 0.12980769230769232
19 0.09134615384615384 0.8786057692307693 0.02403846153846154 0.06009615384615385
19 0.31009615384615385 0.09134615384615384 0.052884615384615384 0.03365384615384615
19 0.9254807692307693 0.9206730769230769 0.02403846153846154 0.13942307692307693
3 0.1658653846153846 0.09735576923076923 0.014423076923076924 0.036057692307692304
3 0.4519230769230769 0.10096153846153846 0.014423076923076924 0.03365384615384615
19 0.8533653846153846 0.10096153846153846 0.04326923076923077 0.0673076923076923
19 0.5853365384615384 0.1045673076923077 0.06971153846153846 0.1466346153846154
19 0.8725961538461539 0.17427884615384615 0.04807692307692308 0.07932692307692307
6 0.07572115384615384 0.18509615384615385 0.01201923076923077 0.1346153846153846
19 0.8533653846153846 0.24278846153846154 0.03365384615384615 0.04807692307692308
3 0.6754807692307693 0.25721153846153844 0.014423076923076924 0.03365384615384615
19 0.6935096153846154 0.25841346153846156 0.01201923076923077 0.05048076923076923
19 0.7716346153846154 0.25841346153846156 0.0673076923076923 0.05048076923076923
3 0.7091346153846154 0.27403846153846156 0.014423076923076924 0.028846153846153848
19 0.07451923076923077 0.28125 0.038461538461538464 0.019230769230769232
19 0.7475961538461539 0.3004807692307692 0.038461538461538464 0.019230769230769232
19 0.8521634615384616 0.3173076923076923 0.026442307692307692 0.08653846153846154
6 0.9110576923076923 0.32091346153846156 0.03365384615384615 0.18990384615384615
6 0.07451923076923077 0.32091346153846156 0.028846153846153848 0.016826923076923076
19 0.6911057692307693 0.3293269230769231 0.01201923076923077 0.04807692307692308