19 0.8401442307692307 0.4182692307692308 0.06009615384615385 0.09615384615384616
19 0.9254807692307693 0.43028846153846156 0.04807692307692308 0.038461538461538464
19 0.07572115384615384 0.4014423076923077 0.040865384615384616 0.14423076923076922
19 0.8185096153846154 0.5072115384615384 0.03125 0.0673076923076923
19 0.7776442307692307 0.5144230769230769 0.026442307692307692 0.057692307692307696
19 0.1658653846153846 0.014423076923076924 0.019230769230769232 0.028846153846153848
19 0.10216346153846154 0.47475961538461536 0.026442307692307692 0.03125
19 0.140625 0.5048076923076923 0.06009615384615385 0.0673076923076923
19 0.20793269230769232 0.5120192307692307 0.06009615384615385 0.0673076923076923
24 0.10096153846153846 0.5180288461538461 0.009615384615384616 0.016826923076923076
19 0.09375 0.5348557692307693 0.02403846153846154 0.03125
19 0.06009615384615385 0.5432692307692307 0.028846153846153848 0.09134615384615384
19 0.16706730769230768 0.5817307692307693 0.10336538461538461 0.07692307692307693
19 0.0889423076923077 0.5853365384615384 0.02403846153846154 0.03125
19 0.2608173076923077 0.6177884615384616 0.040865384615384616 0.14423076923076922
19 0.07932692307692307 0.6454326923076923 0.02403846153846154 0.03125
19 0.04567307692307692 0.6586538461538461 0.028846153846153848 0.08653846153846154
19 0.9314903846153846 0.12259615384615384 0.016826923076923076 0.019230769230769232
19 0.15264423076923078 0.6790865384615384 0.05048076923076923 0.0985576923076923
19 0.19951923076923078 0.6862980769230769 0.028846153846153848 0.09375
19 0.10817307692307693 0.6730769230769231 0.028846153846153848 0.09615384615384616
19 0.07451923076923077 0.6923076923076923 0.028846153846153848 0.03365384615384615
19 0.06490384615384616 0.7692307692307693 0.028846153846153848 0.03365384615384615
19 0.03125 0.7776442307692307 0.028846153846153848 0.0889423076923077
19 0.06009615384615385 0.8209134615384616 0.028846153846153848 0.05048076923076923
19 0.3786057692307692 0.8617788461538461 0.3581730769230769 0.09375
19 0.6983173076923077 0.9519230769230769 0.0985576923076923 0.038461538461538464
24 0.171875 0.06129807692307692 0.01201923076923077 0.016826923076923076
24 0.15985576923076922 0.06610576923076923 0.01201923076923077 0.01201923076923077
6 0.13221153846153846 0.0625 0.08173076923076923 0.10576923076923077
24 0.18269230769230768 0.06971153846153846 0.014423076923076924 0.014423076923076924
19 0.9411057692307693 0.19591346153846154 0.03125 0.06009615384615385
19 0.15264423076923078 0.12860576923076922 0.016826923076923076 0.04567307692307692
19 0.9543269230769231 0.25600961538461536 0.052884615384615384 0.2283653846153846
19 0.8786057692307693 0.27524038461538464 0.05048076923076923 0.13221153846153846
19 0.9278846153846154 0.30408653846153844 0.03365384615384615 0.06009615384615385
19 0.09495192307692307 0.24158653846153846 0.040865384615384616 0.14182692307692307
19 0.9134615384615384 0.07692307692307693 0.028846153846153848 0.0625