8 0.1622596153846154 0.33413461538461536 0.016826923076923076 0.014423076923076924
3 0.6153846153846154 0.33413461538461536 0.009615384615384616 0.009615384615384616
3 0.22596153846153846 0.33533653846153844 0.014423076923076924 0.01201923076923077
29 0.25841346153846156 0.34134615384615385 0.016826923076923076 0.02403846153846154
3 0.24759615384615385 0.34134615384615385 0.009615384615384616 0.019230769230769232
3 0.19591346153846154 0.34615384615384615 0.007211538461538462 0.014423076923076924
3 0.1875 0.3485576923076923 0.009615384615384616 0.019230769230769232
22 0.7728365384615384 0.34975961538461536 0.01201923076923077 0.021634615384615384
9 0.6045673076923077 0.35216346153846156 0.036057692307692304 0.021634615384615384
8 0.1622596153846154 0.35336538461538464 0.016826923076923076 0.014423076923076924
3 0.24759615384615385 0.35697115384615385 0.009615384615384616 0.007211538461538462
23 0.7872596153846154 0.3581730769230769 0.007211538461538462 0.019230769230769232
3 0.2644230769230769 0.3605769230769231 0.019230769230769232 0.014423076923076924
14 0.7355769230769231 0.359375 0.03365384615384615 0.06971153846153846
3 0.7584134615384616 0.3641826923076923 0.007211538461538462 0.016826923076923076
3 0.24759615384615385 0.3701923076923077 0.009615384615384616 0.009615384615384616
14 0.22115384615384615 0.3701923076923077 0.038461538461538464 0.0625
3 0.18870192307692307 0.3713942307692308 0.007211538461538462 0.01201923076923077
23 0.16947115384615385 0.37259615384615385 0.007211538461538462 0.019230769230769232
23 0.17908653846153846 0.3737980769230769 0.007211538461538462 0.016826923076923076
3 0.2644230769230769 0.3737980769230769 0.019230769230769232 0.01201923076923077
3 0.640625 0.375 0.007211538461538462 0.019230769230769232
9 0.6045673076923077 0.3798076923076923 0.036057692307692304 0.019230769230769232
22 0.7764423076923077 0.38100961538461536 0.014423076923076924 0.021634615384615384
3 0.24759615384615385 0.38221153846153844 0.009615384615384616 0.009615384615384616
3 0.32211538461538464 0.38221153846153844 0.004807692307692308 0.014423076923076924
26 0.19591346153846154 0.38461538461538464 0.007211538461538462 0.009615384615384616
23 0.7872596153846154 0.38822115384615385 0.007211538461538462 0.016826923076923076
23 0.17908653846153846 0.39302884615384615 0.007211538461538462 0.016826923076923076
23 0.16947115384615385 0.3942307692307692 0.007211538461538462 0.019230769230769232
3 0.1875 0.39663461538461536 0.004807692307692308 0.014423076923076924
29 0.25961538461538464 0.39663461538461536 0.014423076923076924 0.02403846153846154
3 0.24759615384615385 0.39663461538461536 0.009615384615384616 0.019230769230769232
3 0.6141826923076923 0.39783653846153844 0.01201923076923077 0.01201923076923077
9 0.29447115384615385 0.40024038461538464 0.05048076923076923 0.06971153846153846
3 0.7596153846153846 0.40384615384615385 0.009615384615384616 0.019230769230769232
3 0.19471153846153846 0.40384615384615385 0.004807692307692308 0.014423076923076924
22 0.7728365384615384 0.40865384615384615 0.01201923076923077 0.019230769230769232
14 0.5829326923076923 0.4110576923076923 0.04567307692307692 0.038461538461538464
3 0.6129807692307693 0.41225961538461536 0.014423076923076924 0.01201923076923077
23 0.7992788461538461 0.41225961538461536 0.007211538461538462 0.016826923076923076
23 0.7872596153846154 0.41225961538461536 0.007211538461538462 0.016826923076923076
18 0.22235576923076922 0.41947115384615385 0.007211538461538462 0.016826923076923076
3 0.24639423076923078 0.4182692307692308 0.007211538461538462 0.019230769230769232
23 0.21394230769230768 0.4206730769230769 0.009615384615384616 0.019230769230769232
23 0.20432692307692307 0.4206730769230769 0.009615384615384616 0.019230769230769232
23 0.19471153846153846 0.4206730769230769 0.009615384615384616 0.019230769230769232
23 0.18629807692307693 0.41947115384615385 0.007211538461538462 0.021634615384615384
6 0.8978365384615384 0.421875 0.036057692307692304 0.016826923076923076
9 0.25721153846153844 0.4230769230769231 0.014423076923076924 0.028846153846153848
3 0.6153846153846154 0.4266826923076923 0.009615384615384616 0.007211538461538462
6 0.6814903846153846 0.42908653846153844 0.06009615384615385 0.24759615384615385
22 0.7728365384615384 0.43149038461538464 0.01201923076923077 0.021634615384615384
14 0.7355769230769231 0.43028846153846156 0.03365384615384615 0.0673076923076923
3 0.3137019230769231 0.43509615384615385 0.007211538461538462 0.004807692307692308
18 0.8882211538461539 0.4362980769230769 0.01201923076923077 0.01201923076923077
23 0.9014423076923077 0.4362980769230769 0.014423076923076924 0.01201923076923077
8 0.1622596153846154 0.4411057692307692 0.016826923076923076 0.01201923076923077
3 0.7596153846153846 0.4423076923076923 0.009615384615384616 0.019230769230769232
23 0.18028846153846154 0.4411057692307692 0.014423076923076924 0.01201923076923077
9 0.6045673076923077 0.44471153846153844 0.036057692307692304 0.02403846153846154
9 0.6334134615384616 0.44591346153846156 0.021634615384615384 0.021634615384615384
3 0.31490384615384615 0.44591346153846156 0.009615384615384616 0.007211538461538462
3 0.24278846153846154 0.4543269230769231 0.009615384615384616 0.019230769230769232
3 0.23317307692307693 0.4543269230769231 0.009615384615384616 0.019230769230769232
23 0.2608173076923077 0.4543269230769231 0.016826923076923076 0.014423076923076924
14 0.21033653846153846 0.4567307692307692 0.036057692307692304 0.04326923076923077
8 0.1622596153846154 0.46033653846153844 0.016826923076923076 0.01201923076923077
23 0.17908653846153846 0.46274038461538464 0.01201923076923077 0.01201923076923077
9 0.29447115384615385 0.47475961538461536 0.05048076923076923 0.06490384615384616
9 0.5540865384615384 0.47475961538461536 0.036057692307692304 0.021634615384615384
3 0.23317307692307693 0.4735576923076923 0.009615384615384616 0.019230769230769232
3 0.2439903846153846 0.4735576923076923 0.007211538461538462 0.019230769230769232
3 0.5841346153846154 0.47716346153846156 0.004807692307692308 0.01201923076923077
3 0.640625 0.47716346153846156 0.007211538461538462 0.01201923076923077
23 0.7668269230769231 0.47716346153846156 0.014423076923076924 0.01201923076923077
23 0.2608173076923077 0.47836538461538464 0.016826923076923076 0.014423076923076924
8 0.1622596153846154 0.4807692307692308 0.016826923076923076 0.014423076923076924
23 0.18028846153846154 0.4807692307692308 0.014423076923076924 0.009615384615384616
3 0.1971153846153846 0.49038461538461536 0.009615384615384616 0.019230769230769232
23 0.7668269230769231 0.49158653846153844 0.014423076923076924 0.01201923076923077
9 0.2127403846153846 0.49038461538461536 0.021634615384615384 0.019230769230769232
23 0.1778846153846154 0.49399038461538464 0.014423076923076924 0.01201923076923077
9 0.5540865384615384 0.4963942307692308 0.036057692307692304 0.021634615384615384
3 0.23076923076923078 0.4963942307692308 0.014423076923076924 0.01201923076923077
14 0.6129807692307693 0.49759615384615385 0.04326923076923077 0.07692307692307693
3 0.8125 0.5 0.009615384615384616 0.019230769230769232
9 0.828125 0.5012019230769231 0.021634615384615384 0.021634615384615384
9 0.24879807692307693 0.5 0.021634615384615384 0.019230769230769232
3 0.8040865384615384 0.5012019230769231 0.007211538461538462 0.01201923076923077
8 0.1622596153846154 0.5012019230769231 0.016826923076923076 0.01201923076923077
18 0.8569711538461539 0.5060096153846154 0.03125 0.040865384615384616
3 0.5853365384615384 0.5096153846153846 0.007211538461538462 0.014423076923076924
3 0.21394230769230768 0.5108173076923077 0.014423076923076924 0.01201923076923077
3 0.19951923076923078 0.5108173076923077 0.014423076923076924 0.01201923076923077
6 0.1045673076923077 0.5108173076923077 0.0985576923076923 0.18990384615384615
9 0.5540865384615384 0.051682692307692304 0.036057692307692304 0.021634615384615384
3 0.640625 0.5180288461538461 0.007211538461538462 0.01201923076923077
17 0.9110576923076923 0.5180288461538461 0.009615384615384616 0.026442307692307692
17 0.8990384615384616 0.5192307692307693 0.009615384615384616 0.02403846153846154
17 0.8894230769230769 0.5192307692307693 0.009615384615384616 0.02403846153846154
3 0.8762019230769231 0.5204326923076923 0.01201923076923077 0.007211538461538462
23 0.18028846153846154 0.5204326923076923 0.014423076923076924 0.01201923076923077
3 0.2932692307692308 0.5252403846153846 0.009615384615384616 0.007211538461538462
3 0.23557692307692307 0.054086538461538464 0.014423076923076924 0.01201923076923077
3 0.27884615384615385 0.054086538461538464 0.014423076923076924 0.01201923076923077
3 0.25 0.054086538461538464 0.014423076923076924 0.01201923076923077
3 0.2644230769230769 0.054086538461538464 0.014423076923076924 0.01201923076923077
3 0.2932692307692308 0.054086538461538464 0.014423076923076924 0.01201923076923077
3 0.3076923076923077 0.054086538461538464 0.014423076923076924 0.01201923076923077
3 0.33653846153846156 0.054086538461538464 0.014423076923076924 0.01201923076923077
23 0.7536057692307693 0.5324519230769231 0.01201923076923077 0.01201923076923077
3 0.32211538461538464 0.054086538461538464 0.014423076923076924 0.01201923076923077
23 0.8545673076923077 0.5372596153846154 0.007211538461538462 0.016826923076923076
3 0.23798076923076922 0.5384615384615384 0.009615384615384616 0.019230769230769232
23 0.8449519230769231 0.5384615384615384 0.007211538461538462 0.019230769230769232
3 0.8317307692307693 0.5396634615384616 0.014423076923076924 0.01201923076923077
8 0.1622596153846154 0.5396634615384616 0.016826923076923076 0.01201923076923077
23 0.18028846153846154 0.5420673076923077 0.014423076923076924 0.01201923076923077
23 0.9002403846153846 0.5432692307692307 0.007211538461538462 0.019230769230769232
23 0.8894230769230769 0.5432692307692307 0.009615384615384616 0.019230769230769232
3 0.8786057692307693 0.5432692307692307 0.007211538461538462 0.019230769230769232
23 0.9110576923076923 0.5432692307692307 0.009615384615384616 0.019230769230769232
15 0.8665865384615384 0.5456730769230769 0.01201923076923077 0.028846153846153848
14 0.21153846153846154 0.5480769230769231 0.038461538461538464 0.0625
3 0.25961538461538464 0.5492788461538461 0.004807692307692308 0.016826923076923076
3 0.7572115384615384 0.5492788461538461 0.009615384615384616 0.007211538461538462
14 0.7920673076923077 0.5492788461538461 0.06009615384615385 0.08413461538461539
3 0.8269230769230769 0.5504807692307693 0.009615384615384616 0.009615384615384616
14 0.28966346153846156 0.5516826923076923 0.05048076923076923 0.04567307692307692
3 0.8521634615384616 0.5540865384615384 0.01201923076923077 0.01201923076923077
3 0.7536057692307693 0.5588942307692307 0.01201923076923077 0.01201923076923077
8 0.1622596153846154 0.5612980769230769 0.016826923076923076 0.01201923076923077
23 0.18028846153846154 0.5612980769230769 0.014423076923076924 0.01201923076923077
14 0.6382211538461539 0.5625 0.01201923076923077 0.019230769230769232
3 0.6370192307692307 0.5733173076923077 0.009615384615384616 0.007211538461538462
14 0.6814903846153846 0.5805288461538461 0.05048076923076923 0.04567307692307692
8 0.1622596153846154 0.5793269230769231 0.016826923076923076 0.014423076923076924
23 0.18028846153846154 0.5805288461538461 0.014423076923076924 0.01201923076923077
3 0.9002403846153846 0.5817307692307693 0.03125 0.028846153846153848
3 0.23317307692307693 0.5901442307692307 0.009615384615384616 0.007211538461538462
3 0.8040865384615384 0.5973557692307693 0.01201923076923077 0.01201923076923077
23 0.765625 0.5985576923076923 0.007211538461538462 0.019230769230769232
14 0.2091346153846154 0.5985576923076923 0.03365384615384615 0.028846153846153848
22 0.16826923076923078 0.5997596153846154 0.014423076923076924 0.021634615384615384
3 0.7836538461538461 0.6033653846153846 0.004807692307692308 0.014423076923076924
20 0.5949519230769231 0.06129807692307692 0.03125 0.040865384615384616
23 0.8040865384615384 0.6117788461538461 0.002403846153846154 0.007211538461538462
23 0.8100961538461539 0.6105769230769231 0.004807692307692308 0.009615384615384616
3 0.13701923076923078 0.6117788461538461 0.014423076923076924 0.01201923076923077
3 0.6802884615384616 0.6153846153846154 0.009615384615384616 0.019230769230769232
3 0.7956730769230769 0.6165865384615384 0.004807692307692308 0.01201923076923077
9 0.6502403846153846 0.6165865384615384 0.021634615384615384 0.021634615384615384
5 0.7211538461538461 0.6177884615384616 0.07692307692307693 0.08173076923076923
23 0.765625 0.6177884615384616 0.007211538461538462 0.019230769230769232
20 0.7451923076923077 0.06129807692307692 0.03365384615384615 0.040865384615384616
3 0.8076923076923077 0.6213942307692307 0.009615384615384616 0.007211538461538462
3 0.15384615384615385 0.6225961538461539 0.004807692307692308 0.014423076923076924
23 0.1622596153846154 0.6225961538461539 0.007211538461538462 0.019230769230769232
15 0.10817307692307693 0.6225961538461539 0.014423076923076924 0.028846153846153848
23 0.1778846153846154 0.625 0.009615384615384616 0.019230769230769232
7 0.1935096153846154 0.6237980769230769 0.016826923076923076 0.021634615384615384
7 0.2127403846153846 0.625 0.016826923076923076 0.019230769230769232
23 0.1201923076923077 0.6274038461538461 0.009615384615384616 0.019230769230769232
3 0.09615384615384616 0.6274038461538461 0.009615384615384616 0.019230769230769232
3 0.13942307692307693 0.6286057692307693 0.019230769230769232 0.01201923076923077
3 0.8088942307692307 0.6298076923076923 0.007211538461538462 0.004807692307692308
3 0.796875 0.6358173076923077 0.007211538461538462 0.01201923076923077
3 0.1466346153846154 0.6394230769230769 0.009615384615384616 0.009615384615384616
23 0.8052884615384616 0.6418269230769231 0.004807692307692308 0.009615384615384616
23 0.8100961538461539 0.640625 0.004807692307692308 0.01201923076923077
3 0.7680288461538461 0.640625 0.01201923076923077 0.01201923076923077
6 0.8725961538461539 0.6454326923076923 0.11057692307692307 0.11298076923076923
3 0.17067307692307693 0.6478365384615384 0.009615384615384616 0.007211538461538462
18 0.7307692307692307 0.6514423076923077 0.009615384615384616 0.009615384615384616
23 0.7680288461538461 0.6550480769230769 0.01201923076923077 0.01201923076923077
18 0.1201923076923077 0.6550480769230769 0.009615384615384616 0.021634615384615384
3 0.8112980769230769 0.6550480769230769 0.007211538461538462 0.01201923076923077
16 0.10336538461538461 0.6574519230769231 0.014423076923076924 0.036057692307692304
23 0.171875 0.6634615384615384 0.007211538461538462 0.019230769230769232
5 0.14182692307692307 0.6634615384615384 0.028846153846153848 0.04326923076923077
3 0.8028846153846154 0.6658653846153846 0.009615384615384616 0.02403846153846154
23 0.18269230769230768 0.6670673076923077 0.014423076923076924 0.01201923076923077
8 0.7920673076923077 0.6682692307692307 0.007211538461538462 0.02403846153846154
3 0.7259615384615384 0.6694711538461539 0.014423076923076924 0.01201923076923077
15 0.7644230769230769 0.671875 0.019230769230769232 0.016826923076923076
23 0.11899038461538461 0.6754807692307693 0.007211538461538462 0.019230769230769232
6 0.19831730769230768 0.06971153846153846 0.055288461538461536 0.07692307692307693
23 0.1814903846153846 0.6790865384615384 0.01201923076923077 0.01201923076923077
6 0.1045673076923077 0.6826923076923077 0.01201923076923077 0.014423076923076924
23 0.15985576923076922 0.6814903846153846 0.007211538461538462 0.016826923076923076
23 0.171875 0.6838942307692307 0.007211538461538462 0.016826923076923076
15 0.7427884615384616 0.6826923076923077 0.019230769230769232 0.04326923076923077
23 0.7259615384615384 0.6838942307692307 0.014423076923076924 0.01201923076923077
3 0.7680288461538461 0.6887019230769231 0.01201923076923077 0.01201923076923077
3 0.8088942307692307 0.6899038461538461 0.007211538461538462 0.019230769230769232
23 0.8016826923076923 0.6899038461538461 0.007211538461538462 0.019230769230769232
3 0.7920673076923077 0.6899038461538461 0.007211538461538462 0.019230769230769232
3 0.17067307692307693 0.6983173076923077 0.009615384615384616 0.007211538461538462
3 0.7247596153846154 0.6983173076923077 0.01201923076923077 0.01201923076923077
3 0.1201923076923077 0.7019230769230769 0.009615384615384616 0.019230769230769232
23 0.14182692307692307 0.7019230769230769 0.009615384615384616 0.019230769230769232
23 0.23076923076923078 0.7019230769230769 0.009615384615384616 0.019230769230769232
23 0.21153846153846154 0.7019230769230769 0.009615384615384616 0.019230769230769232
23 0.24278846153846154 0.7019230769230769 0.009615384615384616 0.019230769230769232
23 0.22115384615384615 0.703125 0.009615384615384616 0.021634615384615384
3 0.15625 0.7019230769230769 0.004807692307692308 0.014423076923076924
15 0.13221153846153846 0.7043269230769231 0.014423076923076924 0.028846153846153848
9 0.7704326923076923 0.7115384615384616 0.021634615384615384 0.019230769230769232
9 0.796875 0.7115384615384616 0.021634615384615384 0.019230769230769232
14 0.171875 0.7127403846153846 0.016826923076923076 0.021634615384615384
3 0.1466346153846154 0.7175480769230769 0.009615384615384616 0.007211538461538462
9 0.7355769230769231 0.7175480769230769 0.03365384615384615 0.021634615384615384
6 0.2860576923076923 0.7223557692307693 0.057692307692307696 0.25240384615384615
9 0.5540865384615384 0.0733173076923077 0.036057692307692304 0.021634615384615384
6 0.078125 0.7271634615384616 0.06971153846153846 0.09375
3 0.17548076923076922 0.7295673076923077 0.009615384615384616 0.007211538461538462
8 0.8533653846153846 0.7355769230769231 0.019230769230769232 0.014423076923076924
23 0.8233173076923077 0.734375 0.01201923076923077 0.01201923076923077
23 0.8377403846153846 0.734375 0.01201923076923077 0.01201923076923077
23 0.1622596153846154 0.7355769230769231 0.007211538461538462 0.019230769230769232
9 0.7848557692307693 0.0733173076923077 0.036057692307692304 0.021634615384615384
3 0.32572115384615385 0.7403846153846154 0.007211538461538462 0.014423076923076924
3 0.18509615384615385 0.7403846153846154 0.019230769230769232 0.014423076923076924
3 0.38100961538461536 0.7415865384615384 0.007211538461538462 0.01201923076923077
5 0.14182692307692307 0.7451923076923077 0.028846153846153848 0.04326923076923077
14 0.35216346153846156 0.7536057692307693 0.04567307692307692 0.07932692307692307
23 0.8233173076923077 0.7536057692307693 0.01201923076923077 0.01201923076923077
23 0.8377403846153846 0.7536057692307693 0.01201923076923077 0.01201923076923077
8 0.8533653846153846 0.7548076923076923 0.019230769230769232 0.014423076923076924
23 0.16346153846153846 0.7548076923076923 0.009615384615384616 0.019230769230769232
8 0.18509615384615385 0.7548076923076923 0.019230769230769232 0.014423076923076924
3 0.2403846153846154 0.7560096153846154 0.014423076923076924 0.01201923076923077
3 0.1201923076923077 0.7644230769230769 0.009615384615384616 0.019230769230769232
6 0.8978365384615384 0.7632211538461539 0.06490384615384616 0.10817307692307693
23 0.8040865384615384 0.765625 0.01201923076923077 0.021634615384615384
3 0.8233173076923077 0.7680288461538461 0.01201923076923077 0.01201923076923077
3 0.1875 0.7680288461538461 0.014423076923076924 0.01201923076923077
3 0.2403846153846154 0.7704326923076923 0.014423076923076924 0.01201923076923077
23 0.14543269230769232 0.7728365384615384 0.016826923076923076 0.01201923076923077
29 0.8377403846153846 0.7728365384615384 0.01201923076923077 0.021634615384615384
3 0.32572115384615385 0.7752403846153846 0.007211538461538462 0.016826923076923076
29 0.8581730769230769 0.7740384615384616 0.014423076923076924 0.02403846153846154
3 0.38100961538461536 0.7740384615384616 0.007211538461538462 0.014423076923076924
29 0.41947115384615385 0.7776442307692307 0.016826923076923076 0.021634615384615384
16 0.1045673076923077 0.78125 0.016826923076923076 0.03365384615384615
18 0.1201923076923077 0.7836538461538461 0.009615384615384616 0.019230769230769232
13 0.8293269230769231 0.7932692307692307 0.04326923076923077 0.02403846153846154
3 0.8569711538461539 0.7944711538461539 0.01201923076923077 0.01201923076923077
3 0.33653846153846156 0.8004807692307693 0.009615384615384616 0.009615384615384616
3 0.32572115384615385 0.8004807692307693 0.007211538461538462 0.019230769230769232
23 0.1201923076923077 0.8016826923076923 0.009615384615384616 0.021634615384615384
29 0.41947115384615385 0.8040865384615384 0.016826923076923076 0.021634615384615384
14 0.23076923076923078 0.8040865384615384 0.03365384615384615 0.055288461538461536
6 0.10576923076923077 0.8040865384615384 0.014423076923076924 0.016826923076923076
6 0.14182692307692307 0.08173076923076923 0.052884615384615384 0.10096153846153846
14 0.33774038461538464 0.8149038461538461 0.01201923076923077 0.019230769230769232
9 0.8233173076923077 0.8161057692307693 0.021634615384615384 0.021634615384615384
14 0.8016826923076923 0.8245192307692307 0.021634615384615384 0.04807692307692308
29 0.41947115384615385 0.828125 0.016826923076923076 0.021634615384615384
23 0.08173076923076923 0.828125 0.014423076923076924 0.01201923076923077
29 0.09975961538461539 0.8341346153846154 0.016826923076923076 0.019230769230769232
23 0.8233173076923077 0.8425480769230769 0.01201923076923077 0.01201923076923077
8 0.8521634615384616 0.8425480769230769 0.021634615384615384 0.016826923076923076
23 0.8377403846153846 0.8425480769230769 0.01201923076923077 0.01201923076923077
22 0.08173076923076923 0.8521634615384616 0.014423076923076924 0.021634615384615384
3 0.8076923076923077 0.8545673076923077 0.009615384615384616 0.007211538461538462
29 0.41947115384615385 0.8545673076923077 0.016826923076923076 0.021634615384615384
3 0.2620192307692308 0.8569711538461539 0.014423076923076924 0.01201923076923077
3 0.29086538461538464 0.8569711538461539 0.014423076923076924 0.01201923076923077
23 0.10096153846153846 0.8569711538461539 0.014423076923076924 0.01201923076923077
8 0.8533653846153846 0.859375 0.019230769230769232 0.01201923076923077
23 0.8377403846153846 0.859375 0.01201923076923077 0.01201923076923077
23 0.8233173076923077 0.859375 0.01201923076923077 0.01201923076923077
9 0.3233173076923077 0.8629807692307693 0.021634615384615384 0.019230769230769232
6 0.8978365384615384 0.8701923076923077 0.06490384615384616 0.10576923076923077
3 0.8233173076923077 0.8737980769230769 0.01201923076923077 0.01201923076923077
19 0.8040865384615384 0.8762019230769231 0.01201923076923077 0.021634615384615384
23 0.08173076923076923 0.8762019230769231 0.014423076923076924 0.01201923076923077
29 0.41947115384615385 0.8810096153846154 0.016826923076923076 0.021634615384615384
29 0.8389423076923077 0.8810096153846154 0.014423076923076924 0.021634615384615384
29 0.8557692307692307 0.8822115384615384 0.014423076923076924 0.02403846153846154
23 0.6694711538461539 0.0889423076923077 0.11298076923076923 0.11057692307692307
14 0.2848557692307692 0.8894230769230769 0.05048076923076923 0.04807692307692308
23 0.08413461538461539 0.890625 0.014423076923076924 0.01201923076923077
13 0.8293269230769231 0.9002403846153846 0.04326923076923077 0.021634615384615384
3 0.8569711538461539 0.9026442307692307 0.01201923076923077 0.01201923076923077
6 0.06370192307692307 0.9050480769230769 0.026442307692307692 0.14182692307692307
29 0.4170673076923077 0.9074519230769231 0.016826923076923076 0.021634615384615384
9 0.8257211538461539 0.9206730769230769 0.021634615384615384 0.019230769230769232
29 0.41947115384615385 0.9338942307692307 0.016826923076923076 0.021634615384615384
3 0.14182692307692307 0.9387019230769231 0.014423076923076924 0.01201923076923077
3 0.2283653846153846 0.9387019230769231 0.014423076923076924 0.01201923076923077
18 0.765625 0.9555288461538461 0.01201923076923077 0.01201923076923077
7 0.7824519230769231 0.9627403846153846 0.016826923076923076 0.021634615384615384
18 0.765625 0.9675480769230769 0.01201923076923077 0.01201923076923077
3 0.08173076923076923 0.9771634615384616 0.014423076923076924 0.01201923076923077
3 0.6586538461538461 0.9915865384615384 0.014423076923076924 0.01201923076923077
3 0.6742788461538461 0.9915865384615384 0.01201923076923077 0.01201923076923077
3 0.7019230769230769 0.9915865384615384 0.014423076923076924 0.01201923076923077
3 0.7307692307692307 0.9915865384615384 0.014423076923076924 0.01201923076923077
3 0.6286057692307693 0.9915865384615384 0.01201923076923077 0.01201923076923077
3 0.6442307692307693 0.9915865384615384 0.014423076923076924 0.01201923076923077
3 0.6862980769230769 0.9915865384615384 0.01201923076923077 0.01201923076923077
3 0.7151442307692307 0.9915865384615384 0.01201923076923077 0.01201923076923077
9 0.6069711538461539 0.1045673076923077 0.036057692307692304 0.021634615384615384
6 0.38100961538461536 0.1045673076923077 0.036057692307692304 0.1466346153846154
6 0.4230769230769231 0.1045673076923077 0.038461538461538464 0.1466346153846154
9 0.7355769230769231 0.10697115384615384 0.03365384615384615 0.021634615384615384
6 0.28846153846153844 0.11057692307692307 0.1201923076923077 0.08173076923076923
3 0.20192307692307693 0.1141826923076923 0.014423076923076924 0.01201923076923077
3 0.21514423076923078 0.1141826923076923 0.01201923076923077 0.01201923076923077
3 0.6141826923076923 0.12379807692307693 0.01201923076923077 0.01201923076923077
23 0.6310096153846154 0.12379807692307693 0.01201923076923077 0.01201923076923077
3 0.7259615384615384 0.125 0.009615384615384616 0.009615384615384616
23 0.7103365384615384 0.12379807692307693 0.01201923076923077 0.01201923076923077
23 0.20552884615384615 0.1310096153846154 0.007211538461538462 0.016826923076923076
14 0.5841346153846154 0.13701923076923078 0.04326923076923077 0.038461538461538464
15 0.21634615384615385 0.13701923076923078 0.014423076923076924 0.028846153846153848
23 0.6298076923076923 0.13822115384615385 0.014423076923076924 0.01201923076923077
3 0.6153846153846154 0.13822115384615385 0.014423076923076924 0.01201923076923077
3 0.7271634615384616 0.13822115384615385 0.01201923076923077 0.01201923076923077
23 0.7103365384615384 0.13822115384615385 0.01201923076923077 0.01201923076923077
14 0.7572115384615384 0.13942307692307693 0.04807692307692308 0.038461538461538464
26 0.8978365384615384 0.13942307692307693 0.007211538461538462 0.009615384615384616
3 0.1466346153846154 0.14543269230769232 0.009615384615384616 0.016826923076923076
3 0.20072115384615385 0.14783653846153846 0.01201923076923077 0.01201923076923077
3 0.6153846153846154 0.1502403846153846 0.009615384615384616 0.007211538461538462
23 0.6298076923076923 0.1502403846153846 0.014423076923076924 0.01201923076923077
23 0.7103365384615384 0.1502403846153846 0.01201923076923077 0.01201923076923077
3 0.7271634615384616 0.1502403846153846 0.01201923076923077 0.01201923076923077
3 0.6502403846153846 0.15504807692307693 0.007211538461538462 0.016826923076923076
3 0.6766826923076923 0.15504807692307693 0.007211538461538462 0.016826923076923076
3 0.6646634615384616 0.15504807692307693 0.007211538461538462 0.016826923076923076
3 0.6887019230769231 0.15504807692307693 0.007211538461538462 0.016826923076923076
26 0.8978365384615384 0.16105769230769232 0.007211538461538462 0.009615384615384616
3 0.23557692307692307 0.16466346153846154 0.014423076923076924 0.01201923076923077
3 0.25 0.16466346153846154 0.014423076923076924 0.01201923076923077
3 0.32211538461538464 0.16466346153846154 0.014423076923076924 0.01201923076923077
3 0.2644230769230769 0.16466346153846154 0.014423076923076924 0.01201923076923077
3 0.27884615384615385 0.16466346153846154 0.014423076923076924 0.01201923076923077
3 0.3076923076923077 0.16466346153846154 0.014423076923076924 0.01201923076923077
3 0.2932692307692308 0.16466346153846154 0.014423076923076924 0.01201923076923077
3 0.33653846153846156 0.16466346153846154 0.014423076923076924 0.01201923076923077
9 0.6069711538461539 0.16826923076923078 0.036057692307692304 0.019230769230769232
9 0.7355769230769231 0.17067307692307693 0.03365384615384615 0.019230769230769232
25 0.0985576923076923 0.16947115384615385 0.04807692307692308 0.0889423076923077
13 0.12740384615384615 0.17067307692307693 0.02403846153846154 0.08173076923076923
23 0.14423076923076922 0.17548076923076922 0.009615384615384616 0.019230769230769232
15 0.17548076923076922 0.17668269230769232 0.04326923076923077 0.0889423076923077
26 0.8978365384615384 0.18509615384615385 0.007211538461538462 0.009615384615384616
29 0.21153846153846154 0.19110576923076922 0.028846153846153848 0.06490384615384616
9 0.6045673076923077 0.19591346153846154 0.036057692307692304 0.021634615384615384
9 0.2704326923076923 0.19831730769230768 0.016826923076923076 0.055288461538461536
9 0.7367788461538461 0.1971153846153846 0.036057692307692304 0.019230769230769232
9 0.24278846153846154 0.1971153846153846 0.019230769230769232 0.052884615384615384
9 0.3293269230769231 0.19831730769230768 0.019230769230769232 0.055288461538461536
9 0.3004807692307692 0.19831730769230768 0.019230769230769232 0.055288461538461536
3 0.14423076923076922 0.20552884615384615 0.009615384615384616 0.016826923076923076
26 0.8978365384615384 0.20673076923076922 0.007211538461538462 0.009615384615384616
3 0.6141826923076923 0.21514423076923078 0.01201923076923077 0.01201923076923077
3 0.7271634615384616 0.21514423076923078 0.01201923076923077 0.01201923076923077
14 0.5829326923076923 0.22716346153846154 0.04567307692307692 0.040865384615384616
3 0.6141826923076923 0.22716346153846154 0.01201923076923077 0.01201923076923077
14 0.7572115384615384 0.2283653846153846 0.04807692307692308 0.038461538461538464
3 0.7271634615384616 0.22956730769230768 0.01201923076923077 0.01201923076923077
26 0.8978365384615384 0.23076923076923078 0.007211538461538462 0.009615384615384616
3 0.32211538461538464 0.23677884615384615 0.004807692307692308 0.01201923076923077
3 0.6153846153846154 0.24158653846153846 0.009615384615384616 0.007211538461538462
3 0.7271634615384616 0.24158653846153846 0.01201923076923077 0.01201923076923077
26 0.8978365384615384 0.25240384615384615 0.007211538461538462 0.009615384615384616
9 0.18870192307692307 0.2536057692307692 0.055288461538461536 0.07451923076923077
9 0.296875 0.25600961538461536 0.05048076923076923 0.06971153846153846
9 0.24278846153846154 0.25600961538461536 0.052884615384615384 0.06971153846153846
9 0.6057692307692307 0.25961538461538464 0.03365384615384615 0.019230769230769232
9 0.734375 0.2608173076923077 0.036057692307692304 0.021634615384615384
23 0.32211538461538464 0.2776442307692308 0.004807692307692308 0.01201923076923077
9 0.6045673076923077 0.28846153846153844 0.036057692307692304 0.019230769230769232
3 0.31490384615384615 0.28966346153846156 0.009615384615384616 0.007211538461538462
9 0.7836538461538461 0.2920673076923077 0.03365384615384615 0.021634615384615384
6 0.8978365384615384 0.2920673076923077 0.036057692307692304 0.021634615384615384
8 0.1622596153846154 0.2932692307692308 0.016826923076923076 0.014423076923076924
3 0.31490384615384615 0.29927884615384615 0.009615384615384616 0.007211538461538462
23 0.18629807692307693 0.3004807692307692 0.007211538461538462 0.019230769230769232
23 0.21634615384615385 0.3004807692307692 0.009615384615384616 0.019230769230769232
23 0.20673076923076922 0.30288461538461536 0.009615384615384616 0.019230769230769232
23 0.1971153846153846 0.30288461538461536 0.009615384615384616 0.019230769230769232
13 0.24278846153846154 0.3016826923076923 0.04326923076923077 0.026442307692307692
23 0.8930288461538461 0.30528846153846156 0.01201923076923077 0.009615384615384616
3 0.6141826923076923 0.30649038461538464 0.01201923076923077 0.01201923076923077
3 0.2704326923076923 0.30649038461538464 0.007211538461538462 0.016826923076923076
8 0.16346153846153846 0.3125 0.019230769230769232 0.014423076923076924
6 0.1045673076923077 0.3137019230769231 0.0985576923076923 0.18990384615384615
3 0.7211538461538461 0.3173076923076923 0.009615384615384616 0.019230769230769232
3 0.2283653846153846 0.31971153846153844 0.019230769230769232 0.014423076923076924
14 0.5841346153846154 0.31971153846153844 0.04326923076923077 0.038461538461538464
23 0.24759615384615385 0.31971153846153844 0.019230769230769232 0.014423076923076924
3 0.6141826923076923 0.32091346153846156 0.01201923076923077 0.01201923076923077
29 0.7740384615384616 0.32572115384615385 0.014423076923076924 0.021634615384615384
23 0.7872596153846154 0.3269230769230769 0.007211538461538462 0.019230769230769232
3 0.7596153846153846 0.3269230769230769 0.009615384615384616 0.019230769230769232
23 0.8076923076923077 0.3269230769230769 0.009615384615384616 0.019230769230769232
23 0.7980769230769231 0.3269230769230769 0.009615384615384616 0.019230769230769232
23 0.18509615384615385 0.3269230769230769 0.009615384615384616 0.019230769230769232
23 0.19591346153846154 0.3269230769230769 0.007211538461538462 0.019230769230769232
23 0.20673076923076922 0.328125 0.009615384615384616 0.021634615384615384
6 0.8966346153846154 0.328125 0.02403846153846154 0.01201923076923077
9 0.29447115384615385 0.3293269230769231 0.05048076923076923 0.0673076923076923
18 0.21514423076923078 0.33052884615384615 0.007211538461538462 0.016826923076923076