4 0.43509615384615385 0.6899038461538461 0.03365384615384615 0.019230769230769232
19 0.4411057692307692 0.7043269230769231 0.05048076923076923 0.019230769230769232
19 0.4807692307692308 0.8605769230769231 0.10096153846153846 0.052884615384615384
19 0.34375 0.09495192307692307 0.028846153846153848 0.040865384615384616
19 0.5108173076923077 0.6923076923076923 0.05048076923076923 0.019230769230769232
4 0.46634615384615385 0.22115384615384615 0.009615384615384616 0.009615384615384616
19 0.578125 0.84375 0.0889423076923077 0.038461538461538464
6 0.5913461538461539 0.9038461538461539 0.19230769230769232 0.0673076923076923
19 0.018028846153846152 0.3161057692307692 0.036057692307692304 0.04567307692307692
19 0.039663461538461536 0.4651442307692308 0.040865384615384616 0.040865384615384616
19 0.03125 0.390625 0.04326923076923077 0.0889423076923077
19 0.6502403846153846 0.828125 0.05048076923076923 0.040865384615384616
19 0.578125 0.08052884615384616 0.12259615384615384 0.05048076923076923
19 0.5841346153846154 0.11057692307692307 0.07211538461538461 0.03365384615384615
19 0.7391826923076923 0.8461538461538461 0.05048076923076923 0.019230769230769232
19 0.12860576923076922 0.8641826923076923 0.07932692307692307 0.07451923076923077
24 0.7932692307692307 0.8257211538461539 0.019230769230769232 0.01201923076923077
18 0.796875 0.8497596153846154 0.021634615384615384 0.01201923076923077
24 0.7980769230769231 0.8125 0.014423076923076924 0.014423076923076924
24 0.8004807692307693 0.8365384615384616 0.014423076923076924 0.014423076923076924
6 0.8052884615384616 0.8641826923076923 0.10576923076923077 0.08413461538461539
19 0.6947115384615384 0.04927884615384615 0.0625 0.03125
19 0.8629807692307693 0.8257211538461539 0.052884615384615384 0.021634615384615384
19 0.7427884615384616 0.026442307692307692 0.22596153846153846 0.052884615384615384
19 0.7908653846153846 0.08533653846153846 0.1346153846153846 0.06009615384615385
19 0.8028846153846154 0.03125 0.0625 0.03365384615384615
19 0.06490384615384616 0.38221153846153844 0.04326923076923077 0.057692307692307696
19 0.9567307692307693 0.8473557692307693 0.08173076923076923 0.05048076923076923
4 0.04567307692307692 0.24158653846153846 0.038461538461538464 0.021634615384615384
4 0.09735576923076923 0.5216346153846154 0.036057692307692304 0.019230769230769232
19 0.16706730769230768 0.9170673076923077 0.07451923076923077 0.055288461538461536
19 0.12620192307692307 0.6526442307692307 0.15625 0.09375
19 0.24519230769230768 0.921875 0.08653846153846154 0.06009615384615385
6 0.11778846153846154 0.13581730769230768 0.1346153846153846 0.036057692307692304
19 0.3076923076923077 0.8930288461538461 0.052884615384615384 0.040865384615384616
4 0.2920673076923077 0.7139423076923077 0.036057692307692304 0.019230769230769232
19 0.2956730769230769 0.7319711538461539 0.052884615384615384 0.021634615384615384
19 0.31009615384615385 0.8088942307692307 0.0625 0.07451923076923077
4 0.3137019230769231 0.7451923076923077 0.03125 0.019230769230769232
19 0.21033653846153846 0.11899038461538461 0.026442307692307692 0.040865384615384616
19 0.3473557692307692 0.7776442307692307 0.026442307692307692 0.040865384615384616
19 0.38100961538461536 0.8786057692307693 0.0889423076923077 0.040865384615384616
6 0.3942307692307692 0.9375 0.19230769230769232 0.0673076923076923
6 0.24879807692307693 0.11177884615384616 0.021634615384615384 0.03125
19 0.36658653846153844 0.71875 0.05048076923076923 0.019230769230769232