4 0.3605769230769231 0.13581730769230768 0.03365384615384615 0.05048076923076923
24 0.9411057692307693 0.21033653846153846 0.055288461538461536 0.05048076923076923
24 0.9831730769230769 0.21754807692307693 0.028846153846153848 0.055288461538461536
14 0.27283653846153844 0.140625 0.04567307692307692 0.08413461538461539
5 0.15264423076923078 0.14182692307692307 0.1466346153846154 0.1201923076923077
4 0.8233173076923077 0.2247596153846154 0.03125 0.05048076923076923
24 0.4879807692307692 0.1875 0.038461538461538464 0.10096153846153846
4 0.9699519230769231 0.32211538461538464 0.055288461538461536 0.07211538461538461
4 0.18028846153846154 0.22956730769230768 0.0625 0.04567307692307692
4 0.08653846153846154 0.21754807692307693 0.0625 0.04567307692307692
4 0.8569711538461539 0.32211538461538464 0.03125 0.04807692307692308
4 0.5769230769230769 0.30288461538461536 0.03365384615384615 0.052884615384615384
4 0.8870192307692307 0.38461538461538464 0.03365384615384615 0.04807692307692308
4 0.9615384615384616 0.4362980769230769 0.0625 0.07451923076923077
4 0.9495192307692307 0.5396634615384616 0.0625 0.06490384615384616
14 0.6923076923076923 0.5216346153846154 0.41346153846153844 0.6394230769230769
14 0.29086538461538464 0.47596153846153844 0.25961538461538464 0.5048076923076923
6 0.06490384615384616 0.44711538461538464 0.12980769230769232 0.17307692307692307
6 0.15144230769230768 0.48197115384615385 0.08653846153846154 0.17548076923076922
4 0.5 0.5865384615384616 0.03365384615384615 0.052884615384615384
4 0.9350961538461539 0.6526442307692307 0.0625 0.06971153846153846
6 0.53125 0.09134615384615384 0.9326923076923077 0.18269230769230768
4 0.14423076923076922 0.5985576923076923 0.03365384615384615 0.04326923076923077
4 0.5204326923076923 0.6622596153846154 0.03125 0.05048076923076923
4 0.8076923076923077 0.75 0.03365384615384615 0.052884615384615384
17 0.9350961538461539 0.7788461538461539 0.038461538461538464 0.11538461538461539
24 0.9002403846153846 0.7752403846153846 0.036057692307692304 0.0985576923076923
6 0.019230769230769232 0.6682692307692307 0.038461538461538464 0.11057692307692307
14 0.078125 0.6826923076923077 0.10336538461538461 0.11057692307692307
4 0.5576923076923077 0.75 0.028846153846153848 0.052884615384615384
24 0.15144230769230768 0.7391826923076923 0.03365384615384615 0.09375
24 0.49399038461538464 0.7824519230769231 0.06009615384615385 0.04567307692307692
24 0.765625 0.8329326923076923 0.036057692307692304 0.0985576923076923
4 0.3557692307692308 0.8004807692307693 0.038461538461538464 0.057692307692307696
24 0.19951923076923078 0.7848557692307693 0.057692307692307696 0.04567307692307692
4 0.9074519230769231 0.8810096153846154 0.06009615384615385 0.06490384615384616
24 0.04927884615384615 0.7824519230769231 0.06009615384615385 0.04567307692307692
6 0.47596153846153844 0.9014423076923077 0.9519230769230769 0.19230769230769232