3 0.3173076923076923 0.15625 0.028846153846153848 0.04807692307692308
23 0.9026442307692307 0.15745192307692307 0.05048076923076923 0.04567307692307692
23 0.9603365384615384 0.15745192307692307 0.055288461538461536 0.04567307692307692
14 0.22956730769230768 0.16947115384615385 0.036057692307692304 0.07932692307692307
5 0.11298076923076923 0.18629807692307693 0.1346153846153846 0.10336538461538461
3 0.7872596153846154 0.1875 0.026442307692307692 0.04807692307692308
23 0.45072115384615385 0.19110576923076922 0.026442307692307692 0.0985576923076923
3 0.9519230769230769 0.2644230769230769 0.057692307692307696 0.0625
3 0.14903846153846154 0.2692307692307692 0.057692307692307696 0.038461538461538464
3 0.055288461538461536 0.27163461538461536 0.057692307692307696 0.038461538461538464
3 0.8329326923076923 0.2800480769230769 0.026442307692307692 0.04567307692307692
3 0.5504807692307693 0.29447115384615385 0.028846153846153848 0.05048076923076923
3 0.8701923076923077 0.3401442307692308 0.028846153846153848 0.04567307692307692
3 0.9507211538461539 0.3798076923076923 0.055288461538461536 0.0673076923076923
3 0.9507211538461539 0.4831730769230769 0.055288461538461536 0.057692307692307696
14 0.6947115384615384 0.4963942307692308 0.34134615384615385 0.6033653846153846
14 0.29086538461538464 0.5012019230769231 0.20192307692307693 0.4831730769230769
6 0.057692307692307696 0.5024038461538461 0.11538461538461539 0.15865384615384615
6 0.15144230769230768 0.5240384615384616 0.0673076923076923 0.16826923076923078
3 0.5120192307692307 0.5853365384615384 0.028846153846153848 0.05048076923076923
3 0.9507211538461539 0.5985576923076923 0.055288461538461536 0.0625
6 0.5084134615384616 0.0625 0.9831730769230769 0.11538461538461539
3 0.15865384615384615 0.640625 0.028846153846153848 0.040865384615384616
3 0.5396634615384616 0.6586538461538461 0.026442307692307692 0.04807692307692308
3 0.8365384615384616 0.7103365384615384 0.028846153846153848 0.05048076923076923
17 0.9663461538461539 0.7247596153846154 0.02403846153846154 0.11298076923076923
23 0.9302884615384616 0.7259615384615384 0.02403846153846154 0.09615384615384616
6 0.038461538461538464 0.7259615384615384 0.03365384615384615 0.10576923076923077
14 0.10336538461538461 0.7331730769230769 0.09134615384615384 0.10096153846153846
3 0.5865384615384616 0.7415865384615384 0.02403846153846154 0.05048076923076923
23 0.1814903846153846 0.78125 0.021634615384615384 0.09134615384615384
23 0.5300480769230769 0.78125 0.055288461538461536 0.038461538461538464
23 0.8052884615384616 0.7980769230769231 0.02403846153846154 0.09615384615384616
3 0.39302884615384615 0.8161057692307693 0.03125 0.055288461538461536
23 0.23557692307692307 0.8197115384615384 0.052884615384615384 0.038461538461538464
3 0.9495192307692307 0.828125 0.052884615384615384 0.06009615384615385
23 0.08533653846153846 0.8341346153846154 0.055288461538461536 0.038461538461538464
6 0.5096153846153846 0.9314903846153846 0.9807692307692307 0.12740384615384615