4 0.171875 0.7139423076923077 0.05048076923076923 0.03365384615384615
24 0.12379807692307693 0.1310096153846154 0.05048076923076923 0.055288461538461536
24 0.11899038461538461 0.07091346153846154 0.05048076923076923 0.06009615384615385
14 0.19471153846153846 0.7980769230769231 0.08173076923076923 0.04326923076923077
5 0.22115384615384615 0.9158653846153846 0.11538461538461539 0.14423076923076922
4 0.16466346153846154 0.2439903846153846 0.05048076923076923 0.03125
24 0.1971153846153846 0.578125 0.10096153846153846 0.036057692307692304
4 0.22596153846153846 0.07211538461538461 0.0673076923076923 0.0625
4 0.3004807692307692 0.8713942307692307 0.04326923076923077 0.06009615384615385
4 0.31009615384615385 0.9627403846153846 0.04326923076923077 0.06009615384615385
4 0.25240384615384615 0.18870192307692307 0.04807692307692308 0.03125
4 0.29086538461538464 0.46875 0.052884615384615384 0.03365384615384615
4 0.3076923076923077 0.1466346153846154 0.04807692307692308 0.03365384615384615
4 0.34134615384615385 0.06129807692307692 0.07211538461538461 0.06009615384615385
4 0.44471153846153844 0.054086538461538464 0.0625 0.06009615384615385
14 0.4807692307692308 0.3088942307692308 0.6298076923076923 0.3918269230769231
14 0.5192307692307693 0.7103365384615384 0.5 0.24278846153846154
6 0.5408653846153846 0.9362980769230769 0.17307692307692307 0.12259615384615384
6 0.5528846153846154 0.8461538461538461 0.17307692307692307 0.08173076923076923
4 0.5841346153846154 0.4831730769230769 0.052884615384615384 0.03365384615384615
4 0.5600961538461539 0.042067307692307696 0.0673076923076923 0.06009615384615385
6 0.08173076923076923 0.5168269230769231 0.16346153846153846 0.9615384615384616
4 0.6706730769230769 0.8305288461538461 0.04326923076923077 0.03125
4 0.6550480769230769 0.4483173076923077 0.05048076923076923 0.03125
4 0.6802884615384616 0.14903846153846154 0.052884615384615384 0.03365384615384615
17 0.6826923076923077 0.016826923076923076 0.11538461538461539 0.03365384615384615
24 0.6862980769230769 0.054086538461538464 0.0985576923076923 0.03125
6 0.765625 0.9423076923076923 0.10817307692307693 0.04326923076923077
14 0.7680288461538461 0.8774038461538461 0.10817307692307693 0.10096153846153846
4 0.7331730769230769 0.3942307692307692 0.052884615384615384 0.028846153846153848
24 0.8064903846153846 0.7932692307692307 0.09375 0.028846153846153848
24 0.7764423076923077 0.44711538461538464 0.04326923076923077 0.057692307692307696
24 0.7704326923076923 0.171875 0.0985576923076923 0.03125
4 0.8245192307692307 0.5805288461538461 0.057692307692307696 0.036057692307692304
24 0.8413461538461539 0.7367788461538461 0.04326923076923077 0.055288461538461536
4 0.7860576923076923 0.027644230769230768 0.0673076923076923 0.055288461538461536
24 0.8701923076923077 0.8846153846153846 0.04326923076923077 0.057692307692307696
6 0.9098557692307693 0.47475961538461536 0.17548076923076922 0.9495192307692307