23 0.2247596153846154 0.25721153846153844 0.021634615384615384 0.019230769230769232
7 0.21033653846153846 0.25721153846153844 0.007211538461538462 0.019230769230769232
23 0.46153846153846156 0.25721153846153844 0.014423076923076924 0.009615384615384616
23 0.5060096153846154 0.2620192307692308 0.01201923076923077 0.009615384615384616
23 0.5985576923076923 0.2620192307692308 0.014423076923076924 0.009615384615384616
23 0.46274038461538464 0.2668269230769231 0.016826923076923076 0.009615384615384616
18 0.35336538461538464 0.2704326923076923 0.014423076923076924 0.01201923076923077
6 0.16466346153846154 0.27163461538461536 0.06971153846153846 0.11057692307692307
23 0.5985576923076923 0.27163461538461536 0.014423076923076924 0.009615384615384616
14 0.5480769230769231 0.27403846153846156 0.038461538461538464 0.057692307692307696
14 0.6370192307692307 0.27524038461538464 0.057692307692307696 0.08413461538461539
3 0.4855769230769231 0.27403846153846156 0.009615384615384616 0.019230769230769232
23 0.5072115384615384 0.2764423076923077 0.014423076923076924 0.009615384615384616
23 0.2247596153846154 0.27524038461538464 0.021634615384615384 0.016826923076923076
6 0.7475961538461539 0.2764423076923077 0.14903846153846154 0.17307692307692307
7 0.20793269230769232 0.2764423076923077 0.007211538461538462 0.019230769230769232
3 0.2956730769230769 0.2776442307692308 0.02403846153846154 0.016826923076923076
23 0.35336538461538464 0.2800480769230769 0.014423076923076924 0.01201923076923077
23 0.5985576923076923 0.28125 0.014423076923076924 0.009615384615384616
18 0.5072115384615384 0.28725961538461536 0.014423076923076924 0.01201923076923077
14 0.4170673076923077 0.28725961538461536 0.055288461538461536 0.06009615384615385
14 0.3269230769230769 0.28846153846153844 0.028846153846153848 0.03365384615384615
14 0.25961538461538464 0.28846153846153844 0.03365384615384615 0.07211538461538461
3 0.46153846153846156 0.29086538461538464 0.014423076923076924 0.03365384615384615
3 0.35336538461538464 0.2920673076923077 0.014423076923076924 0.01201923076923077
11 0.4735576923076923 0.2920673076923077 0.009615384615384616 0.03125
23 0.2127403846153846 0.2932692307692308 0.01201923076923077 0.009615384615384616
3 0.5072115384615384 0.2956730769230769 0.014423076923076924 0.009615384615384616
3 0.4855769230769231 0.29447115384615385 0.009615384615384616 0.021634615384615384
3 0.29447115384615385 0.296875 0.021634615384615384 0.021634615384615384
3 0.36899038461538464 0.296875 0.007211538461538462 0.021634615384615384
23 0.3762019230769231 0.296875 0.007211538461538462 0.021634615384615384
23 0.23798076923076922 0.29927884615384615 0.009615384615384616 0.021634615384615384
18 0.35336538461538464 0.3004807692307692 0.014423076923076924 0.009615384615384616
7 0.21153846153846154 0.30288461538461536 0.014423076923076924 0.009615384615384616
23 0.5985576923076923 0.30408653846153844 0.014423076923076924 0.01201923076923077
3 0.5072115384615384 0.30528846153846156 0.014423076923076924 0.009615384615384616
23 0.35336538461538464 0.3112980769230769 0.014423076923076924 0.01201923076923077
3 0.33653846153846156 0.3137019230769231 0.014423076923076924 0.01201923076923077
3 0.2956730769230769 0.3137019230769231 0.014423076923076924 0.01201923076923077
23 0.24278846153846154 0.3329326923076923 0.014423076923076924 0.01201923076923077
3 0.640625 0.3329326923076923 0.007211538461538462 0.021634615384615384
3 0.6346153846153846 0.3329326923076923 0.004807692307692308 0.021634615384615384
23 0.6574519230769231 0.3329326923076923 0.007211538461538462 0.021634615384615384
23 0.6286057692307693 0.3329326923076923 0.007211538461538462 0.021634615384615384
23 0.6069711538461539 0.3329326923076923 0.007211538461538462 0.021634615384615384
23 0.6129807692307693 0.3329326923076923 0.004807692307692308 0.021634615384615384
23 0.6165865384615384 0.3329326923076923 0.007211538461538462 0.021634615384615384
23 0.6225961538461539 0.33413461538461536 0.004807692307692308 0.02403846153846154
3 0.6502403846153846 0.3329326923076923 0.007211538461538462 0.021634615384615384
11 0.46875 0.33653846153846156 0.009615384615384616 0.028846153846153848
11 0.45913461538461536 0.33774038461538464 0.009615384615384616 0.03125
11 0.49278846153846156 0.33774038461538464 0.009615384615384616 0.03125
3 0.48197115384615385 0.33774038461538464 0.01201923076923077 0.036057692307692304
3 0.5072115384615384 0.33774038461538464 0.014423076923076924 0.036057692307692304
11 0.5192307692307693 0.3389423076923077 0.009615384615384616 0.03365384615384615
9 0.5661057692307693 0.3425480769230769 0.021634615384615384 0.06009615384615385
7 0.171875 0.35216346153846156 0.04567307692307692 0.026442307692307692
3 0.6634615384615384 0.35216346153846156 0.014423076923076924 0.01201923076923077
11 0.5961538461538461 0.359375 0.009615384615384616 0.03125
5 0.640625 0.3605769230769231 0.026442307692307692 0.028846153846153848
7 0.21995192307692307 0.36899038461538464 0.021634615384615384 0.05048076923076923
23 0.6826923076923077 0.375 0.014423076923076924 0.009615384615384616
23 0.6983173076923077 0.3762019230769231 0.01201923076923077 0.01201923076923077
23 0.6694711538461539 0.3762019230769231 0.01201923076923077 0.01201923076923077
23 0.6838942307692307 0.3870192307692308 0.01201923076923077 0.009615384615384616
23 0.6983173076923077 0.3870192307692308 0.01201923076923077 0.009615384615384616
23 0.6682692307692307 0.3858173076923077 0.014423076923076924 0.01201923076923077
14 0.3173076923076923 0.3894230769230769 0.10096153846153846 0.09615384615384616
11 0.71875 0.39302884615384615 0.02403846153846154 0.016826923076923076
23 0.6706730769230769 0.3942307692307692 0.014423076923076924 0.009615384615384616
9 0.5673076923076923 0.39903846153846156 0.02403846153846154 0.057692307692307696
23 0.7139423076923077 0.40865384615384615 0.014423076923076924 0.014423076923076924
7 0.6899038461538461 0.4074519230769231 0.02403846153846154 0.021634615384615384
23 0.6682692307692307 0.4098557692307692 0.014423076923076924 0.01201923076923077
7 0.21394230769230768 0.4110576923076923 0.014423076923076924 0.009615384615384616
7 0.21394230769230768 0.4230769230769231 0.014423076923076924 0.009615384615384616
18 0.6646634615384616 0.4254807692307692 0.007211538461538462 0.019230769230769232
7 0.21394230769230768 0.43509615384615385 0.014423076923076924 0.014423076923076924
7 0.16466346153846154 0.4362980769230769 0.06971153846153846 0.11298076923076923
14 0.6237980769230769 0.44471153846153844 0.06971153846153846 0.10096153846153846
3 0.3918269230769231 0.453125 0.014423076923076924 0.036057692307692304
14 0.7007211538461539 0.4579326923076923 0.05048076923076923 0.07932692307692307
9 0.5673076923076923 0.46033653846153844 0.019230769230769232 0.06009615384615385
14 0.47716346153846156 0.4639423076923077 0.12740384615384615 0.1875
3 0.2403846153846154 0.46634615384615385 0.02403846153846154 0.019230769230769232
3 0.2932692307692308 0.4675480769230769 0.02403846153846154 0.021634615384615384
3 0.3317307692307692 0.4675480769230769 0.02403846153846154 0.021634615384615384
6 0.7848557692307693 0.46875 0.0889423076923077 0.16826923076923078
23 0.6225961538461539 0.5 0.014423076923076924 0.009615384615384616
23 0.6141826923076923 0.5036057692307693 0.007211538461538462 0.021634615384615384
23 0.6069711538461539 0.5036057692307693 0.007211538461538462 0.021634615384615384
3 0.5841346153846154 0.5132211538461539 0.03365384615384615 0.026442307692307692
18 0.6237980769230769 0.5204326923076923 0.016826923076923076 0.01201923076923077
23 0.609375 0.5228365384615384 0.01201923076923077 0.01201923076923077
5 0.6442307692307693 0.5276442307692307 0.019230769230769232 0.036057692307692304
3 0.3918269230769231 0.5288461538461539 0.014423076923076924 0.038461538461538464
23 0.6225961538461539 0.5300480769230769 0.014423076923076924 0.01201923076923077
9 0.6658653846153846 0.5348557692307693 0.019230769230769232 0.06009615384615385
3 0.6225961538461539 0.5408653846153846 0.014423076923076924 0.009615384615384616
7 0.6995192307692307 0.546875 0.04326923076923077 0.03125
14 0.31850961538461536 0.546875 0.10336538461538461 0.0985576923076923
23 0.6225961538461539 0.5540865384615384 0.014423076923076924 0.01201923076923077
15 0.5841346153846154 0.5661057692307693 0.03365384615384615 0.06971153846153846
3 0.5564903846153846 0.578125 0.01201923076923077 0.036057692307692304
3 0.6766826923076923 0.578125 0.036057692307692304 0.026442307692307692
14 0.6153846153846154 0.5841346153846154 0.02403846153846154 0.03365384615384615
3 0.640625 0.5913461538461539 0.01201923076923077 0.03365384615384615
6 0.18629807692307693 0.6009615384615384 0.10336538461538461 0.16826923076923078
9 0.5264423076923077 0.6009615384615384 0.038461538461538464 0.028846153846153848
23 0.4651442307692308 0.6021634615384616 0.01201923076923077 0.01201923076923077
23 0.4495192307692308 0.6021634615384616 0.014423076923076924 0.01201923076923077
11 0.5600961538461539 0.6033653846153846 0.019230769230769232 0.014423076923076924
23 0.4495192307692308 0.6141826923076923 0.014423076923076924 0.01201923076923077
23 0.4639423076923077 0.6141826923076923 0.014423076923076924 0.01201923076923077
9 0.49278846153846156 0.6165865384615384 0.019230769230769232 0.06009615384615385
18 0.5600961538461539 0.6189903846153846 0.019230769230769232 0.01201923076923077
15 0.6802884615384616 0.6189903846153846 0.038461538461538464 0.05048076923076923
25 0.4110576923076923 0.6213942307692307 0.057692307692307696 0.06971153846153846
23 0.4639423076923077 0.6262019230769231 0.014423076923076924 0.01201923076923077
23 0.4495192307692308 0.6262019230769231 0.014423076923076924 0.01201923076923077
3 0.6430288461538461 0.6322115384615384 0.01201923076923077 0.03365384615384615
23 0.4495192307692308 0.6382211538461539 0.014423076923076924 0.01201923076923077
6 0.7716346153846154 0.6382211538461539 0.10576923076923077 0.11298076923076923
23 0.4639423076923077 0.6394230769230769 0.014423076923076924 0.014423076923076924
3 0.5288461538461539 0.6430288461538461 0.03365384615384615 0.026442307692307692
14 0.34375 0.6454326923076923 0.02403846153846154 0.036057692307692304
14 0.6177884615384616 0.6442307692307693 0.02403846153846154 0.03365384615384615
3 0.26322115384615385 0.6490384615384616 0.016826923076923076 0.052884615384615384
15 0.3004807692307692 0.6490384615384616 0.038461538461538464 0.052884615384615384
15 0.5769230769230769 0.6490384615384616 0.04807692307692308 0.052884615384615384
3 0.36899038461538464 0.6526442307692307 0.01201923076923077 0.036057692307692304
23 0.4362980769230769 0.6622596153846154 0.007211538461538462 0.021634615384615384
23 0.44350961538461536 0.6646634615384616 0.007211538461538462 0.021634615384615384
23 0.6610576923076923 0.6646634615384616 0.014423076923076924 0.01201923076923077
23 0.4254807692307692 0.6646634615384616 0.014423076923076924 0.01201923076923077
14 0.6850961538461539 0.6730769230769231 0.02403846153846154 0.03365384615384615
23 0.6610576923076923 0.6742788461538461 0.014423076923076924 0.01201923076923077
23 0.6021634615384616 0.6742788461538461 0.007211538461538462 0.021634615384615384
3 0.40625 0.6814903846153846 0.014423076923076924 0.01201923076923077
7 0.3329326923076923 0.6875 0.026442307692307692 0.03365384615384615
23 0.6370192307692307 0.6887019230769231 0.014423076923076924 0.01201923076923077
23 0.6478365384615384 0.6875 0.01201923076923077 0.014423076923076924
23 0.7079326923076923 0.6887019230769231 0.01201923076923077 0.01201923076923077
3 0.6610576923076923 0.6887019230769231 0.014423076923076924 0.01201923076923077
23 0.40625 0.6947115384615384 0.014423076923076924 0.009615384615384616
23 0.7067307692307693 0.6983173076923077 0.014423076923076924 0.01201923076923077
14 0.37259615384615385 0.7043269230769231 0.04807692307692308 0.052884615384615384
18 0.40625 0.7055288461538461 0.014423076923076924 0.01201923076923077
17 0.4338942307692308 0.7079326923076923 0.036057692307692304 0.06490384615384616
3 0.7127403846153846 0.7127403846153846 0.007211538461538462 0.021634615384615384
23 0.6177884615384616 0.7151442307692307 0.009615384615384616 0.021634615384615384
23 0.6526442307692307 0.7151442307692307 0.007211538461538462 0.021634615384615384
23 0.5925480769230769 0.7151442307692307 0.007211538461538462 0.021634615384615384
17 0.5805288461538461 0.7199519230769231 0.01201923076923077 0.036057692307692304
17 0.6286057692307693 0.71875 0.01201923076923077 0.03365384615384615
17 0.6598557692307693 0.71875 0.01201923076923077 0.03365384615384615
17 0.6045673076923077 0.7211538461538461 0.01201923076923077 0.03365384615384615
18 0.31971153846153844 0.7247596153846154 0.014423076923076924 0.01201923076923077
18 0.3389423076923077 0.7259615384615384 0.014423076923076924 0.009615384615384616
14 0.6887019230769231 0.7271634615384616 0.036057692307692304 0.036057692307692304
3 0.7211538461538461 0.7271634615384616 0.014423076923076924 0.036057692307692304
11 0.7331730769230769 0.7271634615384616 0.009615384615384616 0.03125
3 0.7115384615384616 0.7331730769230769 0.009615384615384616 0.019230769230769232
23 0.33653846153846156 0.7355769230769231 0.014423076923076924 0.009615384615384616
6 0.2439903846153846 0.7536057692307693 0.12259615384615384 0.055288461538461536
23 0.5733173076923077 0.15865384615384615 0.01201923076923077 0.009615384615384616
16 0.7451923076923077 0.16105769230769232 0.038461538461538464 0.038461538461538464
3 0.38341346153846156 0.16466346153846154 0.007211538461538462 0.021634615384615384
7 0.390625 0.16466346153846154 0.007211538461538462 0.021634615384615384
16 0.6826923076923077 0.16346153846153846 0.038461538461538464 0.03365384615384615
6 0.7175480769230769 0.1658653846153846 0.021634615384615384 0.03365384615384615
3 0.5721153846153846 0.16706730769230768 0.014423076923076924 0.01201923076923077
6 0.22355769230769232 0.17427884615384615 0.052884615384615384 0.07451923076923077
0 0.5276442307692307 0.18028846153846154 0.06971153846153846 0.0625
7 0.5721153846153846 0.17908653846153846 0.014423076923076924 0.01201923076923077
0 0.43149038461538464 0.17908653846153846 0.06971153846153846 0.06009615384615385
23 0.38341346153846156 0.18389423076923078 0.007211538461538462 0.021634615384615384
7 0.7055288461538461 0.18629807692307693 0.01201923076923077 0.007211538461538462
23 0.6887019230769231 0.18870192307692307 0.01201923076923077 0.007211538461538462
23 0.6742788461538461 0.18870192307692307 0.01201923076923077 0.01201923076923077
7 0.6622596153846154 0.18870192307692307 0.01201923076923077 0.01201923076923077
11 0.5877403846153846 0.20192307692307693 0.021634615384615384 0.019230769230769232
1 0.2980769230769231 0.203125 0.08173076923076923 0.12259615384615384
23 0.6286057692307693 0.20552884615384615 0.007211538461538462 0.021634615384615384
3 0.5709134615384616 0.2091346153846154 0.007211538461538462 0.019230769230769232
14 0.6454326923076923 0.2127403846153846 0.016826923076923076 0.021634615384615384
23 0.6574519230769231 0.2127403846153846 0.007211538461538462 0.021634615384615384
23 0.22235576923076922 0.22355769230769232 0.03125 0.019230769230769232
3 0.5877403846153846 0.22355769230769232 0.021634615384615384 0.019230769230769232
5 0.5048076923076923 0.22956730769230768 0.02403846153846154 0.026442307692307692
3 0.4807692307692308 0.23197115384615385 0.014423076923076924 0.036057692307692304
23 0.5300480769230769 0.234375 0.01201923076923077 0.01201923076923077
3 0.2247596153846154 0.23798076923076922 0.01201923076923077 0.009615384615384616
23 0.46153846153846156 0.2403846153846154 0.014423076923076924 0.009615384615384616
23 0.46153846153846156 0.24879807692307693 0.014423076923076924 0.007211538461538462
3 0.5132211538461539 0.25240384615384615 0.01201923076923077 0.009615384615384616
3 0.5 0.2512019230769231 0.014423076923076924 0.01201923076923077
23 0.5973557692307693 0.25240384615384615 0.01201923076923077 0.009615384615384616