24 0.27163461538461536 0.2127403846153846 0.02403846153846154 0.021634615384615384
7 0.25721153846153844 0.21153846153846154 0.009615384615384616 0.019230769230769232
24 0.5060096153846154 0.25600961538461536 0.016826923076923076 0.01201923076923077
24 0.5480769230769231 0.265625 0.014423076923076924 0.01201923076923077
24 0.6382211538461539 0.2824519230769231 0.016826923076923076 0.01201923076923077
24 0.5024038461538461 0.26322115384615385 0.019230769230769232 0.01201923076923077
18 0.3954326923076923 0.24759615384615385 0.016826923076923076 0.014423076923076924
6 0.21033653846153846 0.21634615384615385 0.0889423076923077 0.1201923076923077
24 0.6358173076923077 0.2920673076923077 0.016826923076923076 0.01201923076923077
14 0.5865384615384616 0.2860576923076923 0.04807692307692308 0.0625
14 0.6730769230769231 0.3016826923076923 0.07211538461538461 0.09375
4 0.5252403846153846 0.27524038461538464 0.01201923076923077 0.021634615384615384
24 0.5444711538461539 0.2800480769230769 0.016826923076923076 0.01201923076923077
24 0.2692307692307692 0.23076923076923078 0.02403846153846154 0.019230769230769232
6 0.7836538461538461 0.3245192307692308 0.1778846153846154 0.1971153846153846
7 0.25240384615384615 0.23076923076923078 0.009615384615384616 0.019230769230769232
4 0.33774038461538464 0.2439903846153846 0.026442307692307692 0.021634615384615384
24 0.3954326923076923 0.25721153846153844 0.016826923076923076 0.014423076923076924
24 0.6334134615384616 0.3016826923076923 0.016826923076923076 0.01201923076923077
18 0.5444711538461539 0.29086538461538464 0.016826923076923076 0.014423076923076924
14 0.45552884615384615 0.27524038461538464 0.06490384615384616 0.06971153846153846
14 0.36778846153846156 0.2620192307692308 0.03365384615384615 0.038461538461538464
14 0.3016826923076923 0.25 0.04567307692307692 0.07692307692307693
4 0.5 0.28725961538461536 0.019230769230769232 0.036057692307692304
4 0.39302884615384615 0.2692307692307692 0.016826923076923076 0.014423076923076924
11 0.5120192307692307 0.28966346153846156 0.014423076923076924 0.03125
24 0.25240384615384615 0.24639423076923078 0.014423076923076924 0.01201923076923077
4 0.5444711538461539 0.29927884615384615 0.016826923076923076 0.01201923076923077
4 0.5216346153846154 0.2956730769230769 0.014423076923076924 0.02403846153846154
4 0.33413461538461536 0.2644230769230769 0.02403846153846154 0.02403846153846154
4 0.4074519230769231 0.2776442307692308 0.01201923076923077 0.021634615384615384
24 0.41466346153846156 0.2800480769230769 0.01201923076923077 0.021634615384615384
24 0.2764423076923077 0.25721153846153844 0.014423076923076924 0.02403846153846154
18 0.390625 0.2776442307692308 0.016826923076923076 0.01201923076923077
7 0.2512019230769231 0.25600961538461536 0.016826923076923076 0.01201923076923077
24 0.6310096153846154 0.3245192307692308 0.016826923076923076 0.014423076923076924
4 0.5396634615384616 0.3088942307692308 0.016826923076923076 0.01201923076923077
24 0.38822115384615385 0.28846153846153844 0.016826923076923076 0.014423076923076924
4 0.3713942307692308 0.28846153846153844 0.016826923076923076 0.014423076923076924
4 0.33052884615384615 0.28125 0.016826923076923076 0.014423076923076924
24 0.27524038461538464 0.29086538461538464 0.016826923076923076 0.014423076923076924
4 0.6670673076923077 0.359375 0.01201923076923077 0.021634615384615384
4 0.6610576923076923 0.35697115384615385 0.009615384615384616 0.021634615384615384
24 0.6838942307692307 0.36177884615384615 0.01201923076923077 0.021634615384615384
24 0.6574519230769231 0.359375 0.01201923076923077 0.021634615384615384
24 0.6334134615384616 0.3545673076923077 0.01201923076923077 0.021634615384615384
24 0.6394230769230769 0.3545673076923077 0.009615384615384616 0.021634615384615384
24 0.6454326923076923 0.35697115384615385 0.01201923076923077 0.021634615384615384
24 0.6514423076923077 0.3581730769230769 0.009615384615384616 0.02403846153846154
4 0.6766826923076923 0.36177884615384615 0.01201923076923077 0.021634615384615384
11 0.49759615384615385 0.3329326923076923 0.014423076923076924 0.03125
11 0.4879807692307692 0.3329326923076923 0.014423076923076924 0.03125
11 0.5216346153846154 0.33774038461538464 0.014423076923076924 0.03125
4 0.5096153846153846 0.33653846153846156 0.019230769230769232 0.038461538461538464
4 0.5348557692307693 0.34134615384615385 0.021634615384615384 0.038461538461538464
11 0.5480769230769231 0.34375 0.014423076923076924 0.03365384615384615
9 0.5925480769230769 0.3557692307692308 0.03125 0.0625
7 0.203125 0.2956730769230769 0.05048076923076923 0.03365384615384615
4 0.6862980769230769 0.38221153846153844 0.016826923076923076 0.014423076923076924
11 0.6201923076923077 0.3786057692307692 0.014423076923076924 0.03125
5 0.6622596153846154 0.3870192307692308 0.03125 0.03365384615384615
7 0.24639423076923078 0.32211538461538464 0.03125 0.052884615384615384
24 0.703125 0.4098557692307692 0.016826923076923076 0.01201923076923077
24 0.7163461538461539 0.4110576923076923 0.014423076923076924 0.014423076923076924
24 0.6875 0.40625 0.014423076923076924 0.014423076923076924
24 0.7019230769230769 0.41947115384615385 0.014423076923076924 0.01201923076923077
24 0.7139423076923077 0.421875 0.014423076923076924 0.01201923076923077
24 0.6862980769230769 0.4182692307692308 0.016826923076923076 0.014423076923076924
14 0.3389423076923077 0.359375 0.11538461538461539 0.11298076923076923
11 0.734375 0.4338942307692308 0.026442307692307692 0.021634615384615384
24 0.6862980769230769 0.4266826923076923 0.016826923076923076 0.01201923076923077
9 0.5841346153846154 0.41225961538461536 0.03365384615384615 0.06009615384615385
24 0.7271634615384616 0.44591346153846156 0.016826923076923076 0.016826923076923076
7 0.703125 0.44350961538461536 0.026442307692307692 0.026442307692307692
24 0.6814903846153846 0.43990384615384615 0.016826923076923076 0.014423076923076924
7 0.234375 0.3641826923076923 0.016826923076923076 0.01201923076923077
7 0.23197115384615385 0.3737980769230769 0.016826923076923076 0.01201923076923077
18 0.6754807692307693 0.4543269230769231 0.009615384615384616 0.019230769230769232
7 0.22956730769230768 0.3858173076923077 0.016826923076923076 0.016826923076923076
7 0.1814903846153846 0.3786057692307692 0.0889423076923077 0.12259615384615384
14 0.6322115384615384 0.46634615384615385 0.08653846153846154 0.11057692307692307
4 0.40024038461538464 0.43509615384615385 0.021634615384615384 0.038461538461538464
14 0.7043269230769231 0.49278846153846156 0.0625 0.08653846153846154
9 0.5721153846153846 0.4735576923076923 0.028846153846153848 0.0625
14 0.4831730769230769 0.45913461538461536 0.15865384615384615 0.20673076923076922
4 0.2512019230769231 0.4230769230769231 0.026442307692307692 0.02403846153846154
4 0.3016826923076923 0.43149038461538464 0.026442307692307692 0.026442307692307692
4 0.3401442307692308 0.4387019230769231 0.026442307692307692 0.026442307692307692
6 0.7872596153846154 0.5204326923076923 0.11778846153846154 0.18028846153846154
24 0.6213942307692307 0.5204326923076923 0.016826923076923076 0.01201923076923077
24 0.6117788461538461 0.5228365384615384 0.01201923076923077 0.021634615384615384
24 0.6045673076923077 0.5204326923076923 0.01201923076923077 0.021634615384615384
4 0.5793269230769231 0.5276442307692307 0.038461538461538464 0.03125
18 0.6177884615384616 0.5408653846153846 0.019230769230769232 0.014423076923076924
24 0.6033653846153846 0.5408653846153846 0.014423076923076924 0.014423076923076924
5 0.6370192307692307 0.5504807692307693 0.02403846153846154 0.038461538461538464
4 0.38822115384615385 0.5108173076923077 0.021634615384615384 0.040865384615384616
24 0.6165865384615384 0.5504807692307693 0.016826923076923076 0.014423076923076924
9 0.65625 0.5625 0.028846153846153848 0.0625
4 0.6141826923076923 0.5612980769230769 0.016826923076923076 0.01201923076923077
7 0.6899038461538461 0.5793269230769231 0.04807692307692308 0.038461538461538464
14 0.3137019230769231 0.5144230769230769 0.11778846153846154 0.11538461538461539
24 0.6117788461538461 0.5745192307692307 0.016826923076923076 0.014423076923076924
15 0.5709134615384616 0.5805288461538461 0.04567307692307692 0.07451923076923077
4 0.5408653846153846 0.5865384615384616 0.019230769230769232 0.038461538461538464
4 0.6598557692307693 0.609375 0.040865384615384616 0.03125
14 0.5985576923076923 0.6033653846153846 0.028846153846153848 0.038461538461538464
4 0.6237980769230769 0.6141826923076923 0.016826923076923076 0.036057692307692304
6 0.17427884615384615 0.5432692307692307 0.13221153846153846 0.18269230769230768
9 0.5072115384615384 0.6021634615384616 0.04326923076923077 0.036057692307692304
24 0.44711538461538464 0.59375 0.014423076923076924 0.014423076923076924
24 0.4338942307692308 0.5913461538461539 0.016826923076923076 0.014423076923076924
11 0.5420673076923077 0.6117788461538461 0.021634615384615384 0.016826923076923076
24 0.43149038461538464 0.6033653846153846 0.016826923076923076 0.014423076923076924
24 0.44350961538461536 0.6057692307692307 0.016826923076923076 0.014423076923076924
9 0.47115384615384615 0.6129807692307693 0.028846153846153848 0.0625
18 0.5396634615384616 0.6274038461538461 0.021634615384615384 0.014423076923076924
15 0.6574519230769231 0.6502403846153846 0.04567307692307692 0.055288461538461536
25 0.390625 0.6021634615384616 0.06971153846153846 0.07932692307692307
24 0.4411057692307692 0.6177884615384616 0.016826923076923076 0.014423076923076924
24 0.42908653846153844 0.6153846153846154 0.016826923076923076 0.014423076923076924
4 0.6165865384615384 0.6550480769230769 0.016826923076923076 0.036057692307692304
24 0.4266826923076923 0.6274038461538461 0.016826923076923076 0.014423076923076924
6 0.7439903846153846 0.6826923076923077 0.12259615384615384 0.12980769230769232
24 0.4411057692307692 0.6310096153846154 0.016826923076923076 0.016826923076923076
4 0.5024038461538461 0.6454326923076923 0.038461538461538464 0.03125
14 0.32211538461538464 0.6165865384615384 0.028846153846153848 0.040865384615384616
14 0.5913461538461539 0.6634615384615384 0.028846153846153848 0.038461538461538464
4 0.23918269230769232 0.6069711538461539 0.026442307692307692 0.055288461538461536
15 0.2764423076923077 0.6129807692307693 0.04807692307692308 0.057692307692307696
15 0.5504807692307693 0.6598557692307693 0.057692307692307696 0.06009615384615385
4 0.34375 0.6274038461538461 0.019230769230769232 0.038461538461538464
24 0.4098557692307692 0.6502403846153846 0.01201923076923077 0.021634615384615384
24 0.41466346153846156 0.6526442307692307 0.01201923076923077 0.021634615384615384
24 0.6310096153846154 0.6899038461538461 0.016826923076923076 0.014423076923076924
24 0.39783653846153844 0.6490384615384616 0.016826923076923076 0.014423076923076924
14 0.6514423076923077 0.7019230769230769 0.028846153846153848 0.038461538461538464
24 0.6286057692307693 0.6995192307692307 0.016826923076923076 0.014423076923076924
24 0.5709134615384616 0.6911057692307693 0.01201923076923077 0.021634615384615384
4 0.3762019230769231 0.6634615384615384 0.016826923076923076 0.014423076923076924
7 0.3016826923076923 0.6538461538461539 0.03125 0.038461538461538464
24 0.6021634615384616 0.7091346153846154 0.016826923076923076 0.014423076923076924
24 0.6129807692307693 0.7103365384615384 0.014423076923076924 0.016826923076923076
24 0.6706730769230769 0.7211538461538461 0.014423076923076924 0.014423076923076924
4 0.6262019230769231 0.7139423076923077 0.016826923076923076 0.014423076923076924
24 0.3737980769230769 0.6766826923076923 0.016826923076923076 0.01201923076923077
24 0.6694711538461539 0.7307692307692307 0.016826923076923076 0.014423076923076924
14 0.3389423076923077 0.6790865384615384 0.057692307692307696 0.06009615384615385
18 0.3737980769230769 0.6850961538461539 0.016826923076923076 0.014423076923076924
17 0.40024038461538464 0.6935096153846154 0.04567307692307692 0.06971153846153846
4 0.671875 0.7463942307692307 0.01201923076923077 0.021634615384615384
24 0.5793269230769231 0.7307692307692307 0.014423076923076924 0.02403846153846154
24 0.6117788461538461 0.7367788461538461 0.01201923076923077 0.021634615384615384
24 0.5540865384615384 0.7271634615384616 0.01201923076923077 0.021634615384615384
17 0.5408653846153846 0.7307692307692307 0.019230769230769232 0.038461538461538464
17 0.5877403846153846 0.7391826923076923 0.016826923076923076 0.036057692307692304
17 0.6189903846153846 0.7439903846153846 0.016826923076923076 0.036057692307692304
17 0.5637019230769231 0.734375 0.016826923076923076 0.036057692307692304
18 0.2824519230769231 0.6899038461538461 0.016826923076923076 0.014423076923076924
18 0.3016826923076923 0.6935096153846154 0.016826923076923076 0.01201923076923077
14 0.6478365384615384 0.7560096153846154 0.040865384615384616 0.040865384615384616
4 0.6790865384615384 0.7620192307692307 0.021634615384615384 0.038461538461538464
11 0.6899038461538461 0.7632211538461539 0.014423076923076924 0.03125
4 0.6694711538461539 0.7680288461538461 0.01201923076923077 0.021634615384615384
24 0.29927884615384615 0.703125 0.016826923076923076 0.01201923076923077
6 0.20432692307692307 0.7043269230769231 0.12980769230769232 0.07692307692307693
24 0.6322115384615384 0.17668269230769232 0.014423076923076924 0.01201923076923077
16 0.8016826923076923 0.21033653846153846 0.04567307692307692 0.04567307692307692
4 0.44350961538461536 0.14783653846153846 0.01201923076923077 0.021634615384615384
7 0.45072115384615385 0.1502403846153846 0.01201923076923077 0.021634615384615384
16 0.7379807692307693 0.20072115384615385 0.04326923076923077 0.040865384615384616
6 0.7728365384615384 0.20793269230769232 0.026442307692307692 0.036057692307692304
4 0.6286057692307693 0.18509615384615385 0.016826923076923076 0.014423076923076924
6 0.2848557692307692 0.13221153846153846 0.06490384615384616 0.08173076923076923
0 0.5829326923076923 0.18870192307692307 0.07932692307692307 0.07451923076923077
7 0.6262019230769231 0.1971153846153846 0.016826923076923076 0.014423076923076924
0 0.4891826923076923 0.17307692307692307 0.07932692307692307 0.07211538461538461
24 0.4411057692307692 0.16706730769230768 0.01201923076923077 0.021634615384615384
7 0.7560096153846154 0.22596153846153846 0.01201923076923077 0.009615384615384616
24 0.7415865384615384 0.22596153846153846 0.01201923076923077 0.009615384615384616
24 0.7259615384615384 0.22355769230769232 0.014423076923076924 0.014423076923076924
7 0.7139423076923077 0.22115384615384615 0.014423076923076924 0.014423076923076924
11 0.6370192307692307 0.22235576923076922 0.02403846153846154 0.021634615384615384
1 0.35096153846153844 0.17307692307692307 0.10096153846153846 0.1346153846153846
24 0.6790865384615384 0.23197115384615385 0.01201923076923077 0.021634615384615384
4 0.6201923076923077 0.22596153846153846 0.009615384615384616 0.019230769230769232
14 0.6923076923076923 0.24278846153846154 0.019230769230769232 0.02403846153846154
24 0.7055288461538461 0.2439903846153846 0.01201923076923077 0.021634615384615384
24 0.2764423076923077 0.1778846153846154 0.03365384615384615 0.02403846153846154
4 0.6346153846153846 0.2439903846153846 0.02403846153846154 0.021634615384615384
5 0.5528846153846154 0.234375 0.028846153846153848 0.03125
4 0.5276442307692307 0.23317307692307693 0.021634615384615384 0.038461538461538464
24 0.5745192307692307 0.24278846153846154 0.014423076923076924 0.014423076923076924
4 0.27403846153846156 0.1935096153846154 0.014423076923076924 0.01201923076923077
24 0.5084134615384616 0.23918269230769232 0.016826923076923076 0.01201923076923077
24 0.5072115384615384 0.24759615384615385 0.014423076923076924 0.009615384615384616
4 0.5552884615384616 0.25841346153846156 0.014423076923076924 0.01201923076923077
4 0.5420673076923077 0.2548076923076923 0.016826923076923076 0.014423076923076924
24 0.6394230769230769 0.27283653846153844 0.014423076923076924 0.01201923076923077